-2.21925,-1.22258,3.199,4.08085
-2.20887,-1.22258,3.199,4.07522
-2.21979,-1.23442,3.23,4.10904
-2.20931,-1.23442,3.23,4.10338
-2.17772,-1.22258,3.199,4.05842
-2.14769,-1.21149,3.17,4.01612
-2.1374,-1.21149,3.17,4.01062
-2.12711,-1.21149,3.17,4.00515
-2.11682,-1.21149,3.17,3.99969
-2.10653,-1.21149,3.17,3.99426
-2.07707,-1.20041,3.141,3.95235
-2.06687,-1.20041,3.141,3.947
-2.05668,-1.20041,3.141,3.94167
-2.04648,-1.20041,3.141,3.93636
-2.03629,-1.20041,3.141,3.93107
-2.02609,-1.20041,3.141,3.9258
-2.03451,-1.21149,3.17,3.95675
-2.0057,-1.20041,3.141,3.91532
-1.99551,-1.20041,3.141,3.9101
-1.98531,-1.20041,3.141,3.90491
-1.95688,-1.18933,3.112,3.86373
-1.94678,-1.18933,3.112,3.85863
-1.93668,-1.18933,3.112,3.85354
-1.92658,-1.18933,3.112,3.84847
-1.89923,-1.17863,3.084,3.80885
-1.88922,-1.17863,3.084,3.80386
-1.87921,-1.17863,3.084,3.7989
-1.85284,-1.16831,3.057,3.76075
-1.84292,-1.16831,3.057,3.75587
nan,nan,nan,NaN
nan,nan,nan,NaN
nan,nan,nan,NaN
nan,nan,nan,NaN
nan,nan,nan,NaN
nan,nan,nan,NaN
nan,nan,nan,NaN
nan,nan,nan,NaN
nan,nan,nan,NaN
nan,nan,nan,NaN
nan,nan,nan,NaN
nan,nan,nan,NaN
nan,nan,nan,NaN
nan,nan,nan,NaN
nan,nan,nan,NaN
nan,nan,nan,NaN
nan,nan,nan,NaN
nan,nan,nan,NaN
nan,nan,nan,NaN
nan,nan,nan,NaN
nan,nan,nan,NaN
nan,nan,nan,NaN
nan,nan,nan,NaN
nan,nan,nan,NaN
nan,nan,nan,NaN
nan,nan,nan,NaN
nan,nan,nan,NaN
nan,nan,nan,NaN
nan,nan,nan,NaN
nan,nan,nan,NaN
nan,nan,nan,NaN
nan,nan,nan,NaN
nan,nan,nan,NaN
nan,nan,nan,NaN
nan,nan,nan,NaN
nan,nan,nan,NaN
nan,nan,nan,NaN
nan,nan,nan,NaN
nan,nan,nan,NaN
nan,nan,nan,NaN
nan,nan,nan,NaN
nan,nan,nan,NaN
nan,nan,nan,NaN
nan,nan,nan,NaN
nan,nan,nan,NaN
nan,nan,nan,NaN
nan,nan,nan,NaN
nan,nan,nan,NaN
nan,nan,nan,NaN
nan,nan,nan,NaN
nan,nan,nan,NaN
-1.17938,-1.03837,2.717,3.13867
-1.17056,-1.03837,2.717,3.13536
nan,nan,nan,NaN
-1.17159,-1.05518,2.761,3.17949
-1.12641,-1.02232,2.675,3.07727
-1.11773,-1.02232,2.675,3.0741
-1.10034,-1.01429,2.654,3.04684
-1.07486,-0.998623,2.613,2.99672
-1.06638,-0.998623,2.613,2.99369
-1.04211,-0.983718,2.574,2.94604
-1.02613,-0.976457,2.555,2.92137
-1.0027,-0.961934,2.517,2.87507
-0.994526,-0.961934,2.517,2.87223
-0.979303,-0.955055,2.499,2.84889
-0.957201,-0.941297,2.463,2.80511
-0.949206,-0.941297,2.463,2.80239
-0.934334,-0.934417,2.445,2.77923
-0.919957,-0.927921,2.428,2.75727
-0.912076,-0.927921,2.428,2.75465
-0.904195,-0.927921,2.428,2.75205
-0.896315,-0.927921,2.428,2.74947
-0.888434,-0.927921,2.428,2.74691
-0.880553,-0.927921,2.428,2.74438
-0.872672,-0.927921,2.428,2.74186
-0.870847,-0.934417,2.445,2.75854
-0.862911,-0.934417,2.445,2.75604
-0.84903,-0.927921,2.428,2.73442
-0.84115,-0.927921,2.428,2.73199
-0.839103,-0.934417,2.445,2.74868
-0.831167,-0.934417,2.445,2.74627
-0.823232,-0.934417,2.445,2.74388
-0.815296,-0.934417,2.445,2.74151
-0.80736,-0.934417,2.445,2.73916
-0.799424,-0.934417,2.445,2.73683
-0.791488,-0.934417,2.445,2.73452
-0.783552,-0.934417,2.445,2.73224
-0.770224,-0.927921,2.428,2.71099
-0.762343,-0.927921,2.428,2.70876
-0.754462,-0.927921,2.428,2.70655
-0.746581,-0.927921,2.428,2.70437
-0.738701,-0.927921,2.428,2.7022
-0.73082,-0.927921,2.428,2.70006
-0.722939,-0.927921,2.428,2.69794
-0.715059,-0.927921,2.428,2.69584
-0.707178,-0.927921,2.428,2.69376
-0.699297,-0.927921,2.428,2.6917
-0.696258,-0.934417,2.445,2.70849
-0.693389,-0.941297,2.463,2.72639
-0.685395,-0.941297,2.463,2.72437
-0.677401,-0.941297,2.463,2.72237
-0.674299,-0.948176,2.481,2.74027
-0.67108,-0.955055,2.499,2.75817
-0.662968,-0.955055,2.499,2.7562
-0.654857,-0.955055,2.499,2.75426
-0.651405,-0.961934,2.517,2.77217
-0.643235,-0.961934,2.517,2.77026
-0.635065,-0.961934,2.517,2.76838
-0.631628,-0.969195,2.536,2.7874
-0.623397,-0.969195,2.536,2.78554
-0.615166,-0.969195,2.536,2.78371
-0.611482,-0.976457,2.555,2.80275
-0.603189,-0.976457,2.555,2.80095
-0.594896,-0.976457,2.555,2.79918
-0.586603,-0.976457,2.555,2.79743
-0.582611,-0.983718,2.574,2.81649
-0.574256,-0.983718,2.574,2.81477
-0.565902,-0.983718,2.574,2.81308
-0.561663,-0.990979,2.593,2.83216
-0.553246,-0.990979,2.593,2.83051
-0.54483,-0.990979,2.593,2.82887
-0.536414,-0.990979,2.593,2.82727
-0.527998,-0.990979,2.593,2.82568
-0.519581,-0.990979,2.593,2.82412
-0.511165,-0.990979,2.593,2.82258
-0.506627,-0.998623,2.613,2.84283
-0.498145,-0.998623,2.613,2.84133
-0.485916,-0.990979,2.593,2.81812
-0.4775,-0.990979,2.593,2.81668
-0.469084,-0.990979,2.593,2.81527
-0.460668,-0.990979,2.593,2.81388
-0.448938,-0.983718,2.574,2.7919
-0.440583,-0.983718,2.574,2.79057
-0.432229,-0.983718,2.574,2.78927
-0.423874,-0.983718,2.574,2.78798
-0.415519,-0.983718,2.574,2.78672
-0.407165,-0.983718,2.574,2.78549
-0.39881,-0.983718,2.574,2.78428
-0.387574,-0.976457,2.555,2.76255
-0.379281,-0.976457,2.555,2.7614
-0.370988,-0.976457,2.555,2.76028
-0.365392,-0.983718,2.574,2.77969
-0.357037,-0.983718,2.574,2.77861
-0.348683,-0.983718,2.574,2.77755
-0.340328,-0.983718,2.574,2.77651
-0.331974,-0.983718,2.574,2.7755
-0.323619,-0.983718,2.574,2.77451
-0.317592,-0.990979,2.593,2.79402
-0.309175,-0.990979,2.593,2.79308
-0.303079,-0.998623,2.613,2.81369
-0.294598,-0.998623,2.613,2.81279
-0.286117,-0.998623,2.613,2.81192
-0.277636,-0.998623,2.613,2.81107
-0.269154,-0.998623,2.613,2.81024
-0.260673,-0.998623,2.613,2.80944
-0.252192,-0.998623,2.613,2.80867
-0.243711,-0.998623,2.613,2.80792
-0.23703,-1.00627,2.633,2.82868
-0.228484,-1.00627,2.633,2.82798
-0.219938,-1.00627,2.633,2.8273
-0.211392,-1.00627,2.633,2.82665
-0.204464,-1.01429,2.654,2.84856
-0.19585,-1.01429,2.654,2.84796
-0.187235,-1.01429,2.654,2.84738
-0.178621,-1.01429,2.654,2.84682
-0.170007,-1.01429,2.654,2.8463
-0.161393,-1.01429,2.654,2.8458
-0.152779,-1.01429,2.654,2.84532
-0.144164,-1.01429,2.654,2.84487
-0.13555,-1.01429,2.654,2.84445
-0.125931,-1.00627,2.633,2.82155
-0.117385,-1.00627,2.633,2.82118
-0.108839,-1.00627,2.633,2.82083
-0.100293,-1.00627,2.633,2.82052
-0.0917472,-1.00627,2.633,2.82023
-0.0832012,-1.00627,2.633,2.81996
-0.0746551,-1.00627,2.633,2.81972
-0.066109,-1.00627,2.633,2.81951
-0.057563,-1.00627,2.633,2.81932
-0.0490169,-1.00627,2.633,2.81916
-0.0404708,-1.00627,2.633,2.81902
-0.0321794,-1.01429,2.654,2.8414
-0.0235652,-1.01429,2.654,2.84131
-0.0149509,-1.01429,2.654,2.84125
-0.00638686,-1.02232,2.675,2.8637
0.00229553,-1.02232,2.675,2.8637
0.0109779,-1.02232,2.675,2.86372
0.0196603,-1.02232,2.675,2.86376
0.0283427,-1.02232,2.675,2.86384
0.0370251,-1.02232,2.675,2.86394
0.0457075,-1.02232,2.675,2.86406
0.0543898,-1.02232,2.675,2.86421
0.0630722,-1.02232,2.675,2.86439
0.0717546,-1.02232,2.675,2.8646
0.080437,-1.02232,2.675,2.86483
0.0891194,-1.02232,2.675,2.86508
0.0978018,-1.02232,2.675,2.86537
0.105648,-1.01429,2.654,2.84318
0.114262,-1.01429,2.654,2.84351
0.122877,-1.01429,2.654,2.84387
0.131491,-1.01429,2.654,2.84426
0.140105,-1.01429,2.654,2.84467
0.148719,-1.01429,2.654,2.8451
0.154903,-0.998623,2.613,2.80161
0.163384,-0.998623,2.613,2.80209
0.171865,-0.998623,2.613,2.8026
0.178966,-0.990979,2.593,2.78168
0.187382,-0.990979,2.593,2.78223
0.195799,-0.990979,2.593,2.78281
0.202718,-0.983718,2.574,2.76302
0.211073,-0.983718,2.574,2.76364
0.219428,-0.983718,2.574,2.7643
0.226101,-0.976457,2.555,2.74456
0.234394,-0.976457,2.555,2.74526
0.242687,-0.976457,2.555,2.74598
0.250979,-0.976457,2.555,2.74672
0.259272,-0.976457,2.555,2.74749
0.267565,-0.976457,2.555,2.74829
0.275858,-0.976457,2.555,2.74911
0.284151,-0.976457,2.555,2.74995
0.292444,-0.976457,2.555,2.75082
0.300737,-0.976457,2.555,2.75171
0.306732,-0.969195,2.536,2.73216
0.314963,-0.969195,2.536,2.7331
0.325615,-0.976457,2.555,2.75455
0.333908,-0.976457,2.555,2.75554
0.342201,-0.976457,2.555,2.75655
0.353101,-0.983718,2.574,2.7781
0.361455,-0.983718,2.574,2.77918
0.36981,-0.983718,2.574,2.78028
0.378164,-0.983718,2.574,2.7814
0.389372,-0.990979,2.593,2.80309
0.397788,-0.990979,2.593,2.80427
0.406204,-0.990979,2.593,2.80548
0.414621,-0.990979,2.593,2.80671
0.423037,-0.990979,2.593,2.80796
0.434781,-0.998623,2.613,2.83091
0.443262,-0.998623,2.613,2.83223
0.448286,-0.990979,2.593,2.81188
0.456702,-0.990979,2.593,2.81323
0.465118,-0.990979,2.593,2.81461
0.473534,-0.990979,2.593,2.81601
0.481951,-0.990979,2.593,2.81744
0.490367,-0.990979,2.593,2.81889
0.498783,-0.990979,2.593,2.82037
0.507199,-0.990979,2.593,2.82187
0.511837,-0.983718,2.574,2.80271
0.520192,-0.983718,2.574,2.80424
0.528546,-0.983718,2.574,2.8058
0.536901,-0.983718,2.574,2.80739
0.545256,-0.983718,2.574,2.809
0.55361,-0.983718,2.574,2.81063
0.561965,-0.983718,2.574,2.81229
0.566109,-0.976457,2.555,2.7932
0.574402,-0.976457,2.555,2.79489
0.582695,-0.976457,2.555,2.79661
0.590988,-0.976457,2.555,2.79835
0.599281,-0.976457,2.555,2.80011
0.607574,-0.976457,2.555,2.8019
0.615867,-0.976457,2.555,2.80371
0.62416,-0.976457,2.555,2.80554
0.632453,-0.976457,2.555,2.8074
0.64551,-0.983718,2.574,2.83017
0.653865,-0.983718,2.574,2.83209
0.662219,-0.983718,2.574,2.83403
0.670574,-0.983718,2.574,2.83599
0.678929,-0.983718,2.574,2.83798
0.692356,-0.990979,2.593,2.86095
0.700773,-0.990979,2.593,2.863
0.709189,-0.990979,2.593,2.86507
0.717605,-0.990979,2.593,2.86717
0.726021,-0.990979,2.593,2.86929
0.734438,-0.990979,2.593,2.87143
0.742854,-0.990979,2.593,2.87359
0.75127,-0.990979,2.593,2.87578
0.759686,-0.990979,2.593,2.87799
0.768102,-0.990979,2.593,2.88022
0.776519,-0.990979,2.593,2.88248
0.779183,-0.983718,2.574,2.86362
0.787538,-0.983718,2.574,2.8659
0.795892,-0.983718,2.574,2.86821
0.804247,-0.983718,2.574,2.87054
0.812602,-0.983718,2.574,2.87289
0.820956,-0.983718,2.574,2.87526
0.823189,-0.976457,2.555,2.85642
0.831482,-0.976457,2.555,2.85882
0.839775,-0.976457,2.555,2.86124
0.848068,-0.976457,2.555,2.86369
0.856361,-0.976457,2.555,2.86616
0.864654,-0.976457,2.555,2.86864
0.872947,-0.976457,2.555,2.87115
0.881239,-0.976457,2.555,2.87369
0.889532,-0.976457,2.555,2.87624
0.897825,-0.976457,2.555,2.87882
0.906118,-0.976457,2.555,2.88141
0.907611,-0.969195,2.536,2.86259
0.915842,-0.969195,2.536,2.86521
0.924074,-0.969195,2.536,2.86785
0.93929,-0.976457,2.555,2.89202
0.947583,-0.976457,2.555,2.89472
0.955876,-0.976457,2.555,2.89745
nan,nan,nan,NaN
nan,nan,nan,NaN
nan,nan,nan,NaN
nan,nan,nan,NaN
nan,nan,nan,NaN
nan,nan,nan,NaN
nan,nan,nan,NaN
nan,nan,nan,NaN
nan,nan,nan,NaN
nan,nan,nan,NaN
nan,nan,nan,NaN
nan,nan,nan,NaN
nan,nan,nan,NaN
nan,nan,nan,NaN
nan,nan,nan,NaN
nan,nan,nan,NaN
nan,nan,nan,NaN
nan,nan,nan,NaN
nan,nan,nan,NaN
nan,nan,nan,NaN
nan,nan,nan,NaN
nan,nan,nan,NaN
nan,nan,nan,NaN
nan,nan,nan,NaN
nan,nan,nan,NaN
nan,nan,nan,NaN
nan,nan,nan,NaN
nan,nan,nan,NaN
nan,nan,nan,NaN
nan,nan,nan,NaN
nan,nan,nan,NaN
nan,nan,nan,NaN
nan,nan,nan,NaN
nan,nan,nan,NaN
nan,nan,nan,NaN
nan,nan,nan,NaN
nan,nan,nan,NaN
nan,nan,nan,NaN
nan,nan,nan,NaN
nan,nan,nan,NaN
nan,nan,nan,NaN
nan,nan,nan,NaN
nan,nan,nan,NaN
nan,nan,nan,NaN
nan,nan,nan,NaN
nan,nan,nan,NaN
nan,nan,nan,NaN
nan,nan,nan,NaN
nan,nan,nan,NaN
nan,nan,nan,NaN
nan,nan,nan,NaN
nan,nan,nan,NaN
nan,nan,nan,NaN
1.98,-1.37736,3.604,4.33663
1.9917,-1.37736,3.604,4.34198
2.02452,-1.39188,3.642,4.3932
2.03634,-1.39188,3.642,4.39866
2.04816,-1.39188,3.642,4.40414
2.05998,-1.39188,3.642,4.40965
2.07181,-1.39188,3.642,4.41519
2.08363,-1.39188,3.642,4.42075
2.09545,-1.39188,3.642,4.42633
2.10727,-1.39188,3.642,4.43194
2.11909,-1.39188,3.642,4.43757
2.10868,-1.37736,3.604,4.39687
2.12037,-1.37736,3.604,4.40249
2.10959,-1.36284,3.566,4.36166
2.09916,-1.3487,3.529,4.32195
2.11061,-1.3487,3.529,4.32753
2.10042,-1.33494,3.493,4.28892
2.0906,-1.32156,3.458,4.25146
2.10182,-1.32156,3.458,4.25699
2.09166,-1.30818,3.423,4.2194
2.06161,-1.28258,3.356,4.14222
2.0725,-1.28258,3.356,4.14765
2.0238,-1.24589,3.26,4.0343
1.97821,-1.21149,3.17,3.9281
1.9885,-1.21149,3.17,3.93329
1.92754,-1.16831,3.057,3.79811
1.88676,-1.13773,2.977,3.70363
1.89642,-1.13773,2.977,3.70856
1.87343,-1.11824,2.926,3.64989
1.83595,-1.09034,2.853,3.56359
1.84521,-1.09034,2.853,3.56837
1.82392,-1.07238,2.806,3.51431
1.80364,-1.05518,2.761,3.46261
1.78371,-1.03837,2.717,3.41203
1.79253,-1.03837,2.717,3.41664
1.78743,-1.03034,2.696,3.39484
1.79618,-1.03034,2.696,3.39945
1.80493,-1.03034,2.696,3.40408
1.79955,-1.02232,2.675,3.38218
1.80823,-1.02232,2.675,3.38681
1.81691,-1.02232,2.675,3.39145
-2.21925,-1.2122,3.199,4.07776
-2.20887,-1.2122,3.199,4.07211
-2.21979,-1.22394,3.23,4.1059
-2.20931,-1.22394,3.23,4.10024
-2.17772,-1.2122,3.199,4.0553
-2.14769,-1.20121,3.17,4.01302
-2.1374,-1.20121,3.17,4.00753
-2.12711,-1.20121,3.17,4.00205
-2.11682,-1.20121,3.17,3.99659
-2.10653,-1.20121,3.17,3.99115
-2.07707,-1.19022,3.141,3.94927
-2.06687,-1.19022,3.141,3.94391
-2.05668,-1.19022,3.141,3.93858
-2.04648,-1.19022,3.141,3.93327
-2.03629,-1.19022,3.141,3.92797
-2.02609,-1.19022,3.141,3.9227
-2.03451,-1.20121,3.17,3.95361
-2.0057,-1.19022,3.141,3.9122
-1.99551,-1.19022,3.141,3.90699
-1.98531,-1.19022,3.141,3.90179
-1.95688,-1.17923,3.112,3.86064
-1.94678,-1.17923,3.112,3.85553
-1.93668,-1.17923,3.112,3.85044
-1.92658,-1.17923,3.112,3.84537
-1.89923,-1.16862,3.084,3.80576
-1.88922,-1.16862,3.084,3.80078
-1.87921,-1.16862,3.084,3.79581
-1.85284,-1.15839,3.057,3.75768
-1.84292,-1.15839,3.057,3.75279
nan,nan,nan,NaN
nan,nan,nan,NaN
nan,nan,nan,NaN
nan,nan,nan,NaN
nan,nan,nan,NaN
nan,nan,nan,NaN
nan,nan,nan,NaN
nan,nan,nan,NaN
nan,nan,nan,NaN
nan,nan,nan,NaN
nan,nan,nan,NaN
nan,nan,nan,NaN
nan,nan,nan,NaN
nan,nan,nan,NaN
nan,nan,nan,NaN
nan,nan,nan,NaN
nan,nan,nan,NaN
nan,nan,nan,NaN
nan,nan,nan,NaN
nan,nan,nan,NaN
nan,nan,nan,NaN
nan,nan,nan,NaN
nan,nan,nan,NaN
nan,nan,nan,NaN
nan,nan,nan,NaN
nan,nan,nan,NaN
nan,nan,nan,NaN
nan,nan,nan,NaN
nan,nan,nan,NaN
nan,nan,nan,NaN
nan,nan,nan,NaN
nan,nan,nan,NaN
nan,nan,nan,NaN
nan,nan,nan,NaN
nan,nan,nan,NaN
nan,nan,nan,NaN
nan,nan,nan,NaN
nan,nan,nan,NaN
nan,nan,nan,NaN
nan,nan,nan,NaN
nan,nan,nan,NaN
nan,nan,nan,NaN
nan,nan,nan,NaN
nan,nan,nan,NaN
nan,nan,nan,NaN
nan,nan,nan,NaN
nan,nan,nan,NaN
nan,nan,nan,NaN
nan,nan,nan,NaN
-1.23622,-1.06328,2.806,3.24537
-1.22712,-1.06328,2.806,3.24191
-1.19847,-1.04623,2.761,3.18654
-1.18951,-1.04623,2.761,3.18318
-1.18996,-1.05456,2.783,3.20518
-1.17159,-1.04623,2.761,3.17653
-1.1441,-1.02955,2.717,3.12266
-1.13528,-1.02955,2.717,3.11944
-1.11776,-1.0216,2.696,3.09216
-1.09173,-1.00568,2.654,3.04088
-1.08311,-1.00568,2.654,3.0378
-1.0579,-0.990144,2.613,2.98786
-1.03376,-0.975366,2.574,2.94032
-1.01026,-0.960967,2.536,2.89403
-1.00203,-0.960967,2.536,2.89116
-0.986356,-0.953767,2.517,2.86668
-0.964196,-0.940125,2.481,2.82292
-0.956143,-0.940125,2.481,2.82018
-0.941212,-0.933305,2.463,2.79702
-0.919957,-0.920042,2.428,2.75463
-0.912076,-0.920042,2.428,2.75201
-0.904195,-0.920042,2.428,2.74941
-0.896315,-0.920042,2.428,2.74682
-0.888434,-0.920042,2.428,2.74426
-0.880553,-0.920042,2.428,2.74172
-0.872672,-0.920042,2.428,2.7392
-0.870847,-0.926484,2.445,2.75586
-0.862911,-0.926484,2.445,2.75336
-0.854975,-0.926484,2.445,2.75089
-0.847039,-0.926484,2.445,2.74843
-0.839103,-0.926484,2.445,2.746
-0.831167,-0.926484,2.445,2.74358
-0.823232,-0.926484,2.445,2.74119
-0.815296,-0.926484,2.445,2.73881
-0.80736,-0.926484,2.445,2.73646
-0.799424,-0.926484,2.445,2.73413
-0.791488,-0.926484,2.445,2.73182
-0.783552,-0.926484,2.445,2.72953
-0.770224,-0.920042,2.428,2.7083
-0.762343,-0.920042,2.428,2.70607
-0.754462,-0.920042,2.428,2.70386
-0.746581,-0.920042,2.428,2.70167
-0.738701,-0.920042,2.428,2.69951
-0.73082,-0.920042,2.428,2.69736
-0.722939,-0.920042,2.428,2.69524
-0.715059,-0.920042,2.428,2.69313
-0.712129,-0.926484,2.445,2.70989
-0.704194,-0.926484,2.445,2.70782
-0.696258,-0.926484,2.445,2.70577
-0.693389,-0.933305,2.463,2.72364
-0.685395,-0.933305,2.463,2.72162
-0.677401,-0.933305,2.463,2.71961
-0.674299,-0.940125,2.481,2.73749
-0.67108,-0.946946,2.499,2.75537
-0.662968,-0.946946,2.499,2.7534
-0.654857,-0.946946,2.499,2.75146
-0.651405,-0.953767,2.517,2.76935
-0.643235,-0.953767,2.517,2.76744
-0.635065,-0.953767,2.517,2.76555
-0.631628,-0.960967,2.536,2.78455
-0.623397,-0.960967,2.536,2.78269
-0.615166,-0.960967,2.536,2.78086
-0.611482,-0.968166,2.555,2.79987
-0.603189,-0.968166,2.555,2.79807
-0.594896,-0.968166,2.555,2.7963
-0.586603,-0.968166,2.555,2.79454
-0.582611,-0.975366,2.574,2.81358
-0.574256,-0.975366,2.574,2.81187
-0.565902,-0.975366,2.574,2.81017
-0.561663,-0.982566,2.593,2.82923
-0.553246,-0.982566,2.593,2.82757
-0.54483,-0.982566,2.593,2.82594
-0.536414,-0.982566,2.593,2.82433
-0.527998,-0.982566,2.593,2.82274
-0.519581,-0.982566,2.593,2.82118
-0.515108,-0.990144,2.613,2.84139
-0.506627,-0.990144,2.613,2.83986
-0.498145,-0.990144,2.613,2.83836
-0.489664,-0.990144,2.613,2.83689
-0.4775,-0.982566,2.593,2.81373
-0.469084,-0.982566,2.593,2.81232
-0.460668,-0.982566,2.593,2.81093
-0.452251,-0.982566,2.593,2.80956
-0.443835,-0.982566,2.593,2.80822
-0.432229,-0.975366,2.574,2.78633
-0.423874,-0.975366,2.574,2.78505
-0.415519,-0.975366,2.574,2.78379
-0.407165,-0.975366,2.574,2.78255
-0.39881,-0.975366,2.574,2.78134
-0.387574,-0.968166,2.555,2.75963
-0.379281,-0.968166,2.555,2.75848
-0.370988,-0.968166,2.555,2.75735
-0.365392,-0.975366,2.574,2.77675
-0.357037,-0.975366,2.574,2.77566
-0.348683,-0.975366,2.574,2.7746
-0.340328,-0.975366,2.574,2.77356
-0.331974,-0.975366,2.574,2.77255
-0.323619,-0.975366,2.574,2.77156
-0.317592,-0.982566,2.593,2.79105
-0.309175,-0.982566,2.593,2.7901
-0.303079,-0.990144,2.613,2.8107
-0.294598,-0.990144,2.613,2.80979
-0.286117,-0.990144,2.613,2.80892
-0.277636,-0.990144,2.613,2.80807
-0.269154,-0.990144,2.613,2.80724
-0.260673,-0.990144,2.613,2.80644
-0.252192,-0.990144,2.613,2.80567
-0.243711,-0.990144,2.613,2.80492
-0.23703,-0.997723,2.633,2.82565
-0.228484,-0.997723,2.633,2.82495
-0.219938,-0.997723,2.633,2.82427
-0.211392,-0.997723,2.633,2.82362
-0.202846,-0.997723,2.633,2.82299
-0.19585,-1.00568,2.654,2.8449
-0.187235,-1.00568,2.654,2.84432
-0.178621,-1.00568,2.654,2.84377
-0.170007,-1.00568,2.654,2.84324
-0.161393,-1.00568,2.654,2.84274
-0.152779,-1.00568,2.654,2.84226
-0.144164,-1.00568,2.654,2.84181
-0.134478,-0.997723,2.633,2.8189
-0.125931,-0.997723,2.633,2.81851
-0.117385,-0.997723,2.633,2.81814
-0.108839,-0.997723,2.633,2.8178
-0.100293,-0.997723,2.633,2.81748
-0.0917472,-0.997723,2.633,2.81719
-0.0832012,-0.997723,2.633,2.81692
-0.0746551,-0.997723,2.633,2.81668
-0.066109,-0.997723,2.633,2.81647
-0.057563,-0.997723,2.633,2.81628
-0.0490169,-0.997723,2.633,2.81612
-0.0404708,-0.997723,2.633,2.81599
-0.0321794,-1.00568,2.654,2.83833
-0.0235652,-1.00568,2.654,2.83825
-0.0149509,-1.00568,2.654,2.83819
-0.00633672,-1.00568,2.654,2.83816
0.00229553,-1.01364,2.675,2.86061
0.0109779,-1.01364,2.675,2.86063
0.0196603,-1.01364,2.675,2.86068
0.0283427,-1.01364,2.675,2.86075
0.0370251,-1.01364,2.675,2.86085
0.0457075,-1.01364,2.675,2.86097
0.0543898,-1.01364,2.675,2.86113
0.0630722,-1.01364,2.675,2.8613
0.0717546,-1.01364,2.675,2.86151
0.080437,-1.01364,2.675,2.86174
0.0891194,-1.01364,2.675,2.862
0.0978018,-1.01364,2.675,2.86228
0.105648,-1.00568,2.654,2.84012
0.114262,-1.00568,2.654,2.84045
0.122877,-1.00568,2.654,2.84081
0.131491,-1.00568,2.654,2.8412
0.140105,-1.00568,2.654,2.84161
0.147543,-0.997723,2.633,2.81956
0.154903,-0.990144,2.613,2.7986
0.163384,-0.990144,2.613,2.79908
0.171865,-0.990144,2.613,2.79959
0.178966,-0.982566,2.593,2.77869
0.187382,-0.982566,2.593,2.77924
0.195799,-0.982566,2.593,2.77982
0.202718,-0.975366,2.574,2.76006
0.211073,-0.975366,2.574,2.76068
0.219428,-0.975366,2.574,2.76133
0.226101,-0.968166,2.555,2.74162
0.234394,-0.968166,2.555,2.74232
0.242687,-0.968166,2.555,2.74304
0.250979,-0.968166,2.555,2.74379
0.259272,-0.968166,2.555,2.74456
0.267565,-0.968166,2.555,2.74535
0.275858,-0.968166,2.555,2.74617
0.284151,-0.968166,2.555,2.74702
0.292444,-0.968166,2.555,2.74789
0.300737,-0.968166,2.555,2.74878
0.306732,-0.960967,2.536,2.72926
0.314963,-0.960967,2.536,2.73019
0.325615,-0.968166,2.555,2.75162
0.333908,-0.968166,2.555,2.75261
0.342201,-0.968166,2.555,2.75363
0.353101,-0.975366,2.574,2.77516
0.361455,-0.975366,2.574,2.77623
0.36981,-0.975366,2.574,2.77733
0.378164,-0.975366,2.574,2.77846
0.389372,-0.982566,2.593,2.80012
0.397788,-0.982566,2.593,2.80131
0.406204,-0.982566,2.593,2.80251
0.414621,-0.982566,2.593,2.80375
0.423037,-0.982566,2.593,2.805
0.431453,-0.982566,2.593,2.80629
0.443262,-0.990144,2.613,2.82925
0.451743,-0.990144,2.613,2.83059
0.456702,-0.982566,2.593,2.81028
0.465118,-0.982566,2.593,2.81166
0.477187,-0.990144,2.613,2.83476
0.485668,-0.990144,2.613,2.8362
0.490367,-0.982566,2.593,2.81594
0.498783,-0.982566,2.593,2.81742
0.507199,-0.982566,2.593,2.81892
0.511837,-0.975366,2.574,2.79978
0.520192,-0.975366,2.574,2.80132
0.528546,-0.975366,2.574,2.80289
0.536901,-0.975366,2.574,2.80447
0.545256,-0.975366,2.574,2.80609
0.55361,-0.975366,2.574,2.80772
0.561965,-0.975366,2.574,2.80938
0.566109,-0.968166,2.555,2.79031
0.574402,-0.968166,2.555,2.79201
0.582695,-0.968166,2.555,2.79373
0.590988,-0.968166,2.555,2.79547
0.599281,-0.968166,2.555,2.79723
0.607574,-0.968166,2.555,2.79902
0.615867,-0.968166,2.555,2.80083
0.62416,-0.968166,2.555,2.80267
0.632453,-0.968166,2.555,2.80453
0.640746,-0.968166,2.555,2.80641
0.653865,-0.975366,2.574,2.8292
0.662219,-0.975366,2.574,2.83114
0.670574,-0.975366,2.574,2.83311
0.678929,-0.975366,2.574,2.83509
0.687283,-0.975366,2.574,2.83711
0.695638,-0.975366,2.574,2.83914
0.703992,-0.975366,2.574,2.8412
0.717605,-0.982566,2.593,2.86427
0.726021,-0.982566,2.593,2.86639
0.734438,-0.982566,2.593,2.86853
0.742854,-0.982566,2.593,2.8707
0.75127,-0.982566,2.593,2.87289
0.75412,-0.975366,2.574,2.85403
0.762474,-0.975366,2.574,2.85625
0.770829,-0.975366,2.574,2.85849
0.779183,-0.975366,2.574,2.86076
0.787538,-0.975366,2.574,2.86305
0.795892,-0.975366,2.574,2.86536
0.798311,-0.968166,2.555,2.84652
0.806603,-0.968166,2.555,2.84886
0.814896,-0.968166,2.555,2.85121
0.823189,-0.968166,2.555,2.8536
0.831482,-0.968166,2.555,2.856
0.839775,-0.968166,2.555,2.85842
0.841761,-0.960967,2.536,2.8396
0.849993,-0.960967,2.536,2.84205
0.858224,-0.960967,2.536,2.84452
0.866455,-0.960967,2.536,2.84702
0.874686,-0.960967,2.536,2.84953
0.889532,-0.968166,2.555,2.87344
0.897825,-0.968166,2.555,2.87601
0.906118,-0.968166,2.555,2.87861
0.914411,-0.968166,2.555,2.88124
0.929566,-0.975366,2.574,2.90532
0.93792,-0.975366,2.574,2.90801
0.93929,-0.968166,2.555,2.88923
0.947583,-0.968166,2.555,2.89193
0.955876,-0.968166,2.555,2.89466
nan,nan,nan,NaN
nan,nan,nan,NaN
nan,nan,nan,NaN
nan,nan,nan,NaN
nan,nan,nan,NaN
nan,nan,nan,NaN
nan,nan,nan,NaN
nan,nan,nan,NaN
nan,nan,nan,NaN
nan,nan,nan,NaN
nan,nan,nan,NaN
nan,nan,nan,NaN
nan,nan,nan,NaN
nan,nan,nan,NaN
nan,nan,nan,NaN
nan,nan,nan,NaN
nan,nan,nan,NaN
nan,nan,nan,NaN
nan,nan,nan,NaN
nan,nan,nan,NaN
nan,nan,nan,NaN
nan,nan,nan,NaN
nan,nan,nan,NaN
nan,nan,nan,NaN
nan,nan,nan,NaN
nan,nan,nan,NaN
nan,nan,nan,NaN
nan,nan,nan,NaN
nan,nan,nan,NaN
nan,nan,nan,NaN
nan,nan,nan,NaN
nan,nan,nan,NaN
nan,nan,nan,NaN
nan,nan,nan,NaN
nan,nan,nan,NaN
nan,nan,nan,NaN
nan,nan,nan,NaN
nan,nan,nan,NaN
nan,nan,nan,NaN
nan,nan,nan,NaN
nan,nan,nan,NaN
nan,nan,nan,NaN
nan,nan,nan,NaN
nan,nan,nan,NaN
nan,nan,nan,NaN
nan,nan,nan,NaN
nan,nan,nan,NaN
nan,nan,nan,NaN
nan,nan,nan,NaN
nan,nan,nan,NaN
nan,nan,nan,NaN
nan,nan,nan,NaN
nan,nan,nan,NaN
1.98,-1.36566,3.604,4.33293
1.9917,-1.36566,3.604,4.33829
2.02452,-1.38006,3.642,4.38947
2.03634,-1.38006,3.642,4.39493
2.04816,-1.38006,3.642,4.40042
2.05998,-1.38006,3.642,4.40594
2.07181,-1.38006,3.642,4.41148
2.08363,-1.38006,3.642,4.41704
2.09545,-1.38006,3.642,4.42263
2.10727,-1.38006,3.642,4.42824
2.11909,-1.38006,3.642,4.43388
2.10868,-1.36566,3.604,4.39322
2.12037,-1.36566,3.604,4.39885
2.10959,-1.35126,3.566,4.35806
2.09916,-1.33724,3.529,4.31839
2.11061,-1.33724,3.529,4.32397
2.10042,-1.3236,3.493,4.28541
2.0906,-1.31034,3.458,4.24798
2.10182,-1.31034,3.458,4.25352
2.09166,-1.29708,3.423,4.21597
2.08188,-1.28419,3.389,4.17956
2.09288,-1.28419,3.389,4.18505
2.0238,-1.23531,3.26,4.03105
1.97821,-1.20121,3.17,3.92494
1.9885,-1.20121,3.17,3.93013
1.92754,-1.15839,3.057,3.79507
1.88676,-1.12807,2.977,3.70067
1.89642,-1.12807,2.977,3.70561
1.87343,-1.10875,2.926,3.64699
1.83595,-1.08109,2.853,3.56077
1.84521,-1.08109,2.853,3.56555
1.82392,-1.06328,2.806,3.51154
1.80364,-1.04623,2.761,3.45989
1.78371,-1.02955,2.717,3.40935
1.79253,-1.02955,2.717,3.41398
1.78743,-1.0216,2.696,3.39219
1.79618,-1.0216,2.696,3.39681
1.80493,-1.0216,2.696,3.40145
1.79955,-1.01364,2.675,3.37957
1.80823,-1.01364,2.675,3.3842
1.81691,-1.01364,2.675,3.38884
-2.24076,-1.21346,3.23,4.11417
-2.23027,-1.21346,3.23,4.10847
-2.21979,-1.21346,3.23,4.10279
-2.20931,-1.21346,3.23,4.09712
-2.19882,-1.21346,3.23,4.09148
-2.16734,-1.20182,3.199,4.04664
-2.15695,-1.20182,3.199,4.04109
-2.12711,-1.19092,3.17,3.99897
-2.11682,-1.19092,3.17,3.99351
-2.10653,-1.19092,3.17,3.98807
-2.09624,-1.19092,3.17,3.98264
-2.06687,-1.18003,3.141,3.94085
-2.05668,-1.18003,3.141,3.93551
-2.04648,-1.18003,3.141,3.93019
-2.03629,-1.18003,3.141,3.9249
-2.02609,-1.18003,3.141,3.91962
-2.03451,-1.19092,3.17,3.9505
-2.02422,-1.19092,3.17,3.94521
-1.99551,-1.18003,3.141,3.90389
-1.98531,-1.18003,3.141,3.89869
-1.97512,-1.18003,3.141,3.89351
-1.94678,-1.16913,3.112,3.85245
-1.93668,-1.16913,3.112,3.84736
-1.92658,-1.16913,3.112,3.84228
-1.91648,-1.16913,3.112,3.83723
-1.88922,-1.15861,3.084,3.79771
-1.87921,-1.15861,3.084,3.79274
-1.8692,-1.15861,3.084,3.78779
-1.85919,-1.15861,3.084,3.78286
nan,nan,nan,NaN
nan,nan,nan,NaN
nan,nan,nan,NaN
nan,nan,nan,NaN
nan,nan,nan,NaN
nan,nan,nan,NaN
nan,nan,nan,NaN
nan,nan,nan,NaN
nan,nan,nan,NaN
nan,nan,nan,NaN
nan,nan,nan,NaN
nan,nan,nan,NaN
nan,nan,nan,NaN
nan,nan,nan,NaN
nan,nan,nan,NaN
nan,nan,nan,NaN
nan,nan,nan,NaN
nan,nan,nan,NaN
nan,nan,nan,NaN
nan,nan,nan,NaN
nan,nan,nan,NaN
nan,nan,nan,NaN
nan,nan,nan,NaN
nan,nan,nan,NaN
nan,nan,nan,NaN
nan,nan,nan,NaN
nan,nan,nan,NaN
nan,nan,nan,NaN
nan,nan,nan,NaN
nan,nan,nan,NaN
nan,nan,nan,NaN
nan,nan,nan,NaN
nan,nan,nan,NaN
nan,nan,nan,NaN
nan,nan,nan,NaN
nan,nan,nan,NaN
nan,nan,nan,NaN
nan,nan,nan,NaN
nan,nan,nan,NaN
nan,nan,nan,NaN
nan,nan,nan,NaN
nan,nan,nan,NaN
nan,nan,nan,NaN
nan,nan,nan,NaN
nan,nan,nan,NaN
nan,nan,nan,NaN
nan,nan,nan,NaN
nan,nan,nan,NaN
nan,nan,nan,NaN
-1.23622,-1.05417,2.806,3.2424
-1.22712,-1.05417,2.806,3.23894
-1.20802,-1.04553,2.783,3.20898
-1.19899,-1.04553,2.783,3.20559
-1.18996,-1.04553,2.783,3.20222
-1.18093,-1.04553,2.783,3.19888
-1.16263,-1.03727,2.761,3.17029
-1.15367,-1.03727,2.761,3.16702
-1.12646,-1.02074,2.717,3.11334
-1.10037,-1.00496,2.675,3.06209
-1.09169,-1.00496,2.675,3.05898
-1.066,-0.989179,2.633,3.00791
-1.04139,-0.974152,2.593,2.95924
-1.01783,-0.959876,2.555,2.91297
-1.00954,-0.959876,2.555,2.91008
-0.993802,-0.952738,2.536,2.88559
-0.971191,-0.938837,2.499,2.84071
-0.96308,-0.938837,2.499,2.83795
-0.941212,-0.925313,2.463,2.79436
-0.926398,-0.91855,2.445,2.77128
-0.918462,-0.91855,2.445,2.76863
-0.910526,-0.91855,2.445,2.76601
-0.90259,-0.91855,2.445,2.76341
-0.894654,-0.91855,2.445,2.76083
-0.886718,-0.91855,2.445,2.75827
-0.878783,-0.91855,2.445,2.75572
-0.877258,-0.925313,2.463,2.77347
-0.869264,-0.925313,2.463,2.77096
-0.861269,-0.925313,2.463,2.76846
-0.853275,-0.925313,2.463,2.76598
-0.845281,-0.925313,2.463,2.76353
-0.837286,-0.925313,2.463,2.76109
-0.829292,-0.925313,2.463,2.75868
-0.821298,-0.925313,2.463,2.75628
-0.80736,-0.91855,2.445,2.73379
-0.799424,-0.91855,2.445,2.73145
-0.791488,-0.91855,2.445,2.72914
-0.783552,-0.91855,2.445,2.72685
-0.770224,-0.912164,2.428,2.70564
-0.762343,-0.912164,2.428,2.7034
-0.754462,-0.912164,2.428,2.70119
-0.746581,-0.912164,2.428,2.699
-0.738701,-0.912164,2.428,2.69683
-0.73082,-0.912164,2.428,2.69468
-0.722939,-0.912164,2.428,2.69256
-0.715059,-0.912164,2.428,2.69045
-0.712129,-0.91855,2.445,2.70719
-0.704194,-0.91855,2.445,2.70512
-0.696258,-0.91855,2.445,2.70306
-0.693389,-0.925313,2.463,2.72091
-0.685395,-0.925313,2.463,2.71889
-0.677401,-0.925313,2.463,2.71688
-0.674299,-0.932075,2.481,2.73474
-0.67108,-0.938837,2.499,2.75259
-0.662968,-0.938837,2.499,2.75063
-0.654857,-0.938837,2.499,2.74868
-0.651405,-0.9456,2.517,2.76655
-0.643235,-0.9456,2.517,2.76463
-0.635065,-0.9456,2.517,2.76274
-0.631628,-0.952738,2.536,2.78172
-0.623397,-0.952738,2.536,2.77986
-0.615166,-0.952738,2.536,2.77803
-0.606935,-0.952738,2.536,2.77622
-0.603189,-0.959876,2.555,2.79521
-0.594896,-0.959876,2.555,2.79344
-0.586603,-0.959876,2.555,2.79168
-0.582611,-0.967014,2.574,2.8107
-0.574256,-0.967014,2.574,2.80898
-0.565902,-0.967014,2.574,2.80728
-0.561663,-0.974152,2.593,2.82632
-0.553246,-0.974152,2.593,2.82466
-0.54483,-0.974152,2.593,2.82302
-0.536414,-0.974152,2.593,2.82141
-0.527998,-0.974152,2.593,2.81982
-0.519581,-0.974152,2.593,2.81826
-0.515108,-0.981665,2.613,2.83845
-0.506627,-0.981665,2.613,2.83692
-0.498145,-0.981665,2.613,2.83542
-0.489664,-0.981665,2.613,2.83394
-0.4775,-0.974152,2.593,2.81081
-0.469084,-0.974152,2.593,2.80939
-0.460668,-0.974152,2.593,2.808
-0.452251,-0.974152,2.593,2.80663
-0.443835,-0.974152,2.593,2.80528
-0.432229,-0.967014,2.574,2.78342
-0.423874,-0.967014,2.574,2.78213
-0.415519,-0.967014,2.574,2.78087
-0.404159,-0.959876,2.555,2.75912
-0.395866,-0.959876,2.555,2.75792
-0.384691,-0.952738,2.536,2.73624
-0.37646,-0.952738,2.536,2.73509
-0.368229,-0.952738,2.536,2.73397
-0.362695,-0.959876,2.555,2.75335
-0.354402,-0.959876,2.555,2.75227
-0.346109,-0.959876,2.555,2.75121
-0.337816,-0.959876,2.555,2.75018
-0.329523,-0.959876,2.555,2.74918
-0.32123,-0.959876,2.555,2.74819
-0.315265,-0.967014,2.574,2.76767
-0.30691,-0.967014,2.574,2.76673
-0.300759,-0.974152,2.593,2.78623
-0.292343,-0.974152,2.593,2.78533
-0.283927,-0.974152,2.593,2.78446
-0.275511,-0.974152,2.593,2.78362
-0.267094,-0.974152,2.593,2.7828
-0.258678,-0.974152,2.593,2.782
-0.252192,-0.981665,2.613,2.80268
-0.243711,-0.981665,2.613,2.80193
-0.23523,-0.981665,2.613,2.80121
-0.226749,-0.981665,2.613,2.80051
-0.218268,-0.981665,2.613,2.79984
-0.209786,-0.981665,2.613,2.79919
-0.201305,-0.981665,2.613,2.79856
-0.1943,-0.989179,2.633,2.81938
-0.185754,-0.989179,2.633,2.81881
-0.177208,-0.989179,2.633,2.81826
-0.168662,-0.989179,2.633,2.81773
-0.160116,-0.989179,2.633,2.81723
-0.15157,-0.989179,2.633,2.81676
-0.143024,-0.989179,2.633,2.81631
-0.134478,-0.989179,2.633,2.81589
-0.125931,-0.989179,2.633,2.8155
-0.117385,-0.989179,2.633,2.81513
-0.108839,-0.989179,2.633,2.81478
-0.100293,-0.989179,2.633,2.81447
-0.0917472,-0.989179,2.633,2.81418
-0.0832012,-0.989179,2.633,2.81391
-0.0746551,-0.989179,2.633,2.81367
-0.066109,-0.989179,2.633,2.81346
-0.057563,-0.989179,2.633,2.81327
-0.0490169,-0.989179,2.633,2.81311
-0.0404708,-0.989179,2.633,2.81297
-0.0321794,-0.997069,2.654,2.83529
-0.0235652,-0.997069,2.654,2.83521
-0.0149509,-0.997069,2.654,2.83515
-0.00633672,-0.997069,2.654,2.83512
0.00229553,-1.00496,2.675,2.85755
0.0109779,-1.00496,2.675,2.85757
0.0196603,-1.00496,2.675,2.85761
0.0283427,-1.00496,2.675,2.85769
0.0370251,-1.00496,2.675,2.85779
0.0457075,-1.00496,2.675,2.85791
0.0543898,-1.00496,2.675,2.85806
0.0630722,-1.00496,2.675,2.85824
0.0717546,-1.00496,2.675,2.85845
0.080437,-1.00496,2.675,2.85868
0.0891194,-1.00496,2.675,2.85893
0.0978018,-1.00496,2.675,2.85922
0.105648,-0.997069,2.654,2.83708
0.114262,-0.997069,2.654,2.83741
0.122877,-0.997069,2.654,2.83777
0.131491,-0.997069,2.654,2.83816
0.140105,-0.997069,2.654,2.83857
0.147543,-0.989179,2.633,2.81655
0.156089,-0.989179,2.633,2.81701
0.164635,-0.989179,2.633,2.81749
0.171865,-0.981665,2.613,2.7966
0.178966,-0.974152,2.593,2.77573
0.187382,-0.974152,2.593,2.77628
0.195799,-0.974152,2.593,2.77686
0.202718,-0.967014,2.574,2.75712
0.211073,-0.967014,2.574,2.75774
0.219428,-0.967014,2.574,2.75839
0.226101,-0.959876,2.555,2.73871
0.234394,-0.959876,2.555,2.7394
0.242687,-0.959876,2.555,2.74012
0.250979,-0.959876,2.555,2.74087
0.259272,-0.959876,2.555,2.74164
0.267565,-0.959876,2.555,2.74244
0.275858,-0.959876,2.555,2.74326
0.284151,-0.959876,2.555,2.74411
0.292444,-0.959876,2.555,2.74498
0.300737,-0.959876,2.555,2.74587
0.30903,-0.959876,2.555,2.7468
0.317323,-0.959876,2.555,2.74774
0.325615,-0.959876,2.555,2.74871
0.333908,-0.959876,2.555,2.74971
0.342201,-0.959876,2.555,2.75073
0.350494,-0.959876,2.555,2.75177
0.358787,-0.959876,2.555,2.75284
0.36981,-0.967014,2.574,2.77441
0.378164,-0.967014,2.574,2.77554
0.386519,-0.967014,2.574,2.77669
0.394873,-0.967014,2.574,2.77786
0.406204,-0.974152,2.593,2.79958
0.414621,-0.974152,2.593,2.80081
0.423037,-0.974152,2.593,2.80207
0.431453,-0.974152,2.593,2.80335
0.443262,-0.981665,2.613,2.82629
0.451743,-0.981665,2.613,2.82763
0.460224,-0.981665,2.613,2.829
0.468706,-0.981665,2.613,2.83039
0.477187,-0.981665,2.613,2.83181
0.485668,-0.981665,2.613,2.83325
0.494149,-0.981665,2.613,2.83472
0.50263,-0.981665,2.613,2.83621
0.507199,-0.974152,2.593,2.816
0.515615,-0.974152,2.593,2.81753
0.524032,-0.974152,2.593,2.81908
0.528546,-0.967014,2.574,2.79999
0.536901,-0.967014,2.574,2.80158
0.545256,-0.967014,2.574,2.80319
0.55361,-0.967014,2.574,2.80483
0.561965,-0.967014,2.574,2.80649
0.566109,-0.959876,2.555,2.78745
0.574402,-0.959876,2.555,2.78914
0.582695,-0.959876,2.555,2.79086
0.590988,-0.959876,2.555,2.79261
0.599281,-0.959876,2.555,2.79437
0.607574,-0.959876,2.555,2.79616
0.615867,-0.959876,2.555,2.79798
0.62416,-0.959876,2.555,2.79981
0.632453,-0.959876,2.555,2.80168
0.640746,-0.959876,2.555,2.80356
0.653865,-0.967014,2.574,2.82633
0.662219,-0.967014,2.574,2.82827
0.670574,-0.967014,2.574,2.83024
0.678929,-0.967014,2.574,2.83223
0.687283,-0.967014,2.574,2.83425
0.695638,-0.967014,2.574,2.83628
0.703992,-0.967014,2.574,2.83834
0.717605,-0.974152,2.593,2.86139
0.726021,-0.974152,2.593,2.86352
0.734438,-0.974152,2.593,2.86566
0.742854,-0.974152,2.593,2.86783
0.75127,-0.974152,2.593,2.87002
0.75412,-0.967014,2.574,2.85119
0.762474,-0.967014,2.574,2.85341
0.770829,-0.967014,2.574,2.85566
0.779183,-0.967014,2.574,2.85792
0.787538,-0.967014,2.574,2.86021
0.795892,-0.967014,2.574,2.86252
0.798311,-0.959876,2.555,2.84371
0.806603,-0.959876,2.555,2.84605
0.814896,-0.959876,2.555,2.84841
0.823189,-0.959876,2.555,2.85079
0.831482,-0.959876,2.555,2.8532
0.839775,-0.959876,2.555,2.85563
0.841761,-0.952738,2.536,2.83682
0.849993,-0.952738,2.536,2.83928
0.858224,-0.952738,2.536,2.84175
0.866455,-0.952738,2.536,2.84425
0.874686,-0.952738,2.536,2.84677
0.889532,-0.959876,2.555,2.87065
0.897825,-0.959876,2.555,2.87323
0.906118,-0.959876,2.555,2.87584
0.914411,-0.959876,2.555,2.87846
0.929566,-0.967014,2.574,2.90253
0.93792,-0.967014,2.574,2.90522
0.946275,-0.967014,2.574,2.90793
0.954629,-0.967014,2.574,2.91065
0.962984,-0.967014,2.574,2.91341
nan,nan,nan,NaN
nan,nan,nan,NaN
nan,nan,nan,NaN
nan,nan,nan,NaN
nan,nan,nan,NaN
nan,nan,nan,NaN
nan,nan,nan,NaN
nan,nan,nan,NaN
nan,nan,nan,NaN
nan,nan,nan,NaN
nan,nan,nan,NaN
nan,nan,nan,NaN
nan,nan,nan,NaN
nan,nan,nan,NaN
nan,nan,nan,NaN
nan,nan,nan,NaN
nan,nan,nan,NaN
nan,nan,nan,NaN
nan,nan,nan,NaN
nan,nan,nan,NaN
nan,nan,nan,NaN
1.43905,-1.21346,3.23,3.73848
1.44953,-1.21346,3.23,3.74253
1.446,-1.20182,3.199,3.71065
1.45639,-1.20182,3.199,3.7147
1.46677,-1.20182,3.199,3.71879
1.47715,-1.20182,3.199,3.7229
nan,nan,nan,NaN
nan,nan,nan,NaN
nan,nan,nan,NaN
nan,nan,nan,NaN
nan,nan,nan,NaN
nan,nan,nan,NaN
nan,nan,nan,NaN
nan,nan,nan,NaN
nan,nan,nan,NaN
nan,nan,nan,NaN
nan,nan,nan,NaN
nan,nan,nan,NaN
nan,nan,nan,NaN
nan,nan,nan,NaN
nan,nan,nan,NaN
nan,nan,nan,NaN
nan,nan,nan,NaN
nan,nan,nan,NaN
nan,nan,nan,NaN
nan,nan,nan,NaN
nan,nan,nan,NaN
nan,nan,nan,NaN
nan,nan,nan,NaN
nan,nan,nan,NaN
1.93598,-1.33969,3.566,4.27307
1.94755,-1.33969,3.566,4.27833
1.95913,-1.33969,3.566,4.28361
1.9917,-1.35397,3.604,4.33462
2.02452,-1.36825,3.642,4.38577
2.03634,-1.36825,3.642,4.39124
2.04816,-1.36825,3.642,4.39673
2.05998,-1.36825,3.642,4.40225
2.07181,-1.36825,3.642,4.40779
2.08363,-1.36825,3.642,4.41336
2.09545,-1.36825,3.642,4.41895
2.10727,-1.36825,3.642,4.42457
2.09698,-1.35397,3.604,4.38399
2.10868,-1.35397,3.604,4.3896
2.12037,-1.35397,3.604,4.39523
2.10959,-1.33969,3.566,4.35448
2.09916,-1.32579,3.529,4.31486
2.11061,-1.32579,3.529,4.32045
2.10042,-1.31227,3.493,4.28192
2.0906,-1.29912,3.458,4.24453
2.10182,-1.29912,3.458,4.25007
2.09166,-1.28597,3.423,4.21256
2.08188,-1.2732,3.389,4.17619
2.09288,-1.2732,3.389,4.18169
2.0238,-1.22473,3.26,4.02782
1.97821,-1.19092,3.17,3.9218
1.9885,-1.19092,3.17,3.927
1.92754,-1.14847,3.057,3.79205
1.88676,-1.11841,2.977,3.69774
1.89642,-1.11841,2.977,3.70268
1.85743,-1.08986,2.901,3.61298
1.83595,-1.07183,2.853,3.55797
1.84521,-1.07183,2.853,3.56276
1.82392,-1.05417,2.806,3.50879
1.80364,-1.03727,2.761,3.45719
1.78371,-1.02074,2.717,3.4067
1.79253,-1.02074,2.717,3.41133
1.80135,-1.02074,2.717,3.41597
1.79618,-1.01285,2.696,3.39419
1.80493,-1.01285,2.696,3.39883
1.79955,-1.00496,2.675,3.37697
1.80823,-1.00496,2.675,3.38161
1.81691,-1.00496,2.675,3.38626
-2.28377,-1.22607,3.292,4.19
-2.27308,-1.22607,3.292,4.18419
-2.24041,-1.21416,3.26,4.13778
-2.22983,-1.21416,3.26,4.13206
-2.19882,-1.20298,3.23,4.08838
-2.16734,-1.19144,3.199,4.04357
-2.15695,-1.19144,3.199,4.03801
-2.14657,-1.19144,3.199,4.03248
-2.13619,-1.19144,3.199,4.02696
-2.10653,-1.18064,3.17,3.98501
-2.09624,-1.18064,3.17,3.97958
-2.08595,-1.18064,3.17,3.97417
-2.07566,-1.18064,3.17,3.96878
-2.06538,-1.18064,3.17,3.9634
-2.05509,-1.18064,3.17,3.95805
-2.0448,-1.18064,3.17,3.95272
-2.05312,-1.19144,3.199,3.98352
-2.02422,-1.18064,3.17,3.94211
-2.01393,-1.18064,3.17,3.93684
-1.98531,-1.16984,3.141,3.89562
-1.97512,-1.16984,3.141,3.89043
-1.96492,-1.16984,3.141,3.88527
-1.95473,-1.16984,3.141,3.88012
-1.94453,-1.16984,3.141,3.875
-1.93434,-1.16984,3.141,3.86989
-1.90638,-1.15903,3.112,3.82912
-1.89628,-1.15903,3.112,3.8241
-1.88618,-1.15903,3.112,3.81911
-1.87607,-1.15903,3.112,3.81413
nan,nan,nan,NaN
nan,nan,nan,NaN
nan,nan,nan,NaN
nan,nan,nan,NaN
nan,nan,nan,NaN
nan,nan,nan,NaN
nan,nan,nan,NaN
nan,nan,nan,NaN
nan,nan,nan,NaN
nan,nan,nan,NaN
nan,nan,nan,NaN
nan,nan,nan,NaN
nan,nan,nan,NaN
nan,nan,nan,NaN
nan,nan,nan,NaN
nan,nan,nan,NaN
nan,nan,nan,NaN
nan,nan,nan,NaN
nan,nan,nan,NaN
nan,nan,nan,NaN
nan,nan,nan,NaN
nan,nan,nan,NaN
nan,nan,nan,NaN
nan,nan,nan,NaN
nan,nan,nan,NaN
nan,nan,nan,NaN
nan,nan,nan,NaN
nan,nan,nan,NaN
nan,nan,nan,NaN
nan,nan,nan,NaN
nan,nan,nan,NaN
nan,nan,nan,NaN
nan,nan,nan,NaN
nan,nan,nan,NaN
nan,nan,nan,NaN
nan,nan,nan,NaN
nan,nan,nan,NaN
nan,nan,nan,NaN
nan,nan,nan,NaN
nan,nan,nan,NaN
nan,nan,nan,NaN
nan,nan,nan,NaN
nan,nan,nan,NaN
nan,nan,nan,NaN
nan,nan,nan,NaN
nan,nan,nan,NaN
nan,nan,nan,NaN
nan,nan,nan,NaN
nan,nan,nan,NaN
-1.23622,-1.04507,2.806,3.23945
-1.22712,-1.04507,2.806,3.23599
-1.20802,-1.0365,2.783,3.20605
-1.19899,-1.0365,2.783,3.20266
-1.18996,-1.0365,2.783,3.19929
-1.18093,-1.0365,2.783,3.19594
-1.16263,-1.02831,2.761,3.16737
-1.15367,-1.02831,2.761,3.16409
-1.12646,-1.01192,2.717,3.11047
-1.10037,-0.996278,2.675,3.05925
-1.08311,-0.988457,2.654,3.03214
-1.066,-0.980635,2.633,3.00511
-1.04139,-0.965738,2.593,2.95648
-1.01783,-0.951585,2.555,2.91024
-1.00954,-0.951585,2.555,2.90735
-0.993802,-0.944509,2.536,2.88289
-0.971191,-0.930728,2.499,2.83804
-0.96308,-0.930728,2.499,2.83527
-0.941212,-0.917321,2.463,2.79172
-0.926398,-0.910617,2.445,2.76866
-0.918462,-0.910617,2.445,2.76601
-0.910526,-0.910617,2.445,2.76339
-0.90259,-0.910617,2.445,2.76078
-0.894654,-0.910617,2.445,2.7582
-0.886718,-0.910617,2.445,2.75563
-0.878783,-0.910617,2.445,2.75309
-0.877258,-0.917321,2.463,2.77082
-0.869264,-0.917321,2.463,2.7683
-0.861269,-0.917321,2.463,2.7658
-0.853275,-0.917321,2.463,2.76332
-0.845281,-0.917321,2.463,2.76086
-0.837286,-0.917321,2.463,2.75842
-0.829292,-0.917321,2.463,2.75601
-0.821298,-0.917321,2.463,2.75361
-0.80736,-0.910617,2.445,2.73113
-0.799424,-0.910617,2.445,2.7288
-0.791488,-0.910617,2.445,2.72648
-0.783552,-0.910617,2.445,2.72419
-0.770224,-0.904285,2.428,2.70299
-0.762343,-0.904285,2.428,2.70076
-0.754462,-0.904285,2.428,2.69854
-0.746581,-0.904285,2.428,2.69635
-0.743873,-0.910617,2.445,2.71304
-0.735937,-0.910617,2.445,2.71088
-0.728001,-0.910617,2.445,2.70873
-0.720065,-0.910617,2.445,2.70661
-0.712129,-0.910617,2.445,2.70451
-0.704194,-0.910617,2.445,2.70243
-0.696258,-0.910617,2.445,2.70037
-0.693389,-0.917321,2.463,2.7182
-0.685395,-0.917321,2.463,2.71618
-0.677401,-0.917321,2.463,2.71417
-0.674299,-0.924025,2.481,2.73201
-0.67108,-0.930728,2.499,2.74984
-0.662968,-0.930728,2.499,2.74787
-0.654857,-0.930728,2.499,2.74592
-0.651405,-0.937432,2.517,2.76377
-0.643235,-0.937432,2.517,2.76185
-0.635065,-0.937432,2.517,2.75996
-0.631628,-0.944509,2.536,2.77891
-0.623397,-0.944509,2.536,2.77705
-0.615166,-0.944509,2.536,2.77522
-0.606935,-0.944509,2.536,2.7734
-0.603189,-0.951585,2.555,2.79238
-0.594896,-0.951585,2.555,2.7906
-0.586603,-0.951585,2.555,2.78884
-0.582611,-0.958661,2.574,2.80784
-0.574256,-0.958661,2.574,2.80611
-0.565902,-0.958661,2.574,2.80442
-0.561663,-0.965738,2.593,2.82343
-0.553246,-0.965738,2.593,2.82177
-0.54483,-0.965738,2.593,2.82013
-0.540551,-0.973187,2.613,2.84026
-0.53207,-0.973187,2.613,2.83865
-0.523589,-0.973187,2.613,2.83708
-0.515108,-0.973187,2.613,2.83552
-0.506627,-0.973187,2.613,2.834
-0.498145,-0.973187,2.613,2.83249
-0.489664,-0.973187,2.613,2.83101
-0.481183,-0.973187,2.613,2.82956
-0.472702,-0.973187,2.613,2.82813
-0.460668,-0.965738,2.593,2.80509
-0.452251,-0.965738,2.593,2.80372
-0.443835,-0.965738,2.593,2.80237
-0.432229,-0.958661,2.574,2.78053
-0.423874,-0.958661,2.574,2.77924
-0.415519,-0.958661,2.574,2.77798
-0.404159,-0.951585,2.555,2.75624
-0.392923,-0.944509,2.536,2.73455
-0.384691,-0.944509,2.536,2.73338
-0.37646,-0.944509,2.536,2.73224
-0.368229,-0.944509,2.536,2.73111
-0.359998,-0.944509,2.536,2.73002
-0.351766,-0.944509,2.536,2.72894
-0.343535,-0.944509,2.536,2.72789
-0.335304,-0.944509,2.536,2.72687
-0.327073,-0.944509,2.536,2.72587
-0.318842,-0.944509,2.536,2.7249
-0.312937,-0.951585,2.555,2.74435
-0.304645,-0.951585,2.555,2.74342
-0.298555,-0.958661,2.574,2.76291
-0.290201,-0.958661,2.574,2.76201
-0.281846,-0.958661,2.574,2.76115
-0.273492,-0.958661,2.574,2.76031
-0.265137,-0.958661,2.574,2.75949
-0.258678,-0.965738,2.593,2.77907
-0.250262,-0.965738,2.593,2.7783
-0.241846,-0.965738,2.593,2.77755
-0.233429,-0.965738,2.593,2.77683
-0.225013,-0.965738,2.593,2.77614
-0.216597,-0.965738,2.593,2.77547
-0.208181,-0.965738,2.593,2.77482
-0.201305,-0.973187,2.613,2.7956
-0.192824,-0.973187,2.613,2.795
-0.184343,-0.973187,2.613,2.79443
-0.175862,-0.973187,2.613,2.79388
-0.167381,-0.973187,2.613,2.79336
-0.1589,-0.973187,2.613,2.79287
-0.150418,-0.973187,2.613,2.7924
-0.141937,-0.973187,2.613,2.79195
-0.133456,-0.973187,2.613,2.79154
-0.124975,-0.973187,2.613,2.79114
-0.116494,-0.973187,2.613,2.79078
-0.108013,-0.973187,2.613,2.79044
-0.0995315,-0.973187,2.613,2.79012
-0.0917472,-0.980635,2.633,2.81118
-0.0832012,-0.980635,2.633,2.81092
-0.0746551,-0.980635,2.633,2.81068
-0.066109,-0.980635,2.633,2.81046
-0.057563,-0.980635,2.633,2.81028
-0.0490169,-0.980635,2.633,2.81011
-0.0404708,-0.980635,2.633,2.80998
-0.0321794,-0.988457,2.654,2.83228
-0.0235652,-0.988457,2.654,2.83219
-0.0149509,-0.988457,2.654,2.83213
-0.00633672,-0.988457,2.654,2.8321
0.00229553,-0.996278,2.675,2.85451
0.0109779,-0.996278,2.675,2.85453
0.0196603,-0.996278,2.675,2.85457
0.0283427,-0.996278,2.675,2.85465
0.0370251,-0.996278,2.675,2.85474
0.0457075,-0.996278,2.675,2.85487
0.0543898,-0.996278,2.675,2.85502
0.0630722,-0.996278,2.675,2.8552
0.0717546,-0.996278,2.675,2.85541
0.080437,-0.996278,2.675,2.85564
0.0891194,-0.996278,2.675,2.8559
0.0978018,-0.996278,2.675,2.85618
0.105648,-0.988457,2.654,2.83407
0.114262,-0.988457,2.654,2.8344
0.122877,-0.988457,2.654,2.83476
0.131491,-0.988457,2.654,2.83515
0.140105,-0.988457,2.654,2.83556
0.147543,-0.980635,2.633,2.81356
0.156089,-0.980635,2.633,2.81402
0.164635,-0.980635,2.633,2.81451
0.171865,-0.973187,2.613,2.79364
0.178966,-0.965738,2.593,2.77278
0.187382,-0.965738,2.593,2.77334
0.195799,-0.965738,2.593,2.77392
0.204215,-0.965738,2.593,2.77453
0.211073,-0.958661,2.574,2.75482
0.219428,-0.958661,2.574,2.75548
0.227782,-0.958661,2.574,2.75616
0.234394,-0.951585,2.555,2.73651
0.242687,-0.951585,2.555,2.73723
0.250979,-0.951585,2.555,2.73798
0.259272,-0.951585,2.555,2.73875
0.267565,-0.951585,2.555,2.73955
0.275858,-0.951585,2.555,2.74037
0.284151,-0.951585,2.555,2.74122
0.292444,-0.951585,2.555,2.74209
0.300737,-0.951585,2.555,2.74299
0.30903,-0.951585,2.555,2.74391
0.317323,-0.951585,2.555,2.74486
0.325615,-0.951585,2.555,2.74583
0.333908,-0.951585,2.555,2.74682
0.342201,-0.951585,2.555,2.74784
0.350494,-0.951585,2.555,2.74889
0.358787,-0.951585,2.555,2.74996
0.36981,-0.958661,2.574,2.77151
0.378164,-0.958661,2.574,2.77264
0.386519,-0.958661,2.574,2.77379
0.394873,-0.958661,2.574,2.77497
0.406204,-0.965738,2.593,2.79666
0.414621,-0.965738,2.593,2.79789
0.423037,-0.965738,2.593,2.79915
0.431453,-0.965738,2.593,2.80044
0.443262,-0.973187,2.613,2.82336
0.451743,-0.973187,2.613,2.8247
0.460224,-0.973187,2.613,2.82607
0.468706,-0.973187,2.613,2.82746
0.477187,-0.973187,2.613,2.82888
0.485668,-0.973187,2.613,2.83032
0.494149,-0.973187,2.613,2.83179
0.50263,-0.973187,2.613,2.83328
0.511111,-0.973187,2.613,2.8348
0.515615,-0.965738,2.593,2.81463
0.524032,-0.965738,2.593,2.81619
0.532448,-0.965738,2.593,2.81777
0.536901,-0.958661,2.574,2.79871
0.545256,-0.958661,2.574,2.80032
0.55361,-0.958661,2.574,2.80196
0.561965,-0.958661,2.574,2.80362
0.566109,-0.951585,2.555,2.7846
0.574402,-0.951585,2.555,2.7863
0.582695,-0.951585,2.555,2.78802
0.590988,-0.951585,2.555,2.78977
0.599281,-0.951585,2.555,2.79154
0.607574,-0.951585,2.555,2.79333
0.615867,-0.951585,2.555,2.79514
0.62416,-0.951585,2.555,2.79698
0.632453,-0.951585,2.555,2.79885
0.640746,-0.951585,2.555,2.80073
0.649038,-0.951585,2.555,2.80264
0.657331,-0.951585,2.555,2.80457
0.670574,-0.958661,2.574,2.8274
0.678929,-0.958661,2.574,2.82939
0.687283,-0.958661,2.574,2.83141
0.695638,-0.958661,2.574,2.83345
0.703992,-0.958661,2.574,2.83551
0.712347,-0.958661,2.574,2.8376
0.720701,-0.958661,2.574,2.8397
0.729056,-0.958661,2.574,2.84184
0.742854,-0.965738,2.593,2.86498
0.745765,-0.958661,2.574,2.84617
0.75412,-0.958661,2.574,2.84837
0.762474,-0.958661,2.574,2.85059
0.770829,-0.958661,2.574,2.85284
0.779183,-0.958661,2.574,2.85511
0.781725,-0.951585,2.555,2.83631
0.790018,-0.951585,2.555,2.8386
0.798311,-0.951585,2.555,2.84092
0.806603,-0.951585,2.555,2.84326
0.814896,-0.951585,2.555,2.84563
0.823189,-0.951585,2.555,2.84801
0.825299,-0.944509,2.536,2.82922
0.83353,-0.944509,2.536,2.83164
0.841761,-0.944509,2.536,2.83407
0.849993,-0.944509,2.536,2.83653
0.858224,-0.944509,2.536,2.839
0.866455,-0.944509,2.536,2.8415
0.874686,-0.944509,2.536,2.84402
0.882918,-0.944509,2.536,2.84657
0.897825,-0.951585,2.555,2.87048
0.906118,-0.951585,2.555,2.87308
0.914411,-0.951585,2.555,2.87571
0.929566,-0.958661,2.574,2.89976
0.93792,-0.958661,2.574,2.90245
0.946275,-0.958661,2.574,2.90516
0.954629,-0.958661,2.574,2.90789
0.962984,-0.958661,2.574,2.91064
nan,nan,nan,NaN
nan,nan,nan,NaN
nan,nan,nan,NaN
nan,nan,nan,NaN
nan,nan,nan,NaN
nan,nan,nan,NaN
nan,nan,nan,NaN
nan,nan,nan,NaN
nan,nan,nan,NaN
nan,nan,nan,NaN
nan,nan,nan,NaN
nan,nan,nan,NaN
nan,nan,nan,NaN
nan,nan,nan,NaN
nan,nan,nan,NaN
nan,nan,nan,NaN
nan,nan,nan,NaN
nan,nan,nan,NaN
1.4076,-1.20298,3.23,3.72309
1.41808,-1.20298,3.23,3.72707
1.42857,-1.20298,3.23,3.73107
1.42524,-1.19144,3.199,3.69925
1.43562,-1.19144,3.199,3.70326
1.446,-1.19144,3.199,3.7073
1.45639,-1.19144,3.199,3.71136
1.46677,-1.19144,3.199,3.71545
1.47715,-1.19144,3.199,3.71956
1.48754,-1.19144,3.199,3.72369
1.51244,-1.20298,3.23,3.76398
nan,nan,nan,NaN
nan,nan,nan,NaN
nan,nan,nan,NaN
nan,nan,nan,NaN
nan,nan,nan,NaN
nan,nan,nan,NaN
nan,nan,nan,NaN
nan,nan,nan,NaN
nan,nan,nan,NaN
nan,nan,nan,NaN
nan,nan,nan,NaN
nan,nan,nan,NaN
nan,nan,nan,NaN
nan,nan,nan,NaN
nan,nan,nan,NaN
nan,nan,nan,NaN
nan,nan,nan,NaN
nan,nan,nan,NaN
nan,nan,nan,NaN
nan,nan,nan,NaN
nan,nan,nan,NaN
nan,nan,nan,NaN
1.93598,-1.32812,3.566,4.26946
1.94755,-1.32812,3.566,4.27472
1.95913,-1.32812,3.566,4.28
1.9917,-1.34228,3.604,4.33098
2.02452,-1.35643,3.642,4.38209
2.03634,-1.35643,3.642,4.38757
2.04816,-1.35643,3.642,4.39307
2.05998,-1.35643,3.642,4.39859
2.07181,-1.35643,3.642,4.40414
2.08363,-1.35643,3.642,4.40971
2.09545,-1.35643,3.642,4.41531
2.10727,-1.35643,3.642,4.42093
2.09698,-1.34228,3.604,4.38039
2.10868,-1.34228,3.604,4.386
2.12037,-1.34228,3.604,4.39164
2.10959,-1.32812,3.566,4.35094
2.09916,-1.31434,3.529,4.31136
2.11061,-1.31434,3.529,4.31695
2.10042,-1.30093,3.493,4.27846
2.0906,-1.2879,3.458,4.24111
2.10182,-1.2879,3.458,4.24666
2.09166,-1.27486,3.423,4.20918
2.08188,-1.2622,3.389,4.17285
2.09288,-1.2622,3.389,4.17835
2.0238,-1.21416,3.26,4.02462
1.97821,-1.18064,3.17,3.91869
1.9885,-1.18064,3.17,3.92389
1.92754,-1.13855,3.057,3.78906
1.88676,-1.10875,2.977,3.69483
1.89642,-1.10875,2.977,3.69977
1.85743,-1.08045,2.901,3.61015
1.83595,-1.06257,2.853,3.55519
1.84521,-1.06257,2.853,3.55998
1.82392,-1.04507,2.806,3.50607
1.80364,-1.02831,2.761,3.45451
1.79815,-1.02011,2.739,3.43163
1.80704,-1.02011,2.739,3.4363
1.80135,-1.01192,2.717,3.41335
1.79618,-1.0041,2.696,3.39159
1.80493,-1.0041,2.696,3.39623
1.79955,-0.996278,2.675,3.3744
1.80823,-0.996278,2.675,3.37904
1.83118,-1.0041,2.696,3.41026
-2.28377,-1.21539,3.292,4.18689
-2.27308,-1.21539,3.292,4.18107
-2.24041,-1.20358,3.26,4.13469
-2.22983,-1.20358,3.26,4.12896
-2.19882,-1.1925,3.23,4.08531
-2.16734,-1.18106,3.199,4.04052
-2.15695,-1.18106,3.199,4.03496
-2.14657,-1.18106,3.199,4.02942
-2.13619,-1.18106,3.199,4.0239
-2.10653,-1.17035,3.17,3.98197
-2.09624,-1.17035,3.17,3.97654
-2.08595,-1.17035,3.17,3.97112
-2.07566,-1.17035,3.17,3.96573
-2.06538,-1.17035,3.17,3.96035
-2.05509,-1.17035,3.17,3.955
-2.0448,-1.17035,3.17,3.94966
-2.05312,-1.18106,3.199,3.98043
-2.02422,-1.17035,3.17,3.93905
-2.01393,-1.17035,3.17,3.93377
-1.98531,-1.15964,3.141,3.89257
-1.97512,-1.15964,3.141,3.88738
-1.96492,-1.15964,3.141,3.88221
-1.95473,-1.15964,3.141,3.87706
-1.94453,-1.15964,3.141,3.87193
-1.93434,-1.15964,3.141,3.86682
-1.90638,-1.14894,3.112,3.82608
-1.89628,-1.14894,3.112,3.82106
-1.88618,-1.14894,3.112,3.81605
-1.87607,-1.14894,3.112,3.81107
nan,nan,nan,NaN
nan,nan,nan,NaN
nan,nan,nan,NaN
nan,nan,nan,NaN
nan,nan,nan,NaN
nan,nan,nan,NaN
nan,nan,nan,NaN
nan,nan,nan,NaN
nan,nan,nan,NaN
nan,nan,nan,NaN
nan,nan,nan,NaN
nan,nan,nan,NaN
nan,nan,nan,NaN
nan,nan,nan,NaN
nan,nan,nan,NaN
nan,nan,nan,NaN
nan,nan,nan,NaN
nan,nan,nan,NaN
nan,nan,nan,NaN
nan,nan,nan,NaN
nan,nan,nan,NaN
nan,nan,nan,NaN
nan,nan,nan,NaN
nan,nan,nan,NaN
nan,nan,nan,NaN
nan,nan,nan,NaN
nan,nan,nan,NaN
nan,nan,nan,NaN
nan,nan,nan,NaN
nan,nan,nan,NaN
nan,nan,nan,NaN
nan,nan,nan,NaN
nan,nan,nan,NaN
nan,nan,nan,NaN
nan,nan,nan,NaN
nan,nan,nan,NaN
nan,nan,nan,NaN
nan,nan,nan,NaN
nan,nan,nan,NaN
nan,nan,nan,NaN
nan,nan,nan,NaN
nan,nan,nan,NaN
nan,nan,nan,NaN
nan,nan,nan,NaN
nan,nan,nan,NaN
nan,nan,nan,NaN
nan,nan,nan,NaN
nan,nan,nan,NaN
nan,nan,nan,NaN
-1.24636,-1.04445,2.829,3.26306
-1.23717,-1.04445,2.829,3.25956
-1.21801,-1.03596,2.806,3.22961
-1.2089,-1.03596,2.806,3.22619
-1.19979,-1.03596,2.806,3.22279
-1.19068,-1.03596,2.806,3.21941
-1.17189,-1.02747,2.783,3.18969
-1.16286,-1.02747,2.783,3.18638
-1.14471,-1.01935,2.761,3.15793
-1.10901,-0.995351,2.696,3.08043
-1.08311,-0.979845,2.654,3.02935
-1.0745,-0.979845,2.654,3.02628
-1.04139,-0.957324,2.593,2.95374
-1.0254,-0.950309,2.574,2.92917
-1.01705,-0.950309,2.574,2.92625
-0.993802,-0.93628,2.536,2.8802
-0.978187,-0.929265,2.517,2.85581
-0.970017,-0.929265,2.517,2.85303
-0.948091,-0.915974,2.481,2.80949
-0.933218,-0.909329,2.463,2.78642
-0.925224,-0.909329,2.463,2.78375
-0.917229,-0.909329,2.463,2.78111
-0.909235,-0.909329,2.463,2.77848
-0.901241,-0.909329,2.463,2.77588
-0.893246,-0.909329,2.463,2.77329
-0.885252,-0.909329,2.463,2.77073
-0.883669,-0.915974,2.481,2.78841
-0.875616,-0.915974,2.481,2.78587
-0.861269,-0.909329,2.463,2.76316
-0.853275,-0.909329,2.463,2.76067
-0.845281,-0.909329,2.463,2.75821
-0.837286,-0.909329,2.463,2.75577
-0.829292,-0.909329,2.463,2.75336
-0.821298,-0.909329,2.463,2.75096
-0.813304,-0.909329,2.463,2.74858
-0.805309,-0.909329,2.463,2.74623
-0.797315,-0.909329,2.463,2.74389
-0.789321,-0.909329,2.463,2.74158
-0.775616,-0.902683,2.445,2.71927
-0.767681,-0.902683,2.445,2.71702
-0.759745,-0.902683,2.445,2.71479
-0.751809,-0.902683,2.445,2.71258
-0.743873,-0.902683,2.445,2.71039
-0.735937,-0.902683,2.445,2.70822
-0.728001,-0.902683,2.445,2.70608
-0.720065,-0.902683,2.445,2.70395
-0.712129,-0.902683,2.445,2.70185
-0.704194,-0.902683,2.445,2.69977
-0.696258,-0.902683,2.445,2.69771
-0.693389,-0.909329,2.463,2.71552
-0.685395,-0.909329,2.463,2.71349
-0.677401,-0.909329,2.463,2.71148
-0.674299,-0.915974,2.481,2.72929
-0.67108,-0.92262,2.499,2.7471
-0.662968,-0.92262,2.499,2.74513
-0.654857,-0.92262,2.499,2.74319
-0.646746,-0.92262,2.499,2.74126
-0.643235,-0.929265,2.517,2.75909
-0.635065,-0.929265,2.517,2.7572
-0.631628,-0.93628,2.536,2.77612
-0.623397,-0.93628,2.536,2.77426
-0.615166,-0.93628,2.536,2.77243
-0.606935,-0.93628,2.536,2.77061
-0.603189,-0.943295,2.555,2.78956
-0.594896,-0.943295,2.555,2.78778
-0.586603,-0.943295,2.555,2.78602
-0.582611,-0.950309,2.574,2.805
-0.578495,-0.957324,2.593,2.82396
-0.570079,-0.957324,2.593,2.82225
-0.561663,-0.957324,2.593,2.82056
-0.557514,-0.964708,2.613,2.84064
-0.549032,-0.964708,2.613,2.83899
-0.540551,-0.964708,2.613,2.83736
-0.536143,-0.972092,2.633,2.85746
-0.527596,-0.972092,2.633,2.85587
-0.51905,-0.972092,2.633,2.85431
-0.510504,-0.972092,2.633,2.85276
-0.501958,-0.972092,2.633,2.85125
-0.493412,-0.972092,2.633,2.84976
-0.484866,-0.972092,2.633,2.84829
-0.47632,-0.972092,2.633,2.84685
-0.464221,-0.964708,2.613,2.82382
-0.452251,-0.957324,2.593,2.80083
-0.443835,-0.957324,2.593,2.79948
-0.432229,-0.950309,2.574,2.77766
-0.423874,-0.950309,2.574,2.77637
-0.415519,-0.950309,2.574,2.77511
-0.404159,-0.943295,2.555,2.75339
-0.392923,-0.93628,2.536,2.73172
-0.384691,-0.93628,2.536,2.73055
-0.37646,-0.93628,2.536,2.7294
-0.368229,-0.93628,2.536,2.72828
-0.359998,-0.93628,2.536,2.72718
-0.351766,-0.93628,2.536,2.72611
-0.343535,-0.93628,2.536,2.72506
-0.335304,-0.93628,2.536,2.72403
-0.327073,-0.93628,2.536,2.72303
-0.318842,-0.93628,2.536,2.72205
-0.312937,-0.943295,2.555,2.74149
-0.304645,-0.943295,2.555,2.74055
-0.298555,-0.950309,2.574,2.76002
-0.290201,-0.950309,2.574,2.75913
-0.281846,-0.950309,2.574,2.75826
-0.273492,-0.950309,2.574,2.75742
-0.265137,-0.950309,2.574,2.7566
-0.258678,-0.957324,2.593,2.77615
-0.250262,-0.957324,2.593,2.77538
-0.241846,-0.957324,2.593,2.77464
-0.233429,-0.957324,2.593,2.77392
-0.225013,-0.957324,2.593,2.77322
-0.216597,-0.957324,2.593,2.77255
-0.208181,-0.957324,2.593,2.77191
-0.201305,-0.964708,2.613,2.79266
-0.192824,-0.964708,2.613,2.79206
-0.184343,-0.964708,2.613,2.79149
-0.175862,-0.964708,2.613,2.79094
-0.167381,-0.964708,2.613,2.79042
-0.1589,-0.964708,2.613,2.78992
-0.150418,-0.964708,2.613,2.78945
-0.141937,-0.964708,2.613,2.78901
-0.133456,-0.964708,2.613,2.78859
-0.124975,-0.964708,2.613,2.7882
-0.116494,-0.964708,2.613,2.78783
-0.108013,-0.964708,2.613,2.78749
-0.0995315,-0.964708,2.613,2.78717
-0.0917472,-0.972092,2.633,2.80821
-0.0832012,-0.972092,2.633,2.80795
-0.0746551,-0.972092,2.633,2.80771
-0.066109,-0.972092,2.633,2.80749
-0.057563,-0.972092,2.633,2.80731
-0.0490169,-0.972092,2.633,2.80714
-0.0404708,-0.972092,2.633,2.80701
-0.0321794,-0.979845,2.654,2.82928
-0.0235652,-0.979845,2.654,2.8292
-0.0149509,-0.979845,2.654,2.82914
-0.00633672,-0.979845,2.654,2.82911
0.00229553,-0.987598,2.675,2.85149
0.0109779,-0.987598,2.675,2.85151
0.0196603,-0.987598,2.675,2.85155
0.0283427,-0.987598,2.675,2.85163
0.0370251,-0.987598,2.675,2.85173
0.0457075,-0.987598,2.675,2.85185
0.0543898,-0.987598,2.675,2.85201
0.0630722,-0.987598,2.675,2.85218
0.0717546,-0.987598,2.675,2.85239
0.080437,-0.987598,2.675,2.85262
0.0891194,-0.987598,2.675,2.85288
0.0978018,-0.987598,2.675,2.85316
0.105648,-0.979845,2.654,2.83107
0.114262,-0.979845,2.654,2.83141
0.122877,-0.979845,2.654,2.83177
0.13045,-0.972092,2.633,2.80975
0.138997,-0.972092,2.633,2.81016
0.147543,-0.972092,2.633,2.81059
0.156089,-0.972092,2.633,2.81105
0.163384,-0.964708,2.613,2.79018
0.171865,-0.964708,2.613,2.79069
0.178966,-0.957324,2.593,2.76986
0.187382,-0.957324,2.593,2.77042
0.195799,-0.957324,2.593,2.771
0.204215,-0.957324,2.593,2.77161
0.211073,-0.950309,2.574,2.75193
0.219428,-0.950309,2.574,2.75258
0.227782,-0.950309,2.574,2.75326
0.234394,-0.943295,2.555,2.73364
0.242687,-0.943295,2.555,2.73436
0.250979,-0.943295,2.555,2.73511
0.259272,-0.943295,2.555,2.73588
0.267565,-0.943295,2.555,2.73668
0.275858,-0.943295,2.555,2.7375
0.284151,-0.943295,2.555,2.73835
0.292444,-0.943295,2.555,2.73922
0.300737,-0.943295,2.555,2.74012
0.30903,-0.943295,2.555,2.74105
0.317323,-0.943295,2.555,2.74199
0.325615,-0.943295,2.555,2.74296
0.333908,-0.943295,2.555,2.74396
0.342201,-0.943295,2.555,2.74498
0.350494,-0.943295,2.555,2.74603
0.358787,-0.943295,2.555,2.7471
0.36981,-0.950309,2.574,2.76863
0.378164,-0.950309,2.574,2.76976
0.386519,-0.950309,2.574,2.77091
0.394873,-0.950309,2.574,2.77209
0.406204,-0.957324,2.593,2.79376
0.414621,-0.957324,2.593,2.795
0.423037,-0.957324,2.593,2.79626
0.431453,-0.957324,2.593,2.79755
0.443262,-0.964708,2.613,2.82045
0.451743,-0.964708,2.613,2.82179
0.460224,-0.964708,2.613,2.82316
0.468706,-0.964708,2.613,2.82456
0.477187,-0.964708,2.613,2.82598
0.485668,-0.964708,2.613,2.82742
0.494149,-0.964708,2.613,2.82889
0.50263,-0.964708,2.613,2.83038
0.511111,-0.964708,2.613,2.8319
0.515615,-0.957324,2.593,2.81176
0.524032,-0.957324,2.593,2.81331
0.532448,-0.957324,2.593,2.81489
0.540864,-0.957324,2.593,2.8165
0.54928,-0.957324,2.593,2.81813
0.55361,-0.950309,2.574,2.79912
0.561965,-0.950309,2.574,2.80078
0.566109,-0.943295,2.555,2.78178
0.574402,-0.943295,2.555,2.78348
0.582695,-0.943295,2.555,2.7852
0.590988,-0.943295,2.555,2.78695
0.599281,-0.943295,2.555,2.78872
0.607574,-0.943295,2.555,2.79052
0.615867,-0.943295,2.555,2.79233
0.62416,-0.943295,2.555,2.79417
0.632453,-0.943295,2.555,2.79604
0.640746,-0.943295,2.555,2.79792
0.649038,-0.943295,2.555,2.79984
0.657331,-0.943295,2.555,2.80177
0.665624,-0.943295,2.555,2.80373
0.673917,-0.943295,2.555,2.80571
0.68221,-0.943295,2.555,2.80771
0.690503,-0.943295,2.555,2.80974
0.698796,-0.943295,2.555,2.81179
0.707089,-0.943295,2.555,2.81386
0.715382,-0.943295,2.555,2.81595
0.729056,-0.950309,2.574,2.83903
0.737411,-0.950309,2.574,2.84119
0.745765,-0.950309,2.574,2.84337
0.75412,-0.950309,2.574,2.84557
0.756846,-0.943295,2.555,2.82677
0.765139,-0.943295,2.555,2.829
0.773432,-0.943295,2.555,2.83126
0.775912,-0.93628,2.536,2.81246
0.784143,-0.93628,2.536,2.81475
0.792374,-0.93628,2.536,2.81705
0.800605,-0.93628,2.536,2.81938
0.808836,-0.93628,2.536,2.82173
0.817068,-0.93628,2.536,2.8241
0.825299,-0.93628,2.536,2.82649
0.83353,-0.93628,2.536,2.8289
0.841761,-0.93628,2.536,2.83134
0.849993,-0.93628,2.536,2.8338
0.858224,-0.93628,2.536,2.83628
0.866455,-0.93628,2.536,2.83878
0.874686,-0.93628,2.536,2.8413
0.882918,-0.93628,2.536,2.84385
0.897825,-0.943295,2.555,2.86774
0.906118,-0.943295,2.555,2.87034
0.921211,-0.950309,2.574,2.89434
0.929566,-0.950309,2.574,2.89701
0.93792,-0.950309,2.574,2.8997
0.95326,-0.957324,2.593,2.92384
0.961676,-0.957324,2.593,2.92659
0.970092,-0.957324,2.593,2.92937
nan,nan,nan,NaN
nan,nan,nan,NaN
nan,nan,nan,NaN
nan,nan,nan,NaN
nan,nan,nan,NaN
nan,nan,nan,NaN
nan,nan,nan,NaN
nan,nan,nan,NaN
nan,nan,nan,NaN
nan,nan,nan,NaN
nan,nan,nan,NaN
nan,nan,nan,NaN
nan,nan,nan,NaN
nan,nan,nan,NaN
nan,nan,nan,NaN
nan,nan,nan,NaN
nan,nan,nan,NaN
1.39711,-1.1925,3.23,3.71576
1.4076,-1.1925,3.23,3.71972
1.41808,-1.1925,3.23,3.7237
1.42857,-1.1925,3.23,3.7277
1.42524,-1.18106,3.199,3.69592
1.43562,-1.18106,3.199,3.69993
1.446,-1.18106,3.199,3.70397
1.45639,-1.18106,3.199,3.70804
1.46677,-1.18106,3.199,3.71213
1.47715,-1.18106,3.199,3.71625
1.48754,-1.18106,3.199,3.72038
1.51244,-1.1925,3.23,3.76064
1.52292,-1.1925,3.23,3.76487
1.5334,-1.1925,3.23,3.76912
1.54389,-1.1925,3.23,3.7734
1.55437,-1.1925,3.23,3.7777
1.56485,-1.1925,3.23,3.78203
1.57534,-1.1925,3.23,3.78638
nan,nan,nan,NaN
nan,nan,nan,NaN
1.60679,-1.1925,3.23,3.79957
1.61727,-1.1925,3.23,3.80402
1.62776,-1.1925,3.23,3.80848
nan,nan,nan,NaN
nan,nan,nan,NaN
nan,nan,nan,NaN
nan,nan,nan,NaN
nan,nan,nan,NaN
nan,nan,nan,NaN
nan,nan,nan,NaN
nan,nan,nan,NaN
nan,nan,nan,NaN
nan,nan,nan,NaN
nan,nan,nan,NaN
nan,nan,nan,NaN
nan,nan,nan,NaN
1.98,-1.33058,3.604,4.322
1.9917,-1.33058,3.604,4.32737
2.02452,-1.34461,3.642,4.37845
2.03634,-1.34461,3.642,4.38393
2.04816,-1.34461,3.642,4.38943
2.05998,-1.34461,3.642,4.39496
2.07181,-1.34461,3.642,4.40051
2.08363,-1.34461,3.642,4.40609
2.09545,-1.34461,3.642,4.41169
2.10727,-1.34461,3.642,4.41732
2.11909,-1.34461,3.642,4.42297
2.10868,-1.33058,3.604,4.38244
2.12037,-1.33058,3.604,4.38808
2.10959,-1.31655,3.566,4.34742
2.09916,-1.30289,3.529,4.30788
2.11061,-1.30289,3.529,4.31347
2.10042,-1.2896,3.493,4.27503
2.0906,-1.27668,3.458,4.23772
2.10182,-1.27668,3.458,4.24327
2.09166,-1.26376,3.423,4.20583
2.08188,-1.2512,3.389,4.16954
2.09288,-1.2512,3.389,4.17504
2.0238,-1.20358,3.26,4.02144
1.97821,-1.17035,3.17,3.9156
1.9885,-1.17035,3.17,3.92081
1.94457,-1.1386,3.084,3.81953
1.90324,-1.10869,3.003,3.72418
1.91299,-1.10869,3.003,3.72917
1.87343,-1.08027,2.926,3.63843
1.83595,-1.05331,2.853,3.55244
1.84521,-1.05331,2.853,3.55723
1.82392,-1.03596,2.806,3.50336
1.80364,-1.01935,2.761,3.45185
1.79815,-1.01123,2.739,3.429
1.80704,-1.01123,2.739,3.43367
1.80135,-1.0031,2.717,3.41074
1.81017,-1.0031,2.717,3.41541
1.81899,-1.0031,2.717,3.42009
1.8278,-1.0031,2.717,3.42479
1.82243,-0.995351,2.696,3.403
1.83118,-0.995351,2.696,3.40769
-2.30597,-1.21642,3.324,4.22447
-2.29518,-1.21642,3.324,4.21859
-2.2624,-1.20471,3.292,4.17217
-2.25171,-1.20471,3.292,4.16639
-2.21924,-1.193,3.26,4.12018
-2.18834,-1.18202,3.23,4.07663
-2.17785,-1.18202,3.23,4.07101
-2.16737,-1.18202,3.23,4.06541
-2.13619,-1.17068,3.199,4.02087
-2.1258,-1.17068,3.199,4.01536
-2.11542,-1.17068,3.199,4.00987
-2.10504,-1.17068,3.199,4.00441
-2.09465,-1.17068,3.199,3.99896
-2.08427,-1.17068,3.199,3.99353
-2.05509,-1.16006,3.17,3.95196
-2.0448,-1.16006,3.17,3.94662
-2.05312,-1.17068,3.199,3.97736
-2.04274,-1.17068,3.199,3.97201
-2.03235,-1.17068,3.199,3.96668
-2.00364,-1.16006,3.17,3.92546
-1.99335,-1.16006,3.17,3.92022
-1.98306,-1.16006,3.17,3.915
-1.97277,-1.16006,3.17,3.90979
-1.96248,-1.16006,3.17,3.90461
-1.9522,-1.16006,3.17,3.89945
-1.92414,-1.14945,3.141,3.85868
-1.91395,-1.14945,3.141,3.85361
-1.90375,-1.14945,3.141,3.84856
-1.89356,-1.14945,3.141,3.84352
nan,nan,nan,NaN
nan,nan,nan,NaN
nan,nan,nan,NaN
nan,nan,nan,NaN
nan,nan,nan,NaN
nan,nan,nan,NaN
nan,nan,nan,NaN
nan,nan,nan,NaN
nan,nan,nan,NaN
nan,nan,nan,NaN
nan,nan,nan,NaN
nan,nan,nan,NaN
nan,nan,nan,NaN
nan,nan,nan,NaN
nan,nan,nan,NaN
nan,nan,nan,NaN
nan,nan,nan,NaN
nan,nan,nan,NaN
nan,nan,nan,NaN
nan,nan,nan,NaN
nan,nan,nan,NaN
nan,nan,nan,NaN
nan,nan,nan,NaN
nan,nan,nan,NaN
nan,nan,nan,NaN
nan,nan,nan,NaN
nan,nan,nan,NaN
nan,nan,nan,NaN
nan,nan,nan,NaN
nan,nan,nan,NaN
nan,nan,nan,NaN
nan,nan,nan,NaN
nan,nan,nan,NaN
nan,nan,nan,NaN
nan,nan,nan,NaN
nan,nan,nan,NaN
nan,nan,nan,NaN
nan,nan,nan,NaN
nan,nan,nan,NaN
nan,nan,nan,NaN
nan,nan,nan,NaN
nan,nan,nan,NaN
nan,nan,nan,NaN
nan,nan,nan,NaN
nan,nan,nan,NaN
nan,nan,nan,NaN
nan,nan,nan,NaN
nan,nan,nan,NaN
nan,nan,nan,NaN
-1.24636,-1.03527,2.829,3.26013
-1.23717,-1.03527,2.829,3.25663
-1.21801,-1.02686,2.806,3.2267
-1.2089,-1.02686,2.806,3.22328
-1.19979,-1.02686,2.806,3.21987
-1.19068,-1.02686,2.806,3.21649
-1.18158,-1.02686,2.806,3.21313
-1.17247,-1.02686,2.806,3.20979
-1.16336,-1.02686,2.806,3.20648
-1.11764,-0.994288,2.717,3.10158
-1.08311,-0.971233,2.654,3.02657
-1.0745,-0.971233,2.654,3.0235
-1.05745,-0.963548,2.633,2.99655
-1.03297,-0.94891,2.593,2.94807
-1.02456,-0.94891,2.593,2.94513
-1.00125,-0.935004,2.555,2.8991
-0.985571,-0.928051,2.536,2.8747
-0.97734,-0.928051,2.536,2.87189
-0.948091,-0.907924,2.481,2.80688
-0.940038,-0.907924,2.481,2.80417
-0.931985,-0.907924,2.481,2.80148
-0.923933,-0.907924,2.481,2.79881
-0.91588,-0.907924,2.481,2.79616
-0.907827,-0.907924,2.481,2.79353
-0.899774,-0.907924,2.481,2.79093
-0.891722,-0.907924,2.481,2.78834
-0.883669,-0.907924,2.481,2.78578
-0.875616,-0.907924,2.481,2.78323
-0.867564,-0.907924,2.481,2.78071
-0.859511,-0.907924,2.481,2.77821
-0.851458,-0.907924,2.481,2.77573
-0.843405,-0.907924,2.481,2.77327
-0.835353,-0.907924,2.481,2.77083
-0.8273,-0.907924,2.481,2.76841
-0.819247,-0.907924,2.481,2.76602
-0.805309,-0.901336,2.463,2.74359
-0.797315,-0.901336,2.463,2.74126
-0.789321,-0.901336,2.463,2.73894
-0.775616,-0.894749,2.445,2.71665
-0.767681,-0.894749,2.445,2.71439
-0.765338,-0.901336,2.463,2.73213
-0.757344,-0.901336,2.463,2.7299
-0.749349,-0.901336,2.463,2.72769
-0.741355,-0.901336,2.463,2.72551
-0.733361,-0.901336,2.463,2.72334
-0.725366,-0.901336,2.463,2.7212
-0.717372,-0.901336,2.463,2.71908
-0.709378,-0.901336,2.463,2.71698
-0.701384,-0.901336,2.463,2.71491
-0.693389,-0.901336,2.463,2.71285
-0.685395,-0.901336,2.463,2.71082
-0.677401,-0.901336,2.463,2.70881
-0.674299,-0.907924,2.481,2.7266
-0.67108,-0.914511,2.499,2.74439
-0.662968,-0.914511,2.499,2.74242
-0.654857,-0.914511,2.499,2.74047
-0.646746,-0.914511,2.499,2.73854
-0.643235,-0.921098,2.517,2.75635
-0.635065,-0.921098,2.517,2.75445
-0.631628,-0.928051,2.536,2.77336
-0.623397,-0.928051,2.536,2.7715
-0.615166,-0.928051,2.536,2.76966
-0.606935,-0.928051,2.536,2.76784
-0.603189,-0.935004,2.555,2.78677
-0.594896,-0.935004,2.555,2.78499
-0.586603,-0.935004,2.555,2.78323
-0.582611,-0.941957,2.574,2.80218
-0.578495,-0.94891,2.593,2.82112
-0.570079,-0.94891,2.593,2.81941
-0.561663,-0.94891,2.593,2.81772
-0.557514,-0.956229,2.613,2.83777
-0.549032,-0.956229,2.613,2.83612
-0.540551,-0.956229,2.613,2.83449
-0.536143,-0.963548,2.633,2.85457
-0.527596,-0.963548,2.633,2.85298
-0.51905,-0.963548,2.633,2.85141
-0.510504,-0.963548,2.633,2.84986
-0.501958,-0.963548,2.633,2.84835
-0.493412,-0.963548,2.633,2.84685
-0.481183,-0.956229,2.613,2.82377
-0.472702,-0.956229,2.613,2.82234
-0.464221,-0.956229,2.613,2.82093
-0.452251,-0.94891,2.593,2.79797
-0.443835,-0.94891,2.593,2.79662
-0.432229,-0.941957,2.574,2.77481
-0.420745,-0.935004,2.555,2.75305
-0.412452,-0.935004,2.555,2.75179
-0.404159,-0.935004,2.555,2.75056
-0.392923,-0.928051,2.536,2.72891
-0.384691,-0.928051,2.536,2.72774
-0.37646,-0.928051,2.536,2.72659
-0.368229,-0.928051,2.536,2.72547
-0.357301,-0.921098,2.517,2.70396
-0.349131,-0.921098,2.517,2.70289
-0.340961,-0.921098,2.517,2.70184
-0.332792,-0.921098,2.517,2.70083
-0.324622,-0.921098,2.517,2.69983
-0.316453,-0.921098,2.517,2.69886
-0.31061,-0.928051,2.536,2.71828
-0.302379,-0.928051,2.536,2.71735
-0.294148,-0.928051,2.536,2.71645
-0.285917,-0.928051,2.536,2.71557
-0.279766,-0.935004,2.555,2.73506
-0.271473,-0.935004,2.555,2.73422
-0.26318,-0.935004,2.555,2.73341
-0.254887,-0.935004,2.555,2.73262
-0.248428,-0.941957,2.574,2.75218
-0.240074,-0.941957,2.574,2.75144
-0.231719,-0.941957,2.574,2.75072
-0.223364,-0.941957,2.574,2.75003
-0.21501,-0.941957,2.574,2.74936
-0.208181,-0.94891,2.593,2.76901
-0.199764,-0.94891,2.593,2.76839
-0.191348,-0.94891,2.593,2.7678
-0.182932,-0.94891,2.593,2.76723
-0.174516,-0.94891,2.593,2.76668
-0.1661,-0.94891,2.593,2.76617
-0.157683,-0.94891,2.593,2.76567
-0.149267,-0.94891,2.593,2.76521
-0.140851,-0.94891,2.593,2.76476
-0.132435,-0.94891,2.593,2.76435
-0.124018,-0.94891,2.593,2.76396
-0.115602,-0.94891,2.593,2.76359
-0.107186,-0.94891,2.593,2.76325
-0.0987696,-0.94891,2.593,2.76294
-0.0910503,-0.956229,2.613,2.78396
-0.0832012,-0.963548,2.633,2.805
-0.0746551,-0.963548,2.633,2.80476
-0.066109,-0.963548,2.633,2.80455
-0.057563,-0.963548,2.633,2.80436
-0.0490169,-0.963548,2.633,2.8042
-0.0404708,-0.963548,2.633,2.80406
-0.0321794,-0.971233,2.654,2.82631
-0.0235652,-0.971233,2.654,2.82623
-0.0149509,-0.971233,2.654,2.82617
-0.00633672,-0.971233,2.654,2.82614
0.00229553,-0.978918,2.675,2.84849
0.0109779,-0.978918,2.675,2.84851
0.0196603,-0.978918,2.675,2.84856
0.0283427,-0.978918,2.675,2.84863
0.0370251,-0.978918,2.675,2.84873
0.0457075,-0.978918,2.675,2.84886
0.0543898,-0.978918,2.675,2.84901
0.0630722,-0.978918,2.675,2.84919
0.0711913,-0.971233,2.654,2.82703
0.0798055,-0.971233,2.654,2.82726
0.0884198,-0.971233,2.654,2.82751
0.097034,-0.971233,2.654,2.8278
0.105648,-0.971233,2.654,2.8281
0.114262,-0.971233,2.654,2.82844
0.121904,-0.963548,2.633,2.80642
0.13045,-0.963548,2.633,2.8068
0.138997,-0.963548,2.633,2.80721
0.147543,-0.963548,2.633,2.80765
0.156089,-0.963548,2.633,2.80811
0.163384,-0.956229,2.613,2.78726
0.171865,-0.956229,2.613,2.78777
0.180346,-0.956229,2.613,2.78831
0.187382,-0.94891,2.593,2.76752
0.195799,-0.94891,2.593,2.76811
0.204215,-0.94891,2.593,2.76872
0.211073,-0.941957,2.574,2.74906
0.219428,-0.941957,2.574,2.74971
0.227782,-0.941957,2.574,2.75039
0.236137,-0.941957,2.574,2.75109
0.244491,-0.941957,2.574,2.75182
0.250979,-0.935004,2.555,2.73226
0.259272,-0.935004,2.555,2.73303
0.267565,-0.935004,2.555,2.73383
0.275858,-0.935004,2.555,2.73466
0.284151,-0.935004,2.555,2.73551
0.292444,-0.935004,2.555,2.73638
0.300737,-0.935004,2.555,2.73728
0.30903,-0.935004,2.555,2.7382
0.317323,-0.935004,2.555,2.73915
0.325615,-0.935004,2.555,2.74012
0.333908,-0.935004,2.555,2.74112
0.342201,-0.935004,2.555,2.74215
0.350494,-0.935004,2.555,2.74319
0.358787,-0.935004,2.555,2.74426
0.36708,-0.935004,2.555,2.74536
0.378164,-0.941957,2.574,2.76691
0.386519,-0.941957,2.574,2.76806
0.394873,-0.941957,2.574,2.76924
0.403228,-0.941957,2.574,2.77044
0.414621,-0.94891,2.593,2.79213
0.423037,-0.94891,2.593,2.79339
0.431453,-0.94891,2.593,2.79468
0.439869,-0.94891,2.593,2.79599
0.448286,-0.94891,2.593,2.79733
0.460224,-0.956229,2.613,2.82027
0.468706,-0.956229,2.613,2.82167
0.477187,-0.956229,2.613,2.82309
0.485668,-0.956229,2.613,2.82454
0.494149,-0.956229,2.613,2.82601
0.50263,-0.956229,2.613,2.8275
0.511111,-0.956229,2.613,2.82902
0.515615,-0.94891,2.593,2.8089
0.524032,-0.94891,2.593,2.81046
0.532448,-0.94891,2.593,2.81204
0.540864,-0.94891,2.593,2.81365
0.54928,-0.94891,2.593,2.81528
0.55361,-0.941957,2.574,2.79629
0.561965,-0.941957,2.574,2.79796
0.566109,-0.935004,2.555,2.77898
0.574402,-0.935004,2.555,2.78068
0.582695,-0.935004,2.555,2.78241
0.590988,-0.935004,2.555,2.78416
0.599281,-0.935004,2.555,2.78593
0.607574,-0.935004,2.555,2.78772
0.615867,-0.935004,2.555,2.78954
0.62416,-0.935004,2.555,2.79139
0.632453,-0.935004,2.555,2.79325
0.640746,-0.935004,2.555,2.79514
0.649038,-0.935004,2.555,2.79705
0.657331,-0.935004,2.555,2.79899
0.665624,-0.935004,2.555,2.80095
0.673917,-0.935004,2.555,2.80293
0.68221,-0.935004,2.555,2.80494
0.690503,-0.935004,2.555,2.80696
0.698796,-0.935004,2.555,2.80902
0.707089,-0.935004,2.555,2.81109
0.715382,-0.935004,2.555,2.81319
0.729056,-0.941957,2.574,2.83624
0.737411,-0.941957,2.574,2.8384
0.745765,-0.941957,2.574,2.84059
0.75412,-0.941957,2.574,2.84279
0.756846,-0.935004,2.555,2.82402
0.765139,-0.935004,2.555,2.82625
0.773432,-0.935004,2.555,2.82851
0.775912,-0.928051,2.536,2.80974
0.784143,-0.928051,2.536,2.81202
0.792374,-0.928051,2.536,2.81433
0.800605,-0.928051,2.536,2.81665
0.808836,-0.928051,2.536,2.81901
0.817068,-0.928051,2.536,2.82138
0.825299,-0.928051,2.536,2.82377
0.83353,-0.928051,2.536,2.82619
0.841761,-0.928051,2.536,2.82863
0.849993,-0.928051,2.536,2.83109
0.858224,-0.928051,2.536,2.83357
0.866455,-0.928051,2.536,2.83607
0.874686,-0.928051,2.536,2.8386
0.882918,-0.928051,2.536,2.84115
0.897825,-0.935004,2.555,2.86502
0.906118,-0.935004,2.555,2.86763
0.921211,-0.941957,2.574,2.89161
0.929566,-0.941957,2.574,2.89428
0.93792,-0.941957,2.574,2.89697
0.95326,-0.94891,2.593,2.92109
0.961676,-0.94891,2.593,2.92385
0.970092,-0.94891,2.593,2.92663
nan,nan,nan,NaN
nan,nan,nan,NaN
nan,nan,nan,NaN
nan,nan,nan,NaN
nan,nan,nan,NaN
nan,nan,nan,NaN
nan,nan,nan,NaN
nan,nan,nan,NaN
nan,nan,nan,NaN
nan,nan,nan,NaN
nan,nan,nan,NaN
nan,nan,nan,NaN
nan,nan,nan,NaN
nan,nan,nan,NaN
nan,nan,nan,NaN
nan,nan,nan,NaN
nan,nan,nan,NaN
1.39711,-1.18202,3.23,3.71241
1.4076,-1.18202,3.23,3.71637
1.41808,-1.18202,3.23,3.72035
1.42857,-1.18202,3.23,3.72436
1.43905,-1.18202,3.23,3.7284
1.44953,-1.18202,3.23,3.73246
1.46002,-1.18202,3.23,3.73654
1.4705,-1.18202,3.23,3.74065
1.48098,-1.18202,3.23,3.74478
1.49147,-1.18202,3.23,3.74894
1.50195,-1.18202,3.23,3.75312
1.51244,-1.18202,3.23,3.75733
1.52292,-1.18202,3.23,3.76156
1.5334,-1.18202,3.23,3.76582
1.54389,-1.18202,3.23,3.7701
1.55437,-1.18202,3.23,3.77441
1.56485,-1.18202,3.23,3.77874
1.57534,-1.18202,3.23,3.78309
nan,nan,nan,NaN
nan,nan,nan,NaN
1.60679,-1.18202,3.23,3.79629
1.61727,-1.18202,3.23,3.80074
1.62776,-1.18202,3.23,3.80522
nan,nan,nan,NaN
nan,nan,nan,NaN
nan,nan,nan,NaN
nan,nan,nan,NaN
nan,nan,nan,NaN
nan,nan,nan,NaN
1.7338,-1.20471,3.292,3.91084
1.74448,-1.20471,3.292,3.91559
1.78929,-1.22813,3.356,3.99657
1.80018,-1.22813,3.356,4.00146
nan,nan,nan,NaN
nan,nan,nan,NaN
nan,nan,nan,NaN
1.95913,-1.30498,3.566,4.27288
1.9707,-1.30498,3.566,4.2782
2.02452,-1.33279,3.642,4.37484
2.03634,-1.33279,3.642,4.38032
2.04816,-1.33279,3.642,4.38583
2.05998,-1.33279,3.642,4.39136
2.07181,-1.33279,3.642,4.39692
2.08363,-1.33279,3.642,4.4025
2.09545,-1.33279,3.642,4.40811
2.10727,-1.33279,3.642,4.41374
2.11909,-1.33279,3.642,4.41939
2.10868,-1.31889,3.604,4.3789
2.12037,-1.31889,3.604,4.38455
2.10959,-1.30498,3.566,4.34393
2.09916,-1.29144,3.529,4.30443
2.11061,-1.29144,3.529,4.31003
2.10042,-1.27827,3.493,4.27162
2.0906,-1.26546,3.458,4.23435
2.10182,-1.26546,3.458,4.2399
2.09166,-1.25265,3.423,4.20251
2.06161,-1.22813,3.356,4.12568
2.0725,-1.22813,3.356,4.13114
2.0238,-1.193,3.26,4.01828
1.97821,-1.16006,3.17,3.91254
1.9885,-1.16006,3.17,3.91775
1.94457,-1.12859,3.084,3.81656
1.90324,-1.09895,3.003,3.72129
1.91299,-1.09895,3.003,3.72629
1.87343,-1.07077,2.926,3.63563
1.83595,-1.04406,2.853,3.5497
1.82969,-1.03527,2.829,3.5246
1.82392,-1.02686,2.806,3.50068
1.80364,-1.01039,2.761,3.44922
1.79815,-1.00234,2.739,3.42639
1.80704,-1.00234,2.739,3.43107
1.80135,-0.994288,2.717,3.40816
1.81017,-0.994288,2.717,3.41283
1.81899,-0.994288,2.717,3.41751
1.8278,-0.994288,2.717,3.42222
1.82243,-0.986603,2.696,3.40045
1.83118,-0.986603,2.696,3.40515
-2.32817,-1.21724,3.356,4.26202
-2.29518,-1.20563,3.324,4.21549
-2.28439,-1.20563,3.324,4.20963
-2.2736,-1.20563,3.324,4.20378
-2.24103,-1.19403,3.292,4.15754
-2.20866,-1.18242,3.26,4.11144
-2.19808,-1.18242,3.26,4.10576
-2.16737,-1.17154,3.23,4.06238
-2.15689,-1.17154,3.23,4.05679
-2.1258,-1.1603,3.199,4.01235
-2.11542,-1.1603,3.199,4.00686
-2.10504,-1.1603,3.199,4.00138
-2.09465,-1.1603,3.199,3.99593
-2.08427,-1.1603,3.199,3.9905
-2.07389,-1.1603,3.199,3.98508
-2.0635,-1.1603,3.199,3.97969
-2.07302,-1.17154,3.23,4.01283
-2.06253,-1.17154,3.23,4.00742
-2.03235,-1.1603,3.199,3.96363
-2.02197,-1.1603,3.199,3.95831
-2.01159,-1.1603,3.199,3.95302
-2.0012,-1.1603,3.199,3.94775
-1.99082,-1.1603,3.199,3.94249
-1.98044,-1.1603,3.199,3.93726
-1.9522,-1.14978,3.17,3.8964
-1.94191,-1.14978,3.17,3.89126
-1.93162,-1.14978,3.17,3.88613
-1.92133,-1.14978,3.17,3.88103
-1.91104,-1.14978,3.17,3.87595
nan,nan,nan,NaN
nan,nan,nan,NaN
nan,nan,nan,NaN
nan,nan,nan,NaN
nan,nan,nan,NaN
nan,nan,nan,NaN
nan,nan,nan,NaN
nan,nan,nan,NaN
nan,nan,nan,NaN
nan,nan,nan,NaN
nan,nan,nan,NaN
nan,nan,nan,NaN
nan,nan,nan,NaN
nan,nan,nan,NaN
nan,nan,nan,NaN
nan,nan,nan,NaN
nan,nan,nan,NaN
nan,nan,nan,NaN
nan,nan,nan,NaN
nan,nan,nan,NaN
nan,nan,nan,NaN
nan,nan,nan,NaN
nan,nan,nan,NaN
nan,nan,nan,NaN
nan,nan,nan,NaN
nan,nan,nan,NaN
nan,nan,nan,NaN
nan,nan,nan,NaN
nan,nan,nan,NaN
nan,nan,nan,NaN
nan,nan,nan,NaN
nan,nan,nan,NaN
nan,nan,nan,NaN
nan,nan,nan,NaN
nan,nan,nan,NaN
nan,nan,nan,NaN
nan,nan,nan,NaN
nan,nan,nan,NaN
nan,nan,nan,NaN
nan,nan,nan,NaN
nan,nan,nan,NaN
nan,nan,nan,NaN
nan,nan,nan,NaN
nan,nan,nan,NaN
nan,nan,nan,NaN
nan,nan,nan,NaN
nan,nan,nan,NaN
nan,nan,nan,NaN
nan,nan,nan,NaN
-1.22609,-1.00941,2.783,3.20426
-1.21706,-1.00941,2.783,3.20082
-1.20802,-1.00941,2.783,3.19739
-1.19899,-1.00941,2.783,3.19399
-1.19979,-1.01775,2.806,3.21698
-1.19068,-1.01775,2.806,3.21359
-1.18158,-1.01775,2.806,3.21023
-1.17247,-1.01775,2.806,3.20689
-1.14471,-1.00143,2.761,3.1522
-1.11764,-0.985472,2.717,3.09877
-1.08311,-0.962621,2.654,3.02382
-1.0745,-0.962621,2.654,3.02075
-1.05745,-0.955004,2.633,2.99382
-1.03297,-0.940496,2.593,2.94537
-1.02456,-0.940496,2.593,2.94243
-1.00125,-0.926713,2.555,2.89643
-0.985571,-0.919822,2.536,2.87206
-0.97734,-0.919822,2.536,2.86924
-0.948091,-0.899873,2.481,2.80428
-0.940038,-0.899873,2.481,2.80157
-0.931985,-0.899873,2.481,2.79888
-0.923933,-0.899873,2.481,2.79621
-0.91588,-0.899873,2.481,2.79356
-0.907827,-0.899873,2.481,2.79093
-0.899774,-0.899873,2.481,2.78832
-0.891722,-0.899873,2.481,2.78573
-0.883669,-0.899873,2.481,2.78316
-0.875616,-0.899873,2.481,2.78062
-0.867564,-0.899873,2.481,2.77809
-0.859511,-0.899873,2.481,2.77559
-0.851458,-0.899873,2.481,2.77311
-0.843405,-0.899873,2.481,2.77064
-0.835353,-0.899873,2.481,2.7682
-0.8273,-0.899873,2.481,2.76578
-0.819247,-0.899873,2.481,2.76339
-0.805309,-0.893344,2.463,2.74098
-0.797315,-0.893344,2.463,2.73864
-0.789321,-0.893344,2.463,2.73632
-0.775616,-0.886816,2.445,2.71405
-0.767681,-0.886816,2.445,2.71179
-0.765338,-0.893344,2.463,2.7295
-0.757344,-0.893344,2.463,2.72727
-0.749349,-0.893344,2.463,2.72506
-0.741355,-0.893344,2.463,2.72287
-0.733361,-0.893344,2.463,2.72071
-0.725366,-0.893344,2.463,2.71856
-0.717372,-0.893344,2.463,2.71644
-0.709378,-0.893344,2.463,2.71434
-0.701384,-0.893344,2.463,2.71226
-0.693389,-0.893344,2.463,2.71021
-0.685395,-0.893344,2.463,2.70817
-0.677401,-0.893344,2.463,2.70616
-0.674299,-0.899873,2.481,2.72393
-0.67108,-0.906402,2.499,2.7417
-0.662968,-0.906402,2.499,2.73972
-0.654857,-0.906402,2.499,2.73777
-0.646746,-0.906402,2.499,2.73584
-0.643235,-0.912931,2.517,2.75363
-0.635065,-0.912931,2.517,2.75173
-0.631628,-0.919822,2.536,2.77062
-0.623397,-0.919822,2.536,2.76875
-0.615166,-0.919822,2.536,2.76691
-0.611482,-0.926713,2.555,2.78581
-0.603189,-0.926713,2.555,2.784
-0.594896,-0.926713,2.555,2.78222
-0.590965,-0.933605,2.574,2.80113
-0.582611,-0.933605,2.574,2.79938
-0.578495,-0.940496,2.593,2.8183
-0.570079,-0.940496,2.593,2.81659
-0.565995,-0.94775,2.613,2.83661
-0.557514,-0.94775,2.613,2.83493
-0.549032,-0.94775,2.613,2.83327
-0.544689,-0.955004,2.633,2.85332
-0.536143,-0.955004,2.633,2.8517
-0.527596,-0.955004,2.633,2.8501
-0.51905,-0.955004,2.633,2.84853
-0.510504,-0.955004,2.633,2.84699
-0.501958,-0.955004,2.633,2.84547
-0.489664,-0.94775,2.613,2.82237
-0.481183,-0.94775,2.613,2.82091
-0.472702,-0.94775,2.613,2.81948
-0.464221,-0.94775,2.613,2.81807
-0.452251,-0.940496,2.593,2.79512
-0.443835,-0.940496,2.593,2.79377
-0.432229,-0.933605,2.574,2.77199
-0.420745,-0.926713,2.555,2.75025
-0.412452,-0.926713,2.555,2.74899
-0.401154,-0.919822,2.536,2.72732
-0.392923,-0.919822,2.536,2.72612
-0.381809,-0.912931,2.517,2.70454
-0.37364,-0.912931,2.517,2.70339
-0.36547,-0.912931,2.517,2.70228
-0.357301,-0.912931,2.517,2.70118
-0.349131,-0.912931,2.517,2.70012
-0.340961,-0.912931,2.517,2.69907
-0.332792,-0.912931,2.517,2.69805
-0.324622,-0.912931,2.517,2.69706
-0.316453,-0.912931,2.517,2.69608
-0.308283,-0.912931,2.517,2.69514
-0.300114,-0.912931,2.517,2.69422
-0.294148,-0.919822,2.536,2.71365
-0.285917,-0.919822,2.536,2.71277
-0.277685,-0.919822,2.536,2.71191
-0.269454,-0.919822,2.536,2.71108
-0.261223,-0.919822,2.536,2.71028
-0.252992,-0.919822,2.536,2.7095
-0.246594,-0.926713,2.555,2.72903
-0.238301,-0.926713,2.555,2.7283
-0.230009,-0.926713,2.555,2.72759
-0.221716,-0.926713,2.555,2.7269
-0.213423,-0.926713,2.555,2.72624
-0.20513,-0.926713,2.555,2.7256
-0.196837,-0.926713,2.555,2.72499
-0.189946,-0.933605,2.574,2.74466
-0.181592,-0.933605,2.574,2.7441
-0.173237,-0.933605,2.574,2.74356
-0.1661,-0.940496,2.593,2.76329
-0.157683,-0.940496,2.593,2.7628
-0.149267,-0.940496,2.593,2.76233
-0.140851,-0.940496,2.593,2.76189
-0.132435,-0.940496,2.593,2.76147
-0.124018,-0.940496,2.593,2.76108
-0.115602,-0.940496,2.593,2.76072
-0.107186,-0.940496,2.593,2.76038
-0.0987696,-0.940496,2.593,2.76006
-0.0903534,-0.940496,2.593,2.75977
-0.0825692,-0.94775,2.613,2.78079
-0.074088,-0.94775,2.613,2.78056
-0.066109,-0.955004,2.633,2.80162
-0.057563,-0.955004,2.633,2.80143
-0.0490169,-0.955004,2.633,2.80127
-0.0404708,-0.955004,2.633,2.80114
-0.0321794,-0.962621,2.654,2.82337
-0.0235652,-0.962621,2.654,2.82328
-0.0149509,-0.962621,2.654,2.82322
-0.00633672,-0.962621,2.654,2.82319
0.00229553,-0.970238,2.675,2.84552
0.0109779,-0.970238,2.675,2.84554
0.0196603,-0.970238,2.675,2.84559
0.0283427,-0.970238,2.675,2.84566
0.0370251,-0.970238,2.675,2.84576
0.0457075,-0.970238,2.675,2.84589
0.0543898,-0.970238,2.675,2.84604
0.0630722,-0.970238,2.675,2.84622
0.0711913,-0.962621,2.654,2.82408
0.0798055,-0.962621,2.654,2.82431
0.0884198,-0.962621,2.654,2.82457
0.097034,-0.962621,2.654,2.82485
0.105648,-0.962621,2.654,2.82516
0.114262,-0.962621,2.654,2.82549
0.121904,-0.955004,2.633,2.80349
0.13045,-0.955004,2.633,2.80388
0.138997,-0.955004,2.633,2.80429
0.147543,-0.955004,2.633,2.80473
0.156089,-0.955004,2.633,2.80519
0.163384,-0.94775,2.613,2.78437
0.171865,-0.94775,2.613,2.78488
0.180346,-0.94775,2.613,2.78541
0.187382,-0.940496,2.593,2.76465
0.195799,-0.940496,2.593,2.76523
0.204215,-0.940496,2.593,2.76584
0.211073,-0.933605,2.574,2.74621
0.219428,-0.933605,2.574,2.74686
0.227782,-0.933605,2.574,2.74754
0.236137,-0.933605,2.574,2.74825
0.244491,-0.933605,2.574,2.74898
0.252846,-0.933605,2.574,2.74973
0.259272,-0.926713,2.555,2.73021
0.267565,-0.926713,2.555,2.73101
0.275858,-0.926713,2.555,2.73183
0.284151,-0.926713,2.555,2.73268
0.292444,-0.926713,2.555,2.73356
0.300737,-0.926713,2.555,2.73446
0.30903,-0.926713,2.555,2.73538
0.317323,-0.926713,2.555,2.73633
0.325615,-0.926713,2.555,2.73731
0.333908,-0.926713,2.555,2.73831
0.342201,-0.926713,2.555,2.73933
0.350494,-0.926713,2.555,2.74038
0.358787,-0.926713,2.555,2.74145
0.36708,-0.926713,2.555,2.74255
0.378164,-0.933605,2.574,2.76407
0.386519,-0.933605,2.574,2.76523
0.394873,-0.933605,2.574,2.76641
0.403228,-0.933605,2.574,2.76761
0.414621,-0.940496,2.593,2.78928
0.423037,-0.940496,2.593,2.79055
0.431453,-0.940496,2.593,2.79183
0.439869,-0.940496,2.593,2.79315
0.448286,-0.940496,2.593,2.79448
0.460224,-0.94775,2.613,2.81741
0.468706,-0.94775,2.613,2.81881
0.477187,-0.94775,2.613,2.82023
0.485668,-0.94775,2.613,2.82168
0.494149,-0.94775,2.613,2.82315
0.50263,-0.94775,2.613,2.82465
0.511111,-0.94775,2.613,2.82617
0.515615,-0.940496,2.593,2.80607
0.524032,-0.940496,2.593,2.80763
0.532448,-0.940496,2.593,2.80921
0.540864,-0.940496,2.593,2.81082
0.54928,-0.940496,2.593,2.81245
0.55361,-0.933605,2.574,2.79349
0.561965,-0.933605,2.574,2.79516
0.566109,-0.926713,2.555,2.7762
0.574402,-0.926713,2.555,2.77791
0.582695,-0.926713,2.555,2.77963
0.590988,-0.926713,2.555,2.78138
0.599281,-0.926713,2.555,2.78316
0.607574,-0.926713,2.555,2.78495
0.615867,-0.926713,2.555,2.78678
0.62416,-0.926713,2.555,2.78862
0.632453,-0.926713,2.555,2.79049
0.640746,-0.926713,2.555,2.79238
0.649038,-0.926713,2.555,2.79429
0.657331,-0.926713,2.555,2.79623
0.665624,-0.926713,2.555,2.79819
0.673917,-0.926713,2.555,2.80018
0.68221,-0.926713,2.555,2.80218
0.690503,-0.926713,2.555,2.80421
0.698796,-0.926713,2.555,2.80627
0.707089,-0.926713,2.555,2.80834
0.715382,-0.926713,2.555,2.81044
0.723674,-0.926713,2.555,2.81257
0.731967,-0.926713,2.555,2.81471
0.74026,-0.926713,2.555,2.81688
0.748553,-0.926713,2.555,2.81907
0.751218,-0.919822,2.536,2.8003
0.759449,-0.919822,2.536,2.80252
0.76768,-0.919822,2.536,2.80476
0.775912,-0.919822,2.536,2.80703
0.784143,-0.919822,2.536,2.80931
0.792374,-0.919822,2.536,2.81162
0.800605,-0.919822,2.536,2.81395
0.808836,-0.919822,2.536,2.81631
0.810946,-0.912931,2.517,2.79756
0.819116,-0.912931,2.517,2.79994
0.827285,-0.912931,2.517,2.80234
0.835455,-0.912931,2.517,2.80477
0.843624,-0.912931,2.517,2.80721
0.851794,-0.912931,2.517,2.80968
0.866455,-0.919822,2.536,2.83339
0.874686,-0.919822,2.536,2.83592
0.882918,-0.919822,2.536,2.83847
0.891149,-0.919822,2.536,2.84104
0.89938,-0.919822,2.536,2.84363
0.921211,-0.933605,2.574,2.8889
0.929566,-0.933605,2.574,2.89157
0.93792,-0.933605,2.574,2.89427
0.95326,-0.940496,2.593,2.91837
0.961676,-0.940496,2.593,2.92113
0.970092,-0.940496,2.593,2.92391
nan,nan,nan,NaN
nan,nan,nan,NaN
nan,nan,nan,NaN
nan,nan,nan,NaN
nan,nan,nan,NaN
nan,nan,nan,NaN
nan,nan,nan,NaN
nan,nan,nan,NaN
nan,nan,nan,NaN
nan,nan,nan,NaN
nan,nan,nan,NaN
nan,nan,nan,NaN
nan,nan,nan,NaN
nan,nan,nan,NaN
nan,nan,nan,NaN
nan,nan,nan,NaN
nan,nan,nan,NaN
1.39711,-1.17154,3.23,3.70909
1.4076,-1.17154,3.23,3.71305
1.41808,-1.17154,3.23,3.71704
1.42857,-1.17154,3.23,3.72105
1.43905,-1.17154,3.23,3.72509
1.44953,-1.17154,3.23,3.72915
1.46002,-1.17154,3.23,3.73324
1.4705,-1.17154,3.23,3.73735
1.48098,-1.17154,3.23,3.74149
1.49147,-1.17154,3.23,3.74565
1.50195,-1.17154,3.23,3.74984
1.51244,-1.17154,3.23,3.75405
1.52292,-1.17154,3.23,3.75828
1.5334,-1.17154,3.23,3.76254
1.54389,-1.17154,3.23,3.76683
1.55437,-1.17154,3.23,3.77114
1.56485,-1.17154,3.23,3.77547
1.57534,-1.17154,3.23,3.77983
1.58582,-1.17154,3.23,3.78421
1.59631,-1.17154,3.23,3.78861
1.60679,-1.17154,3.23,3.79304
1.61727,-1.17154,3.23,3.7975
1.62776,-1.17154,3.23,3.80197
nan,nan,nan,NaN
1.68037,-1.19403,3.292,3.88415
1.69106,-1.19403,3.292,3.88878
1.70174,-1.19403,3.292,3.89344
1.71243,-1.19403,3.292,3.89812
1.72311,-1.19403,3.292,3.90283
1.7338,-1.19403,3.292,3.90756
1.74448,-1.19403,3.292,3.91231
1.78929,-1.21724,3.356,3.99324
1.80018,-1.21724,3.356,3.99813
nan,nan,nan,NaN
nan,nan,nan,NaN
nan,nan,nan,NaN
1.95913,-1.29341,3.566,4.26936
1.9707,-1.29341,3.566,4.27468
2.02452,-1.32097,3.642,4.37125
2.03634,-1.32097,3.642,4.37674
2.04816,-1.32097,3.642,4.38225
2.05998,-1.32097,3.642,4.38779
2.07181,-1.32097,3.642,4.39335
2.08363,-1.32097,3.642,4.39894
2.09545,-1.32097,3.642,4.40455
2.10727,-1.32097,3.642,4.41018
2.11909,-1.32097,3.642,4.41584
2.10868,-1.30719,3.604,4.3754
2.12037,-1.30719,3.604,4.38104
2.10959,-1.29341,3.566,4.34047
2.09916,-1.27999,3.529,4.30101
2.11061,-1.27999,3.529,4.30661
2.10042,-1.26693,3.493,4.26825
2.0906,-1.25424,3.458,4.23101
2.10182,-1.25424,3.458,4.23657
2.09166,-1.24154,3.423,4.19921
2.06161,-1.21724,3.356,4.12246
2.0725,-1.21724,3.356,4.12791
2.0238,-1.18242,3.26,4.01516
1.97821,-1.14978,3.17,3.9095
1.9885,-1.14978,3.17,3.91472
1.94457,-1.11858,3.084,3.81361
1.90324,-1.08921,3.003,3.71843
1.91299,-1.08921,3.003,3.72343
1.87343,-1.06128,2.926,3.63284
1.8514,-1.0435,2.877,3.57683
1.82969,-1.02609,2.829,3.52191
1.83887,-1.02609,2.829,3.52669
1.81801,-1.00941,2.783,3.47407
1.8126,-1.00143,2.761,3.4513
1.82156,-1.00143,2.761,3.45602
1.81593,-0.993451,2.739,3.43317
1.82482,-0.993451,2.739,3.43788
1.83371,-0.993451,2.739,3.44261
1.8278,-0.985472,2.717,3.41967
1.83662,-0.985472,2.717,3.42439
1.84544,-0.985472,2.717,3.42913
-2.35106,-1.21821,3.389,4.3008
-2.34006,-1.21821,3.389,4.29479
-2.28439,-1.19485,3.324,4.20655
-2.2736,-1.19485,3.324,4.2007
-2.24103,-1.18335,3.292,4.15449
-2.20866,-1.17184,3.26,4.10841
-2.19808,-1.17184,3.26,4.10273
-2.16737,-1.16106,3.23,4.05937
-2.15689,-1.16106,3.23,4.05378
-2.1258,-1.14992,3.199,4.00936
-2.11542,-1.14992,3.199,4.00386
-2.10504,-1.14992,3.199,3.99839
-2.09465,-1.14992,3.199,3.99293
-2.08427,-1.14992,3.199,3.98749
-2.07389,-1.14992,3.199,3.98207
-2.0635,-1.14992,3.199,3.97668
-2.07302,-1.16106,3.23,4.00978
-2.06253,-1.16106,3.23,4.00437
-2.03235,-1.14992,3.199,3.9606
-2.02197,-1.14992,3.199,3.95528
-2.01159,-1.14992,3.199,3.94999
-2.0012,-1.14992,3.199,3.94471
-1.99082,-1.14992,3.199,3.93945
-1.98044,-1.14992,3.199,3.93421
-1.9522,-1.13949,3.17,3.89338
-1.94191,-1.13949,3.17,3.88823
-1.93162,-1.13949,3.17,3.8831
-1.92133,-1.13949,3.17,3.878
-1.91104,-1.13949,3.17,3.87291
nan,nan,nan,NaN
nan,nan,nan,NaN
nan,nan,nan,NaN
nan,nan,nan,NaN
nan,nan,nan,NaN
nan,nan,nan,NaN
nan,nan,nan,NaN
nan,nan,nan,NaN
nan,nan,nan,NaN
nan,nan,nan,NaN
nan,nan,nan,NaN
nan,nan,nan,NaN
nan,nan,nan,NaN
nan,nan,nan,NaN
nan,nan,nan,NaN
nan,nan,nan,NaN
nan,nan,nan,NaN
nan,nan,nan,NaN
nan,nan,nan,NaN
nan,nan,nan,NaN
nan,nan,nan,NaN
nan,nan,nan,NaN
nan,nan,nan,NaN
nan,nan,nan,NaN
nan,nan,nan,NaN
nan,nan,nan,NaN
nan,nan,nan,NaN
nan,nan,nan,NaN
nan,nan,nan,NaN
nan,nan,nan,NaN
nan,nan,nan,NaN
nan,nan,nan,NaN
nan,nan,nan,NaN
nan,nan,nan,NaN
nan,nan,nan,NaN
nan,nan,nan,NaN
nan,nan,nan,NaN
nan,nan,nan,NaN
nan,nan,nan,NaN
nan,nan,nan,NaN
nan,nan,nan,NaN
nan,nan,nan,NaN
nan,nan,nan,NaN
nan,nan,nan,NaN
-1.18446,-0.932082,2.593,2.99923
-1.17605,-0.932082,2.593,2.99592
nan,nan,nan,NaN
nan,nan,nan,NaN
nan,nan,nan,NaN
-1.2164,-0.992472,2.761,3.17612
-1.20744,-0.992472,2.761,3.1727
-1.19847,-0.992472,2.761,3.1693
-1.19899,-1.00038,2.783,3.19115
-1.18996,-1.00038,2.783,3.18777
-1.18093,-1.00038,2.783,3.1844
-1.17189,-1.00038,2.783,3.18107
-1.16286,-1.00038,2.783,3.17775
-1.14471,-0.992472,2.761,3.14936
-1.11764,-0.976656,2.717,3.09598
-1.09169,-0.961558,2.675,3.045
-1.083,-0.961558,2.675,3.04189
-1.05745,-0.946461,2.633,2.9911
-1.03297,-0.932082,2.593,2.9427
-1.02456,-0.932082,2.593,2.93975
-1.00125,-0.918423,2.555,2.89379
-0.985571,-0.911593,2.536,2.86943
-0.97734,-0.911593,2.536,2.86662
-0.954969,-0.898293,2.499,2.82204
-0.946858,-0.898293,2.499,2.8193
-0.938747,-0.898293,2.499,2.81659
-0.923933,-0.891823,2.481,2.79363
-0.91588,-0.891823,2.481,2.79098
-0.907827,-0.891823,2.481,2.78834
-0.899774,-0.891823,2.481,2.78573
-0.891722,-0.891823,2.481,2.78314
-0.89008,-0.898293,2.499,2.80075
-0.881969,-0.898293,2.499,2.79818
-0.873858,-0.898293,2.499,2.79563
-0.865747,-0.898293,2.499,2.79311
-0.857636,-0.898293,2.499,2.7906
-0.843405,-0.891823,2.481,2.76804
-0.835353,-0.891823,2.481,2.7656
-0.8273,-0.891823,2.481,2.76318
-0.819247,-0.891823,2.481,2.76077
-0.811195,-0.891823,2.481,2.7584
-0.797315,-0.885352,2.463,2.73604
-0.789321,-0.885352,2.463,2.73372
-0.781326,-0.885352,2.463,2.73143
-0.773332,-0.885352,2.463,2.72915
-0.765338,-0.885352,2.463,2.7269
-0.757344,-0.885352,2.463,2.72466
-0.749349,-0.885352,2.463,2.72245
-0.741355,-0.885352,2.463,2.72026
-0.733361,-0.885352,2.463,2.71809
-0.725366,-0.885352,2.463,2.71595
-0.717372,-0.885352,2.463,2.71382
-0.709378,-0.885352,2.463,2.71172
-0.701384,-0.885352,2.463,2.70964
-0.693389,-0.885352,2.463,2.70758
-0.685395,-0.885352,2.463,2.70555
-0.677401,-0.885352,2.463,2.70353
-0.674299,-0.891823,2.481,2.72128
-0.67108,-0.898293,2.499,2.73903
-0.662968,-0.898293,2.499,2.73705
-0.654857,-0.898293,2.499,2.7351
-0.651405,-0.904763,2.517,2.75286
-0.643235,-0.904763,2.517,2.75093
-0.635065,-0.904763,2.517,2.74904
-0.631628,-0.911593,2.536,2.7679
-0.623397,-0.911593,2.536,2.76603
-0.615166,-0.911593,2.536,2.76419
-0.611482,-0.918423,2.555,2.78306
-0.603189,-0.918423,2.555,2.78125
-0.594896,-0.918423,2.555,2.77947
-0.590965,-0.925253,2.574,2.79836
-0.582611,-0.925253,2.574,2.79661
-0.578495,-0.932082,2.593,2.81551
-0.570079,-0.932082,2.593,2.81379
-0.565995,-0.939272,2.613,2.83379
-0.557514,-0.939272,2.613,2.83211
-0.549032,-0.939272,2.613,2.83045
-0.544689,-0.946461,2.633,2.85047
-0.536143,-0.946461,2.633,2.84885
-0.527596,-0.946461,2.633,2.84725
-0.51905,-0.946461,2.633,2.84568
-0.510504,-0.946461,2.633,2.84413
-0.501958,-0.946461,2.633,2.84261
-0.489664,-0.939272,2.613,2.81953
-0.481183,-0.939272,2.613,2.81807
-0.472702,-0.939272,2.613,2.81664
-0.464221,-0.939272,2.613,2.81523
-0.452251,-0.932082,2.593,2.7923
-0.443835,-0.932082,2.593,2.79095
-0.432229,-0.925253,2.574,2.76919
-0.420745,-0.918423,2.555,2.74746
-0.412452,-0.918423,2.555,2.74621
-0.401154,-0.911593,2.536,2.72456
-0.392923,-0.911593,2.536,2.72336
-0.381809,-0.904763,2.517,2.70179
-0.37364,-0.904763,2.517,2.70065
-0.36547,-0.904763,2.517,2.69953
-0.357301,-0.904763,2.517,2.69843
-0.349131,-0.904763,2.517,2.69737
-0.340961,-0.904763,2.517,2.69632
-0.332792,-0.904763,2.517,2.6953
-0.324622,-0.904763,2.517,2.6943
-0.316453,-0.904763,2.517,2.69333
-0.308283,-0.904763,2.517,2.69238
-0.300114,-0.904763,2.517,2.69146
-0.294148,-0.911593,2.536,2.71087
-0.285917,-0.911593,2.536,2.70999
-0.277685,-0.911593,2.536,2.70913
-0.269454,-0.911593,2.536,2.7083
-0.261223,-0.911593,2.536,2.7075
-0.252992,-0.911593,2.536,2.70671
-0.246594,-0.918423,2.555,2.72623
-0.238301,-0.918423,2.555,2.72549
-0.230009,-0.918423,2.555,2.72478
-0.221716,-0.918423,2.555,2.72409
-0.213423,-0.918423,2.555,2.72343
-0.20513,-0.918423,2.555,2.72279
-0.196837,-0.918423,2.555,2.72218
-0.189946,-0.925253,2.574,2.74183
-0.181592,-0.925253,2.574,2.74127
-0.173237,-0.925253,2.574,2.74073
-0.1661,-0.932082,2.593,2.76044
-0.157683,-0.932082,2.593,2.75994
-0.149267,-0.932082,2.593,2.75948
-0.140851,-0.932082,2.593,2.75903
-0.132435,-0.932082,2.593,2.75862
-0.124018,-0.932082,2.593,2.75823
-0.115602,-0.932082,2.593,2.75786
-0.107186,-0.932082,2.593,2.75752
-0.0987696,-0.932082,2.593,2.75721
-0.0903534,-0.932082,2.593,2.75692
-0.0825692,-0.939272,2.613,2.77792
-0.074088,-0.939272,2.613,2.77768
-0.066109,-0.946461,2.633,2.79872
-0.057563,-0.946461,2.633,2.79853
-0.0490169,-0.946461,2.633,2.79837
-0.0404708,-0.946461,2.633,2.79823
-0.0321794,-0.95401,2.654,2.82044
-0.0235652,-0.95401,2.654,2.82036
-0.0149509,-0.95401,2.654,2.8203
-0.00638686,-0.961558,2.675,2.84258
0.00229553,-0.961558,2.675,2.84257
0.0109779,-0.961558,2.675,2.84259
0.0196603,-0.961558,2.675,2.84264
0.0283427,-0.961558,2.675,2.84271
0.0370251,-0.961558,2.675,2.84281
0.0457075,-0.961558,2.675,2.84294
0.0543898,-0.961558,2.675,2.84309
0.0630722,-0.961558,2.675,2.84327
0.0717546,-0.961558,2.675,2.84348
0.0798055,-0.95401,2.654,2.82139
0.0884198,-0.95401,2.654,2.82164
0.097034,-0.95401,2.654,2.82193
0.105648,-0.95401,2.654,2.82224
0.114262,-0.95401,2.654,2.82257
0.121904,-0.946461,2.633,2.8006
0.13045,-0.946461,2.633,2.80098
0.138997,-0.946461,2.633,2.80139
0.147543,-0.946461,2.633,2.80183
0.154903,-0.939272,2.613,2.78101
0.163384,-0.939272,2.613,2.78149
0.171865,-0.939272,2.613,2.782
0.180346,-0.939272,2.613,2.78254
0.187382,-0.932082,2.593,2.7618
0.195799,-0.932082,2.593,2.76238
0.204215,-0.932082,2.593,2.76299
0.211073,-0.925253,2.574,2.74338
0.219428,-0.925253,2.574,2.74403
0.227782,-0.925253,2.574,2.74471
0.236137,-0.925253,2.574,2.74542
0.244491,-0.925253,2.574,2.74615
0.252846,-0.925253,2.574,2.74691
0.259272,-0.918423,2.555,2.72741
0.267565,-0.918423,2.555,2.72821
0.275858,-0.918423,2.555,2.72903
0.284151,-0.918423,2.555,2.72988
0.290269,-0.911593,2.536,2.71045
0.2985,-0.911593,2.536,2.71135
0.306732,-0.911593,2.536,2.71227
0.314963,-0.911593,2.536,2.71321
0.323194,-0.911593,2.536,2.71418
0.331425,-0.911593,2.536,2.71517
0.339657,-0.911593,2.536,2.71619
0.347888,-0.911593,2.536,2.71723
0.356119,-0.911593,2.536,2.71829
0.36708,-0.918423,2.555,2.73976
0.375373,-0.918423,2.555,2.74088
0.386519,-0.925253,2.574,2.76242
0.394873,-0.925253,2.574,2.7636
0.403228,-0.925253,2.574,2.76481
0.414621,-0.932082,2.593,2.78646
0.423037,-0.932082,2.593,2.78772
0.431453,-0.932082,2.593,2.78901
0.439869,-0.932082,2.593,2.79032
0.448286,-0.932082,2.593,2.79166
0.456702,-0.932082,2.593,2.79303
0.465118,-0.932082,2.593,2.79442
0.477187,-0.939272,2.613,2.81739
0.485668,-0.939272,2.613,2.81884
0.494149,-0.939272,2.613,2.82032
0.50263,-0.939272,2.613,2.82181
0.507199,-0.932082,2.593,2.80173
0.515615,-0.932082,2.593,2.80326
0.524032,-0.932082,2.593,2.80482
0.528546,-0.925253,2.574,2.78584
0.536901,-0.925253,2.574,2.78744
0.545256,-0.925253,2.574,2.78906
0.55361,-0.925253,2.574,2.79071
0.557817,-0.918423,2.555,2.77177
0.566109,-0.918423,2.555,2.77345
0.574402,-0.918423,2.555,2.77515
0.582695,-0.918423,2.555,2.77688
0.590988,-0.918423,2.555,2.77863
0.599281,-0.918423,2.555,2.78041
0.607574,-0.918423,2.555,2.78221
0.615867,-0.918423,2.555,2.78403
0.62416,-0.918423,2.555,2.78588
0.632453,-0.918423,2.555,2.78774
0.640746,-0.918423,2.555,2.78964
0.649038,-0.918423,2.555,2.79155
0.657331,-0.918423,2.555,2.79349
0.665624,-0.918423,2.555,2.79546
0.673917,-0.918423,2.555,2.79744
0.68221,-0.918423,2.555,2.79945
0.690503,-0.918423,2.555,2.80149
0.693599,-0.911593,2.536,2.78269
0.70183,-0.911593,2.536,2.78476
0.710062,-0.911593,2.536,2.78684
0.718293,-0.911593,2.536,2.78895
0.726524,-0.911593,2.536,2.79108
0.734755,-0.911593,2.536,2.79324
0.742987,-0.911593,2.536,2.79541
0.751218,-0.911593,2.536,2.79761
0.759449,-0.911593,2.536,2.79983
0.761929,-0.904763,2.517,2.78108
0.770098,-0.904763,2.517,2.78333
0.778268,-0.904763,2.517,2.7856
0.780813,-0.898293,2.499,2.76796
0.788924,-0.898293,2.499,2.77026
0.797036,-0.898293,2.499,2.77258
0.805147,-0.898293,2.499,2.77492
0.813258,-0.898293,2.499,2.77729
0.827285,-0.904763,2.517,2.79969
0.835455,-0.904763,2.517,2.80212
0.843624,-0.904763,2.517,2.80457
0.851794,-0.904763,2.517,2.80703
0.859963,-0.904763,2.517,2.80952
0.868133,-0.904763,2.517,2.81204
0.882918,-0.911593,2.536,2.83581
0.891149,-0.911593,2.536,2.83839
0.89938,-0.911593,2.536,2.84098
0.921211,-0.925253,2.574,2.88621
0.929566,-0.925253,2.574,2.88889
0.93792,-0.925253,2.574,2.89158
0.95326,-0.932082,2.593,2.91567
0.961676,-0.932082,2.593,2.91843
nan,nan,nan,NaN
nan,nan,nan,NaN
nan,nan,nan,NaN
nan,nan,nan,NaN
nan,nan,nan,NaN
nan,nan,nan,NaN
nan,nan,nan,NaN
nan,nan,nan,NaN
nan,nan,nan,NaN
nan,nan,nan,NaN
nan,nan,nan,NaN
nan,nan,nan,NaN
nan,nan,nan,NaN
nan,nan,nan,NaN
nan,nan,nan,NaN
nan,nan,nan,NaN
nan,nan,nan,NaN
nan,nan,nan,NaN
nan,nan,nan,NaN
nan,nan,nan,NaN
nan,nan,nan,NaN
nan,nan,nan,NaN
nan,nan,nan,NaN
nan,nan,nan,NaN
nan,nan,nan,NaN
1.4705,-1.16106,3.23,3.73408
1.48098,-1.16106,3.23,3.73822
1.49147,-1.16106,3.23,3.74238
1.50195,-1.16106,3.23,3.74657
1.51244,-1.16106,3.23,3.75079
1.52292,-1.16106,3.23,3.75503
1.5334,-1.16106,3.23,3.75929
1.54389,-1.16106,3.23,3.76358
1.55437,-1.16106,3.23,3.76789
1.56485,-1.16106,3.23,3.77223
1.57534,-1.16106,3.23,3.77659
1.58582,-1.16106,3.23,3.78098
1.59631,-1.16106,3.23,3.78539
nan,nan,nan,NaN
nan,nan,nan,NaN
nan,nan,nan,NaN
nan,nan,nan,NaN
1.68037,-1.18335,3.292,3.88088
1.69106,-1.18335,3.292,3.88552
1.70174,-1.18335,3.292,3.89018
1.71243,-1.18335,3.292,3.89487
1.72311,-1.18335,3.292,3.89958
1.7338,-1.18335,3.292,3.90431
1.76144,-1.19485,3.324,3.94706
1.78929,-1.20635,3.356,3.98993
1.80018,-1.20635,3.356,3.99483
1.84723,-1.23044,3.423,4.0796
nan,nan,nan,NaN
nan,nan,nan,NaN
1.95913,-1.28184,3.566,4.26587
1.9707,-1.28184,3.566,4.2712
2.0034,-1.2955,3.604,4.32212
2.0151,-1.2955,3.604,4.32756
2.04816,-1.30916,3.642,4.3787
2.05998,-1.30916,3.642,4.38424
2.07181,-1.30916,3.642,4.38981
2.08363,-1.30916,3.642,4.3954
2.09545,-1.30916,3.642,4.40102
2.10727,-1.30916,3.642,4.40666
2.11909,-1.30916,3.642,4.41232
2.10868,-1.2955,3.604,4.37192
2.12037,-1.2955,3.604,4.37757
2.10959,-1.28184,3.566,4.33703
2.09916,-1.26854,3.529,4.29762
2.11061,-1.26854,3.529,4.30322
2.10042,-1.2556,3.493,4.2649
2.0906,-1.24302,3.458,4.2277
2.10182,-1.24302,3.458,4.23326
2.09166,-1.23044,3.423,4.19594
2.06161,-1.20635,3.356,4.11925
2.0725,-1.20635,3.356,4.12472
2.0238,-1.17184,3.26,4.01205
1.97821,-1.13949,3.17,3.90649
1.9885,-1.13949,3.17,3.91171
1.94457,-1.10858,3.084,3.81069
1.95458,-1.10858,3.084,3.81581
nan,nan,nan,NaN
1.88944,-1.06077,2.951,3.6611
1.86684,-1.0428,2.901,3.60393
1.84521,-1.02554,2.853,3.54911
1.85447,-1.02554,2.853,3.55393
1.83303,-1.00865,2.806,3.50014
1.8126,-0.992472,2.761,3.44871
1.82156,-0.992472,2.761,3.45343
1.83052,-0.992472,2.761,3.45817
1.82482,-0.984564,2.739,3.43533
1.83371,-0.984564,2.739,3.44006
1.8426,-0.984564,2.739,3.4448
1.85149,-0.984564,2.739,3.44957
1.86038,-0.984564,2.739,3.45435
-2.35106,-1.20722,3.389,4.29769
-2.34006,-1.20722,3.389,4.29169
-2.30638,-1.19546,3.356,4.24397
-2.29549,-1.19546,3.356,4.23806
-2.26281,-1.18406,3.324,4.19181
-2.23034,-1.17266,3.292,4.1457
-2.21966,-1.17266,3.292,4.13996
-2.1875,-1.16126,3.26,4.09406
-2.17692,-1.16126,3.26,4.08841
-2.1464,-1.15058,3.23,4.04522
-2.13592,-1.15058,3.23,4.03966
-2.12544,-1.15058,3.23,4.03413
-2.11495,-1.15058,3.23,4.02862
-2.10447,-1.15058,3.23,4.02312
-2.09398,-1.15058,3.23,4.01765
-2.0835,-1.15058,3.23,4.01219
-2.07302,-1.15058,3.23,4.00676
-2.06253,-1.15058,3.23,4.00135
-2.05205,-1.15058,3.23,3.99595
-2.04156,-1.15058,3.23,3.99058
-2.03108,-1.15058,3.23,3.98523
-2.0206,-1.15058,3.23,3.97989
-1.99082,-1.13954,3.199,3.93643
-1.98044,-1.13954,3.199,3.93119
-1.97006,-1.13954,3.199,3.92597
-1.95967,-1.13954,3.199,3.92077
-1.94929,-1.13954,3.199,3.91559
-1.93891,-1.13954,3.199,3.91043
-1.92852,-1.13954,3.199,3.9053
nan,nan,nan,NaN
nan,nan,nan,NaN
nan,nan,nan,NaN
nan,nan,nan,NaN
nan,nan,nan,NaN
nan,nan,nan,NaN
nan,nan,nan,NaN
nan,nan,nan,NaN
nan,nan,nan,NaN
nan,nan,nan,NaN
nan,nan,nan,NaN
nan,nan,nan,NaN
nan,nan,nan,NaN
nan,nan,nan,NaN
nan,nan,nan,NaN
nan,nan,nan,NaN
nan,nan,nan,NaN
nan,nan,nan,NaN
nan,nan,nan,NaN
nan,nan,nan,NaN
nan,nan,nan,NaN
nan,nan,nan,NaN
nan,nan,nan,NaN
nan,nan,nan,NaN
nan,nan,nan,NaN
nan,nan,nan,NaN
nan,nan,nan,NaN
nan,nan,nan,NaN
nan,nan,nan,NaN
nan,nan,nan,NaN
nan,nan,nan,NaN
nan,nan,nan,NaN
nan,nan,nan,NaN
nan,nan,nan,NaN
nan,nan,nan,NaN
nan,nan,nan,NaN
nan,nan,nan,NaN
nan,nan,nan,NaN
nan,nan,nan,NaN
nan,nan,nan,NaN
nan,nan,nan,NaN
nan,nan,nan,NaN
nan,nan,nan,NaN
nan,nan,nan,NaN
-1.18446,-0.923669,2.593,2.99663
-1.17605,-0.923669,2.593,2.99331
nan,nan,nan,NaN
nan,nan,nan,NaN
nan,nan,nan,NaN
-1.20671,-0.975676,2.739,3.14805
-1.19781,-0.975676,2.739,3.14465
-1.18892,-0.975676,2.739,3.14127
-1.18951,-0.983513,2.761,3.16313
-1.18055,-0.983513,2.761,3.15977
-1.17159,-0.983513,2.761,3.15643
-1.17189,-0.99135,2.783,3.17824
-1.16286,-0.99135,2.783,3.17492
-1.14471,-0.983513,2.761,3.14655
-1.11764,-0.967839,2.717,3.09321
-1.09169,-0.952878,2.675,3.04227
-1.083,-0.952878,2.675,3.03916
-1.05745,-0.937917,2.633,2.98841
-1.04094,-0.930793,2.613,2.96272
-1.03246,-0.930793,2.613,2.95975
-1.00869,-0.9169,2.574,2.91267
-0.985571,-0.903364,2.536,2.86683
-0.97734,-0.903364,2.536,2.86401
-0.954969,-0.890184,2.499,2.81947
-0.946858,-0.890184,2.499,2.81673
-0.938747,-0.890184,2.499,2.81401
-0.930636,-0.890184,2.499,2.81132
-0.91588,-0.883772,2.481,2.78841
-0.907827,-0.883772,2.481,2.78578
-0.899774,-0.883772,2.481,2.78317
-0.891722,-0.883772,2.481,2.78057
-0.89008,-0.890184,2.499,2.79816
-0.881969,-0.890184,2.499,2.79559
-0.873858,-0.890184,2.499,2.79304
-0.865747,-0.890184,2.499,2.79051
-0.857636,-0.890184,2.499,2.788
-0.849525,-0.890184,2.499,2.78552
-0.835353,-0.883772,2.481,2.76301
-0.8273,-0.883772,2.481,2.76059
-0.819247,-0.883772,2.481,2.75818
-0.811195,-0.883772,2.481,2.7558
-0.797315,-0.87736,2.463,2.73347
-0.789321,-0.87736,2.463,2.73115
-0.781326,-0.87736,2.463,2.72885
-0.773332,-0.87736,2.463,2.72657
-0.765338,-0.87736,2.463,2.72431
-0.757344,-0.87736,2.463,2.72208
-0.749349,-0.87736,2.463,2.71986
-0.741355,-0.87736,2.463,2.71767
-0.733361,-0.87736,2.463,2.7155
-0.725366,-0.87736,2.463,2.71335
-0.717372,-0.87736,2.463,2.71123
-0.709378,-0.87736,2.463,2.70912
-0.701384,-0.87736,2.463,2.70704
-0.693389,-0.87736,2.463,2.70498
-0.690404,-0.883772,2.481,2.7227
-0.682351,-0.883772,2.481,2.72067
-0.679191,-0.890184,2.499,2.73838
-0.67108,-0.890184,2.499,2.73638
-0.662968,-0.890184,2.499,2.7344
-0.654857,-0.890184,2.499,2.73245
-0.651405,-0.896596,2.517,2.75018
-0.648091,-0.903364,2.536,2.769
-0.639859,-0.903364,2.536,2.76709
-0.631628,-0.903364,2.536,2.7652
-0.623397,-0.903364,2.536,2.76333
-0.615166,-0.903364,2.536,2.76148
-0.611482,-0.910132,2.555,2.78034
-0.603189,-0.910132,2.555,2.77853
-0.594896,-0.910132,2.555,2.77674
-0.590965,-0.9169,2.574,2.79561
-0.586911,-0.923669,2.593,2.81448
-0.582957,-0.930793,2.613,2.83443
-0.574476,-0.930793,2.613,2.8327
-0.565995,-0.930793,2.613,2.83099
-0.557514,-0.930793,2.613,2.8293
-0.549032,-0.930793,2.613,2.82765
-0.544689,-0.937917,2.633,2.84764
-0.536143,-0.937917,2.633,2.84602
-0.527596,-0.937917,2.633,2.84442
-0.51905,-0.937917,2.633,2.84285
-0.510504,-0.937917,2.633,2.8413
-0.501958,-0.937917,2.633,2.83978
-0.493412,-0.937917,2.633,2.83828
-0.481183,-0.930793,2.613,2.81526
-0.472702,-0.930793,2.613,2.81382
-0.464221,-0.930793,2.613,2.81241
-0.452251,-0.923669,2.593,2.78951
-0.443835,-0.923669,2.593,2.78815
-0.432229,-0.9169,2.574,2.76641
-0.420745,-0.910132,2.555,2.7447
-0.412452,-0.910132,2.555,2.74344
-0.401154,-0.903364,2.536,2.72182
-0.392923,-0.903364,2.536,2.72062
-0.381809,-0.896596,2.517,2.69907
-0.37364,-0.896596,2.517,2.69792
-0.36547,-0.896596,2.517,2.6968
-0.357301,-0.896596,2.517,2.69571
-0.349131,-0.896596,2.517,2.69464
-0.338523,-0.890184,2.499,2.67433
-0.328032,-0.883772,2.481,2.65406
-0.319979,-0.883772,2.481,2.65307
-0.311927,-0.883772,2.481,2.65211
-0.306079,-0.890184,2.499,2.67041
-0.297967,-0.890184,2.499,2.6695
-0.289856,-0.890184,2.499,2.6686
-0.281745,-0.890184,2.499,2.66773
-0.273634,-0.890184,2.499,2.66689
-0.265523,-0.890184,2.499,2.66607
-0.257412,-0.890184,2.499,2.66527
-0.251096,-0.896596,2.517,2.6837
-0.242927,-0.896596,2.517,2.68294
-0.234757,-0.896596,2.517,2.68222
-0.226588,-0.896596,2.517,2.68151
-0.220067,-0.903364,2.536,2.70107
-0.211836,-0.903364,2.536,2.70041
-0.203604,-0.903364,2.536,2.69978
-0.195373,-0.903364,2.536,2.69917
-0.188544,-0.910132,2.555,2.71881
-0.180251,-0.910132,2.555,2.71825
-0.171958,-0.910132,2.555,2.71771
-0.163665,-0.910132,2.555,2.7172
-0.155372,-0.910132,2.555,2.71671
-0.14708,-0.910132,2.555,2.71625
-0.138787,-0.910132,2.555,2.71581
-0.130494,-0.910132,2.555,2.7154
-0.12311,-0.9169,2.574,2.7352
-0.114755,-0.9169,2.574,2.73484
-0.1064,-0.9169,2.574,2.7345
-0.0980459,-0.9169,2.574,2.73419
-0.0896914,-0.9169,2.574,2.7339
-0.0819372,-0.923669,2.593,2.75382
-0.073521,-0.923669,2.593,2.75358
-0.0651047,-0.923669,2.593,2.75337
-0.0566885,-0.923669,2.593,2.75318
-0.0482722,-0.923669,2.593,2.75302
-0.0401634,-0.930793,2.613,2.77412
-0.0319248,-0.937917,2.633,2.79525
-0.0235652,-0.945398,2.654,2.81745
-0.0149509,-0.945398,2.654,2.8174
-0.00633672,-0.945398,2.654,2.81736
0.00227751,-0.945398,2.654,2.81736
0.0108917,-0.945398,2.654,2.81738
0.019506,-0.945398,2.654,2.81742
0.0281202,-0.945398,2.654,2.8175
0.0367344,-0.945398,2.654,2.8176
0.0453486,-0.945398,2.654,2.81772
0.0539629,-0.945398,2.654,2.81787
0.0625771,-0.945398,2.654,2.81805
0.0711913,-0.945398,2.654,2.81826
0.0798055,-0.945398,2.654,2.81849
0.0884198,-0.945398,2.654,2.81874
0.097034,-0.945398,2.654,2.81903
0.105648,-0.945398,2.654,2.81934
0.114262,-0.945398,2.654,2.81967
0.121904,-0.937917,2.633,2.79772
0.13045,-0.937917,2.633,2.79811
0.138997,-0.937917,2.633,2.79852
0.147543,-0.937917,2.633,2.79895
0.154903,-0.930793,2.613,2.77815
0.163384,-0.930793,2.613,2.77864
0.171865,-0.930793,2.613,2.77915
0.180346,-0.930793,2.613,2.77969
0.187382,-0.923669,2.593,2.75897
0.195799,-0.923669,2.593,2.75956
0.204215,-0.923669,2.593,2.76017
0.212631,-0.923669,2.593,2.7608
0.221047,-0.923669,2.593,2.76146
0.227782,-0.9169,2.574,2.74191
0.236137,-0.9169,2.574,2.74262
0.244491,-0.9169,2.574,2.74335
0.250979,-0.910132,2.555,2.72385
0.259272,-0.910132,2.555,2.72463
0.267565,-0.910132,2.555,2.72543
0.275858,-0.910132,2.555,2.72625
0.284151,-0.910132,2.555,2.72711
0.290269,-0.903364,2.536,2.7077
0.2985,-0.903364,2.536,2.70859
0.306732,-0.903364,2.536,2.70951
0.314963,-0.903364,2.536,2.71045
0.323194,-0.903364,2.536,2.71142
0.331425,-0.903364,2.536,2.71242
0.339657,-0.903364,2.536,2.71343
0.347888,-0.903364,2.536,2.71448
0.356119,-0.903364,2.536,2.71554
0.36435,-0.903364,2.536,2.71664
0.372581,-0.903364,2.536,2.71775
0.383666,-0.910132,2.555,2.73926
0.391959,-0.910132,2.555,2.74044
0.400252,-0.910132,2.555,2.74164
0.411583,-0.9169,2.574,2.76326
0.419937,-0.9169,2.574,2.76451
0.428292,-0.9169,2.574,2.76579
0.436646,-0.9169,2.574,2.7671
0.445001,-0.9169,2.574,2.76843
0.453355,-0.9169,2.574,2.76979
0.465118,-0.923669,2.593,2.79162
0.473534,-0.923669,2.593,2.79304
0.481951,-0.923669,2.593,2.79447
0.490367,-0.923669,2.593,2.79594
0.498783,-0.923669,2.593,2.79743
0.507199,-0.923669,2.593,2.79894
0.515615,-0.923669,2.593,2.80048
0.524032,-0.923669,2.593,2.80204
0.528546,-0.9169,2.574,2.78308
0.536901,-0.9169,2.574,2.78468
0.545256,-0.9169,2.574,2.7863
0.549524,-0.910132,2.555,2.76737
0.557817,-0.910132,2.555,2.76903
0.566109,-0.910132,2.555,2.77071
0.574402,-0.910132,2.555,2.77242
0.582695,-0.910132,2.555,2.77415
0.590988,-0.910132,2.555,2.7759
0.599281,-0.910132,2.555,2.77768
0.603056,-0.903364,2.536,2.75881
0.611287,-0.903364,2.536,2.76062
0.619518,-0.903364,2.536,2.76246
0.627749,-0.903364,2.536,2.76431
0.635981,-0.903364,2.536,2.7662
0.644212,-0.903364,2.536,2.7681
0.652443,-0.903364,2.536,2.77003
0.660674,-0.903364,2.536,2.77198
0.668906,-0.903364,2.536,2.77395
0.677137,-0.903364,2.536,2.77595
0.685368,-0.903364,2.536,2.77797
0.693599,-0.903364,2.536,2.78001
0.70183,-0.903364,2.536,2.78207
0.704742,-0.896596,2.517,2.7633
0.712911,-0.896596,2.517,2.7654
0.721081,-0.896596,2.517,2.76751
0.729251,-0.896596,2.517,2.76965
0.732147,-0.890184,2.499,2.75199
0.740258,-0.890184,2.499,2.75416
0.748369,-0.890184,2.499,2.75635
0.75648,-0.890184,2.499,2.75857
0.764591,-0.890184,2.499,2.7608
0.772702,-0.890184,2.499,2.76306
0.775189,-0.883772,2.481,2.74542
0.783242,-0.883772,2.481,2.74771
0.791295,-0.883772,2.481,2.75001
0.799347,-0.883772,2.481,2.75234
0.8074,-0.883772,2.481,2.75469
0.815453,-0.883772,2.481,2.75706
0.823505,-0.883772,2.481,2.75945
0.831558,-0.883772,2.481,2.76187
0.839611,-0.883772,2.481,2.7643
0.859963,-0.896596,2.517,2.8069
0.868133,-0.896596,2.517,2.80942
0.882918,-0.903364,2.536,2.83318
0.891149,-0.903364,2.536,2.83576
0.89938,-0.903364,2.536,2.83835
0.921211,-0.9169,2.574,2.88354
0.929566,-0.9169,2.574,2.88622
0.93792,-0.9169,2.574,2.88892
0.960612,-0.930793,2.613,2.93546
0.969093,-0.930793,2.613,2.93825
nan,nan,nan,NaN
nan,nan,nan,NaN
nan,nan,nan,NaN
nan,nan,nan,NaN
nan,nan,nan,NaN
nan,nan,nan,NaN
nan,nan,nan,NaN
nan,nan,nan,NaN
nan,nan,nan,NaN
nan,nan,nan,NaN
nan,nan,nan,NaN
nan,nan,nan,NaN
nan,nan,nan,NaN
nan,nan,nan,NaN
nan,nan,nan,NaN
nan,nan,nan,NaN
nan,nan,nan,NaN
nan,nan,nan,NaN
nan,nan,nan,NaN
nan,nan,nan,NaN
nan,nan,nan,NaN
nan,nan,nan,NaN
nan,nan,nan,NaN
nan,nan,nan,NaN
nan,nan,nan,NaN
1.4705,-1.15058,3.23,3.73083
1.48098,-1.15058,3.23,3.73498
1.49147,-1.15058,3.23,3.73915
1.50195,-1.15058,3.23,3.74334
1.51244,-1.15058,3.23,3.74756
1.52292,-1.15058,3.23,3.7518
1.5334,-1.15058,3.23,3.75607
1.55823,-1.16126,3.26,3.79529
1.56881,-1.16126,3.26,3.79964
1.57939,-1.16126,3.26,3.80403
1.57534,-1.15058,3.23,3.77338
1.58582,-1.15058,3.23,3.77777
1.59631,-1.15058,3.23,3.78219
nan,nan,nan,NaN
nan,nan,nan,NaN
nan,nan,nan,NaN
nan,nan,nan,NaN
1.68037,-1.17266,3.292,3.87764
1.69106,-1.17266,3.292,3.88228
1.70174,-1.17266,3.292,3.88694
1.71243,-1.17266,3.292,3.89163
1.72311,-1.17266,3.292,3.89635
1.7338,-1.17266,3.292,3.90108
1.76144,-1.18406,3.324,3.94381
nan,nan,nan,NaN
1.83612,-1.21933,3.423,4.07124
1.84723,-1.21933,3.423,4.07627
nan,nan,nan,NaN
nan,nan,nan,NaN
1.95913,-1.27027,3.566,4.26241
1.9707,-1.27027,3.566,4.26774
2.0034,-1.2838,3.604,4.31863
2.0151,-1.2838,3.604,4.32407
2.04816,-1.29734,3.642,4.37518
2.05998,-1.29734,3.642,4.38073
2.07181,-1.29734,3.642,4.3863
2.08363,-1.29734,3.642,4.3919
2.09545,-1.29734,3.642,4.39752
2.10727,-1.29734,3.642,4.40316
2.11909,-1.29734,3.642,4.40883
2.10868,-1.2838,3.604,4.36846
2.12037,-1.2838,3.604,4.37412
2.10959,-1.27027,3.566,4.33363
2.09916,-1.25709,3.529,4.29425
2.11061,-1.25709,3.529,4.29986
2.10042,-1.24426,3.493,4.26157
2.0906,-1.2318,3.458,4.22441
2.10182,-1.2318,3.458,4.22998
2.07088,-1.20722,3.389,4.15105
2.06161,-1.19546,3.356,4.11608
2.0725,-1.19546,3.356,4.12154
2.0238,-1.16126,3.26,4.00898
1.97821,-1.12921,3.17,3.9035
1.9885,-1.12921,3.17,3.90873
1.94457,-1.09857,3.084,3.80779
1.95458,-1.09857,3.084,3.81291
1.89642,-1.06046,2.977,3.68558
1.88944,-1.05119,2.951,3.65833
1.86684,-1.03338,2.901,3.60122
1.84521,-1.01628,2.853,3.54644
1.85447,-1.01628,2.853,3.55127
1.83303,-0.999543,2.806,3.49753
1.8126,-0.983513,2.761,3.44615
1.82156,-0.983513,2.761,3.45087
1.83052,-0.983513,2.761,3.45561
1.82482,-0.975676,2.739,3.43279
1.83371,-0.975676,2.739,3.43752
1.8426,-0.975676,2.739,3.44227
1.85149,-0.975676,2.739,3.44704
1.86038,-0.975676,2.739,3.45182
-2.37465,-1.20822,3.423,4.3377
-2.36354,-1.20822,3.423,4.33163
-2.32906,-1.19622,3.389,4.28261
-2.31806,-1.19622,3.389,4.27664
-2.2846,-1.18457,3.356,4.2291
-2.25202,-1.17328,3.324,4.18296
-2.21966,-1.16198,3.292,4.13695
-2.20897,-1.16198,3.292,4.13123
-2.17692,-1.15069,3.26,4.08542
-2.16634,-1.15069,3.26,4.07979
-2.15576,-1.15069,3.26,4.07418
-2.14518,-1.15069,3.26,4.06859
-2.13459,-1.15069,3.26,4.06303
-2.12401,-1.15069,3.26,4.05748
-2.09398,-1.1401,3.23,4.01466
-2.0835,-1.1401,3.23,4.0092
-2.09227,-1.15069,3.26,4.04095
-2.08169,-1.15069,3.26,4.03548
-2.07111,-1.15069,3.26,4.03003
-2.04156,-1.1401,3.23,3.98757
-2.03108,-1.1401,3.23,3.98221
-2.0206,-1.1401,3.23,3.97688
-2.01011,-1.1401,3.23,3.97156
-1.99963,-1.1401,3.23,3.96626
-1.98915,-1.1401,3.23,3.96099
-1.97866,-1.1401,3.23,3.95573
-1.96818,-1.1401,3.23,3.9505
-1.93891,-1.12916,3.199,3.90742
-1.92852,-1.12916,3.199,3.90228
nan,nan,nan,NaN
nan,nan,nan,NaN
nan,nan,nan,NaN
nan,nan,nan,NaN
nan,nan,nan,NaN
nan,nan,nan,NaN
nan,nan,nan,NaN
nan,nan,nan,NaN
nan,nan,nan,NaN
nan,nan,nan,NaN
nan,nan,nan,NaN
nan,nan,nan,NaN
nan,nan,nan,NaN
nan,nan,nan,NaN
nan,nan,nan,NaN
nan,nan,nan,NaN
nan,nan,nan,NaN
nan,nan,nan,NaN
nan,nan,nan,NaN
nan,nan,nan,NaN
nan,nan,nan,NaN
nan,nan,nan,NaN
nan,nan,nan,NaN
nan,nan,nan,NaN
nan,nan,nan,NaN
nan,nan,nan,NaN
nan,nan,nan,NaN
nan,nan,nan,NaN
nan,nan,nan,NaN
nan,nan,nan,NaN
nan,nan,nan,NaN
nan,nan,nan,NaN
nan,nan,nan,NaN
nan,nan,nan,NaN
nan,nan,nan,NaN
nan,nan,nan,NaN
nan,nan,nan,NaN
nan,nan,nan,NaN
nan,nan,nan,NaN
nan,nan,nan,NaN
nan,nan,nan,NaN
nan,nan,nan,NaN
nan,nan,nan,NaN
nan,nan,nan,NaN
nan,nan,nan,NaN
nan,nan,nan,NaN
nan,nan,nan,NaN
nan,nan,nan,NaN
nan,nan,nan,NaN
-1.20671,-0.966788,2.739,3.1453
-1.19781,-0.966788,2.739,3.1419
-1.18892,-0.966788,2.739,3.13853
-1.18951,-0.974554,2.761,3.16035
-1.18055,-0.974554,2.761,3.15699
-1.17159,-0.974554,2.761,3.15365
-1.17189,-0.982319,2.783,3.17543
-1.16286,-0.982319,2.783,3.17211
-1.14471,-0.974554,2.761,3.14376
-1.11764,-0.959023,2.717,3.09046
-1.09169,-0.944198,2.675,3.03956
-1.083,-0.944198,2.675,3.03645
-1.05745,-0.929374,2.633,2.98574
-1.04094,-0.922314,2.613,2.96007
-1.03246,-0.922314,2.613,2.95709
-1.00869,-0.908548,2.574,2.91005
-0.985571,-0.895135,2.536,2.86425
-0.97734,-0.895135,2.536,2.86143
-0.954969,-0.882075,2.499,2.81692
-0.946858,-0.882075,2.499,2.81418
-0.938747,-0.882075,2.499,2.81146
-0.930636,-0.882075,2.499,2.80876
-0.91588,-0.875722,2.481,2.78587
-0.907827,-0.875722,2.481,2.78324
-0.899774,-0.875722,2.481,2.78062
-0.891722,-0.875722,2.481,2.77802
-0.89008,-0.882075,2.499,2.79559
-0.881969,-0.882075,2.499,2.79301
-0.873858,-0.882075,2.499,2.79046
-0.865747,-0.882075,2.499,2.78793
-0.857636,-0.882075,2.499,2.78543
-0.849525,-0.882075,2.499,2.78294
-0.835353,-0.875722,2.481,2.76045
-0.8273,-0.875722,2.481,2.75802
-0.819247,-0.875722,2.481,2.75562
-0.811195,-0.875722,2.481,2.75323
-0.797315,-0.869368,2.463,2.73091
-0.789321,-0.869368,2.463,2.72859
-0.781326,-0.869368,2.463,2.72629
-0.773332,-0.869368,2.463,2.72401
-0.765338,-0.869368,2.463,2.72175
-0.757344,-0.869368,2.463,2.71951
-0.749349,-0.869368,2.463,2.7173
-0.741355,-0.869368,2.463,2.7151
-0.733361,-0.869368,2.463,2.71293
-0.725366,-0.869368,2.463,2.71078
-0.717372,-0.869368,2.463,2.70865
-0.709378,-0.869368,2.463,2.70655
-0.701384,-0.869368,2.463,2.70446
-0.693389,-0.869368,2.463,2.7024
-0.690404,-0.875722,2.481,2.72009
-0.682351,-0.875722,2.481,2.71806
-0.679191,-0.882075,2.499,2.73576
-0.67108,-0.882075,2.499,2.73375
-0.662968,-0.882075,2.499,2.73177
-0.654857,-0.882075,2.499,2.72982
-0.651405,-0.888429,2.517,2.74753
-0.648091,-0.895135,2.536,2.76633
-0.639859,-0.895135,2.536,2.76441
-0.631628,-0.895135,2.536,2.76252
-0.623397,-0.895135,2.536,2.76065
-0.615166,-0.895135,2.536,2.7588
-0.611482,-0.901842,2.555,2.77763
-0.603189,-0.901842,2.555,2.77582
-0.594896,-0.901842,2.555,2.77403
-0.590965,-0.908548,2.574,2.79288
-0.586911,-0.915255,2.593,2.81173
-0.582957,-0.922314,2.613,2.83166
-0.574476,-0.922314,2.613,2.82992
-0.565995,-0.922314,2.613,2.82821
-0.557514,-0.922314,2.613,2.82653
-0.549032,-0.922314,2.613,2.82487
-0.540551,-0.922314,2.613,2.82323
-0.536143,-0.929374,2.633,2.84322
-0.527596,-0.929374,2.633,2.84162
-0.515108,-0.922314,2.613,2.81847
-0.506627,-0.922314,2.613,2.81693
-0.498145,-0.922314,2.613,2.81542
-0.489664,-0.922314,2.613,2.81393
-0.4775,-0.915255,2.593,2.79094
-0.469084,-0.915255,2.593,2.78951
-0.460668,-0.915255,2.593,2.78811
-0.448938,-0.908548,2.574,2.76631
-0.440583,-0.908548,2.574,2.76497
-0.432229,-0.908548,2.574,2.76365
-0.420745,-0.901842,2.555,2.74196
-0.412452,-0.901842,2.555,2.7407
-0.404159,-0.901842,2.555,2.73947
-0.392923,-0.895135,2.536,2.71789
-0.381809,-0.888429,2.517,2.69636
-0.37364,-0.888429,2.517,2.69522
-0.362857,-0.882075,2.499,2.67483
-0.354745,-0.882075,2.499,2.67374
-0.346634,-0.882075,2.499,2.67268
-0.336085,-0.875722,2.481,2.6524
-0.328032,-0.875722,2.481,2.65139
-0.319979,-0.875722,2.481,2.6504
-0.311927,-0.875722,2.481,2.64944
-0.303874,-0.875722,2.481,2.64851
-0.295821,-0.875722,2.481,2.6476
-0.287769,-0.875722,2.481,2.64671
-0.279716,-0.875722,2.481,2.64584
-0.271663,-0.875722,2.481,2.645
-0.26361,-0.875722,2.481,2.64419
-0.255558,-0.875722,2.481,2.6434
-0.247505,-0.875722,2.481,2.64263
-0.24119,-0.882075,2.499,2.66106
-0.233078,-0.882075,2.499,2.66034
-0.224967,-0.882075,2.499,2.65964
-0.216856,-0.882075,2.499,2.65896
-0.208745,-0.882075,2.499,2.65831
-0.200634,-0.882075,2.499,2.65769
-0.192523,-0.882075,2.499,2.65709
-0.18574,-0.888429,2.517,2.67565
-0.17757,-0.888429,2.517,2.67509
-0.169401,-0.888429,2.517,2.67456
-0.162448,-0.895135,2.536,2.69424
-0.154217,-0.895135,2.536,2.69376
-0.145986,-0.895135,2.536,2.6933
-0.137755,-0.895135,2.536,2.69287
-0.129523,-0.895135,2.536,2.69246
-0.121292,-0.895135,2.536,2.69208
-0.113908,-0.901842,2.555,2.71188
-0.105615,-0.901842,2.555,2.71155
-0.0973222,-0.901842,2.555,2.71124
-0.0890293,-0.901842,2.555,2.71095
-0.0813368,-0.908548,2.574,2.73085
-0.0729822,-0.908548,2.574,2.73062
-0.0651047,-0.915255,2.593,2.75056
-0.0566885,-0.915255,2.593,2.75037
-0.0482722,-0.915255,2.593,2.75021
-0.0401634,-0.922314,2.613,2.77129
-0.0316823,-0.922314,2.613,2.77118
-0.0233787,-0.929374,2.633,2.79231
-0.0148326,-0.929374,2.633,2.79225
-0.00628658,-0.929374,2.633,2.79221
0.00227751,-0.936786,2.654,2.81448
0.0108917,-0.936786,2.654,2.8145
0.019506,-0.936786,2.654,2.81455
0.0281202,-0.936786,2.654,2.81462
0.0367344,-0.936786,2.654,2.81472
0.0453486,-0.936786,2.654,2.81484
0.0539629,-0.936786,2.654,2.81499
0.0625771,-0.936786,2.654,2.81517
0.0711913,-0.936786,2.654,2.81538
0.0798055,-0.936786,2.654,2.81561
0.0884198,-0.936786,2.654,2.81587
0.0962662,-0.929374,2.633,2.79387
0.104812,-0.929374,2.633,2.79417
0.113358,-0.929374,2.633,2.79451
0.121904,-0.929374,2.633,2.79487
0.13045,-0.929374,2.633,2.79525
0.138997,-0.929374,2.633,2.79567
0.147543,-0.929374,2.633,2.7961
0.154903,-0.922314,2.613,2.77532
0.163384,-0.922314,2.613,2.77581
0.171865,-0.922314,2.613,2.77632
0.180346,-0.922314,2.613,2.77686
0.188828,-0.922314,2.613,2.77742
0.197309,-0.922314,2.613,2.77801
0.204215,-0.915255,2.593,2.75736
0.212631,-0.915255,2.593,2.758
0.221047,-0.915255,2.593,2.75866
0.227782,-0.908548,2.574,2.73913
0.236137,-0.908548,2.574,2.73984
0.244491,-0.908548,2.574,2.74057
0.250979,-0.901842,2.555,2.72109
0.259272,-0.901842,2.555,2.72187
0.267565,-0.901842,2.555,2.72267
0.275858,-0.901842,2.555,2.7235
0.282038,-0.895135,2.536,2.70409
0.290269,-0.895135,2.536,2.70496
0.2985,-0.895135,2.536,2.70586
0.306732,-0.895135,2.536,2.70678
0.314963,-0.895135,2.536,2.70772
0.323194,-0.895135,2.536,2.70869
0.331425,-0.895135,2.536,2.70969
0.339657,-0.895135,2.536,2.71071
0.347888,-0.895135,2.536,2.71175
0.356119,-0.895135,2.536,2.71282
0.36435,-0.895135,2.536,2.71391
0.372581,-0.895135,2.536,2.71503
0.383666,-0.901842,2.555,2.73652
0.391959,-0.901842,2.555,2.7377
0.400252,-0.901842,2.555,2.73889
0.411583,-0.908548,2.574,2.7605
0.419937,-0.908548,2.574,2.76175
0.428292,-0.908548,2.574,2.76304
0.436646,-0.908548,2.574,2.76434
0.445001,-0.908548,2.574,2.76568
0.453355,-0.908548,2.574,2.76703
0.465118,-0.915255,2.593,2.78885
0.473534,-0.915255,2.593,2.79026
0.481951,-0.915255,2.593,2.79171
0.490367,-0.915255,2.593,2.79317
0.498783,-0.915255,2.593,2.79466
0.507199,-0.915255,2.593,2.79617
0.515615,-0.915255,2.593,2.79771
0.524032,-0.915255,2.593,2.79928
0.532448,-0.915255,2.593,2.80086
0.536901,-0.908548,2.574,2.78194
0.545256,-0.908548,2.574,2.78357
0.549524,-0.901842,2.555,2.76466
0.557817,-0.901842,2.555,2.76632
0.566109,-0.901842,2.555,2.768
0.574402,-0.901842,2.555,2.76971
0.582695,-0.901842,2.555,2.77144
0.590988,-0.901842,2.555,2.7732
0.599281,-0.901842,2.555,2.77497
0.603056,-0.895135,2.536,2.75613
0.611287,-0.895135,2.536,2.75794
0.619518,-0.895135,2.536,2.75978
0.627749,-0.895135,2.536,2.76164
0.635981,-0.895135,2.536,2.76352
0.644212,-0.895135,2.536,2.76542
0.652443,-0.895135,2.536,2.76735
0.660674,-0.895135,2.536,2.76931
0.668906,-0.895135,2.536,2.77128
0.677137,-0.895135,2.536,2.77328
0.685368,-0.895135,2.536,2.7753
0.693599,-0.895135,2.536,2.77734
0.70183,-0.895135,2.536,2.77941
0.704742,-0.888429,2.517,2.76066
0.712911,-0.888429,2.517,2.76276
0.721081,-0.888429,2.517,2.76488
0.729251,-0.888429,2.517,2.76702
0.732147,-0.882075,2.499,2.74938
0.740258,-0.882075,2.499,2.75155
0.748369,-0.882075,2.499,2.75375
0.75648,-0.882075,2.499,2.75596
0.764591,-0.882075,2.499,2.7582
0.772702,-0.882075,2.499,2.76046
0.775189,-0.875722,2.481,2.74284
0.783242,-0.875722,2.481,2.74513
0.791295,-0.875722,2.481,2.74743
0.799347,-0.875722,2.481,2.74976
0.8074,-0.875722,2.481,2.75212
0.815453,-0.875722,2.481,2.75449
0.823505,-0.875722,2.481,2.75688
0.831558,-0.875722,2.481,2.7593
0.839611,-0.875722,2.481,2.76174
0.853814,-0.882075,2.499,2.78425
0.861925,-0.882075,2.499,2.78675
0.876303,-0.888429,2.517,2.80936
0.884472,-0.888429,2.517,2.81192
0.892642,-0.888429,2.517,2.8145
0.907611,-0.895135,2.536,2.83837
0.922704,-0.901842,2.555,2.86229
0.930997,-0.901842,2.555,2.86498
0.95326,-0.915255,2.593,2.91033
0.961676,-0.915255,2.593,2.9131
nan,nan,nan,NaN
nan,nan,nan,NaN
nan,nan,nan,NaN
nan,nan,nan,NaN
nan,nan,nan,NaN
nan,nan,nan,NaN
nan,nan,nan,NaN
nan,nan,nan,NaN
nan,nan,nan,NaN
nan,nan,nan,NaN
nan,nan,nan,NaN
nan,nan,nan,NaN
nan,nan,nan,NaN
nan,nan,nan,NaN
nan,nan,nan,NaN
nan,nan,nan,NaN
nan,nan,nan,NaN
nan,nan,nan,NaN
nan,nan,nan,NaN
nan,nan,nan,NaN
nan,nan,nan,NaN
nan,nan,nan,NaN
nan,nan,nan,NaN
nan,nan,nan,NaN
nan,nan,nan,NaN
1.4705,-1.1401,3.23,3.72761
1.48098,-1.1401,3.23,3.73176
1.49147,-1.1401,3.23,3.73593
1.50195,-1.1401,3.23,3.74013
1.51244,-1.1401,3.23,3.74435
1.52292,-1.1401,3.23,3.7486
1.5334,-1.1401,3.23,3.75287
1.54389,-1.1401,3.23,3.75717
1.55437,-1.1401,3.23,3.76149
1.56485,-1.1401,3.23,3.76583
1.57534,-1.1401,3.23,3.7702
1.58582,-1.1401,3.23,3.77459
1.59631,-1.1401,3.23,3.77901
nan,nan,nan,NaN
nan,nan,nan,NaN
nan,nan,nan,NaN
nan,nan,nan,NaN
1.68037,-1.16198,3.292,3.87442
1.69106,-1.16198,3.292,3.87906
1.70174,-1.16198,3.292,3.88373
1.71243,-1.16198,3.292,3.88843
1.72311,-1.16198,3.292,3.89315
1.7338,-1.16198,3.292,3.89789
1.76144,-1.17328,3.324,3.94059
nan,nan,nan,NaN
1.83612,-1.20822,3.423,4.06793
1.84723,-1.20822,3.423,4.07296
1.87734,-1.22057,3.458,4.11971
1.92734,-1.24564,3.529,4.20953
1.9388,-1.24564,3.529,4.21478
1.9707,-1.2587,3.566,4.26431
2.0034,-1.27211,3.604,4.31517
2.0151,-1.27211,3.604,4.32061
2.04816,-1.28552,3.642,4.37169
2.05998,-1.28552,3.642,4.37724
2.07181,-1.28552,3.642,4.38282
2.08363,-1.28552,3.642,4.38842
2.09545,-1.28552,3.642,4.39404
2.10727,-1.28552,3.642,4.39969
2.11909,-1.28552,3.642,4.40537
2.10868,-1.27211,3.604,4.36504
2.12037,-1.27211,3.604,4.37071
2.10959,-1.2587,3.566,4.33025
2.09916,-1.24564,3.529,4.29091
2.11061,-1.24564,3.529,4.29653
2.07937,-1.22057,3.458,4.21561
2.06944,-1.20822,3.423,4.17843
2.08055,-1.20822,3.423,4.18395
2.07088,-1.19622,3.389,4.14787
2.04195,-1.17328,3.324,4.07371
2.05274,-1.17328,3.324,4.07913
2.0238,-1.15069,3.26,4.00593
1.97821,-1.11892,3.17,3.90054
1.9885,-1.11892,3.17,3.90577
1.99879,-1.11892,3.17,3.91102
nan,nan,nan,NaN
1.89642,-1.0508,2.977,3.68282
1.90609,-1.0508,2.977,3.6878
1.88293,-1.03279,2.926,3.62954
1.86074,-1.0155,2.877,3.57361
1.87007,-1.0155,2.877,3.57848
1.84806,-0.998556,2.829,3.52359
1.84214,-0.990438,2.806,3.49973
1.85125,-0.990438,2.806,3.50453
1.84511,-0.982319,2.783,3.48058
1.85414,-0.982319,2.783,3.48538
1.86317,-0.982319,2.783,3.49019
1.8574,-0.974554,2.761,3.46739
1.86637,-0.974554,2.761,3.4722
1.87533,-0.974554,2.761,3.47703
-2.39893,-1.20935,3.458,4.37894
-2.3877,-1.20935,3.458,4.37281
-2.35243,-1.19711,3.423,4.32249
-2.34132,-1.19711,3.423,4.31645
-2.30706,-1.18522,3.389,4.26762
-2.2737,-1.17368,3.356,4.22019
-2.24123,-1.16249,3.324,4.17415
-2.23045,-1.16249,3.324,4.16836
-2.19829,-1.1513,3.292,4.12253
-2.1876,-1.1513,3.292,4.11684
-2.17692,-1.1513,3.292,4.11117
-2.14518,-1.14011,3.26,4.06562
-2.13459,-1.14011,3.26,4.06004
-2.12401,-1.14011,3.26,4.05449
-2.11343,-1.14011,3.26,4.04896
-2.10285,-1.14011,3.26,4.04344
-2.09227,-1.14011,3.26,4.03795
-2.10212,-1.1513,3.292,4.07206
-2.07111,-1.14011,3.26,4.02703
-2.06053,-1.14011,3.26,4.02159
-2.04995,-1.14011,3.26,4.01618
-2.03936,-1.14011,3.26,4.01079
-2.02878,-1.14011,3.26,4.00542
-2.0182,-1.14011,3.26,4.00007
-1.98915,-1.12962,3.23,3.95798
-1.97866,-1.12962,3.23,3.95273
-1.96818,-1.12962,3.23,3.94749
-1.93891,-1.11878,3.199,3.90444
-1.92852,-1.11878,3.199,3.89929
nan,nan,nan,NaN
nan,nan,nan,NaN
nan,nan,nan,NaN
nan,nan,nan,NaN
nan,nan,nan,NaN
nan,nan,nan,NaN
nan,nan,nan,NaN
nan,nan,nan,NaN
nan,nan,nan,NaN
nan,nan,nan,NaN
nan,nan,nan,NaN
nan,nan,nan,NaN
nan,nan,nan,NaN
nan,nan,nan,NaN
nan,nan,nan,NaN
nan,nan,nan,NaN
nan,nan,nan,NaN
nan,nan,nan,NaN
nan,nan,nan,NaN
nan,nan,nan,NaN
nan,nan,nan,NaN
nan,nan,nan,NaN
nan,nan,nan,NaN
nan,nan,nan,NaN
nan,nan,nan,NaN
nan,nan,nan,NaN
nan,nan,nan,NaN
nan,nan,nan,NaN
nan,nan,nan,NaN
nan,nan,nan,NaN
nan,nan,nan,NaN
nan,nan,nan,NaN
nan,nan,nan,NaN
nan,nan,nan,NaN
nan,nan,nan,NaN
nan,nan,nan,NaN
nan,nan,nan,NaN
nan,nan,nan,NaN
nan,nan,nan,NaN
nan,nan,nan,NaN
nan,nan,nan,NaN
nan,nan,nan,NaN
-1.17489,-0.886906,2.536,2.93228
-1.16666,-0.886906,2.536,2.92899
-1.15843,-0.886906,2.536,2.92572
-1.16743,-0.900196,2.574,2.96626
-1.17664,-0.913835,2.613,3.00788
-1.16816,-0.913835,2.613,3.00457
-1.18719,-0.935518,2.675,3.0725
-1.19701,-0.950207,2.717,3.11734
-1.18819,-0.950207,2.717,3.11397
-1.17938,-0.950207,2.717,3.11061
-1.18003,-0.957901,2.739,3.13244
-1.18055,-0.965595,2.761,3.15423
-1.17159,-0.965595,2.761,3.15089
-1.16263,-0.965595,2.761,3.14757
-1.15367,-0.965595,2.761,3.14427
-1.13558,-0.957901,2.739,3.11597
-1.10901,-0.942863,2.696,3.06387
-1.08311,-0.928174,2.654,3.01303
-1.0745,-0.928174,2.654,3.00995
-1.05745,-0.92083,2.633,2.98309
-1.04094,-0.913835,2.613,2.95743
-1.03246,-0.913835,2.613,2.95446
-1.01614,-0.906841,2.593,2.92892
-0.992955,-0.893551,2.555,2.88313
-0.984662,-0.893551,2.555,2.88028
-0.961848,-0.880262,2.517,2.83466
-0.946858,-0.873967,2.499,2.81165
-0.938747,-0.873967,2.499,2.80893
-0.923933,-0.867671,2.481,2.78601
-0.91588,-0.867671,2.481,2.78335
-0.907827,-0.867671,2.481,2.78071
-0.899774,-0.867671,2.481,2.77809
-0.891722,-0.867671,2.481,2.7755
-0.883669,-0.867671,2.481,2.77292
-0.881969,-0.873967,2.499,2.79046
-0.873858,-0.873967,2.499,2.78791
-0.865747,-0.873967,2.499,2.78538
-0.857636,-0.873967,2.499,2.78287
-0.843405,-0.867671,2.481,2.76035
-0.835353,-0.867671,2.481,2.7579
-0.8273,-0.867671,2.481,2.75547
-0.819247,-0.867671,2.481,2.75307
-0.805309,-0.861376,2.463,2.73073
-0.797315,-0.861376,2.463,2.72838
-0.789321,-0.861376,2.463,2.72605
-0.775616,-0.855081,2.445,2.70384
-0.767681,-0.855081,2.445,2.70158
-0.765338,-0.861376,2.463,2.71921
-0.757344,-0.861376,2.463,2.71697
-0.749349,-0.861376,2.463,2.71475
-0.741355,-0.861376,2.463,2.71255
-0.733361,-0.861376,2.463,2.71038
-0.725366,-0.861376,2.463,2.70823
-0.717372,-0.861376,2.463,2.7061
-0.709378,-0.861376,2.463,2.70399
-0.701384,-0.861376,2.463,2.7019
-0.698457,-0.867671,2.481,2.71957
-0.690404,-0.867671,2.481,2.71751
-0.682351,-0.867671,2.481,2.71548
-0.679191,-0.873967,2.499,2.73315
-0.67108,-0.873967,2.499,2.73115
-0.662968,-0.873967,2.499,2.72917
-0.659574,-0.880262,2.517,2.74685
-0.651405,-0.880262,2.517,2.7449
-0.643235,-0.880262,2.517,2.74297
-0.635065,-0.880262,2.517,2.74107
-0.631628,-0.886906,2.536,2.75986
-0.623397,-0.886906,2.536,2.75799
-0.615166,-0.886906,2.536,2.75614
-0.611482,-0.893551,2.555,2.77495
-0.603189,-0.893551,2.555,2.77314
-0.594896,-0.893551,2.555,2.77135
-0.590965,-0.900196,2.574,2.79017
-0.582611,-0.900196,2.574,2.78842
-0.578495,-0.906841,2.593,2.80725
-0.570079,-0.906841,2.593,2.80553
-0.561663,-0.906841,2.593,2.80383
-0.553246,-0.906841,2.593,2.80216
-0.54483,-0.906841,2.593,2.80051
-0.536414,-0.906841,2.593,2.79888
-0.53207,-0.913835,2.613,2.81886
-0.519581,-0.906841,2.593,2.79571
-0.511165,-0.906841,2.593,2.79415
-0.502749,-0.906841,2.593,2.79263
-0.494333,-0.906841,2.593,2.79112
-0.482356,-0.900196,2.574,2.76921
-0.474001,-0.900196,2.574,2.76776
-0.465647,-0.900196,2.574,2.76634
-0.453917,-0.893551,2.555,2.74454
-0.445624,-0.893551,2.555,2.74318
-0.437331,-0.893551,2.555,2.74185
-0.429038,-0.893551,2.555,2.74054
-0.420745,-0.893551,2.555,2.73925
-0.412452,-0.893551,2.555,2.73799
-0.401154,-0.886906,2.536,2.7164
-0.392923,-0.886906,2.536,2.7152
-0.381809,-0.880262,2.517,2.69368
-0.37364,-0.880262,2.517,2.69254
-0.362857,-0.873967,2.499,2.67217
-0.35219,-0.867671,2.481,2.65184
-0.344137,-0.867671,2.481,2.65078
-0.336085,-0.867671,2.481,2.64975
-0.325652,-0.861376,2.463,2.62952
-0.317658,-0.861376,2.463,2.62854
-0.309664,-0.861376,2.463,2.62759
-0.301669,-0.861376,2.463,2.62666
-0.293675,-0.861376,2.463,2.62575
-0.285681,-0.861376,2.463,2.62487
-0.277686,-0.861376,2.463,2.62401
-0.269692,-0.861376,2.463,2.62318
-0.26361,-0.867671,2.481,2.64153
-0.255558,-0.867671,2.481,2.64074
-0.247505,-0.867671,2.481,2.63998
-0.24119,-0.873967,2.499,2.65838
-0.233078,-0.873967,2.499,2.65766
-0.224967,-0.873967,2.499,2.65696
-0.216856,-0.873967,2.499,2.65628
-0.208745,-0.873967,2.499,2.65563
-0.200634,-0.873967,2.499,2.65501
-0.192523,-0.873967,2.499,2.65441
-0.18574,-0.880262,2.517,2.67295
-0.17757,-0.880262,2.517,2.67239
-0.169401,-0.880262,2.517,2.67186
-0.162448,-0.886906,2.536,2.69152
-0.154217,-0.886906,2.536,2.69104
-0.145986,-0.886906,2.536,2.69058
-0.137755,-0.886906,2.536,2.69014
-0.129523,-0.886906,2.536,2.68974
-0.121292,-0.886906,2.536,2.68935
-0.113908,-0.893551,2.555,2.70914
-0.105615,-0.893551,2.555,2.7088
-0.0973222,-0.893551,2.555,2.70849
-0.0890293,-0.893551,2.555,2.70821
-0.0813368,-0.900196,2.574,2.72808
-0.0729822,-0.900196,2.574,2.72785
-0.0651047,-0.906841,2.593,2.74777
-0.0566885,-0.906841,2.593,2.74759
-0.0482722,-0.906841,2.593,2.74742
-0.0401634,-0.913835,2.613,2.76848
-0.0316823,-0.913835,2.613,2.76837
-0.0233787,-0.92083,2.633,2.78947
-0.0148326,-0.92083,2.633,2.78942
-0.00628658,-0.92083,2.633,2.78938
0.00227751,-0.928174,2.654,2.81162
0.0108917,-0.928174,2.654,2.81164
0.019506,-0.928174,2.654,2.81169
0.0281202,-0.928174,2.654,2.81176
0.0367344,-0.928174,2.654,2.81186
0.0457075,-0.935518,2.675,2.83424
0.0539629,-0.928174,2.654,2.81214
0.0625771,-0.928174,2.654,2.81232
0.0711913,-0.928174,2.654,2.81252
0.0798055,-0.928174,2.654,2.81276
0.0884198,-0.928174,2.654,2.81301
0.0962662,-0.92083,2.633,2.79104
0.104812,-0.92083,2.633,2.79134
0.113358,-0.92083,2.633,2.79168
0.121904,-0.92083,2.633,2.79204
0.13045,-0.92083,2.633,2.79242
0.138997,-0.92083,2.633,2.79284
0.147543,-0.92083,2.633,2.79328
0.154903,-0.913835,2.613,2.77252
0.163384,-0.913835,2.613,2.77301
0.171865,-0.913835,2.613,2.77352
0.180346,-0.913835,2.613,2.77406
0.188828,-0.913835,2.613,2.77462
0.197309,-0.913835,2.613,2.77521
0.204215,-0.906841,2.593,2.75458
0.212631,-0.906841,2.593,2.75522
0.221047,-0.906841,2.593,2.75588
0.227782,-0.900196,2.574,2.73637
0.236137,-0.900196,2.574,2.73708
0.244491,-0.900196,2.574,2.73781
0.252846,-0.900196,2.574,2.73857
0.259272,-0.893551,2.555,2.71913
0.267565,-0.893551,2.555,2.71994
0.275858,-0.893551,2.555,2.72076
0.282038,-0.886906,2.536,2.70138
0.290269,-0.886906,2.536,2.70225
0.2985,-0.886906,2.536,2.70315
0.306732,-0.886906,2.536,2.70407
0.314963,-0.886906,2.536,2.70501
0.323194,-0.886906,2.536,2.70598
0.331425,-0.886906,2.536,2.70698
0.339657,-0.886906,2.536,2.708
0.347888,-0.886906,2.536,2.70904
0.356119,-0.886906,2.536,2.71011
0.36435,-0.886906,2.536,2.71121
0.372581,-0.886906,2.536,2.71233
0.383666,-0.893551,2.555,2.7338
0.391959,-0.893551,2.555,2.73498
0.400252,-0.893551,2.555,2.73618
0.408544,-0.893551,2.555,2.7374
0.416837,-0.893551,2.555,2.73865
0.428292,-0.900196,2.574,2.7603
0.436646,-0.900196,2.574,2.76161
0.445001,-0.900196,2.574,2.76294
0.453355,-0.900196,2.574,2.7643
0.46171,-0.900196,2.574,2.76568
0.470064,-0.900196,2.574,2.76709
0.478419,-0.900196,2.574,2.76852
0.486774,-0.900196,2.574,2.76998
0.495128,-0.900196,2.574,2.77146
0.503483,-0.900196,2.574,2.77296
0.511837,-0.900196,2.574,2.77449
0.520192,-0.900196,2.574,2.77605
0.528546,-0.900196,2.574,2.77762
0.532938,-0.893551,2.555,2.75871
0.541231,-0.893551,2.555,2.76032
0.549524,-0.893551,2.555,2.76196
0.557817,-0.893551,2.555,2.76362
0.566109,-0.893551,2.555,2.76531
0.574402,-0.893551,2.555,2.76702
0.582695,-0.893551,2.555,2.76875
0.586593,-0.886906,2.536,2.74991
0.594824,-0.886906,2.536,2.75167
0.603056,-0.886906,2.536,2.75347
0.611287,-0.886906,2.536,2.75528
0.619518,-0.886906,2.536,2.75712
0.627749,-0.886906,2.536,2.75898
0.635981,-0.886906,2.536,2.76086
0.644212,-0.886906,2.536,2.76277
0.652443,-0.886906,2.536,2.7647
0.660674,-0.886906,2.536,2.76666
0.663894,-0.880262,2.517,2.74789
0.672064,-0.880262,2.517,2.74988
0.680233,-0.880262,2.517,2.75188
0.688403,-0.880262,2.517,2.75392
0.696572,-0.880262,2.517,2.75597
0.699702,-0.873967,2.499,2.73832
0.707813,-0.873967,2.499,2.7404
0.715924,-0.873967,2.499,2.74251
0.71882,-0.867671,2.481,2.72487
0.726873,-0.867671,2.481,2.72701
0.734926,-0.867671,2.481,2.72916
0.742978,-0.867671,2.481,2.73134
0.751031,-0.867671,2.481,2.73354
0.753577,-0.861376,2.463,2.71592
0.761571,-0.861376,2.463,2.71815
0.769565,-0.861376,2.463,2.7204
0.777559,-0.861376,2.463,2.72267
0.785554,-0.861376,2.463,2.72496
0.793548,-0.861376,2.463,2.72728
0.801542,-0.861376,2.463,2.72962
0.809537,-0.861376,2.463,2.73198
0.817531,-0.861376,2.463,2.73435
0.825525,-0.861376,2.463,2.73676
0.833519,-0.861376,2.463,2.73918
0.847664,-0.867671,2.481,2.76166
0.855716,-0.867671,2.481,2.76414
0.870036,-0.873967,2.499,2.78672
0.878147,-0.873967,2.499,2.78926
0.886258,-0.873967,2.499,2.79182
0.907611,-0.886906,2.536,2.83578
0.915842,-0.886906,2.536,2.83843
0.924074,-0.886906,2.536,2.84109
0.946275,-0.900196,2.574,2.88639
0.954629,-0.900196,2.574,2.88914
nan,nan,nan,NaN
nan,nan,nan,NaN
nan,nan,nan,NaN
nan,nan,nan,NaN
nan,nan,nan,NaN
nan,nan,nan,NaN
nan,nan,nan,NaN
nan,nan,nan,NaN
nan,nan,nan,NaN
nan,nan,nan,NaN
nan,nan,nan,NaN
nan,nan,nan,NaN
nan,nan,nan,NaN
nan,nan,nan,NaN
nan,nan,nan,NaN
nan,nan,nan,NaN
nan,nan,nan,NaN
nan,nan,nan,NaN
nan,nan,nan,NaN
nan,nan,nan,NaN
nan,nan,nan,NaN
1.42857,-1.12962,3.23,3.70806
1.43905,-1.12962,3.23,3.71212
1.44953,-1.12962,3.23,3.71619
1.46002,-1.12962,3.23,3.72029
1.4705,-1.12962,3.23,3.72442
1.48098,-1.12962,3.23,3.72857
1.49147,-1.12962,3.23,3.73275
1.50195,-1.12962,3.23,3.73695
1.51244,-1.12962,3.23,3.74118
1.52292,-1.12962,3.23,3.74543
1.5334,-1.12962,3.23,3.7497
1.54389,-1.12962,3.23,3.754
1.55437,-1.12962,3.23,3.75832
1.56485,-1.12962,3.23,3.76267
1.57534,-1.12962,3.23,3.76704
1.58582,-1.12962,3.23,3.77144
1.59631,-1.12962,3.23,3.77586
1.60679,-1.12962,3.23,3.78031
nan,nan,nan,NaN
nan,nan,nan,NaN
1.65346,-1.14011,3.26,3.82902
1.66404,-1.14011,3.26,3.8336
1.69106,-1.1513,3.292,3.87588
1.70174,-1.1513,3.292,3.88055
1.71243,-1.1513,3.292,3.88525
1.72311,-1.1513,3.292,3.88997
1.7338,-1.1513,3.292,3.89472
1.76144,-1.16249,3.324,3.93739
1.78929,-1.17368,3.356,3.98018
1.80018,-1.17368,3.356,3.98509
1.82888,-1.18522,3.389,4.02925
1.87734,-1.20935,3.458,4.1164
1.92734,-1.23418,3.529,4.20615
1.9388,-1.23418,3.529,4.21141
1.9707,-1.24712,3.566,4.26091
2.0034,-1.26041,3.604,4.31174
2.0151,-1.26041,3.604,4.31718
2.04816,-1.2737,3.642,4.36823
2.05998,-1.2737,3.642,4.37379
2.07181,-1.2737,3.642,4.37937
2.08363,-1.2737,3.642,4.38497
2.09545,-1.2737,3.642,4.3906
2.12983,-1.28734,3.681,4.44333
2.11909,-1.2737,3.642,4.40193
2.10868,-1.26041,3.604,4.36165
2.12037,-1.26041,3.604,4.36732
2.10959,-1.24712,3.566,4.3269
2.09916,-1.23418,3.529,4.2876
2.11061,-1.23418,3.529,4.29322
2.07937,-1.20935,3.458,4.21237
2.06944,-1.19711,3.423,4.17523
2.08055,-1.19711,3.423,4.18075
2.07088,-1.18522,3.389,4.14471
2.04195,-1.16249,3.324,4.07062
2.05274,-1.16249,3.324,4.07604
2.0238,-1.14011,3.26,4.0029
1.97821,-1.10863,3.17,3.8976
1.9885,-1.10863,3.17,3.90283
1.99879,-1.10863,3.17,3.90809
nan,nan,nan,NaN
1.89642,-1.04114,2.977,3.68007
1.90609,-1.04114,2.977,3.68506
1.88293,-1.0233,2.926,3.62685
1.86074,-1.00616,2.877,3.57097
1.87007,-1.00616,2.877,3.57585
1.86373,-0.99777,2.853,3.55087
1.85724,-0.989376,2.829,3.52583
1.86642,-0.989376,2.829,3.53067
1.86035,-0.981333,2.806,3.50679
1.86946,-0.981333,2.806,3.51163
1.87857,-0.981333,2.806,3.51649
1.8722,-0.973289,2.783,3.4925
1.88124,-0.973289,2.783,3.49735
1.89027,-0.973289,2.783,3.50221
-2.39893,-1.19813,3.458,4.37586
-2.3877,-1.19813,3.458,4.36972
-2.35243,-1.18601,3.423,4.31943
-2.34132,-1.18601,3.423,4.31339
-2.30706,-1.17423,3.389,4.26458
-2.2737,-1.16279,3.356,4.21717
-2.24123,-1.15171,3.324,4.17115
-2.23045,-1.15171,3.324,4.16537
-2.19829,-1.14062,3.292,4.11956
-2.1876,-1.14062,3.292,4.11386
-2.17692,-1.14062,3.292,4.10819
-2.14518,-1.12953,3.26,4.06266
-2.13459,-1.12953,3.26,4.05708
-2.12401,-1.12953,3.26,4.05153
-2.11343,-1.12953,3.26,4.04599
-2.10285,-1.12953,3.26,4.04047
-2.09227,-1.12953,3.26,4.03498
-2.10212,-1.14062,3.292,4.06905
-2.07111,-1.12953,3.26,4.02404
-2.06053,-1.12953,3.26,4.01861
-2.04995,-1.12953,3.26,4.01319
-2.03936,-1.12953,3.26,4.0078
-2.02878,-1.12953,3.26,4.00242
-2.0182,-1.12953,3.26,3.99707
-1.98915,-1.11914,3.23,3.95501
-1.97866,-1.11914,3.23,3.94974
-1.96818,-1.11914,3.23,3.9445
-1.95769,-1.11914,3.23,3.93928
-1.94721,-1.11914,3.23,3.93408
nan,nan,nan,NaN
nan,nan,nan,NaN
nan,nan,nan,NaN
nan,nan,nan,NaN
nan,nan,nan,NaN
nan,nan,nan,NaN
nan,nan,nan,NaN
nan,nan,nan,NaN
nan,nan,nan,NaN
nan,nan,nan,NaN
nan,nan,nan,NaN
nan,nan,nan,NaN
nan,nan,nan,NaN
nan,nan,nan,NaN
nan,nan,nan,NaN
nan,nan,nan,NaN
nan,nan,nan,NaN
nan,nan,nan,NaN
nan,nan,nan,NaN
nan,nan,nan,NaN
nan,nan,nan,NaN
nan,nan,nan,NaN
nan,nan,nan,NaN
nan,nan,nan,NaN
nan,nan,nan,NaN
nan,nan,nan,NaN
nan,nan,nan,NaN
nan,nan,nan,NaN
nan,nan,nan,NaN
nan,nan,nan,NaN
nan,nan,nan,NaN
nan,nan,nan,NaN
nan,nan,nan,NaN
nan,nan,nan,NaN
-1.23144,-0.872094,2.517,2.93467
-1.21453,-0.865858,2.499,2.91029
-1.20641,-0.865858,2.499,2.90691
-1.1983,-0.865858,2.499,2.90356
-1.19019,-0.865858,2.499,2.90022
-1.18208,-0.865858,2.499,2.8969
-1.17397,-0.865858,2.499,2.8936
-1.15746,-0.859621,2.481,2.8695
-1.14941,-0.859621,2.481,2.86626
-1.14964,-0.865858,2.499,2.88381
-1.14153,-0.865858,2.499,2.88059
-1.1502,-0.878677,2.536,2.91999
-1.15908,-0.891844,2.574,2.96046
-1.15072,-0.891844,2.574,2.9572
-1.16855,-0.912286,2.633,3.02167
-1.16001,-0.912286,2.633,3.01837
-1.15146,-0.912286,2.633,3.0151
-1.14291,-0.912286,2.633,3.01184
-1.14341,-0.919562,2.654,3.03261
-1.14378,-0.926838,2.675,3.05334
-1.1351,-0.926838,2.675,3.0501
-1.12641,-0.926838,2.675,3.04688
-1.11773,-0.926838,2.675,3.04368
-1.10905,-0.926838,2.675,3.0405
-1.09173,-0.919562,2.654,3.0135
-1.06638,-0.905357,2.613,2.96388
-1.0579,-0.905357,2.613,2.96084
-1.04942,-0.905357,2.613,2.95782
-1.03297,-0.898427,2.593,2.93221
-1.02456,-0.898427,2.593,2.92926
-1.00869,-0.891844,2.574,2.90488
-0.985571,-0.878677,2.536,2.85915
-0.97734,-0.878677,2.536,2.85632
-0.961848,-0.872094,2.517,2.83214
-0.946858,-0.865858,2.499,2.80914
-0.938747,-0.865858,2.499,2.80641
-0.923933,-0.859621,2.481,2.78352
-0.91588,-0.859621,2.481,2.78085
-0.907827,-0.859621,2.481,2.77821
-0.899774,-0.859621,2.481,2.77559
-0.891722,-0.859621,2.481,2.77299
-0.883669,-0.859621,2.481,2.77041
-0.875616,-0.859621,2.481,2.76785
-0.867564,-0.859621,2.481,2.76532
-0.859511,-0.859621,2.481,2.7628
-0.851458,-0.859621,2.481,2.76031
-0.843405,-0.859621,2.481,2.75783
-0.829292,-0.853384,2.463,2.73539
-0.821298,-0.853384,2.463,2.73298
-0.813304,-0.853384,2.463,2.73059
-0.805309,-0.853384,2.463,2.72821
-0.797315,-0.853384,2.463,2.72587
-0.789321,-0.853384,2.463,2.72354
-0.775616,-0.847148,2.445,2.70135
-0.767681,-0.847148,2.445,2.69908
-0.765338,-0.853384,2.463,2.71668
-0.757344,-0.853384,2.463,2.71444
-0.749349,-0.853384,2.463,2.71222
-0.741355,-0.853384,2.463,2.71003
-0.733361,-0.853384,2.463,2.70785
-0.725366,-0.853384,2.463,2.7057
-0.717372,-0.853384,2.463,2.70356
-0.709378,-0.853384,2.463,2.70145
-0.701384,-0.853384,2.463,2.69937
-0.698457,-0.859621,2.481,2.71701
-0.690404,-0.859621,2.481,2.71495
-0.682351,-0.859621,2.481,2.71292
-0.679191,-0.865858,2.499,2.73057
-0.67108,-0.865858,2.499,2.72856
-0.662968,-0.865858,2.499,2.72658
-0.659574,-0.872094,2.517,2.74424
-0.651405,-0.872094,2.517,2.74229
-0.643235,-0.872094,2.517,2.74036
-0.635065,-0.872094,2.517,2.73846
-0.631628,-0.878677,2.536,2.75723
-0.623397,-0.878677,2.536,2.75536
-0.615166,-0.878677,2.536,2.75351
-0.611482,-0.885261,2.555,2.7723
-0.603189,-0.885261,2.555,2.77048
-0.594896,-0.885261,2.555,2.76868
-0.590965,-0.891844,2.574,2.78749
-0.582611,-0.891844,2.574,2.78573
-0.578495,-0.898427,2.593,2.80455
-0.570079,-0.898427,2.593,2.80282
-0.561663,-0.898427,2.593,2.80112
-0.553246,-0.898427,2.593,2.79945
-0.54483,-0.898427,2.593,2.7978
-0.536414,-0.898427,2.593,2.79617
-0.53207,-0.905357,2.613,2.81612
-0.519581,-0.898427,2.593,2.79299
-0.511165,-0.898427,2.593,2.79144
-0.502749,-0.898427,2.593,2.78991
-0.494333,-0.898427,2.593,2.7884
-0.482356,-0.891844,2.574,2.7665
-0.474001,-0.891844,2.574,2.76506
-0.465647,-0.891844,2.574,2.76364
-0.453917,-0.885261,2.555,2.74185
-0.445624,-0.885261,2.555,2.74049
-0.437331,-0.885261,2.555,2.73915
-0.429038,-0.885261,2.555,2.73784
-0.420745,-0.885261,2.555,2.73656
-0.412452,-0.885261,2.555,2.73529
-0.401154,-0.878677,2.536,2.71372
-0.392923,-0.878677,2.536,2.71252
-0.381809,-0.872094,2.517,2.69103
-0.37364,-0.872094,2.517,2.68988
-0.36547,-0.872094,2.517,2.68876
-0.35219,-0.859621,2.481,2.64922
-0.344137,-0.859621,2.481,2.64816
-0.336085,-0.859621,2.481,2.64712
-0.325652,-0.853384,2.463,2.62692
-0.317658,-0.853384,2.463,2.62594
-0.309664,-0.853384,2.463,2.62498
-0.301669,-0.853384,2.463,2.62405
-0.293675,-0.853384,2.463,2.62314
-0.285681,-0.853384,2.463,2.62226
-0.277686,-0.853384,2.463,2.6214
-0.269692,-0.853384,2.463,2.62057
-0.261698,-0.853384,2.463,2.61976
-0.253704,-0.853384,2.463,2.61897
-0.245709,-0.853384,2.463,2.61821
-0.239452,-0.859621,2.481,2.6366
-0.2314,-0.859621,2.481,2.63588
-0.223347,-0.859621,2.481,2.63518
-0.215294,-0.859621,2.481,2.63451
-0.207241,-0.859621,2.481,2.63387
-0.199189,-0.859621,2.481,2.63325
-0.191136,-0.859621,2.481,2.63265
-0.183083,-0.859621,2.481,2.63208
-0.175031,-0.859621,2.481,2.63153
-0.168189,-0.865858,2.499,2.65009
-0.160078,-0.865858,2.499,2.64959
-0.151967,-0.865858,2.499,2.64911
-0.144892,-0.872094,2.517,2.66774
-0.136723,-0.872094,2.517,2.66731
-0.128553,-0.872094,2.517,2.6669
-0.120383,-0.872094,2.517,2.66652
-0.112214,-0.872094,2.517,2.66616
-0.10483,-0.878677,2.536,2.68596
-0.0965985,-0.878677,2.536,2.68565
-0.0890293,-0.885261,2.555,2.70548
-0.0807364,-0.885261,2.555,2.70522
-0.0724435,-0.885261,2.555,2.70499
-0.0646277,-0.891844,2.574,2.72489
-0.0562731,-0.891844,2.574,2.72471
-0.0479185,-0.891844,2.574,2.72455
-0.039856,-0.898427,2.593,2.74452
-0.0316823,-0.905357,2.613,2.76558
-0.0233787,-0.912286,2.633,2.78667
-0.0148326,-0.912286,2.633,2.78661
-0.00628658,-0.912286,2.633,2.78657
0.00225949,-0.912286,2.633,2.78657
0.0108056,-0.912286,2.633,2.78659
0.019506,-0.919562,2.654,2.80886
0.0281202,-0.919562,2.654,2.80893
0.0367344,-0.919562,2.654,2.80903
0.0453486,-0.919562,2.654,2.80916
0.0539629,-0.919562,2.654,2.80931
0.0625771,-0.919562,2.654,2.80949
0.0711913,-0.919562,2.654,2.80969
0.0791741,-0.912286,2.633,2.78769
0.0877201,-0.912286,2.633,2.78795
0.0962662,-0.912286,2.633,2.78823
0.104812,-0.912286,2.633,2.78854
0.113358,-0.912286,2.633,2.78887
0.121904,-0.912286,2.633,2.78923
0.13045,-0.912286,2.633,2.78962
0.138997,-0.912286,2.633,2.79003
0.146422,-0.905357,2.613,2.76927
0.154903,-0.905357,2.613,2.76974
0.163384,-0.905357,2.613,2.77022
0.171865,-0.905357,2.613,2.77074
0.180346,-0.905357,2.613,2.77128
0.187382,-0.898427,2.593,2.75062
0.195799,-0.898427,2.593,2.75121
0.204215,-0.898427,2.593,2.75182
0.212631,-0.898427,2.593,2.75246
0.221047,-0.898427,2.593,2.75312
0.227782,-0.891844,2.574,2.73363
0.234394,-0.885261,2.555,2.71416
0.242687,-0.885261,2.555,2.71489
0.250979,-0.885261,2.555,2.71564
0.259272,-0.885261,2.555,2.71642
0.265575,-0.878677,2.536,2.69702
0.273807,-0.878677,2.536,2.69784
0.282038,-0.878677,2.536,2.69869
0.290269,-0.878677,2.536,2.69956
0.2985,-0.878677,2.536,2.70046
0.304434,-0.872094,2.517,2.68114
0.312603,-0.872094,2.517,2.68208
0.320773,-0.872094,2.517,2.68305
0.328942,-0.872094,2.517,2.68403
0.337112,-0.872094,2.517,2.68505
0.345281,-0.872094,2.517,2.68609
0.353451,-0.872094,2.517,2.68715
0.36162,-0.872094,2.517,2.68824
0.36979,-0.872094,2.517,2.68935
0.380813,-0.878677,2.536,2.71079
0.389044,-0.878677,2.536,2.71196
0.400252,-0.885261,2.555,2.73348
0.408544,-0.885261,2.555,2.73471
0.416837,-0.885261,2.555,2.73596
0.42513,-0.885261,2.555,2.73723
0.436646,-0.891844,2.574,2.7589
0.445001,-0.891844,2.574,2.76023
0.453355,-0.891844,2.574,2.76159
0.46171,-0.891844,2.574,2.76298
0.470064,-0.891844,2.574,2.76438
0.478419,-0.891844,2.574,2.76582
0.486774,-0.891844,2.574,2.76728
0.495128,-0.891844,2.574,2.76876
0.503483,-0.891844,2.574,2.77026
0.508059,-0.885261,2.555,2.75133
0.516352,-0.885261,2.555,2.75288
0.524645,-0.885261,2.555,2.75444
0.532938,-0.885261,2.555,2.75604
0.541231,-0.885261,2.555,2.75765
0.545437,-0.878677,2.536,2.73877
0.553668,-0.878677,2.536,2.74042
0.5619,-0.878677,2.536,2.7421
0.570131,-0.878677,2.536,2.7438
0.578362,-0.878677,2.536,2.74552
0.586593,-0.878677,2.536,2.74726
0.594824,-0.878677,2.536,2.74903
0.603056,-0.878677,2.536,2.75083
0.611287,-0.878677,2.536,2.75264
0.619518,-0.878677,2.536,2.75448
0.627749,-0.878677,2.536,2.75635
0.635981,-0.878677,2.536,2.75823
0.644212,-0.878677,2.536,2.76014
0.652443,-0.878677,2.536,2.76207
0.660674,-0.878677,2.536,2.76403
0.659146,-0.865858,2.499,2.72565
0.667257,-0.865858,2.499,2.72763
0.675369,-0.865858,2.499,2.72962
0.68348,-0.865858,2.499,2.73164
0.691591,-0.865858,2.499,2.73368
0.699702,-0.865858,2.499,2.73574
0.702715,-0.859621,2.481,2.71811
0.710768,-0.859621,2.481,2.7202
0.71882,-0.859621,2.481,2.72232
0.721599,-0.853384,2.463,2.70469
0.729594,-0.853384,2.463,2.70683
0.732198,-0.847148,2.445,2.6892
0.740133,-0.847148,2.445,2.69137
0.748069,-0.847148,2.445,2.69357
0.756005,-0.847148,2.445,2.69578
0.763941,-0.847148,2.445,2.69802
0.76651,-0.841258,2.428,2.6815
0.774391,-0.841258,2.428,2.68376
0.782271,-0.841258,2.428,2.68605
0.790152,-0.841258,2.428,2.68835
0.798033,-0.841258,2.428,2.69068
0.805913,-0.841258,2.428,2.69303
0.813794,-0.841258,2.428,2.6954
0.827428,-0.847148,2.445,2.71667
0.841514,-0.853384,2.463,2.73912
0.849508,-0.853384,2.463,2.74159
0.857502,-0.853384,2.463,2.74407
0.878147,-0.865858,2.499,2.78673
0.886258,-0.865858,2.499,2.78929
0.907611,-0.878677,2.536,2.83322
0.915842,-0.878677,2.536,2.83587
0.924074,-0.878677,2.536,2.83854
0.946275,-0.891844,2.574,2.8838
0.954629,-0.891844,2.574,2.88655
nan,nan,nan,NaN
nan,nan,nan,NaN
nan,nan,nan,NaN
nan,nan,nan,NaN
nan,nan,nan,NaN
nan,nan,nan,NaN
nan,nan,nan,NaN
nan,nan,nan,NaN
nan,nan,nan,NaN
nan,nan,nan,NaN
nan,nan,nan,NaN
nan,nan,nan,NaN
nan,nan,nan,NaN
nan,nan,nan,NaN
nan,nan,nan,NaN
nan,nan,nan,NaN
nan,nan,nan,NaN
nan,nan,nan,NaN
nan,nan,nan,NaN
nan,nan,nan,NaN
nan,nan,nan,NaN
1.42857,-1.11914,3.23,3.70488
1.43905,-1.11914,3.23,3.70894
1.44953,-1.11914,3.23,3.71302
1.46002,-1.11914,3.23,3.71712
1.4705,-1.11914,3.23,3.72125
1.48098,-1.11914,3.23,3.72541
1.49147,-1.11914,3.23,3.72959
1.5159,-1.12953,3.26,3.76847
1.51244,-1.11914,3.23,3.73802
1.52292,-1.11914,3.23,3.74228
1.5334,-1.11914,3.23,3.74656
1.54389,-1.11914,3.23,3.75086
1.55437,-1.11914,3.23,3.75519
1.56485,-1.11914,3.23,3.75954
1.57534,-1.11914,3.23,3.76392
1.58582,-1.11914,3.23,3.76832
1.59631,-1.11914,3.23,3.77274
1.60679,-1.11914,3.23,3.77719
nan,nan,nan,NaN
nan,nan,nan,NaN
1.65346,-1.12953,3.26,3.82588
1.66404,-1.12953,3.26,3.83047
1.69106,-1.14062,3.292,3.87272
1.70174,-1.14062,3.292,3.8774
1.71243,-1.14062,3.292,3.8821
1.72311,-1.14062,3.292,3.88682
1.7338,-1.14062,3.292,3.89157
1.76144,-1.15171,3.324,3.93422
1.78929,-1.16279,3.356,3.97698
1.80018,-1.16279,3.356,3.98189
1.82888,-1.17423,3.389,4.02603
1.91589,-1.22273,3.529,4.19757
1.92734,-1.22273,3.529,4.20281
1.9388,-1.22273,3.529,4.20807
1.9707,-1.23555,3.566,4.25754
2.0034,-1.24872,3.604,4.30833
2.0151,-1.24872,3.604,4.31378
2.04816,-1.26189,3.642,4.3648
2.05998,-1.26189,3.642,4.37036
2.07181,-1.26189,3.642,4.37595
2.08363,-1.26189,3.642,4.38155
2.09545,-1.26189,3.642,4.38719
2.12983,-1.2754,3.681,4.43989
2.11909,-1.26189,3.642,4.39853
2.10868,-1.24872,3.604,4.35828
2.12037,-1.24872,3.604,4.36396
2.10959,-1.23555,3.566,4.32358
2.09916,-1.22273,3.529,4.28432
2.11061,-1.22273,3.529,4.28994
2.07937,-1.19813,3.458,4.20917
2.06944,-1.18601,3.423,4.17206
2.08055,-1.18601,3.423,4.17758
2.07088,-1.17423,3.389,4.14158
2.04195,-1.15171,3.324,4.06755
2.05274,-1.15171,3.324,4.07298
2.0238,-1.12953,3.26,3.9999
1.97821,-1.09835,3.17,3.89469
1.9885,-1.09835,3.17,3.89992
1.94457,-1.06855,3.084,3.79924
1.92035,-1.04984,3.03,3.73776
1.89642,-1.03148,2.977,3.67735
1.90609,-1.03148,2.977,3.68234
1.88293,-1.01381,2.926,3.62418
1.86074,-0.996828,2.877,3.56835
1.87007,-0.996828,2.877,3.57323
1.86373,-0.988512,2.853,3.54828
1.85724,-0.980197,2.829,3.52326
1.86642,-0.980197,2.829,3.52811
1.86035,-0.972228,2.806,3.50425
1.86946,-0.972228,2.806,3.5091
1.87857,-0.972228,2.806,3.51396
1.8722,-0.964258,2.783,3.48999
1.88124,-0.964258,2.783,3.49484
1.89027,-0.964258,2.783,3.49972
-2.42321,-1.19893,3.493,4.41706
-2.3877,-1.18691,3.458,4.36665
-2.37648,-1.18691,3.458,4.36053
-2.36526,-1.18691,3.458,4.35442
-2.30706,-1.16323,3.389,4.26157
-2.2737,-1.1519,3.356,4.21418
-2.26281,-1.1519,3.356,4.20832
-2.25192,-1.1519,3.356,4.20247
-2.21966,-1.14092,3.324,4.15663
-2.1876,-1.12994,3.292,4.11092
-2.17692,-1.12994,3.292,4.10524
-2.16623,-1.12994,3.292,4.09958
-2.15555,-1.12994,3.292,4.09395
-2.14486,-1.12994,3.292,4.08833
-2.13418,-1.12994,3.292,4.08274
-2.12349,-1.12994,3.292,4.07716
-2.11281,-1.12994,3.292,4.07161
-2.10212,-1.12994,3.292,4.06607
-2.09144,-1.12994,3.292,4.06056
-2.06053,-1.11895,3.26,4.01565
-2.04995,-1.11895,3.26,4.01023
-2.03936,-1.11895,3.26,4.00483
-2.02878,-1.11895,3.26,3.99945
-2.0182,-1.11895,3.26,3.9941
-2.00762,-1.11895,3.26,3.98876
-1.97866,-1.10865,3.23,3.94679
-1.96818,-1.10865,3.23,3.94154
-1.95769,-1.10865,3.23,3.93632
-1.94721,-1.10865,3.23,3.93111
nan,nan,nan,NaN
nan,nan,nan,NaN
nan,nan,nan,NaN
nan,nan,nan,NaN
nan,nan,nan,NaN
nan,nan,nan,NaN
nan,nan,nan,NaN
nan,nan,nan,NaN
nan,nan,nan,NaN
nan,nan,nan,NaN
nan,nan,nan,NaN
nan,nan,nan,NaN
nan,nan,nan,NaN
nan,nan,nan,NaN
nan,nan,nan,NaN
nan,nan,nan,NaN
nan,nan,nan,NaN
nan,nan,nan,NaN
nan,nan,nan,NaN
nan,nan,nan,NaN
nan,nan,nan,NaN
nan,nan,nan,NaN
nan,nan,nan,NaN
nan,nan,nan,NaN
nan,nan,nan,NaN
nan,nan,nan,NaN
nan,nan,nan,NaN
nan,nan,nan,NaN
nan,nan,nan,NaN
nan,nan,nan,NaN
nan,nan,nan,NaN
nan,nan,nan,NaN
nan,nan,nan,NaN
nan,nan,nan,NaN
-1.23144,-0.863927,2.517,2.93225
-1.21453,-0.857749,2.499,2.90789
-1.20641,-0.857749,2.499,2.90451
-1.1983,-0.857749,2.499,2.90115
-1.19019,-0.857749,2.499,2.89781
-1.18208,-0.857749,2.499,2.89449
-1.17397,-0.857749,2.499,2.89118
-1.15746,-0.851571,2.481,2.8671
-1.14941,-0.851571,2.481,2.86386
-1.14964,-0.857749,2.499,2.88139
-1.14153,-0.857749,2.499,2.87816
-1.1502,-0.870449,2.536,2.91752
-1.15908,-0.883492,2.574,2.95795
-1.15072,-0.883492,2.574,2.95469
-1.16855,-0.903743,2.633,3.0191
-1.16001,-0.903743,2.633,3.0158
-1.15146,-0.903743,2.633,3.01252
-1.14291,-0.903743,2.633,3.00927
-1.14341,-0.910951,2.654,3.03001
-1.14378,-0.918159,2.675,3.05072
-1.1351,-0.918159,2.675,3.04747
-1.12641,-0.918159,2.675,3.04425
-1.11773,-0.918159,2.675,3.04105
-1.10905,-0.918159,2.675,3.03787
-1.09173,-0.910951,2.654,3.01088
-1.06638,-0.896878,2.613,2.96131
-1.0579,-0.896878,2.613,2.95826
-1.04942,-0.896878,2.613,2.95524
-1.03297,-0.890013,2.593,2.92964
-1.02456,-0.890013,2.593,2.92669
-1.00869,-0.883492,2.574,2.90233
-0.985571,-0.870449,2.536,2.85663
-0.97734,-0.870449,2.536,2.8538
-0.961848,-0.863927,2.517,2.82963
-0.946858,-0.857749,2.499,2.80665
-0.938747,-0.857749,2.499,2.80392
-0.930636,-0.857749,2.499,2.80122
-0.922525,-0.857749,2.499,2.79853
-0.914414,-0.857749,2.499,2.79587
-0.906302,-0.857749,2.499,2.79323
-0.898191,-0.857749,2.499,2.79061
-0.883669,-0.851571,2.481,2.76792
-0.875616,-0.851571,2.481,2.76536
-0.867564,-0.851571,2.481,2.76282
-0.859511,-0.851571,2.481,2.76031
-0.851458,-0.851571,2.481,2.75781
-0.843405,-0.851571,2.481,2.75533
-0.829292,-0.845392,2.463,2.73291
-0.821298,-0.845392,2.463,2.73049
-0.813304,-0.845392,2.463,2.7281
-0.805309,-0.845392,2.463,2.72573
-0.797315,-0.845392,2.463,2.72337
-0.789321,-0.845392,2.463,2.72104
-0.775616,-0.839214,2.445,2.69887
-0.767681,-0.839214,2.445,2.6966
-0.765338,-0.845392,2.463,2.71418
-0.757344,-0.845392,2.463,2.71194
-0.749349,-0.845392,2.463,2.70972
-0.741355,-0.845392,2.463,2.70752
-0.733361,-0.845392,2.463,2.70534
-0.725366,-0.845392,2.463,2.70319
-0.717372,-0.845392,2.463,2.70105
-0.709378,-0.845392,2.463,2.69894
-0.701384,-0.845392,2.463,2.69685
-0.698457,-0.851571,2.481,2.71448
-0.690404,-0.851571,2.481,2.71241
-0.682351,-0.851571,2.481,2.71038
-0.679191,-0.857749,2.499,2.72801
-0.67108,-0.857749,2.499,2.726
-0.662968,-0.857749,2.499,2.72402
-0.659574,-0.863927,2.517,2.74166
-0.651405,-0.863927,2.517,2.73971
-0.643235,-0.863927,2.517,2.73777
-0.635065,-0.863927,2.517,2.73587
-0.631628,-0.870449,2.536,2.75462
-0.623397,-0.870449,2.536,2.75274
-0.615166,-0.870449,2.536,2.75089
-0.606935,-0.870449,2.536,2.74906
-0.603189,-0.87697,2.555,2.76784
-0.594896,-0.87697,2.555,2.76604
-0.586603,-0.87697,2.555,2.76427
-0.582611,-0.883492,2.574,2.78307
-0.574256,-0.883492,2.574,2.78133
-0.565902,-0.883492,2.574,2.77962
-0.557547,-0.883492,2.574,2.77793
-0.553246,-0.890013,2.593,2.79676
-0.540838,-0.883492,2.574,2.77462
-0.532483,-0.883492,2.574,2.77301
-0.524129,-0.883492,2.574,2.77142
-0.515774,-0.883492,2.574,2.76985
-0.50742,-0.883492,2.574,2.7683
-0.499065,-0.883492,2.574,2.76679
-0.49071,-0.883492,2.574,2.76529
-0.478795,-0.87697,2.555,2.74342
-0.470502,-0.87697,2.555,2.74198
-0.46221,-0.87697,2.555,2.74057
-0.453917,-0.87697,2.555,2.73919
-0.445624,-0.87697,2.555,2.73782
-0.437331,-0.87697,2.555,2.73649
-0.429038,-0.87697,2.555,2.73517
-0.420745,-0.87697,2.555,2.73389
-0.412452,-0.87697,2.555,2.73262
-0.401154,-0.870449,2.536,2.71107
-0.392923,-0.870449,2.536,2.70986
-0.381809,-0.863927,2.517,2.68839
-0.37364,-0.863927,2.517,2.68724
-0.36547,-0.863927,2.517,2.68612
-0.35219,-0.851571,2.481,2.64662
-0.344137,-0.851571,2.481,2.64556
-0.336085,-0.851571,2.481,2.64452
-0.325652,-0.845392,2.463,2.62433
-0.317658,-0.845392,2.463,2.62335
-0.309664,-0.845392,2.463,2.62239
-0.301669,-0.845392,2.463,2.62146
-0.293675,-0.845392,2.463,2.62055
-0.285681,-0.845392,2.463,2.61967
-0.277686,-0.845392,2.463,2.61881
-0.269692,-0.845392,2.463,2.61797
-0.261698,-0.845392,2.463,2.61716
-0.253704,-0.845392,2.463,2.61638
-0.245709,-0.845392,2.463,2.61561
-0.237715,-0.845392,2.463,2.61487
-0.229721,-0.845392,2.463,2.61416
-0.221726,-0.845392,2.463,2.61347
-0.213732,-0.845392,2.463,2.6128
-0.205738,-0.845392,2.463,2.61216
-0.197744,-0.845392,2.463,2.61154
-0.189749,-0.845392,2.463,2.61095
-0.183083,-0.851571,2.481,2.62946
-0.175031,-0.851571,2.481,2.62891
-0.168189,-0.857749,2.499,2.64746
-0.160078,-0.857749,2.499,2.64695
-0.151967,-0.857749,2.499,2.64647
-0.143856,-0.857749,2.499,2.64602
-0.135745,-0.857749,2.499,2.64559
-0.127634,-0.857749,2.499,2.64519
-0.120383,-0.863927,2.517,2.66386
-0.112214,-0.863927,2.517,2.6635
-0.104044,-0.863927,2.517,2.66317
-0.0958747,-0.863927,2.517,2.66287
-0.0883672,-0.870449,2.536,2.68268
-0.080136,-0.870449,2.536,2.68242
-0.0719048,-0.870449,2.536,2.68219
-0.0641506,-0.87697,2.555,2.70208
-0.0558577,-0.87697,2.555,2.70189
-0.0475648,-0.87697,2.555,2.70173
-0.039564,-0.883492,2.574,2.72169
-0.0314398,-0.890013,2.593,2.74167
-0.0232011,-0.896878,2.613,2.76273
-0.01472,-0.896878,2.613,2.76268
-0.00628658,-0.903743,2.633,2.78379
0.00225949,-0.903743,2.633,2.78378
0.0108056,-0.903743,2.633,2.7838
0.0193516,-0.903743,2.633,2.78385
0.0278977,-0.903743,2.633,2.78392
0.0364437,-0.903743,2.633,2.78402
0.0449898,-0.903743,2.633,2.78415
0.0535359,-0.903743,2.633,2.7843
0.0620819,-0.903743,2.633,2.78447
0.070628,-0.903743,2.633,2.78468
0.0791741,-0.903743,2.633,2.78491
0.0877201,-0.903743,2.633,2.78516
0.0962662,-0.903743,2.633,2.78545
0.104812,-0.903743,2.633,2.78575
0.113358,-0.903743,2.633,2.78609
0.121904,-0.903743,2.633,2.78645
0.13045,-0.903743,2.633,2.78684
0.138997,-0.903743,2.633,2.78725
0.146422,-0.896878,2.613,2.76651
0.154903,-0.896878,2.613,2.76698
0.163384,-0.896878,2.613,2.76746
0.171865,-0.896878,2.613,2.76798
0.180346,-0.896878,2.613,2.76852
0.187382,-0.890013,2.593,2.74789
0.195799,-0.890013,2.593,2.74847
0.202718,-0.883492,2.574,2.72894
0.211073,-0.883492,2.574,2.72958
0.219428,-0.883492,2.574,2.73023
0.226101,-0.87697,2.555,2.71076
0.234394,-0.87697,2.555,2.71146
0.242687,-0.87697,2.555,2.71219
0.249113,-0.870449,2.536,2.69277
0.257344,-0.870449,2.536,2.69355
0.265575,-0.870449,2.536,2.69435
0.273807,-0.870449,2.536,2.69517
0.279925,-0.863927,2.517,2.67582
0.288094,-0.863927,2.517,2.67669
0.296264,-0.863927,2.517,2.67758
0.304434,-0.863927,2.517,2.6785
0.312603,-0.863927,2.517,2.67944
0.320773,-0.863927,2.517,2.6804
0.328942,-0.863927,2.517,2.68139
0.334701,-0.857749,2.499,2.66322
0.342812,-0.857749,2.499,2.66425
0.350923,-0.857749,2.499,2.66531
0.36162,-0.863927,2.517,2.6856
0.36979,-0.863927,2.517,2.68671
0.380813,-0.870449,2.536,2.70813
0.389044,-0.870449,2.536,2.7093
0.397275,-0.870449,2.536,2.7105
0.405506,-0.870449,2.536,2.71172
0.413738,-0.870449,2.536,2.71296
0.42513,-0.87697,2.555,2.73456
0.433423,-0.87697,2.555,2.73586
0.441716,-0.87697,2.555,2.73719
0.450009,-0.87697,2.555,2.73854
0.458302,-0.87697,2.555,2.73992
0.470064,-0.883492,2.574,2.7617
0.478419,-0.883492,2.574,2.76314
0.486774,-0.883492,2.574,2.76459
0.495128,-0.883492,2.574,2.76608
0.503483,-0.883492,2.574,2.76759
0.508059,-0.87697,2.555,2.74868
0.516352,-0.87697,2.555,2.75022
0.524645,-0.87697,2.555,2.75179
0.532938,-0.87697,2.555,2.75338
0.541231,-0.87697,2.555,2.755
0.545437,-0.870449,2.536,2.73614
0.553668,-0.870449,2.536,2.7378
0.5619,-0.870449,2.536,2.73947
0.570131,-0.870449,2.536,2.74117
0.578362,-0.870449,2.536,2.7429
0.586593,-0.870449,2.536,2.74464
0.594824,-0.870449,2.536,2.74641
0.603056,-0.870449,2.536,2.74821
0.611287,-0.870449,2.536,2.75003
0.619518,-0.870449,2.536,2.75187
0.627749,-0.870449,2.536,2.75373
0.635981,-0.870449,2.536,2.75562
0.644212,-0.870449,2.536,2.75753
0.652443,-0.870449,2.536,2.75947
0.660674,-0.870449,2.536,2.76142
0.659146,-0.857749,2.499,2.72309
0.667257,-0.857749,2.499,2.72506
0.675369,-0.857749,2.499,2.72706
0.68348,-0.857749,2.499,2.72908
0.691591,-0.857749,2.499,2.73112
0.699702,-0.857749,2.499,2.73319
0.702715,-0.851571,2.481,2.71557
0.710768,-0.851571,2.481,2.71767
0.71882,-0.851571,2.481,2.71979
0.721599,-0.845392,2.463,2.70218
0.729594,-0.845392,2.463,2.70432
0.732198,-0.839214,2.445,2.68671
0.740133,-0.839214,2.445,2.68889
0.748069,-0.839214,2.445,2.69108
0.756005,-0.839214,2.445,2.6933
0.763941,-0.839214,2.445,2.69554
0.76651,-0.833379,2.428,2.67904
0.774391,-0.833379,2.428,2.6813
0.782271,-0.833379,2.428,2.68359
0.790152,-0.833379,2.428,2.6859
0.798033,-0.833379,2.428,2.68823
0.805913,-0.833379,2.428,2.69058
0.813794,-0.833379,2.428,2.69295
0.827428,-0.839214,2.445,2.71421
0.841514,-0.845392,2.463,2.73664
0.849508,-0.845392,2.463,2.73911
0.857502,-0.845392,2.463,2.7416
nan,nan,nan,NaN
nan,nan,nan,NaN
nan,nan,nan,NaN
nan,nan,nan,NaN
nan,nan,nan,NaN
nan,nan,nan,NaN
nan,nan,nan,NaN
nan,nan,nan,NaN
nan,nan,nan,NaN
nan,nan,nan,NaN
nan,nan,nan,NaN
nan,nan,nan,NaN
nan,nan,nan,NaN
nan,nan,nan,NaN
nan,nan,nan,NaN
nan,nan,nan,NaN
nan,nan,nan,NaN
nan,nan,nan,NaN
nan,nan,nan,NaN
nan,nan,nan,NaN
nan,nan,nan,NaN
nan,nan,nan,NaN
nan,nan,nan,NaN
nan,nan,nan,NaN
nan,nan,nan,NaN
nan,nan,nan,NaN
nan,nan,nan,NaN
nan,nan,nan,NaN
1.42857,-1.10865,3.23,3.70173
1.43905,-1.10865,3.23,3.70579
1.44953,-1.10865,3.23,3.70987
1.46002,-1.10865,3.23,3.71398
1.4705,-1.10865,3.23,3.71812
1.48098,-1.10865,3.23,3.72228
1.49147,-1.10865,3.23,3.72646
1.5159,-1.11895,3.26,3.76532
1.51244,-1.10865,3.23,3.7349
1.52292,-1.10865,3.23,3.73916
1.5334,-1.10865,3.23,3.74344
1.54389,-1.10865,3.23,3.74775
1.55437,-1.10865,3.23,3.75208
1.56485,-1.10865,3.23,3.75643
1.57534,-1.10865,3.23,3.76081
1.58582,-1.10865,3.23,3.76522
1.59631,-1.10865,3.23,3.76964
1.60679,-1.10865,3.23,3.77409
1.61727,-1.10865,3.23,3.77857
1.64288,-1.11895,3.26,3.81821
1.65346,-1.11895,3.26,3.82277
1.66404,-1.11895,3.26,3.82736
1.69106,-1.12994,3.292,3.86959
1.70174,-1.12994,3.292,3.87427
1.71243,-1.12994,3.292,3.87897
1.72311,-1.12994,3.292,3.8837
1.7338,-1.12994,3.292,3.88845
1.76144,-1.14092,3.324,3.93107
1.78929,-1.1519,3.356,3.97381
1.80018,-1.1519,3.356,3.97873
1.82888,-1.16323,3.389,4.02284
1.87734,-1.18691,3.458,4.10986
1.92734,-1.21128,3.529,4.19949
1.9388,-1.21128,3.529,4.20476
1.9707,-1.22398,3.566,4.25419
2.0034,-1.23703,3.604,4.30496
2.0151,-1.23703,3.604,4.31041
2.04816,-1.25007,3.642,4.3614
2.05998,-1.25007,3.642,4.36696
2.07181,-1.25007,3.642,4.37255
2.08363,-1.25007,3.642,4.37817
2.09545,-1.25007,3.642,4.3838
2.12983,-1.26345,3.681,4.43647
2.11909,-1.25007,3.642,4.39515
2.10868,-1.23703,3.604,4.35495
2.12037,-1.23703,3.604,4.36062
2.10959,-1.22398,3.566,4.32029
2.09916,-1.21128,3.529,4.28106
2.11061,-1.21128,3.529,4.28669
2.07937,-1.18691,3.458,4.20599
2.06944,-1.1749,3.423,4.16892
2.08055,-1.1749,3.423,4.17445
2.05072,-1.1519,3.356,4.09818
2.04195,-1.14092,3.324,4.06451
2.05274,-1.14092,3.324,4.06994
2.0238,-1.11895,3.26,3.99693
1.97821,-1.08806,3.17,3.8918
1.9885,-1.08806,3.17,3.89704
1.94457,-1.05854,3.084,3.79643
1.92035,-1.04001,3.03,3.73501
1.89642,-1.02182,2.977,3.67465
1.90609,-1.02182,2.977,3.67965
1.89902,-1.01289,2.951,3.65248
1.87626,-0.99573,2.901,3.5955
1.88567,-0.99573,2.901,3.60042
1.87941,-0.987492,2.877,3.57554
1.85724,-0.971017,2.829,3.52072
1.86642,-0.971017,2.829,3.52557
1.8756,-0.971017,2.829,3.53044
1.88479,-0.971017,2.829,3.53533
1.89397,-0.971017,2.829,3.54023
1.88768,-0.963123,2.806,3.51633
1.89678,-0.963123,2.806,3.52123
1.90589,-0.963123,2.806,3.52614
-2.44818,-1.19983,3.529,4.45949
-2.43673,-1.19983,3.529,4.45321
-2.40053,-1.18759,3.493,4.40159
-2.3892,-1.18759,3.493,4.39542
-2.33021,-1.16379,3.423,4.3013
-2.29606,-1.15223,3.389,4.25263
-2.26281,-1.14101,3.356,4.20535
-2.25192,-1.14101,3.356,4.1995
-2.24102,-1.14101,3.356,4.19367
-2.20887,-1.13013,3.324,4.14792
-2.19808,-1.13013,3.324,4.14219
-2.18729,-1.13013,3.324,4.13647
-2.1765,-1.13013,3.324,4.13078
-2.16571,-1.13013,3.324,4.1251
-2.15492,-1.13013,3.324,4.11945
-2.14413,-1.13013,3.324,4.11382
-2.13335,-1.13013,3.324,4.1082
-2.12256,-1.13013,3.324,4.10261
-2.09144,-1.11925,3.292,4.0576
-2.08075,-1.11925,3.292,4.0521
-2.07007,-1.11925,3.292,4.04663
-2.05938,-1.11925,3.292,4.04117
-2.0487,-1.11925,3.292,4.03573
-2.03801,-1.11925,3.292,4.03032
-2.00762,-1.10837,3.26,3.9858
-1.99704,-1.10837,3.26,3.98049
-1.98646,-1.10837,3.26,3.97519
-1.97588,-1.10837,3.26,3.96991
-1.9653,-1.10837,3.26,3.96465
nan,nan,nan,NaN
nan,nan,nan,NaN
nan,nan,nan,NaN
nan,nan,nan,NaN
nan,nan,nan,NaN
nan,nan,nan,NaN
nan,nan,nan,NaN
nan,nan,nan,NaN
nan,nan,nan,NaN
nan,nan,nan,NaN
nan,nan,nan,NaN
nan,nan,nan,NaN
nan,nan,nan,NaN
nan,nan,nan,NaN
nan,nan,nan,NaN
nan,nan,nan,NaN
nan,nan,nan,NaN
nan,nan,nan,NaN
nan,nan,nan,NaN
nan,nan,nan,NaN
nan,nan,nan,NaN
nan,nan,nan,NaN
nan,nan,nan,NaN
nan,nan,nan,NaN
nan,nan,nan,NaN
nan,nan,nan,NaN
nan,nan,nan,NaN
nan,nan,nan,NaN
nan,nan,nan,NaN
nan,nan,nan,NaN
nan,nan,nan,NaN
nan,nan,nan,NaN
-1.26662,-0.86868,2.555,2.9811
-1.25833,-0.86868,2.555,2.97759
-1.23144,-0.85576,2.517,2.92986
-1.21453,-0.84964,2.499,2.90551
-1.20641,-0.84964,2.499,2.90212
-1.18967,-0.84352,2.481,2.87788
-1.18162,-0.84352,2.481,2.87456
-1.17357,-0.84352,2.481,2.87126
-1.16551,-0.84352,2.481,2.86798
-1.15746,-0.84352,2.481,2.86472
-1.14941,-0.84352,2.481,2.86147
-1.14136,-0.84352,2.481,2.85825
-1.1333,-0.84352,2.481,2.85504
-1.12525,-0.84352,2.481,2.85186
-1.1253,-0.84964,2.499,2.86935
-1.11719,-0.84964,2.499,2.86618
-1.1255,-0.86222,2.536,2.90542
-1.12564,-0.86868,2.555,2.92399
-1.11735,-0.86868,2.555,2.9208
-1.10906,-0.86868,2.555,2.91764
-1.10895,-0.875139,2.574,2.93617
-1.10872,-0.881599,2.593,2.95468
-1.1003,-0.881599,2.593,2.95153
-1.10031,-0.888399,2.613,2.97114
-1.09183,-0.888399,2.613,2.96801
-1.08334,-0.888399,2.613,2.9649
-1.06664,-0.881599,2.593,2.93915
-1.05047,-0.875139,2.574,2.91459
-1.04211,-0.875139,2.574,2.91159
-1.03376,-0.875139,2.574,2.90861
-1.01783,-0.86868,2.555,2.8842
-1.00954,-0.86868,2.555,2.88128
-1.00125,-0.86868,2.555,2.87839
-0.978187,-0.85576,2.517,2.83275
-0.970017,-0.85576,2.517,2.82994
-0.954969,-0.84964,2.499,2.80693
-0.940038,-0.84352,2.481,2.78398
-0.931985,-0.84352,2.481,2.78127
-0.923933,-0.84352,2.481,2.77859
-0.91588,-0.84352,2.481,2.77592
-0.907827,-0.84352,2.481,2.77327
-0.906302,-0.84964,2.499,2.79075
-0.891722,-0.84352,2.481,2.76804
-0.883669,-0.84352,2.481,2.76546
-0.875616,-0.84352,2.481,2.7629
-0.867564,-0.84352,2.481,2.76035
-0.859511,-0.84352,2.481,2.75783
-0.851458,-0.84352,2.481,2.75533
-0.837286,-0.8374,2.463,2.73288
-0.829292,-0.8374,2.463,2.73045
-0.821298,-0.8374,2.463,2.72803
-0.813304,-0.8374,2.463,2.72563
-0.805309,-0.8374,2.463,2.72326
-0.791488,-0.83128,2.445,2.70102
-0.783552,-0.83128,2.445,2.6987
-0.775616,-0.83128,2.445,2.69641
-0.767681,-0.83128,2.445,2.69414
-0.759745,-0.83128,2.445,2.69189
-0.751809,-0.83128,2.445,2.68966
-0.749349,-0.8374,2.463,2.70724
-0.741355,-0.8374,2.463,2.70504
-0.733361,-0.8374,2.463,2.70286
-0.725366,-0.8374,2.463,2.7007
-0.717372,-0.8374,2.463,2.69856
-0.709378,-0.8374,2.463,2.69645
-0.701384,-0.8374,2.463,2.69435
-0.698457,-0.84352,2.481,2.71196
-0.690404,-0.84352,2.481,2.7099
-0.682351,-0.84352,2.481,2.70786
-0.679191,-0.84964,2.499,2.72547
-0.67108,-0.84964,2.499,2.72346
-0.662968,-0.84964,2.499,2.72147
-0.659574,-0.85576,2.517,2.7391
-0.651405,-0.85576,2.517,2.73714
-0.643235,-0.85576,2.517,2.73521
-0.635065,-0.85576,2.517,2.7333
-0.626896,-0.85576,2.517,2.73141
-0.623397,-0.86222,2.536,2.75015
-0.615166,-0.86222,2.536,2.7483
-0.606935,-0.86222,2.536,2.74647
-0.598703,-0.86222,2.536,2.74466
-0.590472,-0.86222,2.536,2.74288
-0.582241,-0.86222,2.536,2.74112
-0.57831,-0.86868,2.555,2.7599
-0.570017,-0.86868,2.555,2.75818
-0.561724,-0.86868,2.555,2.75648
-0.553431,-0.86868,2.555,2.7548
-0.545139,-0.86868,2.555,2.75314
-0.536846,-0.86868,2.555,2.75151
-0.528553,-0.86868,2.555,2.74991
-0.52026,-0.86868,2.555,2.74833
-0.511967,-0.86868,2.555,2.74677
-0.499929,-0.86222,2.536,2.72482
-0.491697,-0.86222,2.536,2.72332
-0.483466,-0.86222,2.536,2.72185
-0.475235,-0.86222,2.536,2.7204
-0.467004,-0.86222,2.536,2.71897
-0.458772,-0.86222,2.536,2.71757
-0.450541,-0.86222,2.536,2.71619
-0.44231,-0.86222,2.536,2.71484
-0.434079,-0.86222,2.536,2.71351
-0.425848,-0.86222,2.536,2.71221
-0.417616,-0.86222,2.536,2.71093
-0.409385,-0.86222,2.536,2.70967
-0.401154,-0.86222,2.536,2.70844
-0.389979,-0.85576,2.517,2.68695
-0.381809,-0.85576,2.517,2.68578
-0.37364,-0.85576,2.517,2.68463
-0.362857,-0.84964,2.499,2.66431
-0.35219,-0.84352,2.481,2.64404
-0.344137,-0.84352,2.481,2.64298
-0.336085,-0.84352,2.481,2.64194
-0.325652,-0.8374,2.463,2.62177
-0.317658,-0.8374,2.463,2.62079
-0.309664,-0.8374,2.463,2.61983
-0.299465,-0.83128,2.445,2.59976
-0.291529,-0.83128,2.445,2.59885
-0.283593,-0.83128,2.445,2.59798
-0.275657,-0.83128,2.445,2.59712
-0.267721,-0.83128,2.445,2.59629
-0.261698,-0.8374,2.463,2.61459
-0.253704,-0.8374,2.463,2.6138
-0.245709,-0.8374,2.463,2.61304
-0.237715,-0.8374,2.463,2.6123
-0.229721,-0.8374,2.463,2.61159
-0.221726,-0.8374,2.463,2.61089
-0.213732,-0.8374,2.463,2.61023
-0.205738,-0.8374,2.463,2.60959
-0.197744,-0.8374,2.463,2.60897
-0.189749,-0.8374,2.463,2.60837
-0.183083,-0.84352,2.481,2.62686
-0.175031,-0.84352,2.481,2.62631
-0.168189,-0.84964,2.499,2.64484
-0.160078,-0.84964,2.499,2.64434
-0.151967,-0.84964,2.499,2.64386
-0.143856,-0.84964,2.499,2.6434
-0.135745,-0.84964,2.499,2.64297
-0.127634,-0.84964,2.499,2.64257
-0.120383,-0.85576,2.517,2.66122
-0.112214,-0.85576,2.517,2.66087
-0.104044,-0.85576,2.517,2.66053
-0.0958747,-0.85576,2.517,2.66023
-0.0883672,-0.86222,2.536,2.68002
-0.080136,-0.86222,2.536,2.67976
-0.0719048,-0.86222,2.536,2.67953
-0.0641506,-0.86868,2.555,2.6994
-0.0558577,-0.86868,2.555,2.69921
-0.0475648,-0.86868,2.555,2.69905
-0.039564,-0.875139,2.574,2.71899
-0.0314398,-0.881599,2.593,2.73895
-0.0232011,-0.888399,2.613,2.75999
-0.01472,-0.888399,2.613,2.75993
-0.00628658,-0.895199,2.633,2.78103
0.00225949,-0.895199,2.633,2.78102
0.0108056,-0.895199,2.633,2.78104
0.0193516,-0.895199,2.633,2.78109
0.0278977,-0.895199,2.633,2.78116
0.0364437,-0.895199,2.633,2.78126
0.0449898,-0.895199,2.633,2.78138
0.0535359,-0.895199,2.633,2.78153
0.0620819,-0.895199,2.633,2.78171
0.070628,-0.895199,2.633,2.78192
0.0791741,-0.895199,2.633,2.78215
0.0877201,-0.895199,2.633,2.7824
0.0962662,-0.895199,2.633,2.78269
0.104812,-0.895199,2.633,2.78299
0.113358,-0.895199,2.633,2.78333
0.121904,-0.895199,2.633,2.78369
0.13045,-0.895199,2.633,2.78408
0.138997,-0.895199,2.633,2.78449
0.146422,-0.888399,2.613,2.76378
0.154903,-0.888399,2.613,2.76424
0.163384,-0.888399,2.613,2.76473
0.171865,-0.888399,2.613,2.76524
0.180346,-0.888399,2.613,2.76578
0.187382,-0.881599,2.593,2.74517
0.195799,-0.881599,2.593,2.74576
0.202718,-0.875139,2.574,2.72625
0.211073,-0.875139,2.574,2.72688
0.219428,-0.875139,2.574,2.72754
0.226101,-0.86868,2.555,2.70809
0.234394,-0.86868,2.555,2.70879
0.242687,-0.86868,2.555,2.70953
0.249113,-0.86222,2.536,2.69013
0.257344,-0.86222,2.536,2.6909
0.265575,-0.86222,2.536,2.6917
0.273807,-0.86222,2.536,2.69252
0.279925,-0.85576,2.517,2.6732
0.288094,-0.85576,2.517,2.67406
0.296264,-0.85576,2.517,2.67496
0.304434,-0.85576,2.517,2.67587
0.312603,-0.85576,2.517,2.67681
0.320773,-0.85576,2.517,2.67778
0.328942,-0.85576,2.517,2.67877
0.334701,-0.84964,2.499,2.66062
0.342812,-0.84964,2.499,2.66166
0.350923,-0.84964,2.499,2.66271
0.36162,-0.85576,2.517,2.68298
0.36979,-0.85576,2.517,2.68409
0.380813,-0.86222,2.536,2.7055
0.389044,-0.86222,2.536,2.70667
0.397275,-0.86222,2.536,2.70787
0.405506,-0.86222,2.536,2.70909
0.413738,-0.86222,2.536,2.71033
0.42513,-0.86868,2.555,2.73192
0.433423,-0.86868,2.555,2.73322
0.441716,-0.86868,2.555,2.73455
0.450009,-0.86868,2.555,2.7359
0.458302,-0.86868,2.555,2.73727
0.466595,-0.86868,2.555,2.73867
0.474888,-0.86868,2.555,2.7401
0.48318,-0.86868,2.555,2.74155
0.491473,-0.86868,2.555,2.74302
0.499766,-0.86868,2.555,2.74452
0.504281,-0.86222,2.536,2.72562
0.512512,-0.86222,2.536,2.72716
0.520743,-0.86222,2.536,2.72872
0.528975,-0.86222,2.536,2.7303
0.537206,-0.86222,2.536,2.73191
0.545437,-0.86222,2.536,2.73354
0.553668,-0.86222,2.536,2.73519
0.5619,-0.86222,2.536,2.73687
0.570131,-0.86222,2.536,2.73857
0.578362,-0.86222,2.536,2.7403
0.582199,-0.85576,2.517,2.7215
0.590368,-0.85576,2.517,2.72326
0.598538,-0.85576,2.517,2.72504
0.606707,-0.85576,2.517,2.72685
0.614877,-0.85576,2.517,2.72868
0.623046,-0.85576,2.517,2.73053
0.631216,-0.85576,2.517,2.73241
0.639385,-0.85576,2.517,2.73431
0.647555,-0.85576,2.517,2.73623
0.655725,-0.85576,2.517,2.73817
0.659146,-0.84964,2.499,2.72054
0.667257,-0.84964,2.499,2.72252
0.675369,-0.84964,2.499,2.72452
0.678557,-0.84352,2.481,2.7069
0.686609,-0.84352,2.481,2.70893
0.694662,-0.84352,2.481,2.71099
0.697617,-0.8374,2.463,2.69338
0.705611,-0.8374,2.463,2.69546
0.70839,-0.83128,2.445,2.67785
0.716326,-0.83128,2.445,2.67996
0.724262,-0.83128,2.445,2.68209
0.732198,-0.83128,2.445,2.68424
0.734987,-0.825501,2.428,2.66774
0.742868,-0.825501,2.428,2.66992
0.750749,-0.825501,2.428,2.67213
0.758629,-0.825501,2.428,2.67435
0.76651,-0.825501,2.428,2.6766
0.774391,-0.825501,2.428,2.67886
0.782271,-0.825501,2.428,2.68115
0.78462,-0.819721,2.411,2.66467
0.792445,-0.819721,2.411,2.66699
0.800271,-0.819721,2.411,2.66933
0.808096,-0.819721,2.411,2.67168
0.821675,-0.825501,2.428,2.69291
0.829556,-0.825501,2.428,2.69533
0.837436,-0.825501,2.428,2.69776
0.857502,-0.8374,2.463,2.73915
nan,nan,nan,NaN
0.879874,-0.84352,2.481,2.76425
0.887927,-0.84352,2.481,2.76682
0.90248,-0.84964,2.499,2.78951
0.910591,-0.84964,2.499,2.79214
0.932305,-0.86222,2.536,2.83618
0.940536,-0.86222,2.536,2.8389
nan,nan,nan,NaN
nan,nan,nan,NaN
nan,nan,nan,NaN
nan,nan,nan,NaN
nan,nan,nan,NaN
nan,nan,nan,NaN
nan,nan,nan,NaN
nan,nan,nan,NaN
nan,nan,nan,NaN
nan,nan,nan,NaN
nan,nan,nan,NaN
nan,nan,nan,NaN
nan,nan,nan,NaN
nan,nan,nan,NaN
nan,nan,nan,NaN
nan,nan,nan,NaN
nan,nan,nan,NaN
nan,nan,nan,NaN
nan,nan,nan,NaN
nan,nan,nan,NaN
nan,nan,nan,NaN
1.42857,-1.09817,3.23,3.69861
1.43905,-1.09817,3.23,3.70267
1.44953,-1.09817,3.23,3.70676
1.46002,-1.09817,3.23,3.71087
1.4705,-1.09817,3.23,3.715
1.48098,-1.09817,3.23,3.71917
1.49147,-1.09817,3.23,3.72335
1.50195,-1.09817,3.23,3.72757
1.51244,-1.09817,3.23,3.7318
1.52292,-1.09817,3.23,3.73606
1.5334,-1.09817,3.23,3.74035
1.54389,-1.09817,3.23,3.74466
1.55437,-1.09817,3.23,3.74899
1.56485,-1.09817,3.23,3.75335
1.57534,-1.09817,3.23,3.75774
1.58582,-1.09817,3.23,3.76214
1.59631,-1.09817,3.23,3.76657
1.60679,-1.09817,3.23,3.77103
1.61727,-1.09817,3.23,3.77551
1.62776,-1.09817,3.23,3.78001
1.63824,-1.09817,3.23,3.78454
1.64872,-1.09817,3.23,3.78909
1.67462,-1.10837,3.26,3.8289
1.6852,-1.10837,3.26,3.83354
1.71243,-1.11925,3.292,3.87587
1.72311,-1.11925,3.292,3.88061
1.7338,-1.11925,3.292,3.88536
1.76144,-1.13013,3.324,3.92796
1.78929,-1.14101,3.356,3.97067
1.80018,-1.14101,3.356,3.97559
1.82888,-1.15223,3.389,4.01967
1.87734,-1.17569,3.458,4.10663
1.92734,-1.19983,3.529,4.1962
1.9388,-1.19983,3.529,4.20147
1.9707,-1.21241,3.566,4.25088
2.0034,-1.22533,3.604,4.30161
2.0151,-1.22533,3.604,4.30707
2.04816,-1.23825,3.642,4.35803
2.05998,-1.23825,3.642,4.3636
2.07181,-1.23825,3.642,4.36919
2.08363,-1.23825,3.642,4.37481
2.09545,-1.23825,3.642,4.38045
2.12983,-1.25151,3.681,4.43308
2.11909,-1.23825,3.642,4.39181
2.10868,-1.22533,3.604,4.35164
2.12037,-1.22533,3.604,4.35732
2.10959,-1.21241,3.566,4.31702
2.07774,-1.18759,3.493,4.2342
2.08908,-1.18759,3.493,4.23977
2.07937,-1.17569,3.458,4.20283
2.06944,-1.16379,3.423,4.1658
2.08055,-1.16379,3.423,4.17133
2.05072,-1.14101,3.356,4.09513
2.04195,-1.13013,3.324,4.06149
2.05274,-1.13013,3.324,4.06693
2.00517,-1.09817,3.23,3.95722
1.97821,-1.07777,3.17,3.88894
1.9885,-1.07777,3.17,3.89418
1.94457,-1.04854,3.084,3.79366
1.92035,-1.03018,3.03,3.73228
1.89642,-1.01216,2.977,3.67198
1.90609,-1.01216,2.977,3.67698
1.89902,-1.00332,2.951,3.64984
1.89243,-0.994817,2.926,3.62387
1.90192,-0.994817,2.926,3.62884
1.87941,-0.978157,2.877,3.57297
1.87299,-0.969997,2.853,3.54804
1.88225,-0.969997,2.853,3.55294
1.89151,-0.969997,2.853,3.55786
1.88479,-0.961837,2.829,3.53282
1.89397,-0.961837,2.829,3.53772
1.90315,-0.961837,2.829,3.54265
1.89678,-0.954018,2.806,3.51875
1.90589,-0.954018,2.806,3.52366
-2.44818,-1.18838,3.529,4.45642
-2.43673,-1.18838,3.529,4.45014
-2.40053,-1.17626,3.493,4.39854
-2.3892,-1.17626,3.493,4.39237
-2.33021,-1.15269,3.423,4.29831
-2.29606,-1.14124,3.389,4.24966
-2.26281,-1.13012,3.356,4.20241
-2.25192,-1.13012,3.356,4.19655
-2.24102,-1.13012,3.356,4.19072
-2.20887,-1.11935,3.324,4.145
-2.19808,-1.11935,3.324,4.13926
-2.18729,-1.11935,3.324,4.13354
-2.1765,-1.11935,3.324,4.12784
-2.16571,-1.11935,3.324,4.12216
-2.15492,-1.11935,3.324,4.1165
-2.14413,-1.11935,3.324,4.11087
-2.13335,-1.11935,3.324,4.10525
-2.12256,-1.11935,3.324,4.09965
-2.09144,-1.10857,3.292,4.05467
-2.08075,-1.10857,3.292,4.04916
-2.07007,-1.10857,3.292,4.04368
-2.05938,-1.10857,3.292,4.03822
-2.0487,-1.10857,3.292,4.03279
-2.03801,-1.10857,3.292,4.02737
-2.00762,-1.0978,3.26,3.98288
-1.99704,-1.0978,3.26,3.97755
-1.98646,-1.0978,3.26,3.97225
-1.97588,-1.0978,3.26,3.96697
-1.9653,-1.0978,3.26,3.96171
nan,nan,nan,NaN
nan,nan,nan,NaN
nan,nan,nan,NaN
nan,nan,nan,NaN
nan,nan,nan,NaN
nan,nan,nan,NaN
nan,nan,nan,NaN
nan,nan,nan,NaN
nan,nan,nan,NaN
nan,nan,nan,NaN
nan,nan,nan,NaN
nan,nan,nan,NaN
nan,nan,nan,NaN
nan,nan,nan,NaN
nan,nan,nan,NaN
nan,nan,nan,NaN
nan,nan,nan,NaN
nan,nan,nan,NaN
nan,nan,nan,NaN
nan,nan,nan,NaN
nan,nan,nan,NaN
nan,nan,nan,NaN
nan,nan,nan,NaN
nan,nan,nan,NaN
nan,nan,nan,NaN
nan,nan,nan,NaN
nan,nan,nan,NaN
nan,nan,nan,NaN
nan,nan,nan,NaN
nan,nan,nan,NaN
nan,nan,nan,NaN
-1.29387,-0.873185,2.593,3.02658
-1.26662,-0.860389,2.555,2.97869
-1.25833,-0.860389,2.555,2.97518
-1.24074,-0.853991,2.536,2.94958
-1.21453,-0.841531,2.499,2.90314
-1.20641,-0.841531,2.499,2.89976
-1.18967,-0.83547,2.481,2.87553
-1.17305,-0.829408,2.463,2.85137
-1.16505,-0.829408,2.463,2.84809
-1.15706,-0.829408,2.463,2.84483
-1.14906,-0.829408,2.463,2.84159
-1.14107,-0.829408,2.463,2.83837
-1.13308,-0.829408,2.463,2.83516
-1.12508,-0.829408,2.463,2.83198
-1.10892,-0.823347,2.445,2.80814
-1.10099,-0.823347,2.445,2.80501
-1.09305,-0.823347,2.445,2.80191
-1.0931,-0.829408,2.463,2.81943
-1.09304,-0.83547,2.481,2.83692
-1.08499,-0.83547,2.481,2.83383
-1.07693,-0.83547,2.481,2.83075
-1.08439,-0.847593,2.517,2.86873
-1.08435,-0.853991,2.536,2.88728
-1.07611,-0.853991,2.536,2.8842
-1.10031,-0.87992,2.613,2.96862
-1.09183,-0.87992,2.613,2.96549
-1.0593,-0.860389,2.555,2.89662
-1.05101,-0.860389,2.555,2.8936
-1.03496,-0.853991,2.536,2.8691
-1.02673,-0.853991,2.536,2.86614
-1.0185,-0.853991,2.536,2.8632
-1.01026,-0.853991,2.536,2.86029
-1.00203,-0.853991,2.536,2.85739
-0.986356,-0.847593,2.517,2.83313
-0.971191,-0.841531,2.499,2.81005
-0.96308,-0.841531,2.499,2.80726
-0.948091,-0.83547,2.481,2.78429
-0.933218,-0.829408,2.463,2.76137
-0.925224,-0.829408,2.463,2.75868
-0.917229,-0.829408,2.463,2.75601
-0.909235,-0.829408,2.463,2.75336
-0.907827,-0.83547,2.481,2.77083
-0.899774,-0.83547,2.481,2.76821
-0.885252,-0.829408,2.463,2.74553
-0.877258,-0.829408,2.463,2.74297
-0.869264,-0.829408,2.463,2.74042
-0.861269,-0.829408,2.463,2.7379
-0.853275,-0.829408,2.463,2.73539
-0.845281,-0.829408,2.463,2.73291
-0.831167,-0.823347,2.445,2.71049
-0.823232,-0.823347,2.445,2.70807
-0.815296,-0.823347,2.445,2.70567
-0.813304,-0.829408,2.463,2.72319
-0.805309,-0.829408,2.463,2.72081
-0.791488,-0.823347,2.445,2.69859
-0.783552,-0.823347,2.445,2.69627
-0.775616,-0.823347,2.445,2.69398
-0.767681,-0.823347,2.445,2.6917
-0.759745,-0.823347,2.445,2.68945
-0.751809,-0.823347,2.445,2.68722
-0.743873,-0.823347,2.445,2.68501
-0.735937,-0.823347,2.445,2.68282
-0.733361,-0.829408,2.463,2.70039
-0.725366,-0.829408,2.463,2.69823
-0.717372,-0.829408,2.463,2.69609
-0.709378,-0.829408,2.463,2.69398
-0.701384,-0.829408,2.463,2.69188
-0.698457,-0.83547,2.481,2.70947
-0.690404,-0.83547,2.481,2.7074
-0.682351,-0.83547,2.481,2.70536
-0.679191,-0.841531,2.499,2.72295
-0.67108,-0.841531,2.499,2.72094
-0.662968,-0.841531,2.499,2.71895
-0.659574,-0.847593,2.517,2.73656
-0.651405,-0.847593,2.517,2.7346
-0.643235,-0.847593,2.517,2.73266
-0.635065,-0.847593,2.517,2.73075
-0.626896,-0.847593,2.517,2.72886
-0.623397,-0.853991,2.536,2.74758
-0.615166,-0.853991,2.536,2.74573
-0.606935,-0.853991,2.536,2.7439
-0.598703,-0.853991,2.536,2.74209
-0.590472,-0.853991,2.536,2.7403
-0.582241,-0.853991,2.536,2.73854
-0.57831,-0.860389,2.555,2.75731
-0.570017,-0.860389,2.555,2.75558
-0.561724,-0.860389,2.555,2.75388
-0.553431,-0.860389,2.555,2.7522
-0.545139,-0.860389,2.555,2.75054
-0.536846,-0.860389,2.555,2.74891
-0.528553,-0.860389,2.555,2.7473
-0.52026,-0.860389,2.555,2.74572
-0.511967,-0.860389,2.555,2.74416
-0.499929,-0.853991,2.536,2.72223
-0.491697,-0.853991,2.536,2.72073
-0.483466,-0.853991,2.536,2.71925
-0.475235,-0.853991,2.536,2.7178
-0.467004,-0.853991,2.536,2.71637
-0.458772,-0.853991,2.536,2.71497
-0.450541,-0.853991,2.536,2.71359
-0.44231,-0.853991,2.536,2.71224
-0.434079,-0.853991,2.536,2.71091
-0.425848,-0.853991,2.536,2.7096
-0.417616,-0.853991,2.536,2.70832
-0.409385,-0.853991,2.536,2.70706
-0.401154,-0.853991,2.536,2.70583
-0.389979,-0.847593,2.517,2.68436
-0.381809,-0.847593,2.517,2.68318
-0.37364,-0.847593,2.517,2.68203
-0.362857,-0.841531,2.499,2.66174
-0.35219,-0.83547,2.481,2.64148
-0.344137,-0.83547,2.481,2.64042
-0.336085,-0.83547,2.481,2.63938
-0.325652,-0.829408,2.463,2.61922
-0.317658,-0.829408,2.463,2.61824
-0.309664,-0.829408,2.463,2.61728
-0.299465,-0.823347,2.445,2.59723
-0.291529,-0.823347,2.445,2.59633
-0.283593,-0.823347,2.445,2.59545
-0.275657,-0.823347,2.445,2.59459
-0.267721,-0.823347,2.445,2.59376
-0.261698,-0.829408,2.463,2.61204
-0.253704,-0.829408,2.463,2.61125
-0.245709,-0.829408,2.463,2.61049
-0.237715,-0.829408,2.463,2.60975
-0.229721,-0.829408,2.463,2.60903
-0.221726,-0.829408,2.463,2.60834
-0.215294,-0.83547,2.481,2.62673
-0.207241,-0.83547,2.481,2.62608
-0.199189,-0.83547,2.481,2.62546
-0.191136,-0.83547,2.481,2.62486
-0.183083,-0.83547,2.481,2.62429
-0.175031,-0.83547,2.481,2.62374
-0.168189,-0.841531,2.499,2.64225
-0.160078,-0.841531,2.499,2.64174
-0.151967,-0.841531,2.499,2.64126
-0.143856,-0.841531,2.499,2.64081
-0.135745,-0.841531,2.499,2.64038
-0.127634,-0.841531,2.499,2.63997
-0.120383,-0.847593,2.517,2.65861
-0.112214,-0.847593,2.517,2.65825
-0.104044,-0.847593,2.517,2.65792
-0.0958747,-0.847593,2.517,2.65761
-0.0883672,-0.853991,2.536,2.67739
-0.080136,-0.853991,2.536,2.67713
-0.0719048,-0.853991,2.536,2.67689
-0.0636736,-0.853991,2.536,2.67669
-0.0558577,-0.860389,2.555,2.69656
-0.0475648,-0.860389,2.555,2.6964
-0.039564,-0.866787,2.574,2.71631
-0.0314398,-0.873185,2.593,2.73625
-0.0230235,-0.873185,2.593,2.73617
-0.0146073,-0.873185,2.593,2.73611
-0.00619107,-0.873185,2.593,2.73608
0.00224232,-0.87992,2.613,2.75718
0.0107235,-0.87992,2.613,2.7572
0.0192046,-0.87992,2.613,2.75724
0.0276858,-0.87992,2.613,2.75732
0.0361669,-0.87992,2.613,2.75742
0.0449898,-0.886655,2.633,2.77865
0.0535359,-0.886655,2.633,2.7788
0.0620819,-0.886655,2.633,2.77897
0.0700915,-0.87992,2.613,2.75807
0.0785727,-0.87992,2.613,2.7583
0.0870538,-0.87992,2.613,2.75855
0.095535,-0.87992,2.613,2.75883
0.104016,-0.87992,2.613,2.75914
0.112497,-0.87992,2.613,2.75947
0.120978,-0.87992,2.613,2.75983
0.12946,-0.87992,2.613,2.76022
0.137941,-0.87992,2.613,2.76063
0.145301,-0.873185,2.593,2.73993
0.153717,-0.873185,2.593,2.74039
0.162134,-0.873185,2.593,2.74087
0.17055,-0.873185,2.593,2.74138
0.178966,-0.873185,2.593,2.74192
0.186009,-0.866787,2.574,2.72239
0.194364,-0.866787,2.574,2.72297
0.202718,-0.866787,2.574,2.72358
0.209515,-0.860389,2.555,2.70411
0.217808,-0.860389,2.555,2.70476
0.224419,-0.853991,2.536,2.68532
0.232651,-0.853991,2.536,2.68602
0.240882,-0.853991,2.536,2.68675
0.247247,-0.847593,2.517,2.66736
0.255416,-0.847593,2.517,2.66813
0.263586,-0.847593,2.517,2.66893
0.271755,-0.847593,2.517,2.66975
0.277923,-0.841531,2.499,2.65149
0.283974,-0.83547,2.481,2.63325
0.292027,-0.83547,2.481,2.63413
0.300079,-0.83547,2.481,2.63504
0.308132,-0.83547,2.481,2.63597
0.316185,-0.83547,2.481,2.63692
0.324237,-0.83547,2.481,2.6379
0.334701,-0.841531,2.499,2.65804
0.342812,-0.841531,2.499,2.65908
0.350923,-0.841531,2.499,2.66014
0.359034,-0.841531,2.499,2.66122
0.367146,-0.841531,2.499,2.66232
0.375257,-0.841531,2.499,2.66346
0.383368,-0.841531,2.499,2.66461
0.394299,-0.847593,2.517,2.68499
0.405506,-0.853991,2.536,2.70648
0.413738,-0.853991,2.536,2.70773
0.421969,-0.853991,2.536,2.70899
0.4302,-0.853991,2.536,2.71029
0.438431,-0.853991,2.536,2.71161
0.446662,-0.853991,2.536,2.71295
0.454894,-0.853991,2.536,2.71432
0.463125,-0.853991,2.536,2.71571
0.471356,-0.853991,2.536,2.71713
0.479587,-0.853991,2.536,2.71857
0.487819,-0.853991,2.536,2.72003
0.49605,-0.853991,2.536,2.72152
0.500503,-0.847593,2.517,2.70263
0.508672,-0.847593,2.517,2.70415
0.516842,-0.847593,2.517,2.7057
0.525012,-0.847593,2.517,2.70728
0.533181,-0.847593,2.517,2.70887
0.541351,-0.847593,2.517,2.71049
0.54952,-0.847593,2.517,2.71213
0.55769,-0.847593,2.517,2.7138
0.565859,-0.847593,2.517,2.71549
0.574029,-0.847593,2.517,2.71721
0.582199,-0.847593,2.517,2.71894
0.590368,-0.847593,2.517,2.72071
0.598538,-0.847593,2.517,2.72249
0.606707,-0.847593,2.517,2.7243
0.614877,-0.847593,2.517,2.72613
0.623046,-0.847593,2.517,2.72798
0.631216,-0.847593,2.517,2.72986
0.639385,-0.847593,2.517,2.73176
0.647555,-0.847593,2.517,2.73368
0.651035,-0.841531,2.499,2.71607
0.659146,-0.841531,2.499,2.71802
0.667257,-0.841531,2.499,2.72
0.670504,-0.83547,2.481,2.7024
0.678557,-0.83547,2.481,2.70441
0.686609,-0.83547,2.481,2.70644
0.689622,-0.829408,2.463,2.68884
0.692518,-0.823347,2.445,2.67124
0.700454,-0.823347,2.445,2.67331
0.70839,-0.823347,2.445,2.6754
0.711345,-0.817622,2.428,2.65889
0.719226,-0.817622,2.428,2.66101
0.727107,-0.817622,2.428,2.66315
0.729841,-0.811897,2.411,2.64665
0.737667,-0.811897,2.411,2.64882
0.745492,-0.811897,2.411,2.65101
0.753318,-0.811897,2.411,2.65322
0.761143,-0.811897,2.411,2.65545
0.768969,-0.811897,2.411,2.65771
0.776794,-0.811897,2.411,2.65998
0.78462,-0.811897,2.411,2.66228
0.792445,-0.811897,2.411,2.6646
0.800271,-0.811897,2.411,2.66693
0.808096,-0.811897,2.411,2.66929
0.815922,-0.811897,2.411,2.67167
0.829556,-0.817622,2.428,2.69293
0.837436,-0.817622,2.428,2.69536
0.845317,-0.817622,2.428,2.69782
0.853198,-0.817622,2.428,2.7003
0.861078,-0.817622,2.428,2.7028
0.881485,-0.829408,2.463,2.74432
0.889479,-0.829408,2.463,2.7469
0.897474,-0.829408,2.463,2.7495
0.918703,-0.841531,2.499,2.79235
0.926814,-0.841531,2.499,2.79502
0.934925,-0.841531,2.499,2.79772
nan,nan,nan,NaN
nan,nan,nan,NaN
nan,nan,nan,NaN
nan,nan,nan,NaN
nan,nan,nan,NaN
nan,nan,nan,NaN
nan,nan,nan,NaN
nan,nan,nan,NaN
nan,nan,nan,NaN
nan,nan,nan,NaN
nan,nan,nan,NaN
nan,nan,nan,NaN
nan,nan,nan,NaN
nan,nan,nan,NaN
nan,nan,nan,NaN
nan,nan,nan,NaN
nan,nan,nan,NaN
nan,nan,nan,NaN
nan,nan,nan,NaN
nan,nan,nan,NaN
nan,nan,nan,NaN
1.43905,-1.08769,3.23,3.69957
1.44953,-1.08769,3.23,3.70366
1.46002,-1.08769,3.23,3.70778
1.4705,-1.08769,3.23,3.71192
1.48098,-1.08769,3.23,3.71609
1.49147,-1.08769,3.23,3.72028
1.50195,-1.08769,3.23,3.72449
1.51244,-1.08769,3.23,3.72873
1.52292,-1.08769,3.23,3.733
1.5334,-1.08769,3.23,3.73729
1.54389,-1.08769,3.23,3.7416
1.55437,-1.08769,3.23,3.74594
1.56485,-1.08769,3.23,3.7503
1.57534,-1.08769,3.23,3.75469
1.58582,-1.08769,3.23,3.7591
1.59631,-1.08769,3.23,3.76353
1.60679,-1.08769,3.23,3.76799
1.61727,-1.08769,3.23,3.77247
1.62776,-1.08769,3.23,3.77698
1.63824,-1.08769,3.23,3.78151
1.64872,-1.08769,3.23,3.78606
1.67462,-1.0978,3.26,3.82585
1.6852,-1.0978,3.26,3.83049
1.71243,-1.10857,3.292,3.8728
1.72311,-1.10857,3.292,3.87754
1.7338,-1.10857,3.292,3.8823
1.76144,-1.11935,3.324,3.92487
1.80688,-1.14124,3.389,4.00657
1.81788,-1.14124,3.389,4.01154
1.84723,-1.15269,3.423,4.05683
1.89635,-1.17626,3.493,4.14497
1.92734,-1.18838,3.529,4.19294
1.9388,-1.18838,3.529,4.19822
1.9707,-1.20084,3.566,4.24759
2.0034,-1.21364,3.604,4.29829
2.0151,-1.21364,3.604,4.30376
2.04816,-1.22643,3.642,4.35468
2.05998,-1.22643,3.642,4.36026
2.07181,-1.22643,3.642,4.36585
2.08363,-1.22643,3.642,4.37148
2.09545,-1.22643,3.642,4.37712
2.12983,-1.23957,3.681,4.42973
2.11909,-1.22643,3.642,4.38849
2.10868,-1.21364,3.604,4.34836
2.12037,-1.21364,3.604,4.35405
2.10959,-1.20084,3.566,4.31379
2.07774,-1.17626,3.493,4.23103
2.08908,-1.17626,3.493,4.23661
2.07937,-1.16447,3.458,4.19971
2.06944,-1.15269,3.423,4.16271
2.08055,-1.15269,3.423,4.16825
2.05072,-1.13012,3.356,4.09211
2.04195,-1.11935,3.324,4.05851
2.05274,-1.11935,3.324,4.06395
2.00517,-1.08769,3.23,3.95433
1.97821,-1.06749,3.17,3.8861
1.9885,-1.06749,3.17,3.89135
1.94457,-1.03853,3.084,3.7909
1.92035,-1.02034,3.03,3.72958
1.91299,-1.01125,3.003,3.70137
1.92273,-1.01125,3.003,3.70642
1.89902,-0.993741,2.951,3.64722
1.89243,-0.985322,2.926,3.62127
1.90192,-0.985322,2.926,3.62625
1.87941,-0.968822,2.877,3.57043
1.88875,-0.968822,2.877,3.57535
1.89809,-0.968822,2.877,3.58029
1.89151,-0.96074,2.853,3.55534
1.88479,-0.952658,2.829,3.53033
1.89397,-0.952658,2.829,3.53524
1.90315,-0.952658,2.829,3.54017
1.91233,-0.952658,2.829,3.54511
1.92151,-0.952658,2.829,3.55007
-2.47385,-1.18927,3.566,4.50007
-2.46228,-1.18927,3.566,4.49372
-2.42527,-1.17693,3.529,4.44083
-2.3892,-1.16492,3.493,4.38935
-2.35403,-1.15325,3.458,4.33927
-2.3191,-1.14158,3.423,4.28933
-2.28506,-1.13024,3.389,4.24079
-2.27406,-1.13024,3.389,4.23487
-2.26306,-1.13024,3.389,4.22897
-2.23013,-1.11923,3.356,4.18197
-2.21924,-1.11923,3.356,4.17618
-2.20835,-1.11923,3.356,4.1704
-2.1765,-1.10856,3.324,4.12493
-2.16571,-1.10856,3.324,4.11925
-2.15492,-1.10856,3.324,4.11358
-2.14413,-1.10856,3.324,4.10794
-2.13335,-1.10856,3.324,4.10232
-2.12256,-1.10856,3.324,4.09672
-2.11177,-1.10856,3.324,4.09114
-2.08075,-1.09789,3.292,4.04625
-2.07007,-1.09789,3.292,4.04077
-2.05938,-1.09789,3.292,4.0353
-2.0487,-1.09789,3.292,4.02986
-2.03801,-1.09789,3.292,4.02444
-2.02733,-1.09789,3.292,4.01904
-2.01664,-1.09789,3.292,4.01366
-2.00596,-1.09789,3.292,4.0083
-1.99527,-1.09789,3.292,4.00297
-1.98459,-1.09789,3.292,3.99765
nan,nan,nan,NaN
nan,nan,nan,NaN
nan,nan,nan,NaN
nan,nan,nan,NaN
nan,nan,nan,NaN
nan,nan,nan,NaN
nan,nan,nan,NaN
nan,nan,nan,NaN
nan,nan,nan,NaN
nan,nan,nan,NaN
nan,nan,nan,NaN
nan,nan,nan,NaN
nan,nan,nan,NaN
nan,nan,nan,NaN
nan,nan,nan,NaN
nan,nan,nan,NaN
nan,nan,nan,NaN
nan,nan,nan,NaN
nan,nan,nan,NaN
nan,nan,nan,NaN
nan,nan,nan,NaN
nan,nan,nan,NaN
nan,nan,nan,NaN
nan,nan,nan,NaN
nan,nan,nan,NaN
nan,nan,nan,NaN
nan,nan,nan,NaN
nan,nan,nan,NaN
-1.37152,-0.899122,2.696,3.15562
-1.34154,-0.885115,2.654,3.10272
-1.33293,-0.885115,2.654,3.09901
-1.29387,-0.864772,2.593,3.02417
-1.26662,-0.852098,2.555,2.97631
-1.25833,-0.852098,2.555,2.97279
-1.24074,-0.845762,2.536,2.94721
-1.21453,-0.833422,2.499,2.9008
-1.20641,-0.833422,2.499,2.89742
-1.18967,-0.827419,2.481,2.8732
-1.17305,-0.821416,2.463,2.84906
-1.16505,-0.821416,2.463,2.84578
-1.15706,-0.821416,2.463,2.84251
-1.14906,-0.821416,2.463,2.83927
-1.14107,-0.821416,2.463,2.83604
-1.13308,-0.821416,2.463,2.83283
-1.12508,-0.821416,2.463,2.82965
-1.10892,-0.815413,2.445,2.80582
-1.10099,-0.815413,2.445,2.80269
-1.09305,-0.815413,2.445,2.79959
-1.0931,-0.821416,2.463,2.81709
-1.09304,-0.827419,2.481,2.83456
-1.08499,-0.827419,2.481,2.83146
-1.07693,-0.827419,2.481,2.82839
-1.08439,-0.839425,2.517,2.86633
-1.08435,-0.845762,2.536,2.88486
-1.07611,-0.845762,2.536,2.88178
nan,nan,nan,NaN
nan,nan,nan,NaN
-1.0593,-0.852098,2.555,2.89417
-1.05101,-0.852098,2.555,2.89114
-1.03496,-0.845762,2.536,2.86666
-1.02673,-0.845762,2.536,2.8637
-1.0185,-0.845762,2.536,2.86076
-1.01026,-0.845762,2.536,2.85784
-1.00203,-0.845762,2.536,2.85494
-0.986356,-0.839425,2.517,2.83069
-0.971191,-0.833422,2.499,2.80763
-0.96308,-0.833422,2.499,2.80484
-0.948091,-0.827419,2.481,2.78188
-0.933218,-0.821416,2.463,2.75898
-0.925224,-0.821416,2.463,2.75629
-0.917229,-0.821416,2.463,2.75362
-0.909235,-0.821416,2.463,2.75096
-0.907827,-0.827419,2.481,2.76842
-0.899774,-0.827419,2.481,2.76579
-0.885252,-0.821416,2.463,2.74313
-0.877258,-0.821416,2.463,2.74056
-0.869264,-0.821416,2.463,2.73801
-0.861269,-0.821416,2.463,2.73549
-0.853275,-0.821416,2.463,2.73298
-0.845281,-0.821416,2.463,2.73049
-0.831167,-0.815413,2.445,2.70809
-0.823232,-0.815413,2.445,2.70567
-0.815296,-0.815413,2.445,2.70326
-0.813304,-0.821416,2.463,2.72076
-0.805309,-0.821416,2.463,2.71838
-0.791488,-0.815413,2.445,2.69618
-0.783552,-0.815413,2.445,2.69386
-0.775616,-0.815413,2.445,2.69156
-0.767681,-0.815413,2.445,2.68929
-0.759745,-0.815413,2.445,2.68703
-0.751809,-0.815413,2.445,2.6848
-0.743873,-0.815413,2.445,2.68259
-0.735937,-0.815413,2.445,2.6804
-0.733361,-0.821416,2.463,2.69795
-0.725366,-0.821416,2.463,2.69578
-0.717372,-0.821416,2.463,2.69364
-0.709378,-0.821416,2.463,2.69153
-0.701384,-0.821416,2.463,2.68943
-0.698457,-0.827419,2.481,2.707
-0.690404,-0.827419,2.481,2.70493
-0.682351,-0.827419,2.481,2.70289
-0.679191,-0.833422,2.499,2.72046
-0.675913,-0.839425,2.517,2.73803
-0.667744,-0.839425,2.517,2.73602
-0.659574,-0.839425,2.517,2.73404
-0.651405,-0.839425,2.517,2.73208
-0.643235,-0.839425,2.517,2.73014
-0.635065,-0.839425,2.517,2.72823
-0.626896,-0.839425,2.517,2.72634
-0.623397,-0.845762,2.536,2.74504
-0.615166,-0.845762,2.536,2.74318
-0.606935,-0.845762,2.536,2.74135
-0.598703,-0.845762,2.536,2.73954
-0.590472,-0.845762,2.536,2.73775
-0.582241,-0.845762,2.536,2.73598
-0.57401,-0.845762,2.536,2.73425
-0.565778,-0.845762,2.536,2.73253
-0.557547,-0.845762,2.536,2.73084
-0.549316,-0.845762,2.536,2.72917
-0.541085,-0.845762,2.536,2.72752
-0.532853,-0.845762,2.536,2.7259
-0.520692,-0.839425,2.517,2.70389
-0.512522,-0.839425,2.517,2.70233
-0.504353,-0.839425,2.517,2.7008
-0.496183,-0.839425,2.517,2.69928
-0.488013,-0.839425,2.517,2.69779
-0.479844,-0.839425,2.517,2.69633
-0.471674,-0.839425,2.517,2.69488
-0.46019,-0.833422,2.499,2.6742
-0.452079,-0.833422,2.499,2.67282
-0.443968,-0.833422,2.499,2.67146
-0.438996,-0.839425,2.517,2.68936
-0.430827,-0.839425,2.517,2.68804
-0.422657,-0.839425,2.517,2.68674
-0.414487,-0.839425,2.517,2.68547
-0.406318,-0.839425,2.517,2.68422
-0.398148,-0.839425,2.517,2.68299
-0.389979,-0.839425,2.517,2.68179
-0.381809,-0.839425,2.517,2.68062
-0.37364,-0.839425,2.517,2.67946
-0.362857,-0.833422,2.499,2.65918
-0.35219,-0.827419,2.481,2.63894
-0.344137,-0.827419,2.481,2.63788
-0.333646,-0.821416,2.463,2.61771
-0.325652,-0.821416,2.463,2.6167
-0.317658,-0.821416,2.463,2.61572
-0.3074,-0.815413,2.445,2.59565
-0.299465,-0.815413,2.445,2.59473
-0.291529,-0.815413,2.445,2.59382
-0.283593,-0.815413,2.445,2.59294
-0.275657,-0.815413,2.445,2.59209
-0.267721,-0.815413,2.445,2.59125
-0.261698,-0.821416,2.463,2.60952
-0.253704,-0.821416,2.463,2.60873
-0.245709,-0.821416,2.463,2.60796
-0.237715,-0.821416,2.463,2.60722
-0.229721,-0.821416,2.463,2.6065
-0.221726,-0.821416,2.463,2.60581
-0.213732,-0.821416,2.463,2.60514
-0.205738,-0.821416,2.463,2.6045
-0.199189,-0.827419,2.481,2.62291
-0.191136,-0.827419,2.481,2.62231
-0.183083,-0.827419,2.481,2.62174
-0.175031,-0.827419,2.481,2.62119
-0.168189,-0.833422,2.499,2.63967
-0.160078,-0.833422,2.499,2.63917
-0.151967,-0.833422,2.499,2.63869
-0.143856,-0.833422,2.499,2.63824
-0.135745,-0.833422,2.499,2.63781
-0.127634,-0.833422,2.499,2.6374
-0.119523,-0.833422,2.499,2.63702
-0.112214,-0.839425,2.517,2.65566
-0.104044,-0.839425,2.517,2.65532
-0.0958747,-0.839425,2.517,2.65502
-0.0883672,-0.845762,2.536,2.67477
-0.080136,-0.845762,2.536,2.67452
-0.0719048,-0.845762,2.536,2.67428
-0.0636736,-0.845762,2.536,2.67407
-0.0554423,-0.845762,2.536,2.67389
-0.0472111,-0.845762,2.536,2.67373
-0.0392719,-0.852098,2.555,2.69363
-0.0312094,-0.858435,2.574,2.71355
-0.0228548,-0.858435,2.574,2.71347
-0.0145003,-0.858435,2.574,2.71341
-0.00619107,-0.864772,2.593,2.73341
0.00222516,-0.864772,2.593,2.7334
0.0106414,-0.864772,2.593,2.73342
0.0192046,-0.871441,2.613,2.75455
0.0276858,-0.871441,2.613,2.75462
0.0361669,-0.871441,2.613,2.75472
0.0446481,-0.871441,2.613,2.75485
0.0531292,-0.871441,2.613,2.755
0.0616104,-0.871441,2.613,2.75517
0.0700915,-0.871441,2.613,2.75538
0.0779713,-0.864772,2.593,2.73451
0.0863875,-0.864772,2.593,2.73477
0.0948037,-0.864772,2.593,2.73504
0.10322,-0.864772,2.593,2.73535
0.111636,-0.864772,2.593,2.73568
0.120052,-0.864772,2.593,2.73604
0.128469,-0.864772,2.593,2.73642
0.136885,-0.864772,2.593,2.73683
0.144236,-0.858435,2.574,2.7172
0.152591,-0.858435,2.574,2.71766
0.160946,-0.858435,2.574,2.71814
0.1693,-0.858435,2.574,2.71865
0.177655,-0.858435,2.574,2.71918
0.184636,-0.852098,2.555,2.69966
0.192929,-0.852098,2.555,2.70024
0.199726,-0.845762,2.536,2.68076
0.207957,-0.845762,2.536,2.68139
0.216188,-0.845762,2.536,2.68204
0.222738,-0.839425,2.517,2.66262
0.230908,-0.839425,2.517,2.66331
0.239077,-0.839425,2.517,2.66404
0.247247,-0.839425,2.517,2.66478
0.25359,-0.833422,2.499,2.64649
0.261701,-0.833422,2.499,2.64728
0.269812,-0.833422,2.499,2.64809
0.275921,-0.827419,2.481,2.62985
0.281914,-0.821416,2.463,2.61162
0.289908,-0.821416,2.463,2.6125
0.297902,-0.821416,2.463,2.6134
0.305896,-0.821416,2.463,2.61432
0.316185,-0.827419,2.481,2.63438
0.324237,-0.827419,2.481,2.63536
0.33229,-0.827419,2.481,2.63636
0.340343,-0.827419,2.481,2.63739
0.348396,-0.827419,2.481,2.63844
0.356448,-0.827419,2.481,2.63952
0.364501,-0.827419,2.481,2.64061
0.375257,-0.833422,2.499,2.6609
0.383368,-0.833422,2.499,2.66206
0.391479,-0.833422,2.499,2.66324
0.402468,-0.839425,2.517,2.68364
0.410638,-0.839425,2.517,2.68487
0.418807,-0.839425,2.517,2.68614
0.426977,-0.839425,2.517,2.68742
0.435146,-0.839425,2.517,2.68873
0.443316,-0.839425,2.517,2.69007
0.451486,-0.839425,2.517,2.69142
0.459655,-0.839425,2.517,2.69281
0.467825,-0.839425,2.517,2.69421
0.475994,-0.839425,2.517,2.69564
0.484164,-0.839425,2.517,2.6971
0.492333,-0.839425,2.517,2.69858
0.500503,-0.839425,2.517,2.70008
0.508672,-0.839425,2.517,2.70161
0.516842,-0.839425,2.517,2.70316
0.525012,-0.839425,2.517,2.70473
0.533181,-0.839425,2.517,2.70633
0.541351,-0.839425,2.517,2.70795
0.54952,-0.839425,2.517,2.70959
0.55769,-0.839425,2.517,2.71126
0.565859,-0.839425,2.517,2.71295
0.569924,-0.833422,2.499,2.69526
0.578035,-0.833422,2.499,2.69698
0.586146,-0.833422,2.499,2.69873
0.594257,-0.833422,2.499,2.70051
0.602368,-0.833422,2.499,2.7023
0.610479,-0.833422,2.499,2.70412
0.618591,-0.833422,2.499,2.70597
0.631216,-0.839425,2.517,2.72734
0.639385,-0.839425,2.517,2.72924
0.647555,-0.839425,2.517,2.73116
0.651035,-0.833422,2.499,2.71357
0.659146,-0.833422,2.499,2.71552
0.667257,-0.833422,2.499,2.7175
0.670504,-0.827419,2.481,2.69992
0.678557,-0.827419,2.481,2.70193
0.686609,-0.827419,2.481,2.70396
0.689622,-0.821416,2.463,2.68639
0.692518,-0.815413,2.445,2.6688
0.700454,-0.815413,2.445,2.67087
0.70839,-0.815413,2.445,2.67296
0.711345,-0.809744,2.428,2.65648
0.719226,-0.809744,2.428,2.6586
0.727107,-0.809744,2.428,2.66074
0.729841,-0.804074,2.411,2.64426
0.737667,-0.804074,2.411,2.64643
0.745492,-0.804074,2.411,2.64863
0.753318,-0.804074,2.411,2.65084
0.761143,-0.804074,2.411,2.65307
0.768969,-0.804074,2.411,2.65533
0.776794,-0.804074,2.411,2.65761
0.78462,-0.804074,2.411,2.6599
0.792445,-0.804074,2.411,2.66222
0.800271,-0.804074,2.411,2.66456
0.808096,-0.804074,2.411,2.66692
0.815922,-0.804074,2.411,2.6693
0.829556,-0.809744,2.428,2.69054
0.837436,-0.809744,2.428,2.69299
0.845317,-0.809744,2.428,2.69545
0.853198,-0.809744,2.428,2.69793
0.861078,-0.809744,2.428,2.70043
0.881485,-0.821416,2.463,2.74192
0.889479,-0.821416,2.463,2.7445
0.897474,-0.821416,2.463,2.7471
0.918703,-0.833422,2.499,2.78991
0.926814,-0.833422,2.499,2.79259
0.934925,-0.833422,2.499,2.7953
nan,nan,nan,NaN
nan,nan,nan,NaN
nan,nan,nan,NaN
nan,nan,nan,NaN
nan,nan,nan,NaN
nan,nan,nan,NaN
nan,nan,nan,NaN
nan,nan,nan,NaN
nan,nan,nan,NaN
nan,nan,nan,NaN
nan,nan,nan,NaN
nan,nan,nan,NaN
nan,nan,nan,NaN
nan,nan,nan,NaN
nan,nan,nan,NaN
nan,nan,nan,NaN
nan,nan,nan,NaN
nan,nan,nan,NaN
nan,nan,nan,NaN
nan,nan,nan,NaN
nan,nan,nan,NaN
nan,nan,nan,NaN
nan,nan,nan,NaN
nan,nan,nan,NaN
1.4705,-1.07721,3.23,3.70886
1.48098,-1.07721,3.23,3.71303
1.49147,-1.07721,3.23,3.71723
1.50195,-1.07721,3.23,3.72144
1.51244,-1.07721,3.23,3.72569
1.52292,-1.07721,3.23,3.72996
1.5334,-1.07721,3.23,3.73425
1.54389,-1.07721,3.23,3.73857
1.55437,-1.07721,3.23,3.74291
1.56485,-1.07721,3.23,3.74727
1.57534,-1.07721,3.23,3.75166
1.58582,-1.07721,3.23,3.75608
1.58099,-1.06687,3.199,3.72442
1.59137,-1.06687,3.199,3.72884
1.61727,-1.07721,3.23,3.76946
1.62776,-1.07721,3.23,3.77397
1.63824,-1.07721,3.23,3.77851
1.64872,-1.07721,3.23,3.78307
1.67462,-1.08722,3.26,3.82283
1.6852,-1.08722,3.26,3.82747
1.69578,-1.08722,3.26,3.83214
1.72311,-1.09789,3.292,3.8745
1.7338,-1.09789,3.292,3.87926
1.76144,-1.10856,3.324,3.92181
1.80688,-1.13024,3.389,4.00345
1.81788,-1.13024,3.389,4.00842
1.84723,-1.14158,3.423,4.05369
1.89635,-1.16492,3.493,4.14177
1.92734,-1.17693,3.529,4.18971
1.9388,-1.17693,3.529,4.19499
1.9707,-1.18927,3.566,4.24433
2.0034,-1.20194,3.604,4.29501
2.0151,-1.20194,3.604,4.30048
2.04816,-1.21462,3.642,4.35137
2.05998,-1.21462,3.642,4.35695
2.07181,-1.21462,3.642,4.36255
2.08363,-1.21462,3.642,4.36818
2.09545,-1.21462,3.642,4.37383
2.12983,-1.22762,3.681,4.4264
2.11909,-1.21462,3.642,4.3852
2.10868,-1.20194,3.604,4.34511
2.12037,-1.20194,3.604,4.3508
2.10959,-1.18927,3.566,4.31058
2.07774,-1.16492,3.493,4.2279
2.08908,-1.16492,3.493,4.23348
2.07937,-1.15325,3.458,4.19661
2.04888,-1.13024,3.389,4.11833
2.05988,-1.13024,3.389,4.12382
2.05072,-1.11923,3.356,4.08911
2.04195,-1.10856,3.324,4.05555
2.05274,-1.10856,3.324,4.06099
2.00517,-1.07721,3.23,3.95146
1.97821,-1.0572,3.17,3.88329
1.9885,-1.0572,3.17,3.88854
1.94457,-1.02852,3.084,3.78817
1.92035,-1.01051,3.03,3.7269
1.91299,-1.00151,3.003,3.69872
1.92273,-1.00151,3.003,3.70377
1.89902,-0.984165,2.951,3.64462
1.89243,-0.975828,2.926,3.6187
1.90192,-0.975828,2.926,3.62368
1.87941,-0.959486,2.877,3.5679
1.88875,-0.959486,2.877,3.57283
1.89809,-0.959486,2.877,3.57778
1.89151,-0.951482,2.853,3.55285
1.88479,-0.943478,2.829,3.52786
1.89397,-0.943478,2.829,3.53278
1.90315,-0.943478,2.829,3.53771
1.91233,-0.943478,2.829,3.54266
1.92151,-0.943478,2.829,3.54762
-2.50021,-1.19025,3.604,4.54495
-2.46228,-1.1777,3.566,4.49067
-2.4507,-1.1777,3.566,4.48434
-2.3892,-1.15359,3.493,4.38635
-2.37786,-1.15359,3.493,4.38019
-2.34281,-1.14203,3.458,4.33021
-2.30799,-1.13047,3.423,4.28038
-2.29688,-1.13047,3.423,4.2744
-2.26306,-1.11924,3.389,4.22605
-2.25206,-1.11924,3.389,4.22017
-2.24106,-1.11924,3.389,4.21431
-2.20835,-1.10834,3.356,4.16749
-2.19745,-1.10834,3.356,4.16173
-2.18656,-1.10834,3.356,4.15599
-2.17567,-1.10834,3.356,4.15026
-2.16478,-1.10834,3.356,4.14456
-2.15388,-1.10834,3.356,4.13889
-2.14299,-1.10834,3.356,4.13323
-2.11177,-1.09778,3.324,4.08823
-2.10098,-1.09778,3.324,4.08267
-2.09019,-1.09778,3.324,4.07713
-2.0794,-1.09778,3.324,4.07161
-2.0487,-1.08721,3.292,4.02696
-2.03801,-1.08721,3.292,4.02154
-2.02733,-1.08721,3.292,4.01614
-2.01664,-1.08721,3.292,4.01075
-2.00596,-1.08721,3.292,4.00539
-1.99527,-1.08721,3.292,4.00005
-1.98459,-1.08721,3.292,3.99473
nan,nan,nan,NaN
nan,nan,nan,NaN
nan,nan,nan,NaN
nan,nan,nan,NaN
nan,nan,nan,NaN
nan,nan,nan,NaN
nan,nan,nan,NaN
nan,nan,nan,NaN
nan,nan,nan,NaN
nan,nan,nan,NaN
nan,nan,nan,NaN
nan,nan,nan,NaN
nan,nan,nan,NaN
nan,nan,nan,NaN
nan,nan,nan,NaN
nan,nan,nan,NaN
nan,nan,nan,NaN
nan,nan,nan,NaN
nan,nan,nan,NaN
nan,nan,nan,NaN
nan,nan,nan,NaN
nan,nan,nan,NaN
nan,nan,nan,NaN
nan,nan,nan,NaN
nan,nan,nan,NaN
nan,nan,nan,NaN
nan,nan,nan,NaN
nan,nan,nan,NaN
-1.37152,-0.890374,2.696,3.15313
-1.34154,-0.876503,2.654,3.10028
-1.33293,-0.876503,2.654,3.09656
-1.30385,-0.862963,2.613,3.04508
-1.27604,-0.850083,2.574,2.99606
-1.26769,-0.850083,2.574,2.99251
-1.25003,-0.843808,2.555,2.96692
-1.21453,-0.825313,2.499,2.89848
-1.20641,-0.825313,2.499,2.8951
-1.18967,-0.819369,2.481,2.8709
-1.16447,-0.80748,2.445,2.82596
-1.15654,-0.80748,2.445,2.8227
-1.15706,-0.813424,2.463,2.84021
-1.14067,-0.80748,2.445,2.81623
-1.13273,-0.80748,2.445,2.81303
-1.12479,-0.80748,2.445,2.80984
-1.11686,-0.80748,2.445,2.80667
-1.10892,-0.80748,2.445,2.80353
-1.10099,-0.80748,2.445,2.8004
-1.09305,-0.80748,2.445,2.79729
-1.0931,-0.813424,2.463,2.81477
-1.09304,-0.819369,2.481,2.83222
-1.08499,-0.819369,2.481,2.82912
-1.07693,-0.819369,2.481,2.82604
-1.08439,-0.831258,2.517,2.86395
-1.08435,-0.837533,2.536,2.88246
-1.07611,-0.837533,2.536,2.87937
nan,nan,nan,NaN
nan,nan,nan,NaN
-1.0593,-0.843808,2.555,2.89174
-1.03537,-0.831258,2.517,2.84575
-1.01986,-0.825313,2.499,2.82246
-1.01175,-0.825313,2.499,2.81953
-1.00364,-0.825313,2.499,2.81663
-0.995525,-0.825313,2.499,2.81375
-0.987414,-0.825313,2.499,2.81089
-0.979303,-0.825313,2.499,2.80806
-0.964196,-0.819369,2.481,2.78503
-0.956143,-0.819369,2.481,2.78225
-0.934334,-0.80748,2.445,2.73917
-0.919957,-0.801865,2.428,2.71744
-0.912076,-0.801865,2.428,2.71478
-0.904195,-0.801865,2.428,2.71215
-0.90259,-0.80748,2.445,2.7285
-0.894654,-0.80748,2.445,2.72589
-0.886718,-0.80748,2.445,2.72329
-0.878783,-0.80748,2.445,2.72072
-0.877258,-0.813424,2.463,2.73818
-0.869264,-0.813424,2.463,2.73563
-0.861269,-0.813424,2.463,2.7331
-0.853275,-0.813424,2.463,2.73059
-0.845281,-0.813424,2.463,2.7281
-0.831167,-0.80748,2.445,2.70571
-0.823232,-0.80748,2.445,2.70329
-0.815296,-0.80748,2.445,2.70088
-0.80736,-0.80748,2.445,2.6985
-0.799424,-0.80748,2.445,2.69613
-0.791488,-0.80748,2.445,2.69379
-0.783552,-0.80748,2.445,2.69147
-0.770224,-0.801865,2.428,2.67047
-0.762343,-0.801865,2.428,2.66821
-0.759745,-0.80748,2.445,2.68463
-0.751809,-0.80748,2.445,2.6824
-0.743873,-0.80748,2.445,2.68019
-0.735937,-0.80748,2.445,2.67799
-0.733361,-0.813424,2.463,2.69552
-0.725366,-0.813424,2.463,2.69336
-0.717372,-0.813424,2.463,2.69122
-0.709378,-0.813424,2.463,2.6891
-0.701384,-0.813424,2.463,2.687
-0.698457,-0.819369,2.481,2.70455
-0.690404,-0.819369,2.481,2.70248
-0.682351,-0.819369,2.481,2.70043
-0.679191,-0.825313,2.499,2.71799
-0.675913,-0.831258,2.517,2.73553
-0.667744,-0.831258,2.517,2.73353
-0.659574,-0.831258,2.517,2.73154
-0.651405,-0.831258,2.517,2.72958
-0.643235,-0.831258,2.517,2.72764
-0.635065,-0.831258,2.517,2.72573
-0.626896,-0.831258,2.517,2.72384
-0.623397,-0.837533,2.536,2.74251
-0.610557,-0.831258,2.517,2.72012
-0.602387,-0.831258,2.517,2.7183
-0.594218,-0.831258,2.517,2.7165
-0.586048,-0.831258,2.517,2.71473
-0.577879,-0.831258,2.517,2.71297
-0.57401,-0.837533,2.536,2.73171
-0.565778,-0.837533,2.536,2.72999
-0.55337,-0.831258,2.517,2.70786
-0.5452,-0.831258,2.517,2.7062
-0.537031,-0.831258,2.517,2.70457
-0.528861,-0.831258,2.517,2.70296
-0.516968,-0.825313,2.499,2.68205
-0.508857,-0.825313,2.499,2.6805
-0.500746,-0.825313,2.499,2.67897
-0.492635,-0.825313,2.499,2.67747
-0.484524,-0.825313,2.499,2.67599
-0.476412,-0.825313,2.499,2.67453
-0.464928,-0.819369,2.481,2.65384
-0.456875,-0.819369,2.481,2.65244
-0.448823,-0.819369,2.481,2.65107
-0.44077,-0.819369,2.481,2.64972
-0.435857,-0.825313,2.499,2.6676
-0.427746,-0.825313,2.499,2.66629
-0.419634,-0.825313,2.499,2.665
-0.414487,-0.831258,2.517,2.68292
-0.406318,-0.831258,2.517,2.68167
-0.398148,-0.831258,2.517,2.68045
-0.389979,-0.831258,2.517,2.67925
-0.381809,-0.831258,2.517,2.67807
-0.37364,-0.831258,2.517,2.67692
-0.362857,-0.825313,2.499,2.65665
-0.354745,-0.825313,2.499,2.65556
-0.346634,-0.825313,2.499,2.65449
-0.333646,-0.813424,2.463,2.61521
-0.325652,-0.813424,2.463,2.61421
-0.317658,-0.813424,2.463,2.61322
-0.3074,-0.80748,2.445,2.59317
-0.299465,-0.80748,2.445,2.59224
-0.291529,-0.80748,2.445,2.59134
-0.283593,-0.80748,2.445,2.59046
-0.275657,-0.80748,2.445,2.5896
-0.267721,-0.80748,2.445,2.58877
-0.261698,-0.813424,2.463,2.60701
-0.253704,-0.813424,2.463,2.60622
-0.245709,-0.813424,2.463,2.60546
-0.237715,-0.813424,2.463,2.60471
-0.229721,-0.813424,2.463,2.604
-0.221726,-0.813424,2.463,2.6033
-0.213732,-0.813424,2.463,2.60264
-0.205738,-0.813424,2.463,2.60199
-0.199189,-0.819369,2.481,2.62038
-0.191136,-0.819369,2.481,2.61978
-0.183083,-0.819369,2.481,2.61921
-0.175031,-0.819369,2.481,2.61866
-0.166978,-0.819369,2.481,2.61813
-0.158925,-0.819369,2.481,2.61763
-0.150872,-0.819369,2.481,2.61715
-0.143856,-0.825313,2.499,2.63569
-0.135745,-0.825313,2.499,2.63526
-0.127634,-0.825313,2.499,2.63485
-0.119523,-0.825313,2.499,2.63447
-0.112214,-0.831258,2.517,2.65309
-0.104044,-0.831258,2.517,2.65275
-0.0958747,-0.831258,2.517,2.65245
-0.0877052,-0.831258,2.517,2.65216
-0.0795356,-0.831258,2.517,2.65191
-0.0713661,-0.831258,2.517,2.65167
-0.0631965,-0.831258,2.517,2.65147
-0.0554423,-0.837533,2.536,2.6713
-0.0472111,-0.837533,2.536,2.67114
-0.0392719,-0.843808,2.555,2.69102
-0.0312094,-0.850083,2.574,2.71092
-0.0228548,-0.850083,2.574,2.71084
-0.0145003,-0.850083,2.574,2.71078
-0.00614571,-0.850083,2.574,2.71075
0.00220886,-0.850083,2.574,2.71074
0.0105634,-0.850083,2.574,2.71076
0.0190576,-0.856358,2.593,2.73082
0.0274739,-0.856358,2.593,2.73089
0.0358901,-0.856358,2.593,2.73099
0.0446481,-0.862963,2.613,2.75218
0.0531292,-0.862963,2.613,2.75233
0.0616104,-0.862963,2.613,2.7525
0.0700915,-0.862963,2.613,2.75271
0.0779713,-0.856358,2.593,2.73186
0.0863875,-0.856358,2.593,2.73212
0.0948037,-0.856358,2.593,2.7324
0.10322,-0.856358,2.593,2.7327
0.111636,-0.856358,2.593,2.73303
0.120052,-0.856358,2.593,2.73339
0.128469,-0.856358,2.593,2.73377
0.136885,-0.856358,2.593,2.73418
0.144236,-0.850083,2.574,2.71458
0.152591,-0.850083,2.574,2.71503
0.160946,-0.850083,2.574,2.71551
0.1693,-0.850083,2.574,2.71602
0.177655,-0.850083,2.574,2.71656
0.184636,-0.843808,2.555,2.69706
0.192929,-0.843808,2.555,2.69764
0.199726,-0.837533,2.536,2.67818
0.207957,-0.837533,2.536,2.67881
0.216188,-0.837533,2.536,2.67946
0.222738,-0.831258,2.517,2.66005
0.230908,-0.831258,2.517,2.66075
0.239077,-0.831258,2.517,2.66147
0.247247,-0.831258,2.517,2.66222
0.25359,-0.825313,2.499,2.64395
0.261701,-0.825313,2.499,2.64474
0.269812,-0.825313,2.499,2.64555
0.275921,-0.819369,2.481,2.62733
0.281914,-0.813424,2.463,2.60912
0.289908,-0.813424,2.463,2.61
0.297902,-0.813424,2.463,2.6109
0.305896,-0.813424,2.463,2.61182
0.316185,-0.819369,2.481,2.63186
0.324237,-0.819369,2.481,2.63284
0.33229,-0.819369,2.481,2.63385
0.340343,-0.819369,2.481,2.63487
0.348396,-0.819369,2.481,2.63593
0.356448,-0.819369,2.481,2.637
0.364501,-0.819369,2.481,2.6381
0.375257,-0.825313,2.499,2.65838
0.383368,-0.825313,2.499,2.65953
0.391479,-0.825313,2.499,2.66071
0.402468,-0.831258,2.517,2.68109
0.410638,-0.831258,2.517,2.68233
0.418807,-0.831258,2.517,2.68359
0.426977,-0.831258,2.517,2.68488
0.435146,-0.831258,2.517,2.68619
0.443316,-0.831258,2.517,2.68753
0.451486,-0.831258,2.517,2.68889
0.459655,-0.831258,2.517,2.69027
0.467825,-0.831258,2.517,2.69168
0.475994,-0.831258,2.517,2.69311
0.484164,-0.831258,2.517,2.69457
0.492333,-0.831258,2.517,2.69605
0.500503,-0.831258,2.517,2.69755
0.508672,-0.831258,2.517,2.69908
0.516842,-0.831258,2.517,2.70063
0.525012,-0.831258,2.517,2.70221
0.533181,-0.831258,2.517,2.70381
0.541351,-0.831258,2.517,2.70543
0.54952,-0.831258,2.517,2.70707
0.55769,-0.831258,2.517,2.70874
0.565859,-0.831258,2.517,2.71044
0.569924,-0.825313,2.499,2.69276
0.578035,-0.825313,2.499,2.69449
0.586146,-0.825313,2.499,2.69624
0.594257,-0.825313,2.499,2.69801
0.602368,-0.825313,2.499,2.69981
0.610479,-0.825313,2.499,2.70163
0.618591,-0.825313,2.499,2.70348
0.626702,-0.825313,2.499,2.70535
0.634813,-0.825313,2.499,2.70724
0.647555,-0.831258,2.517,2.72866
0.646346,-0.819369,2.481,2.69156
0.654399,-0.819369,2.481,2.6935
0.662451,-0.819369,2.481,2.69547
0.665639,-0.813424,2.463,2.67789
0.673634,-0.813424,2.463,2.67989
0.681628,-0.813424,2.463,2.68191
0.684582,-0.80748,2.445,2.66434
0.687703,-0.801865,2.428,2.64785
0.695584,-0.801865,2.428,2.64991
0.703465,-0.801865,2.428,2.65199
0.711345,-0.801865,2.428,2.65409
0.719226,-0.801865,2.428,2.65621
0.722016,-0.796251,2.411,2.63974
0.729841,-0.796251,2.411,2.64189
0.732465,-0.790636,2.394,2.62542
0.740236,-0.790636,2.394,2.6276
0.748006,-0.790636,2.394,2.6298
0.755776,-0.790636,2.394,2.63202
0.763547,-0.790636,2.394,2.63426
0.771317,-0.790636,2.394,2.63653
0.779087,-0.790636,2.394,2.63881
0.786858,-0.790636,2.394,2.64111
0.794628,-0.790636,2.394,2.64344
0.802398,-0.790636,2.394,2.64579
0.810169,-0.790636,2.394,2.64815
0.817939,-0.790636,2.394,2.65054
0.825709,-0.790636,2.394,2.65295
0.83348,-0.790636,2.394,2.65538
0.847224,-0.796251,2.411,2.6767
0.855049,-0.796251,2.411,2.67919
0.862875,-0.796251,2.411,2.6817
0.87684,-0.801865,2.428,2.70315
0.88472,-0.801865,2.428,2.70572
0.892601,-0.801865,2.428,2.7083
0.906787,-0.80748,2.445,2.72989
0.914722,-0.80748,2.445,2.73254
nan,nan,nan,NaN
nan,nan,nan,NaN
nan,nan,nan,NaN
nan,nan,nan,NaN
nan,nan,nan,NaN
nan,nan,nan,NaN
nan,nan,nan,NaN
nan,nan,nan,NaN
nan,nan,nan,NaN
nan,nan,nan,NaN
nan,nan,nan,NaN
nan,nan,nan,NaN
nan,nan,nan,NaN
nan,nan,nan,NaN
nan,nan,nan,NaN
nan,nan,nan,NaN
nan,nan,nan,NaN
nan,nan,nan,NaN
nan,nan,nan,NaN
nan,nan,nan,NaN
nan,nan,nan,NaN
nan,nan,nan,NaN
nan,nan,nan,NaN
nan,nan,nan,NaN
1.4705,-1.06673,3.23,3.70583
1.48098,-1.06673,3.23,3.71
1.49147,-1.06673,3.23,3.7142
1.50195,-1.06673,3.23,3.71842
1.51244,-1.06673,3.23,3.72267
1.52292,-1.06673,3.23,3.72694
1.5334,-1.06673,3.23,3.73124
1.52907,-1.05649,3.199,3.69971
1.53945,-1.05649,3.199,3.70401
1.54984,-1.05649,3.199,3.70834
1.56022,-1.05649,3.199,3.71269
1.5706,-1.05649,3.199,3.71707
1.58099,-1.05649,3.199,3.72146
1.59137,-1.05649,3.199,3.72589
1.60175,-1.05649,3.199,3.73033
1.62776,-1.06673,3.23,3.771
1.63824,-1.06673,3.23,3.77553
1.64872,-1.06673,3.23,3.78009
1.65921,-1.06673,3.23,3.78468
1.66969,-1.06673,3.23,3.78929
1.69578,-1.07664,3.26,3.82916
1.72311,-1.08721,3.292,3.87149
1.7338,-1.08721,3.292,3.87625
1.76144,-1.09778,3.324,3.91877
1.80688,-1.11924,3.389,4.00036
1.81788,-1.11924,3.389,4.00534
1.86612,-1.14203,3.458,4.09199
1.89635,-1.15359,3.493,4.13859
1.92734,-1.16548,3.529,4.18651
1.9388,-1.16548,3.529,4.19179
1.9707,-1.1777,3.566,4.24111
2.0034,-1.19025,3.604,4.29175
2.0151,-1.19025,3.604,4.29722
2.04816,-1.2028,3.642,4.34809
2.05998,-1.2028,3.642,4.35367
2.07181,-1.2028,3.642,4.35927
2.08363,-1.2028,3.642,4.3649
2.09545,-1.2028,3.642,4.37056
2.10727,-1.2028,3.642,4.37624
2.11909,-1.2028,3.642,4.38194
2.10868,-1.19025,3.604,4.34189
2.12037,-1.19025,3.604,4.34758
2.10959,-1.1777,3.566,4.3074
2.07774,-1.15359,3.493,4.22479
2.08908,-1.15359,3.493,4.23038
2.07937,-1.14203,3.458,4.19354
2.04888,-1.11924,3.389,4.11533
2.05988,-1.11924,3.389,4.12082
2.05072,-1.10834,3.356,4.08615
2.04195,-1.09778,3.324,4.05261
2.05274,-1.09778,3.324,4.05806
2.00517,-1.06673,3.23,3.94861
1.97821,-1.04692,3.17,3.8805
1.95212,-1.02776,3.112,3.81466
1.94457,-1.01851,3.084,3.78547
1.92035,-1.00068,3.03,3.72425
1.91299,-0.991763,3.003,3.6961
1.92273,-0.991763,3.003,3.70115
1.89902,-0.97459,2.951,3.64205
1.89243,-0.966333,2.926,3.61615
1.90192,-0.966333,2.926,3.62113
1.89509,-0.958077,2.901,3.59515
1.88875,-0.950151,2.877,3.57034
1.89809,-0.950151,2.877,3.57528
1.89151,-0.942225,2.853,3.55038
1.90077,-0.942225,2.853,3.55533
1.91004,-0.942225,2.853,3.56029
1.9193,-0.942225,2.853,3.56526
1.91233,-0.934298,2.829,3.54022
1.92151,-0.934298,2.829,3.54519
-2.50021,-1.17855,3.604,4.5419
-2.46228,-1.16613,3.566,4.48765
-2.4507,-1.16613,3.566,4.48131
-2.3892,-1.14226,3.493,4.38338
-2.37786,-1.14226,3.493,4.37721
-2.34281,-1.13081,3.458,4.32727
-2.30799,-1.11936,3.423,4.27746
-2.29688,-1.11936,3.423,4.27148
-2.26306,-1.10825,3.389,4.22315
-2.25206,-1.10825,3.389,4.21726
-2.24106,-1.10825,3.389,4.2114
-2.20835,-1.09745,3.356,4.16461
-2.19745,-1.09745,3.356,4.15884
-2.18656,-1.09745,3.356,4.15309
-2.17567,-1.09745,3.356,4.14737
-2.16478,-1.09745,3.356,4.14167
-2.15388,-1.09745,3.356,4.13598
-2.14299,-1.09745,3.356,4.13032
-2.11177,-1.08699,3.324,4.08535
-2.10098,-1.08699,3.324,4.07978
-2.09019,-1.08699,3.324,4.07424
-2.0794,-1.08699,3.324,4.06871
-2.0487,-1.07653,3.292,4.02409
-2.03801,-1.07653,3.292,4.01866
-2.02733,-1.07653,3.292,4.01326
-2.01664,-1.07653,3.292,4.00787
-2.00596,-1.07653,3.292,4.0025
-1.99527,-1.07653,3.292,3.99716
-1.98459,-1.07653,3.292,3.99184
nan,nan,nan,NaN
nan,nan,nan,NaN
nan,nan,nan,NaN
nan,nan,nan,NaN
nan,nan,nan,NaN
nan,nan,nan,NaN
nan,nan,nan,NaN
nan,nan,nan,NaN
nan,nan,nan,NaN
nan,nan,nan,NaN
nan,nan,nan,NaN
nan,nan,nan,NaN
nan,nan,nan,NaN
nan,nan,nan,NaN
nan,nan,nan,NaN
nan,nan,nan,NaN
nan,nan,nan,NaN
nan,nan,nan,NaN
nan,nan,nan,NaN
nan,nan,nan,NaN
nan,nan,nan,NaN
nan,nan,nan,NaN
nan,nan,nan,NaN
nan,nan,nan,NaN
nan,nan,nan,NaN
nan,nan,nan,NaN
-1.39984,-0.888493,2.717,3.18293
-1.39102,-0.888493,2.717,3.17907
-1.37152,-0.881626,2.696,3.15068
-1.34154,-0.867892,2.654,3.09785
-1.33293,-0.867892,2.654,3.09413
-1.30385,-0.854484,2.613,3.04269
-1.27604,-0.841731,2.574,2.9937
-1.26769,-0.841731,2.574,2.99015
-1.25003,-0.835517,2.555,2.96457
-1.24174,-0.835517,2.555,2.96109
nan,nan,nan,NaN
-1.1983,-0.817205,2.499,2.88942
-1.16447,-0.799546,2.445,2.8237
-1.15654,-0.799546,2.445,2.82044
-1.15706,-0.805432,2.463,2.83793
-1.13274,-0.793987,2.428,2.7944
-1.12485,-0.793987,2.428,2.79122
-1.12479,-0.799546,2.445,2.80757
-1.10133,-0.788427,2.411,2.7654
-1.0935,-0.788427,2.411,2.7623
nan,nan,nan,NaN
nan,nan,nan,NaN
nan,nan,nan,NaN
nan,nan,nan,NaN
nan,nan,nan,NaN
-1.06131,-0.799546,2.445,2.78275
-1.05337,-0.799546,2.445,2.77973
-1.05313,-0.805432,2.463,2.79717
-1.04514,-0.805432,2.463,2.79417
-1.04472,-0.811318,2.481,2.81159
-1.03667,-0.811318,2.481,2.80861
-1.02862,-0.811318,2.481,2.80565
-1.02797,-0.817205,2.499,2.82304
-1.01986,-0.817205,2.499,2.82009
-1.01175,-0.817205,2.499,2.81717
-0.996407,-0.811318,2.481,2.794
-0.988354,-0.811318,2.481,2.79114
-0.980302,-0.811318,2.481,2.7883
-0.972249,-0.811318,2.481,2.78547
-0.957201,-0.805432,2.463,2.76249
-0.949206,-0.805432,2.463,2.75973
-0.927837,-0.793987,2.428,2.71781
-0.919957,-0.793987,2.428,2.71513
-0.912076,-0.793987,2.428,2.71247
-0.904195,-0.793987,2.428,2.70983
-0.896315,-0.793987,2.428,2.70721
-0.888434,-0.793987,2.428,2.70461
-0.886718,-0.799546,2.445,2.72095
-0.872672,-0.793987,2.428,2.69947
-0.864792,-0.793987,2.428,2.69694
-0.856911,-0.793987,2.428,2.69442
-0.84903,-0.793987,2.428,2.69192
-0.84115,-0.793987,2.428,2.68945
-0.833269,-0.793987,2.428,2.68699
-0.825388,-0.793987,2.428,2.68456
-0.817508,-0.793987,2.428,2.68215
-0.815296,-0.799546,2.445,2.69852
-0.80736,-0.799546,2.445,2.69613
-0.799424,-0.799546,2.445,2.69377
-0.791488,-0.799546,2.445,2.69142
-0.783552,-0.799546,2.445,2.6891
-0.770224,-0.793987,2.428,2.66812
-0.762343,-0.793987,2.428,2.66585
-0.759745,-0.799546,2.445,2.68226
-0.751809,-0.799546,2.445,2.68002
-0.743873,-0.799546,2.445,2.67781
-0.735937,-0.799546,2.445,2.67561
-0.733361,-0.805432,2.463,2.69312
-0.725366,-0.805432,2.463,2.69096
-0.717372,-0.805432,2.463,2.68881
-0.709378,-0.805432,2.463,2.68669
-0.701384,-0.805432,2.463,2.68459
-0.693389,-0.805432,2.463,2.68251
-0.690404,-0.811318,2.481,2.70005
-0.682351,-0.811318,2.481,2.698
-0.679191,-0.817205,2.499,2.71553
-0.67108,-0.817205,2.499,2.71352
-0.667744,-0.823091,2.517,2.73105
-0.659574,-0.823091,2.517,2.72907
-0.651405,-0.823091,2.517,2.7271
-0.643235,-0.823091,2.517,2.72516
-0.635065,-0.823091,2.517,2.72325
-0.626896,-0.823091,2.517,2.72135
-0.618726,-0.823091,2.517,2.71948
-0.610557,-0.823091,2.517,2.71764
-0.602387,-0.823091,2.517,2.71581
-0.594218,-0.823091,2.517,2.71401
-0.586048,-0.823091,2.517,2.71224
-0.577879,-0.823091,2.517,2.71048
-0.569709,-0.823091,2.517,2.70875
-0.561539,-0.823091,2.517,2.70705
-0.549413,-0.817205,2.499,2.68602
-0.541301,-0.817205,2.499,2.68437
-0.53319,-0.817205,2.499,2.68274
-0.525079,-0.817205,2.499,2.68114
-0.513244,-0.811318,2.481,2.66027
-0.505192,-0.811318,2.481,2.65872
-0.497139,-0.811318,2.481,2.65721
-0.489086,-0.811318,2.481,2.65571
-0.484524,-0.817205,2.499,2.6735
-0.476412,-0.817205,2.499,2.67204
-0.464928,-0.811318,2.481,2.65137
-0.456875,-0.811318,2.481,2.64997
-0.448823,-0.811318,2.481,2.64859
-0.44077,-0.811318,2.481,2.64724
-0.435857,-0.817205,2.499,2.66511
-0.427746,-0.817205,2.499,2.66379
-0.419634,-0.817205,2.499,2.6625
-0.414487,-0.823091,2.517,2.6804
-0.406318,-0.823091,2.517,2.67915
-0.398148,-0.823091,2.517,2.67793
-0.389979,-0.823091,2.517,2.67672
-0.381809,-0.823091,2.517,2.67555
-0.37364,-0.823091,2.517,2.67439
-0.362857,-0.817205,2.499,2.65415
-0.354745,-0.817205,2.499,2.65305
-0.346634,-0.817205,2.499,2.65198
-0.336085,-0.811318,2.481,2.63183
-0.328032,-0.811318,2.481,2.63082
-0.319979,-0.811318,2.481,2.62983
-0.309664,-0.805432,2.463,2.60979
-0.301669,-0.805432,2.463,2.60885
-0.293675,-0.805432,2.463,2.60794
-0.285681,-0.805432,2.463,2.60705
-0.277686,-0.805432,2.463,2.60618
-0.269692,-0.805432,2.463,2.60535
-0.261698,-0.805432,2.463,2.60453
-0.253704,-0.805432,2.463,2.60374
-0.247505,-0.811318,2.481,2.622
-0.239452,-0.811318,2.481,2.62125
-0.2314,-0.811318,2.481,2.62052
-0.223347,-0.811318,2.481,2.61983
-0.215294,-0.811318,2.481,2.61915
-0.207241,-0.811318,2.481,2.6185
-0.199189,-0.811318,2.481,2.61788
-0.191136,-0.811318,2.481,2.61728
-0.183083,-0.811318,2.481,2.6167
-0.175031,-0.811318,2.481,2.61615
-0.166978,-0.811318,2.481,2.61562
-0.158925,-0.811318,2.481,2.61512
-0.150872,-0.811318,2.481,2.61464
-0.143856,-0.817205,2.499,2.63316
-0.135745,-0.817205,2.499,2.63273
-0.127634,-0.817205,2.499,2.63232
-0.120383,-0.823091,2.517,2.6509
-0.112214,-0.823091,2.517,2.65054
-0.104044,-0.823091,2.517,2.65021
-0.0958747,-0.823091,2.517,2.6499
-0.0877052,-0.823091,2.517,2.64962
-0.0795356,-0.823091,2.517,2.64936
-0.0713661,-0.823091,2.517,2.64912
-0.0631965,-0.823091,2.517,2.64892
-0.0554423,-0.829304,2.536,2.66873
-0.0472111,-0.829304,2.536,2.66857
-0.0392719,-0.835517,2.555,2.68843
-0.0312094,-0.841731,2.574,2.70831
-0.0228548,-0.841731,2.574,2.70823
-0.0145003,-0.841731,2.574,2.70817
-0.00614571,-0.841731,2.574,2.70814
0.00220886,-0.841731,2.574,2.70813
0.0105634,-0.841731,2.574,2.70815
0.0190576,-0.847944,2.593,2.72819
0.0274739,-0.847944,2.593,2.72826
0.0358901,-0.847944,2.593,2.72836
0.0446481,-0.854484,2.613,2.74953
0.0527226,-0.847944,2.593,2.72863
0.0611388,-0.847944,2.593,2.72881
0.069555,-0.847944,2.593,2.72901
0.0779713,-0.847944,2.593,2.72924
0.0863875,-0.847944,2.593,2.72949
0.0948037,-0.847944,2.593,2.72977
0.10322,-0.847944,2.593,2.73008
0.111636,-0.847944,2.593,2.73041
0.120052,-0.847944,2.593,2.73076
0.127527,-0.841731,2.574,2.71113
0.135882,-0.841731,2.574,2.71154
0.144236,-0.841731,2.574,2.71197
0.151465,-0.835517,2.555,2.69241
0.159758,-0.835517,2.555,2.69289
0.16805,-0.835517,2.555,2.69339
0.176343,-0.835517,2.555,2.69392
0.184636,-0.835517,2.555,2.69448
0.192929,-0.835517,2.555,2.69506
0.199726,-0.829304,2.536,2.67562
0.206399,-0.823091,2.517,2.65619
0.214568,-0.823091,2.517,2.65684
0.221145,-0.817205,2.499,2.63851
0.229256,-0.817205,2.499,2.6392
0.237367,-0.817205,2.499,2.63992
0.245479,-0.817205,2.499,2.64066
0.25359,-0.817205,2.499,2.64143
0.259816,-0.811318,2.481,2.62319
0.267868,-0.811318,2.481,2.624
0.275921,-0.811318,2.481,2.62483
0.281914,-0.805432,2.463,2.60664
0.289908,-0.805432,2.463,2.60752
0.297902,-0.805432,2.463,2.60842
0.305896,-0.805432,2.463,2.60934
0.313891,-0.805432,2.463,2.61029
0.321885,-0.805432,2.463,2.61126
0.329879,-0.805432,2.463,2.61226
0.337874,-0.805432,2.463,2.61328
0.345868,-0.805432,2.463,2.61433
0.353862,-0.805432,2.463,2.6154
0.364501,-0.811318,2.481,2.63561
0.372554,-0.811318,2.481,2.63674
0.380606,-0.811318,2.481,2.63789
0.391479,-0.817205,2.499,2.65821
0.402468,-0.823091,2.517,2.67857
0.410638,-0.823091,2.517,2.67981
0.418807,-0.823091,2.517,2.68108
0.426977,-0.823091,2.517,2.68236
0.435146,-0.823091,2.517,2.68368
0.443316,-0.823091,2.517,2.68501
0.451486,-0.823091,2.517,2.68637
0.459655,-0.823091,2.517,2.68776
0.467825,-0.823091,2.517,2.68917
0.475994,-0.823091,2.517,2.6906
0.484164,-0.823091,2.517,2.69206
0.488812,-0.817205,2.499,2.67428
0.496924,-0.817205,2.499,2.67577
0.505035,-0.817205,2.499,2.67729
0.513146,-0.817205,2.499,2.67883
0.521257,-0.817205,2.499,2.6804
0.529368,-0.817205,2.499,2.68199
0.537479,-0.817205,2.499,2.6836
0.54559,-0.817205,2.499,2.68524
0.553702,-0.817205,2.499,2.6869
0.561813,-0.817205,2.499,2.68858
0.569924,-0.817205,2.499,2.69029
0.578035,-0.817205,2.499,2.69202
0.586146,-0.817205,2.499,2.69377
0.594257,-0.817205,2.499,2.69555
0.602368,-0.817205,2.499,2.69735
0.610479,-0.817205,2.499,2.69917
0.618591,-0.817205,2.499,2.70101
0.626702,-0.817205,2.499,2.70288
0.634813,-0.817205,2.499,2.70478
0.642924,-0.817205,2.499,2.70669
0.646346,-0.811318,2.481,2.68912
0.654399,-0.811318,2.481,2.69107
0.662451,-0.811318,2.481,2.69304
0.665639,-0.805432,2.463,2.67547
0.668711,-0.799546,2.445,2.65791
0.676647,-0.799546,2.445,2.65992
0.684582,-0.799546,2.445,2.66195
0.687703,-0.793987,2.428,2.64547
0.695584,-0.793987,2.428,2.64753
0.698539,-0.788427,2.411,2.63106
0.706365,-0.788427,2.411,2.63315
0.71419,-0.788427,2.411,2.63526
0.716925,-0.782868,2.394,2.6188
0.724695,-0.782868,2.394,2.62094
0.732465,-0.782868,2.394,2.62309
0.740236,-0.782868,2.394,2.62527
0.748006,-0.782868,2.394,2.62748
0.75041,-0.777309,2.377,2.61103
0.758125,-0.777309,2.377,2.61325
0.76584,-0.777309,2.377,2.6155
0.773555,-0.777309,2.377,2.61777
0.78127,-0.777309,2.377,2.62006
0.788985,-0.777309,2.377,2.62237
0.7967,-0.777309,2.377,2.6247
0.804416,-0.777309,2.377,2.62706
0.812131,-0.777309,2.377,2.62943
0.819846,-0.777309,2.377,2.63182
0.827561,-0.777309,2.377,2.63424
0.835276,-0.777309,2.377,2.63667
0.842991,-0.777309,2.377,2.63912
0.850707,-0.777309,2.377,2.6416
0.864561,-0.782868,2.394,2.663
0.872331,-0.782868,2.394,2.66554
0.880102,-0.782868,2.394,2.66809
0.906787,-0.799546,2.445,2.72756
0.914722,-0.799546,2.445,2.7302
nan,nan,nan,NaN
nan,nan,nan,NaN
nan,nan,nan,NaN
nan,nan,nan,NaN
nan,nan,nan,NaN
nan,nan,nan,NaN
nan,nan,nan,NaN
nan,nan,nan,NaN
nan,nan,nan,NaN
nan,nan,nan,NaN
nan,nan,nan,NaN
nan,nan,nan,NaN
nan,nan,nan,NaN
nan,nan,nan,NaN
nan,nan,nan,NaN
nan,nan,nan,NaN
nan,nan,nan,NaN
nan,nan,nan,NaN
nan,nan,nan,NaN
nan,nan,nan,NaN
nan,nan,nan,NaN
nan,nan,nan,NaN
nan,nan,nan,NaN
nan,nan,nan,NaN
nan,nan,nan,NaN
nan,nan,nan,NaN
nan,nan,nan,NaN
1.50195,-1.05625,3.23,3.71543
1.51244,-1.05625,3.23,3.71968
1.52292,-1.05625,3.23,3.72396
1.51869,-1.04611,3.199,3.69247
1.52907,-1.04611,3.199,3.69676
1.53945,-1.04611,3.199,3.70106
1.54984,-1.04611,3.199,3.70539
1.56022,-1.04611,3.199,3.70975
1.5706,-1.04611,3.199,3.71413
1.56665,-1.03663,3.17,3.68482
1.57694,-1.03663,3.17,3.68921
1.58723,-1.03663,3.17,3.69362
nan,nan,nan,NaN
1.60781,-1.03663,3.17,3.70251
1.6181,-1.03663,3.17,3.70699
1.64328,-1.04611,3.199,3.74544
1.65367,-1.04611,3.199,3.75001
1.66405,-1.04611,3.199,3.7546
1.72311,-1.07653,3.292,3.8685
1.7338,-1.07653,3.292,3.87327
1.79588,-1.10825,3.389,3.99233
1.80688,-1.10825,3.389,3.99729
nan,nan,nan,NaN
1.88501,-1.14226,3.493,4.13026
1.89635,-1.14226,3.493,4.13545
1.92734,-1.15403,3.529,4.18333
1.9388,-1.15403,3.529,4.18862
1.9707,-1.16613,3.566,4.23791
2.02452,-1.19098,3.642,4.33374
2.03634,-1.19098,3.642,4.33927
2.04816,-1.19098,3.642,4.34483
2.05998,-1.19098,3.642,4.35042
2.07181,-1.19098,3.642,4.35603
2.08363,-1.19098,3.642,4.36166
2.09545,-1.19098,3.642,4.36732
2.10727,-1.19098,3.642,4.37301
2.11909,-1.19098,3.642,4.37871
2.10868,-1.17855,3.604,4.3387
2.12037,-1.17855,3.604,4.3444
2.10959,-1.16613,3.566,4.30425
2.09916,-1.15403,3.529,4.26522
2.11061,-1.15403,3.529,4.27087
2.07937,-1.13081,3.458,4.1905
2.06944,-1.11936,3.423,4.15361
2.08055,-1.11936,3.423,4.15916
2.05072,-1.09745,3.356,4.08321
2.04195,-1.08699,3.324,4.0497
2.05274,-1.08699,3.324,4.05515
2.0238,-1.06606,3.26,3.98244
1.97821,-1.03663,3.17,3.87774
1.95212,-1.01766,3.112,3.81195
1.96222,-1.01766,3.112,3.81713
1.93746,-0.999678,3.057,3.75478
1.91299,-0.982019,3.003,3.69349
1.92273,-0.982019,3.003,3.69855
1.91575,-0.973517,2.977,3.67156
1.9086,-0.965014,2.951,3.6445
1.91817,-0.965014,2.951,3.64953
1.89509,-0.948664,2.901,3.59265
1.88875,-0.940815,2.877,3.56786
1.89809,-0.940815,2.877,3.57281
1.90743,-0.940815,2.877,3.57778
1.90077,-0.932967,2.853,3.55288
1.91004,-0.932967,2.853,3.55785
1.9193,-0.932967,2.853,3.56283
1.91233,-0.925119,2.829,3.53781
1.92151,-0.925119,2.829,3.54278
-2.52657,-1.17916,3.642,4.58674
-2.48851,-1.16686,3.604,4.53245
-2.4507,-1.15456,3.566,4.47831
-2.41382,-1.14258,3.529,4.42559
-2.40237,-1.14258,3.529,4.41935
-2.34281,-1.11959,3.458,4.32435
-2.30799,-1.10826,3.423,4.27457
-2.29688,-1.10826,3.423,4.26858
-2.28577,-1.10826,3.423,4.26262
-2.25206,-1.09725,3.389,4.21439
-2.24106,-1.09725,3.389,4.20852
-2.23006,-1.09725,3.389,4.20267
-2.19745,-1.08656,3.356,4.15598
-2.18656,-1.08656,3.356,4.15023
-2.17567,-1.08656,3.356,4.1445
-2.16478,-1.08656,3.356,4.13879
-2.15388,-1.08656,3.356,4.13311
-2.14299,-1.08656,3.356,4.12744
-2.1321,-1.08656,3.356,4.1218
-2.10098,-1.0762,3.324,4.07692
-2.09019,-1.0762,3.324,4.07137
-2.0794,-1.0762,3.324,4.06585
-2.06861,-1.0762,3.324,4.06034
-2.05782,-1.0762,3.324,4.05485
-2.04703,-1.0762,3.324,4.04939
-2.01664,-1.06584,3.292,4.00501
-2.00596,-1.06584,3.292,3.99964
-1.99527,-1.06584,3.292,3.9943
-1.98459,-1.06584,3.292,3.98897
nan,nan,nan,NaN
nan,nan,nan,NaN
nan,nan,nan,NaN
nan,nan,nan,NaN
nan,nan,nan,NaN
nan,nan,nan,NaN
nan,nan,nan,NaN
nan,nan,nan,NaN
nan,nan,nan,NaN
nan,nan,nan,NaN
nan,nan,nan,NaN
nan,nan,nan,NaN
nan,nan,nan,NaN
nan,nan,nan,NaN
nan,nan,nan,NaN
nan,nan,nan,NaN
nan,nan,nan,NaN
nan,nan,nan,NaN
nan,nan,nan,NaN
nan,nan,nan,NaN
nan,nan,nan,NaN
nan,nan,nan,NaN
nan,nan,nan,NaN
nan,nan,nan,NaN
nan,nan,nan,NaN
nan,nan,nan,NaN
-1.39984,-0.879677,2.717,3.18048
-1.39102,-0.879677,2.717,3.17661
-1.38221,-0.879677,2.717,3.17276
-1.35216,-0.866079,2.675,3.11994
-1.34347,-0.866079,2.675,3.11619
-1.31383,-0.852481,2.633,3.06359
-1.28546,-0.83953,2.593,3.01345
-1.27704,-0.83953,2.593,3.00987
-1.26863,-0.83953,2.593,3.00631
-1.25098,-0.833378,2.574,2.98076
-1.22428,-0.821075,2.536,2.93331
-1.1983,-0.809096,2.499,2.88714
-1.17305,-0.79744,2.463,2.84224
-1.15654,-0.791612,2.445,2.8182
-1.1486,-0.791612,2.445,2.81495
-1.13274,-0.786108,2.428,2.79217
-1.12485,-0.786108,2.428,2.78899
-1.11697,-0.786108,2.428,2.78582
-1.10133,-0.780604,2.411,2.76318
-1.0935,-0.780604,2.411,2.76007
nan,nan,nan,NaN
nan,nan,nan,NaN
nan,nan,nan,NaN
nan,nan,nan,NaN
nan,nan,nan,NaN
-1.05393,-0.786108,2.428,2.76114
-1.04605,-0.786108,2.428,2.75815
-1.04544,-0.791612,2.445,2.77446
-1.0375,-0.791612,2.445,2.77148
-1.02956,-0.791612,2.445,2.76852
-1.02163,-0.791612,2.445,2.76557
-1.01369,-0.791612,2.445,2.76265
-1.02797,-0.809096,2.499,2.8207
-1.01986,-0.809096,2.499,2.81776
-1.01175,-0.809096,2.499,2.81483
-0.996407,-0.803268,2.481,2.79167
-0.988354,-0.803268,2.481,2.78881
-0.980302,-0.803268,2.481,2.78596
-0.972249,-0.803268,2.481,2.78314
-0.957201,-0.79744,2.463,2.76017
-0.949206,-0.79744,2.463,2.7574
-0.927837,-0.786108,2.428,2.71552
-0.919957,-0.786108,2.428,2.71283
-0.912076,-0.786108,2.428,2.71017
-0.904195,-0.786108,2.428,2.70753
-0.896315,-0.786108,2.428,2.70491
-0.888434,-0.786108,2.428,2.70231
-0.886718,-0.791612,2.445,2.71863
-0.872672,-0.786108,2.428,2.69717
-0.864792,-0.786108,2.428,2.69463
-0.856911,-0.786108,2.428,2.69211
-0.84903,-0.786108,2.428,2.68961
-0.84115,-0.786108,2.428,2.68713
-0.833269,-0.786108,2.428,2.68468
-0.825388,-0.786108,2.428,2.68224
-0.817508,-0.786108,2.428,2.67983
-0.815296,-0.791612,2.445,2.69618
-0.80736,-0.791612,2.445,2.69379
-0.799424,-0.791612,2.445,2.69142
-0.791488,-0.791612,2.445,2.68908
-0.783552,-0.791612,2.445,2.68675
-0.775616,-0.791612,2.445,2.68445
-0.767681,-0.791612,2.445,2.68217
-0.759745,-0.791612,2.445,2.6799
-0.751809,-0.791612,2.445,2.67767
-0.743873,-0.791612,2.445,2.67545
-0.735937,-0.791612,2.445,2.67325
-0.733361,-0.79744,2.463,2.69074
-0.725366,-0.79744,2.463,2.68858
-0.717372,-0.79744,2.463,2.68643
-0.709378,-0.79744,2.463,2.68431
-0.701384,-0.79744,2.463,2.6822
-0.693389,-0.79744,2.463,2.68012
-0.690404,-0.803268,2.481,2.69764
-0.682351,-0.803268,2.481,2.69559
-0.679191,-0.809096,2.499,2.7131
-0.67108,-0.809096,2.499,2.71109
-0.667744,-0.814924,2.517,2.7286
-0.659574,-0.814924,2.517,2.72661
-0.651405,-0.814924,2.517,2.72465
-0.643235,-0.814924,2.517,2.72271
-0.635065,-0.814924,2.517,2.72079
-0.626896,-0.814924,2.517,2.71889
-0.618726,-0.814924,2.517,2.71702
-0.610557,-0.814924,2.517,2.71517
-0.602387,-0.814924,2.517,2.71335
-0.594218,-0.814924,2.517,2.71155
-0.586048,-0.814924,2.517,2.70977
-0.577879,-0.814924,2.517,2.70801
-0.569709,-0.814924,2.517,2.70628
-0.561539,-0.814924,2.517,2.70457
-0.549413,-0.809096,2.499,2.68356
-0.541301,-0.809096,2.499,2.68191
-0.53319,-0.809096,2.499,2.68029
-0.525079,-0.809096,2.499,2.67868
-0.513244,-0.803268,2.481,2.65782
-0.505192,-0.803268,2.481,2.65628
-0.497139,-0.803268,2.481,2.65476
-0.489086,-0.803268,2.481,2.65326
-0.481034,-0.803268,2.481,2.65179
-0.472981,-0.803268,2.481,2.65034
-0.464928,-0.803268,2.481,2.64892
-0.453561,-0.79744,2.463,2.62831
-0.445566,-0.79744,2.463,2.62694
-0.437572,-0.79744,2.463,2.6256
-0.432717,-0.803268,2.481,2.64345
-0.427746,-0.809096,2.499,2.66132
-0.419634,-0.809096,2.499,2.66002
-0.411523,-0.809096,2.499,2.65876
-0.406318,-0.814924,2.517,2.67666
-0.398148,-0.814924,2.517,2.67543
-0.389979,-0.814924,2.517,2.67422
-0.381809,-0.814924,2.517,2.67304
-0.37364,-0.814924,2.517,2.67189
-0.362857,-0.809096,2.499,2.65166
-0.354745,-0.809096,2.499,2.65056
-0.346634,-0.809096,2.499,2.64949
-0.336085,-0.803268,2.481,2.62936
-0.325652,-0.79744,2.463,2.60928
-0.317658,-0.79744,2.463,2.60829
-0.309664,-0.79744,2.463,2.60733
-0.301669,-0.79744,2.463,2.60639
-0.293675,-0.79744,2.463,2.60548
-0.285681,-0.79744,2.463,2.60459
-0.277686,-0.79744,2.463,2.60373
-0.269692,-0.79744,2.463,2.60289
-0.261698,-0.79744,2.463,2.60207
-0.253704,-0.79744,2.463,2.60128
-0.245709,-0.79744,2.463,2.60051
-0.237715,-0.79744,2.463,2.59977
-0.229721,-0.79744,2.463,2.59905
-0.221726,-0.79744,2.463,2.59835
-0.215294,-0.803268,2.481,2.61667
-0.207241,-0.803268,2.481,2.61602
-0.199189,-0.803268,2.481,2.61539
-0.191136,-0.803268,2.481,2.61479
-0.183083,-0.803268,2.481,2.61422
-0.175031,-0.803268,2.481,2.61366
-0.166978,-0.803268,2.481,2.61314
-0.158925,-0.803268,2.481,2.61263
-0.150872,-0.803268,2.481,2.61216
-0.143856,-0.809096,2.499,2.63065
-0.135745,-0.809096,2.499,2.63022
-0.127634,-0.809096,2.499,2.62982
-0.119523,-0.809096,2.499,2.62943
-0.112214,-0.814924,2.517,2.64801
-0.104044,-0.814924,2.517,2.64768
-0.0958747,-0.814924,2.517,2.64737
-0.0877052,-0.814924,2.517,2.64709
-0.0795356,-0.814924,2.517,2.64683
-0.0713661,-0.814924,2.517,2.6466
-0.0631965,-0.814924,2.517,2.64639
-0.0554423,-0.821075,2.536,2.66618
-0.0472111,-0.821075,2.536,2.66602
-0.0389799,-0.821075,2.536,2.66589
-0.030979,-0.827227,2.555,2.68576
-0.0228548,-0.833378,2.574,2.70565
-0.0145003,-0.833378,2.574,2.70559
-0.00614571,-0.833378,2.574,2.70556
0.00220886,-0.833378,2.574,2.70555
0.0105634,-0.833378,2.574,2.70557
0.018918,-0.833378,2.574,2.70562
0.0272725,-0.833378,2.574,2.70569
0.0356271,-0.833378,2.574,2.70578
0.0443063,-0.83953,2.593,2.72588
0.0527226,-0.83953,2.593,2.72603
0.0611388,-0.83953,2.593,2.72621
0.0690454,-0.833378,2.574,2.70643
0.0773999,-0.833378,2.574,2.70666
0.0857545,-0.833378,2.574,2.70691
0.0941091,-0.833378,2.574,2.70719
0.102464,-0.833378,2.574,2.70749
0.111636,-0.83953,2.593,2.72781
0.120052,-0.83953,2.593,2.72816
0.127527,-0.833378,2.574,2.70855
0.135882,-0.833378,2.574,2.70896
0.144236,-0.833378,2.574,2.70939
0.151465,-0.827227,2.555,2.68985
0.15857,-0.821075,2.536,2.67032
0.166801,-0.821075,2.536,2.67082
0.175032,-0.821075,2.536,2.67135
0.183263,-0.821075,2.536,2.6719
0.191494,-0.821075,2.536,2.67248
0.198229,-0.814924,2.517,2.65305
0.206399,-0.814924,2.517,2.65367
0.214568,-0.814924,2.517,2.65432
0.221145,-0.809096,2.499,2.63601
0.227605,-0.803268,2.481,2.61771
0.235658,-0.803268,2.481,2.61842
0.24371,-0.803268,2.481,2.61916
0.251763,-0.803268,2.481,2.61992
0.257931,-0.79744,2.463,2.60169
0.265925,-0.79744,2.463,2.6025
0.273919,-0.79744,2.463,2.60333
0.281914,-0.79744,2.463,2.60418
0.289908,-0.79744,2.463,2.60506
0.297902,-0.79744,2.463,2.60596
0.305896,-0.79744,2.463,2.60689
0.313891,-0.79744,2.463,2.60784
0.321885,-0.79744,2.463,2.60881
0.329879,-0.79744,2.463,2.60981
0.337874,-0.79744,2.463,2.61083
0.345868,-0.79744,2.463,2.61188
0.353862,-0.79744,2.463,2.61295
0.364501,-0.803268,2.481,2.63315
0.372554,-0.803268,2.481,2.63427
0.380606,-0.803268,2.481,2.63542
0.388659,-0.803268,2.481,2.6366
0.39959,-0.809096,2.499,2.65694
0.407701,-0.809096,2.499,2.65817
0.415812,-0.809096,2.499,2.65942
0.423923,-0.809096,2.499,2.6607
0.432035,-0.809096,2.499,2.66201
0.440146,-0.809096,2.499,2.66334
0.448257,-0.809096,2.499,2.66469
0.456368,-0.809096,2.499,2.66607
0.464479,-0.809096,2.499,2.66747
0.47259,-0.809096,2.499,2.66889
0.480701,-0.809096,2.499,2.67034
0.488812,-0.809096,2.499,2.67181
0.496924,-0.809096,2.499,2.67331
0.505035,-0.809096,2.499,2.67483
0.513146,-0.809096,2.499,2.67637
0.521257,-0.809096,2.499,2.67794
0.529368,-0.809096,2.499,2.67953
0.537479,-0.809096,2.499,2.68114
0.54559,-0.809096,2.499,2.68278
0.553702,-0.809096,2.499,2.68444
0.561813,-0.809096,2.499,2.68613
0.569924,-0.809096,2.499,2.68783
0.578035,-0.809096,2.499,2.68957
0.586146,-0.809096,2.499,2.69132
0.594257,-0.809096,2.499,2.6931
0.602368,-0.809096,2.499,2.6949
0.610479,-0.809096,2.499,2.69672
0.618591,-0.809096,2.499,2.69857
0.626702,-0.809096,2.499,2.70044
0.63024,-0.803268,2.481,2.68287
0.638293,-0.803268,2.481,2.68478
0.646346,-0.803268,2.481,2.6867
0.654399,-0.803268,2.481,2.68865
0.662451,-0.803268,2.481,2.69062
0.665639,-0.79744,2.463,2.67308
0.668711,-0.791612,2.445,2.65553
0.676647,-0.791612,2.445,2.65754
0.679823,-0.786108,2.428,2.64108
0.687703,-0.786108,2.428,2.64312
0.695584,-0.786108,2.428,2.64518
0.698539,-0.780604,2.411,2.62873
0.706365,-0.780604,2.411,2.63082
0.71419,-0.780604,2.411,2.63293
0.716925,-0.7751,2.394,2.61649
0.724695,-0.7751,2.394,2.61863
0.732465,-0.7751,2.394,2.62079
0.740236,-0.7751,2.394,2.62297
0.748006,-0.7751,2.394,2.62517
0.75041,-0.769596,2.377,2.60874
0.758125,-0.769596,2.377,2.61097
0.76584,-0.769596,2.377,2.61322
0.773555,-0.769596,2.377,2.61549
0.78127,-0.769596,2.377,2.61778
0.788985,-0.769596,2.377,2.6201
0.7967,-0.769596,2.377,2.62243
0.804416,-0.769596,2.377,2.62478
0.812131,-0.769596,2.377,2.62716
0.819846,-0.769596,2.377,2.62955
0.827561,-0.769596,2.377,2.63197
0.835276,-0.769596,2.377,2.63441
0.842991,-0.769596,2.377,2.63686
0.850707,-0.769596,2.377,2.63934
0.864561,-0.7751,2.394,2.66073
0.872331,-0.7751,2.394,2.66326
0.880102,-0.7751,2.394,2.66582
nan,nan,nan,NaN
nan,nan,nan,NaN
nan,nan,nan,NaN
nan,nan,nan,NaN
nan,nan,nan,NaN
nan,nan,nan,NaN
nan,nan,nan,NaN
nan,nan,nan,NaN
nan,nan,nan,NaN
nan,nan,nan,NaN
nan,nan,nan,NaN
nan,nan,nan,NaN
nan,nan,nan,NaN
nan,nan,nan,NaN
nan,nan,nan,NaN
nan,nan,nan,NaN
nan,nan,nan,NaN
nan,nan,nan,NaN
nan,nan,nan,NaN
nan,nan,nan,NaN
nan,nan,nan,NaN
nan,nan,nan,NaN
nan,nan,nan,NaN
nan,nan,nan,NaN
nan,nan,nan,NaN
nan,nan,nan,NaN
nan,nan,nan,NaN
nan,nan,nan,NaN
nan,nan,nan,NaN
1.50195,-1.04577,3.23,3.71247
1.51244,-1.04577,3.23,3.71672
1.52292,-1.04577,3.23,3.721
1.51869,-1.03573,3.199,3.68955
1.52907,-1.03573,3.199,3.69383
1.53945,-1.03573,3.199,3.69814
1.54984,-1.03573,3.199,3.70248
1.56022,-1.03573,3.199,3.70684
1.5706,-1.03573,3.199,3.71122
1.56665,-1.02634,3.17,3.68194
1.57694,-1.02634,3.17,3.68633
1.58723,-1.02634,3.17,3.69074
nan,nan,nan,NaN
1.60781,-1.02634,3.17,3.69964
1.6181,-1.02634,3.17,3.70412
1.64328,-1.03573,3.199,3.74256
1.65367,-1.03573,3.199,3.74713
1.66405,-1.03573,3.199,3.75172
nan,nan,nan,NaN
nan,nan,nan,NaN
1.79588,-1.09725,3.389,3.9893
1.80688,-1.09725,3.389,3.99426
nan,nan,nan,NaN
1.88501,-1.13092,3.493,4.12714
1.89635,-1.13092,3.493,4.13233
1.92734,-1.14258,3.529,4.18019
1.9388,-1.14258,3.529,4.18548
1.9707,-1.15456,3.566,4.23474
2.02452,-1.17916,3.642,4.33051
2.03634,-1.17916,3.642,4.33604
2.04816,-1.17916,3.642,4.34161
2.05998,-1.17916,3.642,4.3472
2.07181,-1.17916,3.642,4.35281
2.08363,-1.17916,3.642,4.35845
2.09545,-1.17916,3.642,4.36411
2.10727,-1.17916,3.642,4.3698
2.11909,-1.17916,3.642,4.37551
2.10868,-1.16686,3.604,4.33554
2.12037,-1.16686,3.604,4.34124
2.10959,-1.15456,3.566,4.30113
2.09916,-1.14258,3.529,4.26213
2.11061,-1.14258,3.529,4.26779
2.07937,-1.11959,3.458,4.18749
2.06944,-1.10826,3.423,4.15063
2.08055,-1.10826,3.423,4.15618
2.05072,-1.08656,3.356,4.08029
2.04195,-1.0762,3.324,4.04682
2.05274,-1.0762,3.324,4.05227
2.0238,-1.05548,3.26,3.97962
1.97821,-1.02634,3.17,3.875
1.95212,-1.00757,3.112,3.80927
1.96222,-1.00757,3.112,3.81445
1.93746,-0.989758,3.057,3.75215
1.91299,-0.972275,3.003,3.69091
1.92273,-0.972275,3.003,3.69598
1.91575,-0.963857,2.977,3.66901
1.9086,-0.955439,2.951,3.64198
1.91817,-0.955439,2.951,3.64701
1.89509,-0.93925,2.901,3.59018
1.88875,-0.93148,2.877,3.56541
1.89809,-0.93148,2.877,3.57037
1.89151,-0.92371,2.853,3.54552
1.90077,-0.92371,2.853,3.55046
1.91004,-0.92371,2.853,3.55543
1.9193,-0.92371,2.853,3.56041
1.91233,-0.915939,2.829,3.53542
1.92151,-0.915939,2.829,3.5404
-2.55363,-1.17985,3.681,4.6328
-2.51475,-1.16734,3.642,4.57721
-2.47682,-1.15516,3.604,4.52304
-2.43913,-1.14298,3.566,4.46902
-2.42755,-1.14298,3.566,4.46271
-2.36652,-1.11959,3.493,4.3652
-2.33158,-1.10837,3.458,4.31538
-2.32036,-1.10837,3.458,4.30933
-2.28577,-1.09715,3.423,4.25974
-2.25206,-1.08625,3.389,4.21154
-2.24106,-1.08625,3.389,4.20567
-2.23006,-1.08625,3.389,4.19981
-2.21906,-1.08625,3.389,4.19398
-2.20806,-1.08625,3.389,4.18817
-2.17567,-1.07568,3.356,4.14166
-2.16478,-1.07568,3.356,4.13595
-2.15388,-1.07568,3.356,4.13026
-2.14299,-1.07568,3.356,4.12459
-2.1321,-1.07568,3.356,4.11894
-2.10098,-1.06542,3.324,4.07409
-2.09019,-1.06542,3.324,4.06854
-2.0794,-1.06542,3.324,4.063
-2.06861,-1.06542,3.324,4.05749
-2.05782,-1.06542,3.324,4.052
-2.04703,-1.06542,3.324,4.04653
-2.01664,-1.05516,3.292,4.00218
-2.00596,-1.05516,3.292,3.99681
-1.99527,-1.05516,3.292,3.99146
-1.98459,-1.05516,3.292,3.98613
nan,nan,nan,NaN
nan,nan,nan,NaN
nan,nan,nan,NaN
nan,nan,nan,NaN
nan,nan,nan,NaN
nan,nan,nan,NaN
nan,nan,nan,NaN
nan,nan,nan,NaN
nan,nan,nan,NaN
nan,nan,nan,NaN
nan,nan,nan,NaN
nan,nan,nan,NaN
nan,nan,nan,NaN
nan,nan,nan,NaN
nan,nan,nan,NaN
nan,nan,nan,NaN
nan,nan,nan,NaN
nan,nan,nan,NaN
nan,nan,nan,NaN
nan,nan,nan,NaN
nan,nan,nan,NaN
nan,nan,nan,NaN
nan,nan,nan,NaN
nan,nan,nan,NaN
nan,nan,nan,NaN
nan,nan,nan,NaN
-1.42251,-0.884964,2.761,3.22952
-1.41355,-0.884964,2.761,3.22559
-1.3934,-0.877912,2.739,3.196
-1.37339,-0.870861,2.717,3.16649
-1.36457,-0.870861,2.717,3.16268
-1.33479,-0.857399,2.675,3.11005
-1.30529,-0.843937,2.633,3.05756
-1.29674,-0.843937,2.633,3.05393
-1.2882,-0.843937,2.633,3.05031
-1.25098,-0.825026,2.574,2.97844
-1.22428,-0.812846,2.536,2.93102
-1.21605,-0.812846,2.536,2.92759
-1.19019,-0.800987,2.499,2.88152
-1.15654,-0.783679,2.445,2.81598
-1.1486,-0.783679,2.445,2.81273
-1.13274,-0.77823,2.428,2.78997
-1.12485,-0.77823,2.428,2.78678
-1.11697,-0.77823,2.428,2.78361
-1.10133,-0.772781,2.411,2.76098
-1.0935,-0.772781,2.411,2.75787
nan,nan,nan,NaN
nan,nan,nan,NaN
nan,nan,nan,NaN
nan,nan,nan,NaN
nan,nan,nan,NaN
-1.05393,-0.77823,2.428,2.75891
-1.04605,-0.77823,2.428,2.75591
-1.04544,-0.783679,2.445,2.7722
-1.0375,-0.783679,2.445,2.76922
-1.02956,-0.783679,2.445,2.76626
-1.02163,-0.783679,2.445,2.76331
-1.01369,-0.783679,2.445,2.76039
-1.01316,-0.789448,2.463,2.77779
-1.01251,-0.795217,2.481,2.79516
-1.00446,-0.795217,2.481,2.79225
-0.996407,-0.795217,2.481,2.78937
-0.988354,-0.795217,2.481,2.7865
-0.980302,-0.795217,2.481,2.78365
-0.965195,-0.789448,2.463,2.76065
-0.957201,-0.789448,2.463,2.75787
-0.949206,-0.789448,2.463,2.7551
-0.927837,-0.77823,2.428,2.71325
-0.919957,-0.77823,2.428,2.71056
-0.912076,-0.77823,2.428,2.7079
-0.897864,-0.772781,2.411,2.68631
-0.890039,-0.772781,2.411,2.68371
-0.882213,-0.772781,2.411,2.68112
-0.880553,-0.77823,2.428,2.69744
-0.872672,-0.77823,2.428,2.69488
-0.864792,-0.77823,2.428,2.69234
-0.856911,-0.77823,2.428,2.68982
-0.84903,-0.77823,2.428,2.68732
-0.84115,-0.77823,2.428,2.68484
-0.833269,-0.77823,2.428,2.68238
-0.825388,-0.77823,2.428,2.67994
-0.817508,-0.77823,2.428,2.67753
-0.809627,-0.77823,2.428,2.67513
-0.801746,-0.77823,2.428,2.67276
-0.793866,-0.77823,2.428,2.6704
-0.791488,-0.783679,2.445,2.68675
-0.783552,-0.783679,2.445,2.68442
-0.770224,-0.77823,2.428,2.66347
-0.762343,-0.77823,2.428,2.6612
-0.759745,-0.783679,2.445,2.67757
-0.751809,-0.783679,2.445,2.67533
-0.743873,-0.783679,2.445,2.67311
-0.735937,-0.783679,2.445,2.67091
-0.728001,-0.783679,2.445,2.66874
-0.720065,-0.783679,2.445,2.66658
-0.717372,-0.789448,2.463,2.68407
-0.709378,-0.789448,2.463,2.68194
-0.701384,-0.789448,2.463,2.67984
-0.693389,-0.789448,2.463,2.67776
-0.690404,-0.795217,2.481,2.69525
-0.682351,-0.795217,2.481,2.6932
-0.679191,-0.800987,2.499,2.7107
-0.67108,-0.800987,2.499,2.70868
-0.667744,-0.806756,2.517,2.72617
-0.659574,-0.806756,2.517,2.72418
-0.651405,-0.806756,2.517,2.72222
-0.643235,-0.806756,2.517,2.72028
-0.635065,-0.806756,2.517,2.71835
-0.626896,-0.806756,2.517,2.71646
-0.618726,-0.806756,2.517,2.71458
-0.610557,-0.806756,2.517,2.71273
-0.602387,-0.806756,2.517,2.71091
-0.594218,-0.806756,2.517,2.7091
-0.581857,-0.800987,2.499,2.68796
-0.573746,-0.800987,2.499,2.68622
-0.565635,-0.800987,2.499,2.6845
-0.557524,-0.800987,2.499,2.6828
-0.545455,-0.795217,2.481,2.66181
-0.537403,-0.795217,2.481,2.66018
-0.52935,-0.795217,2.481,2.65856
-0.517515,-0.789448,2.463,2.63769
-0.509521,-0.789448,2.463,2.63614
-0.501526,-0.789448,2.463,2.6346
-0.493532,-0.789448,2.463,2.63309
-0.485538,-0.789448,2.463,2.6316
-0.477544,-0.789448,2.463,2.63014
-0.469549,-0.789448,2.463,2.6287
-0.461555,-0.789448,2.463,2.62729
-0.453561,-0.789448,2.463,2.62589
-0.445566,-0.789448,2.463,2.62452
-0.437572,-0.789448,2.463,2.62318
-0.432717,-0.795217,2.481,2.64102
-0.424665,-0.795217,2.481,2.63971
-0.416612,-0.795217,2.481,2.63843
-0.411523,-0.800987,2.499,2.6563
-0.406318,-0.806756,2.517,2.67418
-0.398148,-0.806756,2.517,2.67295
-0.389979,-0.806756,2.517,2.67175
-0.379079,-0.800987,2.499,2.65147
-0.370968,-0.800987,2.499,2.65032
-0.362857,-0.800987,2.499,2.6492
-0.354745,-0.800987,2.499,2.6481
-0.346634,-0.800987,2.499,2.64702
-0.336085,-0.795217,2.481,2.62692
-0.325652,-0.789448,2.463,2.60685
-0.317658,-0.789448,2.463,2.60586
-0.309664,-0.789448,2.463,2.6049
-0.301669,-0.789448,2.463,2.60396
-0.293675,-0.789448,2.463,2.60304
-0.285681,-0.789448,2.463,2.60215
-0.277686,-0.789448,2.463,2.60129
-0.269692,-0.789448,2.463,2.60045
-0.261698,-0.789448,2.463,2.59963
-0.253704,-0.789448,2.463,2.59884
-0.245709,-0.789448,2.463,2.59807
-0.237715,-0.789448,2.463,2.59733
-0.229721,-0.789448,2.463,2.59661
-0.221726,-0.789448,2.463,2.59591
-0.215294,-0.795217,2.481,2.61421
-0.207241,-0.795217,2.481,2.61356
-0.199189,-0.795217,2.481,2.61293
-0.191136,-0.795217,2.481,2.61233
-0.183083,-0.795217,2.481,2.61175
-0.175031,-0.795217,2.481,2.6112
-0.166978,-0.795217,2.481,2.61067
-0.158925,-0.795217,2.481,2.61017
-0.150872,-0.795217,2.481,2.60969
-0.143856,-0.800987,2.499,2.62817
-0.135745,-0.800987,2.499,2.62774
-0.127634,-0.800987,2.499,2.62733
-0.119523,-0.800987,2.499,2.62695
-0.112214,-0.806756,2.517,2.64551
-0.104044,-0.806756,2.517,2.64518
-0.0958747,-0.806756,2.517,2.64487
-0.0877052,-0.806756,2.517,2.64459
-0.0795356,-0.806756,2.517,2.64433
-0.0713661,-0.806756,2.517,2.64409
-0.0631965,-0.806756,2.517,2.64389
-0.055027,-0.806756,2.517,2.6437
-0.0468574,-0.806756,2.517,2.64355
-0.0389799,-0.812846,2.536,2.66337
-0.0307487,-0.812846,2.536,2.66326
-0.0226861,-0.818936,2.555,2.68313
-0.0143932,-0.818936,2.555,2.68307
-0.00610034,-0.818936,2.555,2.68304
0.00219255,-0.818936,2.555,2.68304
0.0104854,-0.818936,2.555,2.68306
0.0187783,-0.818936,2.555,2.6831
0.0272725,-0.825026,2.574,2.70313
0.0353641,-0.818936,2.555,2.68327
0.043657,-0.818936,2.555,2.68339
0.0519499,-0.818936,2.555,2.68354
0.0602428,-0.818936,2.555,2.68371
0.0685357,-0.818936,2.555,2.68391
0.0768286,-0.818936,2.555,2.68414
0.0851215,-0.818936,2.555,2.68439
0.0934144,-0.818936,2.555,2.68466
0.101707,-0.818936,2.555,2.68496
0.11,-0.818936,2.555,2.68529
0.118293,-0.818936,2.555,2.68564
0.126586,-0.818936,2.555,2.68602
0.134879,-0.818936,2.555,2.68642
0.143172,-0.818936,2.555,2.68685
0.150338,-0.812846,2.536,2.66732
0.15857,-0.812846,2.536,2.6678
0.166801,-0.812846,2.536,2.6683
0.175032,-0.812846,2.536,2.66883
0.183263,-0.812846,2.536,2.66938
0.191494,-0.812846,2.536,2.66996
0.198229,-0.806756,2.517,2.65055
0.204923,-0.800987,2.499,2.63222
0.213034,-0.800987,2.499,2.63286
0.221145,-0.800987,2.499,2.63353
0.227605,-0.795217,2.481,2.61525
0.235658,-0.795217,2.481,2.61596
0.24371,-0.795217,2.481,2.6167
0.251763,-0.795217,2.481,2.61746
0.257931,-0.789448,2.463,2.59925
0.265925,-0.789448,2.463,2.60006
0.273919,-0.789448,2.463,2.60089
0.281914,-0.789448,2.463,2.60174
0.289908,-0.789448,2.463,2.60262
0.297902,-0.789448,2.463,2.60353
0.305896,-0.789448,2.463,2.60445
0.313891,-0.789448,2.463,2.6054
0.321885,-0.789448,2.463,2.60638
0.329879,-0.789448,2.463,2.60738
0.337874,-0.789448,2.463,2.6084
0.345868,-0.789448,2.463,2.60945
0.353862,-0.789448,2.463,2.61052
0.364501,-0.795217,2.481,2.6307
0.372554,-0.795217,2.481,2.63183
0.380606,-0.795217,2.481,2.63298
0.388659,-0.795217,2.481,2.63416
0.39959,-0.800987,2.499,2.65448
0.407701,-0.800987,2.499,2.65571
0.415812,-0.800987,2.499,2.65697
0.423923,-0.800987,2.499,2.65825
0.432035,-0.800987,2.499,2.65956
0.440146,-0.800987,2.499,2.66089
0.448257,-0.800987,2.499,2.66224
0.456368,-0.800987,2.499,2.66362
0.464479,-0.800987,2.499,2.66502
0.47259,-0.800987,2.499,2.66644
0.480701,-0.800987,2.499,2.66789
0.488812,-0.800987,2.499,2.66937
0.496924,-0.800987,2.499,2.67086
0.505035,-0.800987,2.499,2.67238
0.513146,-0.800987,2.499,2.67393
0.521257,-0.800987,2.499,2.6755
0.529368,-0.800987,2.499,2.67709
0.537479,-0.800987,2.499,2.67871
0.54559,-0.800987,2.499,2.68035
0.553702,-0.800987,2.499,2.68201
0.561813,-0.800987,2.499,2.68369
0.569924,-0.800987,2.499,2.6854
0.578035,-0.800987,2.499,2.68714
0.586146,-0.800987,2.499,2.68889
0.594257,-0.800987,2.499,2.69067
0.602368,-0.800987,2.499,2.69248
0.610479,-0.800987,2.499,2.6943
0.618591,-0.800987,2.499,2.69615
0.626702,-0.800987,2.499,2.69802
0.63024,-0.795217,2.481,2.68047
0.638293,-0.795217,2.481,2.68238
0.646346,-0.795217,2.481,2.68431
0.654399,-0.795217,2.481,2.68626
0.662451,-0.795217,2.481,2.68823
0.665639,-0.789448,2.463,2.67071
0.668711,-0.783679,2.445,2.65318
0.676647,-0.783679,2.445,2.65519
0.679823,-0.77823,2.428,2.63875
0.687703,-0.77823,2.428,2.64079
0.695584,-0.77823,2.428,2.64285
0.698539,-0.772781,2.411,2.62642
0.706365,-0.772781,2.411,2.62851
0.71419,-0.772781,2.411,2.63062
0.716925,-0.767332,2.394,2.6142
0.724695,-0.767332,2.394,2.61634
0.727264,-0.761883,2.377,2.59991
0.734979,-0.761883,2.377,2.60207
0.742694,-0.761883,2.377,2.60426
0.75041,-0.761883,2.377,2.60647
0.758125,-0.761883,2.377,2.60871
0.76584,-0.761883,2.377,2.61096
0.773555,-0.761883,2.377,2.61323
0.78127,-0.761883,2.377,2.61553
0.783674,-0.756755,2.361,2.60022
0.791338,-0.756755,2.361,2.60254
0.804416,-0.761883,2.377,2.62253
0.812131,-0.761883,2.377,2.62491
0.819846,-0.761883,2.377,2.62731
0.821991,-0.756755,2.361,2.61202
0.829654,-0.756755,2.361,2.61445
0.837317,-0.756755,2.361,2.61689
0.84498,-0.756755,2.361,2.61935
0.864561,-0.767332,2.394,2.65848
0.866137,-0.761883,2.377,2.64212
0.873852,-0.761883,2.377,2.64466
nan,nan,nan,NaN
nan,nan,nan,NaN
nan,nan,nan,NaN
nan,nan,nan,NaN
nan,nan,nan,NaN
nan,nan,nan,NaN
nan,nan,nan,NaN
nan,nan,nan,NaN
nan,nan,nan,NaN
nan,nan,nan,NaN
nan,nan,nan,NaN
nan,nan,nan,NaN
nan,nan,nan,NaN
nan,nan,nan,NaN
nan,nan,nan,NaN
nan,nan,nan,NaN
nan,nan,nan,NaN
nan,nan,nan,NaN
nan,nan,nan,NaN
nan,nan,nan,NaN
nan,nan,nan,NaN
nan,nan,nan,NaN
nan,nan,nan,NaN
nan,nan,nan,NaN
nan,nan,nan,NaN
nan,nan,nan,NaN
nan,nan,nan,NaN
nan,nan,nan,NaN
nan,nan,nan,NaN
1.47405,-1.01606,3.17,3.64062
1.48434,-1.01606,3.17,3.6448
1.49463,-1.01606,3.17,3.649
1.50492,-1.01606,3.17,3.65323
1.51521,-1.01606,3.17,3.65748
1.53945,-1.02535,3.199,3.69525
1.54984,-1.02535,3.199,3.69959
1.54608,-1.01606,3.17,3.67037
1.55636,-1.01606,3.17,3.67472
1.56665,-1.01606,3.17,3.67909
1.56252,-1.00676,3.141,3.64978
1.57271,-1.00676,3.141,3.65416
nan,nan,nan,NaN
1.5931,-1.00676,3.141,3.66298
1.6033,-1.00676,3.141,3.66743
1.61349,-1.00676,3.141,3.67189
1.62369,-1.00676,3.141,3.67638
1.63388,-1.00676,3.141,3.6809
nan,nan,nan,NaN
nan,nan,nan,NaN
1.79588,-1.08625,3.389,3.98628
1.80688,-1.08625,3.389,3.99125
nan,nan,nan,NaN
1.88501,-1.11959,3.493,4.12405
1.89635,-1.11959,3.493,4.12924
1.94755,-1.14298,3.566,4.22087
1.95913,-1.14298,3.566,4.22622
1.9707,-1.14298,3.566,4.2316
2.0034,-1.15516,3.604,4.28215
2.0151,-1.15516,3.604,4.28764
2.04816,-1.16734,3.642,4.33841
2.05998,-1.16734,3.642,4.34401
2.07181,-1.16734,3.642,4.34962
2.08363,-1.16734,3.642,4.35527
2.09545,-1.16734,3.642,4.36094
2.10727,-1.16734,3.642,4.36663
2.09698,-1.15516,3.604,4.32672
2.10868,-1.15516,3.604,4.33241
2.12037,-1.15516,3.604,4.33811
2.10959,-1.14298,3.566,4.29804
2.09916,-1.13113,3.529,4.25908
2.11061,-1.13113,3.529,4.26474
2.07937,-1.10837,3.458,4.1845
2.06944,-1.09715,3.423,4.14768
2.08055,-1.09715,3.423,4.15323
2.07088,-1.08625,3.389,4.1175
2.04195,-1.06542,3.324,4.04397
2.05274,-1.06542,3.324,4.04942
2.0238,-1.0449,3.26,3.97683
1.97821,-1.01606,3.17,3.87229
1.95212,-0.997468,3.112,3.80661
1.96222,-0.997468,3.112,3.8118
1.93746,-0.979839,3.057,3.74955
1.93019,-0.971185,3.03,3.72152
1.94002,-0.971185,3.03,3.72663
1.93248,-0.96253,3.003,3.69851
1.9086,-0.945863,2.951,3.63948
1.91817,-0.945863,2.951,3.64451
1.89509,-0.929837,2.901,3.58772
1.88875,-0.922145,2.877,3.56298
1.89809,-0.922145,2.877,3.56794
1.89151,-0.914452,2.853,3.54311
1.90077,-0.914452,2.853,3.54807
1.91004,-0.914452,2.853,3.55304
1.90315,-0.906759,2.829,3.52809
1.91233,-0.906759,2.829,3.53305
1.92151,-0.906759,2.829,3.53803
-2.58138,-1.18059,3.721,4.68008
-2.51475,-1.15553,3.642,4.57421
-2.47682,-1.14347,3.604,4.52006
-2.43913,-1.13141,3.566,4.46607
-2.42755,-1.13141,3.566,4.45976
-2.36652,-1.10825,3.493,4.3623
-2.33158,-1.09715,3.458,4.31252
-2.32036,-1.09715,3.458,4.30646
-2.28577,-1.08604,3.423,4.25689
-2.25206,-1.07526,3.389,4.20871
-2.24106,-1.07526,3.389,4.20284
-2.23006,-1.07526,3.389,4.19698
-2.21906,-1.07526,3.389,4.19115
-2.20806,-1.07526,3.389,4.18534
-2.19706,-1.07526,3.389,4.17954
-2.16478,-1.06479,3.356,4.13313
-2.15388,-1.06479,3.356,4.12743
-2.14299,-1.06479,3.356,4.12176
-2.1321,-1.06479,3.356,4.11611
-2.10098,-1.05463,3.324,4.07128
-2.09019,-1.05463,3.324,4.06573
-2.0794,-1.05463,3.324,4.06019
-2.06861,-1.05463,3.324,4.05467
-2.05782,-1.05463,3.324,4.04918
-2.04703,-1.05463,3.324,4.04371
-2.01664,-1.04448,3.292,3.99938
-2.00596,-1.04448,3.292,3.994
-1.99527,-1.04448,3.292,3.98865
-1.98459,-1.04448,3.292,3.98331
nan,nan,nan,NaN
nan,nan,nan,NaN
nan,nan,nan,NaN
nan,nan,nan,NaN
nan,nan,nan,NaN
nan,nan,nan,NaN
nan,nan,nan,NaN
nan,nan,nan,NaN
nan,nan,nan,NaN
nan,nan,nan,NaN
nan,nan,nan,NaN
nan,nan,nan,NaN
nan,nan,nan,NaN
nan,nan,nan,NaN
nan,nan,nan,NaN
nan,nan,nan,NaN
nan,nan,nan,NaN
nan,nan,nan,NaN
nan,nan,nan,NaN
nan,nan,nan,NaN
nan,nan,nan,NaN
nan,nan,nan,NaN
nan,nan,nan,NaN
nan,nan,nan,NaN
nan,nan,nan,NaN
-1.4548,-0.890282,2.806,3.2837
-1.42251,-0.876005,2.761,3.22708
-1.41355,-0.876005,2.761,3.22314
-1.3934,-0.869025,2.739,3.19357
-1.37339,-0.862045,2.717,3.16408
-1.36457,-0.862045,2.717,3.16026
-1.33479,-0.848719,2.675,3.10767
-1.30529,-0.835393,2.633,3.05522
-1.29674,-0.835393,2.633,3.05158
-1.2882,-0.835393,2.633,3.04795
-1.25098,-0.816674,2.574,2.97613
-1.22428,-0.804617,2.536,2.92875
-1.21605,-0.804617,2.536,2.92532
-1.19019,-0.792878,2.499,2.87927
-1.15654,-0.775745,2.445,2.81379
-1.1486,-0.775745,2.445,2.81053
-1.1248,-0.764958,2.411,2.76826
-1.11698,-0.764958,2.411,2.76509
-1.11697,-0.770351,2.428,2.78141
-1.07849,-0.749094,2.361,2.70159
-1.05631,-0.738941,2.329,2.66197
-1.04875,-0.738941,2.329,2.65898
-1.04119,-0.738941,2.329,2.656
nan,nan,nan,NaN
nan,nan,nan,NaN
-1.01152,-0.733864,2.313,2.62901
-1.00401,-0.733864,2.313,2.62613
-1.01718,-0.749094,2.361,2.67771
-1.02363,-0.759564,2.394,2.71219
-1.01586,-0.759564,2.394,2.70927
-1.01525,-0.764958,2.411,2.72558
-1.00742,-0.764958,2.411,2.72268
-0.999596,-0.764958,2.411,2.71979
-0.998763,-0.770351,2.428,2.73608
-0.997821,-0.775745,2.445,2.75235
-0.989885,-0.775745,2.445,2.74949
-0.981949,-0.775745,2.445,2.74664
-0.981184,-0.781456,2.463,2.76401
-0.973189,-0.781456,2.463,2.76118
-0.965195,-0.781456,2.463,2.75838
-0.950205,-0.775745,2.445,2.73545
-0.94227,-0.775745,2.445,2.73271
-0.927837,-0.770351,2.428,2.711
-0.919957,-0.770351,2.428,2.70831
-0.912076,-0.770351,2.428,2.70564
-0.897864,-0.764958,2.411,2.68407
-0.890039,-0.764958,2.411,2.68146
-0.882213,-0.764958,2.411,2.67888
-0.874388,-0.764958,2.411,2.67631
-0.866562,-0.764958,2.411,2.67376
-0.864792,-0.770351,2.428,2.69007
-0.856911,-0.770351,2.428,2.68755
-0.84903,-0.770351,2.428,2.68505
-0.84115,-0.770351,2.428,2.68257
-0.833269,-0.770351,2.428,2.68011
-0.825388,-0.770351,2.428,2.67767
-0.817508,-0.770351,2.428,2.67525
-0.809627,-0.770351,2.428,2.67285
-0.801746,-0.770351,2.428,2.67047
-0.793866,-0.770351,2.428,2.66812
-0.785985,-0.770351,2.428,2.66578
-0.778104,-0.770351,2.428,2.66347
-0.770224,-0.770351,2.428,2.66118
-0.762343,-0.770351,2.428,2.65891
-0.754462,-0.770351,2.428,2.65666
-0.746581,-0.770351,2.428,2.65443
-0.743873,-0.775745,2.445,2.6708
-0.735937,-0.775745,2.445,2.6686
-0.728001,-0.775745,2.445,2.66642
-0.720065,-0.775745,2.445,2.66426
-0.712129,-0.775745,2.445,2.66213
-0.709378,-0.781456,2.463,2.6796
-0.701384,-0.781456,2.463,2.6775
-0.693389,-0.781456,2.463,2.67541
-0.690404,-0.787167,2.481,2.69289
-0.682351,-0.787167,2.481,2.69084
-0.679191,-0.792878,2.499,2.70831
-0.67108,-0.792878,2.499,2.70629
-0.662968,-0.792878,2.499,2.70429
-0.654857,-0.792878,2.499,2.70231
-0.651405,-0.798589,2.517,2.71981
-0.643235,-0.798589,2.517,2.71786
-0.630524,-0.792878,2.499,2.69652
-0.622413,-0.792878,2.499,2.69463
-0.614302,-0.792878,2.499,2.69277
-0.606191,-0.792878,2.499,2.69093
-0.598079,-0.792878,2.499,2.68912
-0.589968,-0.792878,2.499,2.68733
-0.577666,-0.787167,2.481,2.66621
-0.569613,-0.787167,2.481,2.66448
-0.561561,-0.787167,2.481,2.66277
-0.553508,-0.787167,2.481,2.66108
-0.545455,-0.787167,2.481,2.65942
-0.533504,-0.781456,2.463,2.6385
-0.525509,-0.781456,2.463,2.63689
-0.517515,-0.781456,2.463,2.63531
-0.509521,-0.781456,2.463,2.63375
-0.501526,-0.781456,2.463,2.63222
-0.493532,-0.781456,2.463,2.63071
-0.481989,-0.775745,2.445,2.61
-0.474054,-0.775745,2.445,2.60855
-0.466118,-0.775745,2.445,2.60712
-0.458182,-0.775745,2.445,2.60571
-0.450246,-0.775745,2.445,2.60433
-0.445566,-0.781456,2.463,2.62213
-0.437572,-0.781456,2.463,2.62078
-0.429578,-0.781456,2.463,2.61946
-0.424665,-0.787167,2.481,2.6373
-0.416612,-0.787167,2.481,2.63601
-0.411523,-0.792878,2.499,2.65387
-0.403412,-0.792878,2.499,2.65262
-0.398148,-0.798589,2.517,2.6705
-0.389979,-0.798589,2.517,2.66929
-0.379079,-0.792878,2.499,2.64903
-0.370968,-0.792878,2.499,2.64788
-0.362857,-0.792878,2.499,2.64676
-0.354745,-0.792878,2.499,2.64566
-0.346634,-0.792878,2.499,2.64458
-0.336085,-0.787167,2.481,2.62449
-0.325652,-0.781456,2.463,2.60444
-0.317658,-0.781456,2.463,2.60345
-0.309664,-0.781456,2.463,2.60249
-0.301669,-0.781456,2.463,2.60155
-0.293675,-0.781456,2.463,2.60063
-0.285681,-0.781456,2.463,2.59974
-0.277686,-0.781456,2.463,2.59888
-0.269692,-0.781456,2.463,2.59803
-0.261698,-0.781456,2.463,2.59722
-0.253704,-0.781456,2.463,2.59642
-0.245709,-0.781456,2.463,2.59565
-0.237715,-0.781456,2.463,2.59491
-0.229721,-0.781456,2.463,2.59419
-0.223347,-0.787167,2.481,2.61245
-0.215294,-0.787167,2.481,2.61177
-0.207241,-0.787167,2.481,2.61112
-0.199189,-0.787167,2.481,2.61049
-0.191136,-0.787167,2.481,2.60989
-0.183083,-0.787167,2.481,2.60931
-0.175031,-0.787167,2.481,2.60876
-0.168189,-0.792878,2.499,2.62716
-0.160078,-0.792878,2.499,2.62665
-0.151967,-0.792878,2.499,2.62617
-0.143856,-0.792878,2.499,2.62571
-0.135745,-0.792878,2.499,2.62528
-0.127634,-0.792878,2.499,2.62487
-0.120383,-0.798589,2.517,2.64339
-0.112214,-0.798589,2.517,2.64303
-0.104044,-0.798589,2.517,2.6427
-0.0958747,-0.798589,2.517,2.64239
-0.0877052,-0.798589,2.517,2.64211
-0.0795356,-0.798589,2.517,2.64185
-0.0713661,-0.798589,2.517,2.64161
-0.0631965,-0.798589,2.517,2.64141
-0.055027,-0.798589,2.517,2.64122
-0.0468574,-0.798589,2.517,2.64107
-0.0389799,-0.804617,2.536,2.66087
-0.0307487,-0.804617,2.536,2.66076
-0.0226861,-0.810646,2.555,2.68061
-0.0143932,-0.810646,2.555,2.68056
-0.00610034,-0.810646,2.555,2.68052
0.00219255,-0.810646,2.555,2.68052
0.0104854,-0.810646,2.555,2.68054
0.0187783,-0.810646,2.555,2.68058
0.0272725,-0.816674,2.574,2.70059
0.0353641,-0.810646,2.555,2.68075
0.043657,-0.810646,2.555,2.68087
0.0519499,-0.810646,2.555,2.68102
0.0602428,-0.810646,2.555,2.68119
0.0685357,-0.810646,2.555,2.68139
0.0768286,-0.810646,2.555,2.68162
0.0851215,-0.810646,2.555,2.68187
0.0934144,-0.810646,2.555,2.68214
0.101707,-0.810646,2.555,2.68245
0.11,-0.810646,2.555,2.68277
0.118293,-0.810646,2.555,2.68313
0.126586,-0.810646,2.555,2.6835
0.134879,-0.810646,2.555,2.68391
0.143172,-0.810646,2.555,2.68434
0.150338,-0.804617,2.536,2.66483
0.15857,-0.804617,2.536,2.6653
0.166801,-0.804617,2.536,2.66581
0.175032,-0.804617,2.536,2.66633
0.183263,-0.804617,2.536,2.66689
0.191494,-0.804617,2.536,2.66747
0.198229,-0.798589,2.517,2.64808
0.204923,-0.792878,2.499,2.62976
0.213034,-0.792878,2.499,2.63041
0.221145,-0.792878,2.499,2.63108
0.227605,-0.787167,2.481,2.61281
0.235658,-0.787167,2.481,2.61353
0.24371,-0.787167,2.481,2.61427
0.251763,-0.787167,2.481,2.61503
0.257931,-0.781456,2.463,2.59684
0.265925,-0.781456,2.463,2.59764
0.273919,-0.781456,2.463,2.59848
0.279853,-0.775745,2.445,2.58033
0.287789,-0.775745,2.445,2.58121
0.295725,-0.775745,2.445,2.5821
0.303661,-0.775745,2.445,2.58302
0.311597,-0.775745,2.445,2.58397
0.319533,-0.775745,2.445,2.58494
0.329879,-0.781456,2.463,2.60497
0.337874,-0.781456,2.463,2.60599
0.345868,-0.781456,2.463,2.60704
0.353862,-0.781456,2.463,2.60811
0.364501,-0.787167,2.481,2.62828
0.372554,-0.787167,2.481,2.62941
0.380606,-0.787167,2.481,2.63056
0.388659,-0.787167,2.481,2.63174
0.39959,-0.792878,2.499,2.65204
0.407701,-0.792878,2.499,2.65328
0.415812,-0.792878,2.499,2.65454
0.423923,-0.792878,2.499,2.65582
0.432035,-0.792878,2.499,2.65712
0.440146,-0.792878,2.499,2.65846
0.448257,-0.792878,2.499,2.65981
0.456368,-0.792878,2.499,2.66119
0.464479,-0.792878,2.499,2.66259
0.47259,-0.792878,2.499,2.66402
0.480701,-0.792878,2.499,2.66547
0.488812,-0.792878,2.499,2.66694
0.496924,-0.792878,2.499,2.66844
0.505035,-0.792878,2.499,2.66997
0.513146,-0.792878,2.499,2.67151
0.521257,-0.792878,2.499,2.67308
0.529368,-0.792878,2.499,2.67468
0.537479,-0.792878,2.499,2.67629
0.54559,-0.792878,2.499,2.67793
0.553702,-0.792878,2.499,2.6796
0.561813,-0.792878,2.499,2.68129
0.569924,-0.792878,2.499,2.683
0.578035,-0.792878,2.499,2.68473
0.586146,-0.792878,2.499,2.68649
0.594257,-0.792878,2.499,2.68827
0.602368,-0.792878,2.499,2.69008
0.610479,-0.792878,2.499,2.6919
0.618591,-0.792878,2.499,2.69375
0.626702,-0.792878,2.499,2.69563
0.63024,-0.787167,2.481,2.6781
0.638293,-0.787167,2.481,2.68
0.646346,-0.787167,2.481,2.68193
0.654399,-0.787167,2.481,2.68388
0.662451,-0.787167,2.481,2.68586
0.665639,-0.781456,2.463,2.66835
0.668711,-0.775745,2.445,2.65085
0.676647,-0.775745,2.445,2.65286
0.679823,-0.770351,2.428,2.63643
0.687703,-0.770351,2.428,2.63848
0.695584,-0.770351,2.428,2.64054
0.698539,-0.764958,2.411,2.62413
0.706365,-0.764958,2.411,2.62622
0.71419,-0.764958,2.411,2.62834
0.716925,-0.759564,2.394,2.61193
0.724695,-0.759564,2.394,2.61407
0.727264,-0.75417,2.377,2.59766
0.734979,-0.75417,2.377,2.59983
0.742694,-0.75417,2.377,2.60202
0.75041,-0.75417,2.377,2.60423
0.758125,-0.75417,2.377,2.60646
0.76584,-0.75417,2.377,2.60872
0.773555,-0.75417,2.377,2.61099
0.78127,-0.75417,2.377,2.61329
0.783674,-0.749094,2.361,2.598
0.791338,-0.749094,2.361,2.60032
0.799001,-0.749094,2.361,2.60266
0.806664,-0.749094,2.361,2.60503
0.814327,-0.749094,2.361,2.60741
0.821991,-0.749094,2.361,2.60981
0.829654,-0.749094,2.361,2.61224
0.837317,-0.749094,2.361,2.61468
0.84498,-0.749094,2.361,2.61715
0.858422,-0.75417,2.377,2.63738
0.866137,-0.75417,2.377,2.6399
0.873852,-0.75417,2.377,2.64245
nan,nan,nan,NaN
nan,nan,nan,NaN
nan,nan,nan,NaN
nan,nan,nan,NaN
nan,nan,nan,NaN
nan,nan,nan,NaN
nan,nan,nan,NaN
nan,nan,nan,NaN
nan,nan,nan,NaN
nan,nan,nan,NaN
nan,nan,nan,NaN
nan,nan,nan,NaN
nan,nan,nan,NaN
nan,nan,nan,NaN
nan,nan,nan,NaN
nan,nan,nan,NaN
nan,nan,nan,NaN
nan,nan,nan,NaN
nan,nan,nan,NaN
nan,nan,nan,NaN
nan,nan,nan,NaN
nan,nan,nan,NaN
nan,nan,nan,NaN
nan,nan,nan,NaN
nan,nan,nan,NaN
nan,nan,nan,NaN
nan,nan,nan,NaN
1.45347,-1.00577,3.17,3.62947
1.46376,-1.00577,3.17,3.6336
1.47405,-1.00577,3.17,3.63776
1.48434,-1.00577,3.17,3.64194
1.49463,-1.00577,3.17,3.64615
1.50492,-1.00577,3.17,3.65038
1.50135,-0.996571,3.141,3.6212
1.51154,-0.996571,3.141,3.62544
1.52174,-0.996571,3.141,3.6297
1.53193,-0.996571,3.141,3.63399
1.54213,-0.996571,3.141,3.63829
1.53799,-0.98737,3.112,3.609
1.54809,-0.98737,3.112,3.61331
1.55819,-0.98737,3.112,3.61765
nan,nan,nan,NaN
1.56419,-0.978486,3.084,3.59377
1.5742,-0.978486,3.084,3.59814
1.61349,-0.996571,3.141,3.66911
1.62369,-0.996571,3.141,3.67361
1.63388,-0.996571,3.141,3.67812
nan,nan,nan,NaN
nan,nan,nan,NaN
1.74448,-1.04448,3.292,3.86929
1.75517,-1.04448,3.292,3.87412
1.76585,-1.04448,3.292,3.87897
1.88501,-1.10825,3.493,4.12099
1.89635,-1.10825,3.493,4.12618
1.94755,-1.13141,3.566,4.21775
1.95913,-1.13141,3.566,4.22311
1.9707,-1.13141,3.566,4.22849
2.0034,-1.14347,3.604,4.27901
2.0151,-1.14347,3.604,4.2845
2.02679,-1.14347,3.604,4.29002
2.03849,-1.14347,3.604,4.29555
2.05019,-1.14347,3.604,4.30112
2.06189,-1.14347,3.604,4.30671
2.09545,-1.15553,3.642,4.35779
2.10727,-1.15553,3.642,4.36348
2.09698,-1.14347,3.604,4.32362
2.10868,-1.14347,3.604,4.3293
2.12037,-1.14347,3.604,4.33501
2.10959,-1.13141,3.566,4.29498
2.09916,-1.11967,3.529,4.25605
2.11061,-1.11967,3.529,4.26171
2.10042,-1.10825,3.493,4.22386
2.0906,-1.09715,3.458,4.18713
2.10182,-1.09715,3.458,4.19275
2.09166,-1.08604,3.423,4.15589
2.04195,-1.05463,3.324,4.04114
2.05274,-1.05463,3.324,4.0466
2.0238,-1.03433,3.26,3.97406
1.99631,-1.01497,3.199,3.905
1.95212,-0.98737,3.112,3.80397
1.96222,-0.98737,3.112,3.80917
1.93746,-0.969919,3.057,3.74697
1.93019,-0.961353,3.03,3.71897
1.94002,-0.961353,3.03,3.72408
1.93248,-0.952786,3.003,3.69598
1.9086,-0.936288,2.951,3.637
1.91817,-0.936288,2.951,3.64204
1.89509,-0.920424,2.901,3.5853
1.88875,-0.912809,2.877,3.56058
1.89809,-0.912809,2.877,3.56554
1.89151,-0.905195,2.853,3.54074
1.90077,-0.905195,2.853,3.54569
1.91004,-0.905195,2.853,3.55066
1.90315,-0.89758,2.829,3.52574
1.91233,-0.89758,2.829,3.53071
1.92151,-0.89758,2.829,3.53569
-2.55363,-1.15596,3.681,4.62677
-2.51475,-1.14371,3.642,4.57124
-2.47682,-1.13178,3.604,4.51712
-2.43913,-1.11984,3.566,4.46315
-2.42755,-1.11984,3.566,4.45684
-2.36652,-1.09692,3.493,4.35944
-2.33158,-1.08593,3.458,4.30967
-2.32036,-1.08593,3.458,4.30361
-2.28577,-1.07494,3.423,4.25407
-2.25206,-1.06426,3.389,4.20592
-2.24106,-1.06426,3.389,4.20004
-2.23006,-1.06426,3.389,4.19418
-2.21906,-1.06426,3.389,4.18834
-2.20806,-1.06426,3.389,4.18252
-2.19706,-1.06426,3.389,4.17673
-2.16478,-1.0539,3.356,4.13034
-2.15388,-1.0539,3.356,4.12464
-2.14299,-1.0539,3.356,4.11896
-2.1321,-1.0539,3.356,4.1133
-2.10098,-1.04385,3.324,4.0685
-2.09019,-1.04385,3.324,4.06294
-2.0794,-1.04385,3.324,4.0574
-2.0487,-1.0338,3.292,4.01288
-2.03801,-1.0338,3.292,4.00743
-2.02733,-1.0338,3.292,4.00201
-2.01664,-1.0338,3.292,3.9966
-2.00596,-1.0338,3.292,3.99122
-1.99527,-1.0338,3.292,3.98586
-1.98459,-1.0338,3.292,3.98053
nan,nan,nan,NaN
nan,nan,nan,NaN
nan,nan,nan,NaN
nan,nan,nan,NaN
nan,nan,nan,NaN
nan,nan,nan,NaN
nan,nan,nan,NaN
nan,nan,nan,NaN
nan,nan,nan,NaN
nan,nan,nan,NaN
nan,nan,nan,NaN
nan,nan,nan,NaN
nan,nan,nan,NaN
nan,nan,nan,NaN
nan,nan,nan,NaN
nan,nan,nan,NaN
nan,nan,nan,NaN
nan,nan,nan,NaN
nan,nan,nan,NaN
nan,nan,nan,NaN
nan,nan,nan,NaN
nan,nan,nan,NaN
nan,nan,nan,NaN
nan,nan,nan,NaN
nan,nan,nan,NaN
-1.4548,-0.881177,2.806,3.28124
-1.43385,-0.873955,2.783,3.25035
-1.42481,-0.873955,2.783,3.24638
-1.41578,-0.873955,2.783,3.24243
-1.38451,-0.860137,2.739,3.18729
-1.37562,-0.860137,2.739,3.18344
-1.34527,-0.846634,2.696,3.12969
-1.3157,-0.833444,2.654,3.07724
-1.30708,-0.833444,2.654,3.07357
-1.2882,-0.82685,2.633,3.04562
-1.26021,-0.814288,2.593,2.9958
-1.23345,-0.802355,2.555,2.94842
-1.22516,-0.802355,2.555,2.94496
-1.19019,-0.784769,2.499,2.87705
-1.15654,-0.767811,2.445,2.81161
-1.1486,-0.767811,2.445,2.80835
-1.1248,-0.757134,2.411,2.76611
-1.11698,-0.757134,2.411,2.76294
nan,nan,nan,NaN
-1.07849,-0.741433,2.361,2.69948
-1.05631,-0.731384,2.329,2.65988
-1.04875,-0.731384,2.329,2.65689
-1.04119,-0.731384,2.329,2.65391
nan,nan,nan,NaN
nan,nan,nan,NaN
-1.01152,-0.726359,2.313,2.62692
-1.00401,-0.726359,2.313,2.62404
-1.01718,-0.741433,2.361,2.67558
-1.02363,-0.751796,2.394,2.71003
-1.00865,-0.746457,2.377,2.68788
-1.00093,-0.746457,2.377,2.68499
-1.00032,-0.751796,2.394,2.70131
-0.992548,-0.751796,2.394,2.69844
-0.99177,-0.757134,2.411,2.71473
-0.990883,-0.762473,2.428,2.73101
-0.983002,-0.762473,2.428,2.72816
-0.975121,-0.762473,2.428,2.72533
-0.974013,-0.767811,2.445,2.74158
-0.966077,-0.767811,2.445,2.73877
-0.958141,-0.767811,2.445,2.73598
-0.943599,-0.762473,2.428,2.71421
-0.935718,-0.762473,2.428,2.71148
-0.921341,-0.757134,2.411,2.6898
-0.913515,-0.757134,2.411,2.68713
-0.90569,-0.757134,2.411,2.68448
-0.897864,-0.757134,2.411,2.68185
-0.890039,-0.757134,2.411,2.67924
-0.882213,-0.757134,2.411,2.67665
-0.874388,-0.757134,2.411,2.67408
-0.866562,-0.757134,2.411,2.67154
-0.858737,-0.757134,2.411,2.66901
-0.850911,-0.757134,2.411,2.6665
-0.843086,-0.757134,2.411,2.66401
-0.84115,-0.762473,2.428,2.68031
-0.833269,-0.762473,2.428,2.67785
-0.825388,-0.762473,2.428,2.67541
-0.817508,-0.762473,2.428,2.67299
-0.809627,-0.762473,2.428,2.67059
-0.801746,-0.762473,2.428,2.66821
-0.793866,-0.762473,2.428,2.66585
-0.785985,-0.762473,2.428,2.66352
-0.778104,-0.762473,2.428,2.6612
-0.770224,-0.762473,2.428,2.65891
-0.762343,-0.762473,2.428,2.65664
-0.754462,-0.762473,2.428,2.65439
-0.746581,-0.762473,2.428,2.65216
-0.743873,-0.767811,2.445,2.6685
-0.735937,-0.767811,2.445,2.6663
-0.728001,-0.767811,2.445,2.66412
-0.720065,-0.767811,2.445,2.66196
-0.712129,-0.767811,2.445,2.65983
-0.709378,-0.773464,2.463,2.67728
-0.701384,-0.773464,2.463,2.67517
-0.693389,-0.773464,2.463,2.67309
-0.690404,-0.779117,2.481,2.69055
-0.682351,-0.779117,2.481,2.68849
-0.679191,-0.784769,2.499,2.70595
-0.67108,-0.784769,2.499,2.70393
-0.662968,-0.784769,2.499,2.70192
-0.654857,-0.784769,2.499,2.69994
-0.651405,-0.790422,2.517,2.71742
-0.643235,-0.790422,2.517,2.71548
-0.630524,-0.784769,2.499,2.69415
-0.622413,-0.784769,2.499,2.69226
-0.614302,-0.784769,2.499,2.6904
-0.606191,-0.784769,2.499,2.68856
-0.598079,-0.784769,2.499,2.68674
-0.589968,-0.784769,2.499,2.68494
-0.577666,-0.779117,2.481,2.66385
-0.569613,-0.779117,2.481,2.66211
-0.561561,-0.779117,2.481,2.6604
-0.553508,-0.779117,2.481,2.65871
-0.545455,-0.779117,2.481,2.65705
-0.533504,-0.773464,2.463,2.63614
-0.525509,-0.773464,2.463,2.63454
-0.517515,-0.773464,2.463,2.63295
-0.509521,-0.773464,2.463,2.63139
-0.501526,-0.773464,2.463,2.62986
-0.493532,-0.773464,2.463,2.62834
-0.481989,-0.767811,2.445,2.60766
-0.474054,-0.767811,2.445,2.6062
-0.466118,-0.767811,2.445,2.60477
-0.458182,-0.767811,2.445,2.60336
-0.450246,-0.767811,2.445,2.60198
-0.445566,-0.773464,2.463,2.61976
-0.437572,-0.773464,2.463,2.61841
-0.429578,-0.773464,2.463,2.61709
-0.427746,-0.784769,2.499,2.65402
-0.419634,-0.784769,2.499,2.65273
-0.411523,-0.784769,2.499,2.65146
-0.403412,-0.784769,2.499,2.65021
-0.398148,-0.790422,2.517,2.66807
-0.389979,-0.790422,2.517,2.66686
-0.381809,-0.790422,2.517,2.66568
-0.37364,-0.790422,2.517,2.66452
-0.36547,-0.790422,2.517,2.66339
-0.354745,-0.784769,2.499,2.64324
-0.346634,-0.784769,2.499,2.64216
-0.336085,-0.779117,2.481,2.62209
-0.325652,-0.773464,2.463,2.60205
-0.317658,-0.773464,2.463,2.60106
-0.309664,-0.773464,2.463,2.6001
-0.301669,-0.773464,2.463,2.59916
-0.293675,-0.773464,2.463,2.59824
-0.285681,-0.773464,2.463,2.59735
-0.277686,-0.773464,2.463,2.59648
-0.269692,-0.773464,2.463,2.59564
-0.261698,-0.773464,2.463,2.59482
-0.253704,-0.773464,2.463,2.59403
-0.245709,-0.773464,2.463,2.59326
-0.237715,-0.773464,2.463,2.59251
-0.229721,-0.773464,2.463,2.59179
-0.223347,-0.779117,2.481,2.61003
-0.215294,-0.779117,2.481,2.60936
-0.207241,-0.779117,2.481,2.6087
-0.199189,-0.779117,2.481,2.60808
-0.191136,-0.779117,2.481,2.60747
-0.183083,-0.779117,2.481,2.6069
-0.175031,-0.779117,2.481,2.60634
-0.168189,-0.784769,2.499,2.62472
-0.160078,-0.784769,2.499,2.62421
-0.151967,-0.784769,2.499,2.62373
-0.143856,-0.784769,2.499,2.62327
-0.135745,-0.784769,2.499,2.62284
-0.127634,-0.784769,2.499,2.62243
-0.120383,-0.790422,2.517,2.64094
-0.112214,-0.790422,2.517,2.64058
-0.104044,-0.790422,2.517,2.64024
-0.0958747,-0.790422,2.517,2.63993
-0.0877052,-0.790422,2.517,2.63965
-0.0795356,-0.790422,2.517,2.63939
-0.0713661,-0.790422,2.517,2.63916
-0.0631965,-0.790422,2.517,2.63895
-0.055027,-0.790422,2.517,2.63877
-0.0468574,-0.790422,2.517,2.63861
-0.0389799,-0.796388,2.536,2.65839
-0.0307487,-0.796388,2.536,2.65828
-0.0225174,-0.796388,2.536,2.6582
-0.0142862,-0.796388,2.536,2.65814
-0.00605498,-0.796388,2.536,2.65811
0.00217625,-0.796388,2.536,2.65811
0.0104075,-0.796388,2.536,2.65813
0.0186387,-0.796388,2.536,2.65817
0.0270712,-0.802355,2.555,2.67816
0.0353641,-0.802355,2.555,2.67825
0.043657,-0.802355,2.555,2.67838
0.0519499,-0.802355,2.555,2.67853
0.0602428,-0.802355,2.555,2.6787
0.0680261,-0.796388,2.536,2.65898
0.0762573,-0.796388,2.536,2.6592
0.0844885,-0.796388,2.536,2.65945
0.0927197,-0.796388,2.536,2.65972
0.100951,-0.796388,2.536,2.66002
0.11,-0.802355,2.555,2.68028
0.118293,-0.802355,2.555,2.68063
0.126586,-0.802355,2.555,2.68101
0.134879,-0.802355,2.555,2.68142
0.142107,-0.796388,2.536,2.6619
0.150338,-0.796388,2.536,2.66235
0.15857,-0.796388,2.536,2.66283
0.166801,-0.796388,2.536,2.66333
0.175032,-0.796388,2.536,2.66386
0.18189,-0.790422,2.517,2.64445
0.19006,-0.790422,2.517,2.64503
0.198229,-0.790422,2.517,2.64563
0.204923,-0.784769,2.499,2.62733
0.213034,-0.784769,2.499,2.62797
0.221145,-0.784769,2.499,2.62864
0.227605,-0.779117,2.481,2.6104
0.235658,-0.779117,2.481,2.61111
0.24371,-0.779117,2.481,2.61185
0.251763,-0.779117,2.481,2.61262
0.257931,-0.773464,2.463,2.59444
0.265925,-0.773464,2.463,2.59525
0.273919,-0.773464,2.463,2.59608
0.279853,-0.767811,2.445,2.57796
0.287789,-0.767811,2.445,2.57883
0.295725,-0.767811,2.445,2.57973
0.303661,-0.767811,2.445,2.58065
0.311597,-0.767811,2.445,2.5816
0.319533,-0.767811,2.445,2.58257
0.329879,-0.773464,2.463,2.60258
0.337874,-0.773464,2.463,2.60361
0.345868,-0.773464,2.463,2.60466
0.353862,-0.773464,2.463,2.60573
0.364501,-0.779117,2.481,2.62588
0.372554,-0.779117,2.481,2.62701
0.380606,-0.779117,2.481,2.62816
0.391479,-0.784769,2.499,2.64842
0.39959,-0.784769,2.499,2.64963
0.407701,-0.784769,2.499,2.65086
0.415812,-0.784769,2.499,2.65212
0.423923,-0.784769,2.499,2.65341
0.432035,-0.784769,2.499,2.65472
0.440146,-0.784769,2.499,2.65605
0.448257,-0.784769,2.499,2.6574
0.456368,-0.784769,2.499,2.65878
0.464479,-0.784769,2.499,2.66019
0.47259,-0.784769,2.499,2.66162
0.480701,-0.784769,2.499,2.66307
0.488812,-0.784769,2.499,2.66455
0.496924,-0.784769,2.499,2.66605
0.505035,-0.784769,2.499,2.66757
0.513146,-0.784769,2.499,2.66912
0.521257,-0.784769,2.499,2.67069
0.529368,-0.784769,2.499,2.67228
0.541351,-0.790422,2.517,2.69316
0.54559,-0.784769,2.499,2.67554
0.553702,-0.784769,2.499,2.67721
0.561813,-0.784769,2.499,2.6789
0.569924,-0.784769,2.499,2.68061
0.578035,-0.784769,2.499,2.68235
0.586146,-0.784769,2.499,2.68411
0.594257,-0.784769,2.499,2.68589
0.602368,-0.784769,2.499,2.6877
0.610479,-0.784769,2.499,2.68953
0.618591,-0.784769,2.499,2.69138
0.626702,-0.784769,2.499,2.69325
0.634813,-0.784769,2.499,2.69515
0.642924,-0.784769,2.499,2.69708
0.651035,-0.784769,2.499,2.69902
0.654399,-0.779117,2.481,2.68153
0.662451,-0.779117,2.481,2.68351
0.670504,-0.779117,2.481,2.68551
0.673634,-0.773464,2.463,2.66803
0.681628,-0.773464,2.463,2.67006
0.684582,-0.767811,2.445,2.65259
0.692518,-0.767811,2.445,2.65465
0.700454,-0.767811,2.445,2.65673
0.703465,-0.762473,2.428,2.64034
0.706365,-0.757134,2.411,2.62395
0.71419,-0.757134,2.411,2.62607
0.722016,-0.757134,2.411,2.62821
0.724695,-0.751796,2.394,2.61182
0.732465,-0.751796,2.394,2.61399
0.740236,-0.751796,2.394,2.61618
0.748006,-0.751796,2.394,2.61839
0.75041,-0.746457,2.377,2.60201
0.758125,-0.746457,2.377,2.60424
0.76584,-0.746457,2.377,2.6065
0.773555,-0.746457,2.377,2.60878
0.78127,-0.746457,2.377,2.61107
0.788985,-0.746457,2.377,2.61339
0.7967,-0.746457,2.377,2.61573
0.799001,-0.741433,2.361,2.60047
0.806664,-0.741433,2.361,2.60284
0.814327,-0.741433,2.361,2.60522
0.821991,-0.741433,2.361,2.60763
0.829654,-0.741433,2.361,2.61005
0.837317,-0.741433,2.361,2.6125
0.84498,-0.741433,2.361,2.61496
0.858422,-0.746457,2.377,2.63519
0.866137,-0.746457,2.377,2.63771
nan,nan,nan,NaN
nan,nan,nan,NaN
nan,nan,nan,NaN
nan,nan,nan,NaN
nan,nan,nan,NaN
nan,nan,nan,NaN
nan,nan,nan,NaN
nan,nan,nan,NaN
nan,nan,nan,NaN
nan,nan,nan,NaN
nan,nan,nan,NaN
nan,nan,nan,NaN
nan,nan,nan,NaN
nan,nan,nan,NaN
nan,nan,nan,NaN
nan,nan,nan,NaN
nan,nan,nan,NaN
nan,nan,nan,NaN
nan,nan,nan,NaN
nan,nan,nan,NaN
nan,nan,nan,NaN
nan,nan,nan,NaN
nan,nan,nan,NaN
nan,nan,nan,NaN
nan,nan,nan,NaN
nan,nan,nan,NaN
nan,nan,nan,NaN
nan,nan,nan,NaN
1.45347,-0.995486,3.17,3.62663
1.46376,-0.995486,3.17,3.63077
1.47405,-0.995486,3.17,3.63493
1.48434,-0.995486,3.17,3.63912
1.49463,-0.995486,3.17,3.64332
1.50492,-0.995486,3.17,3.64756
1.50135,-0.986379,3.141,3.61841
1.51154,-0.986379,3.141,3.62265
1.52174,-0.986379,3.141,3.62691
1.53193,-0.986379,3.141,3.6312
1.54213,-0.986379,3.141,3.63552
1.53799,-0.977272,3.112,3.60625
1.54809,-0.977272,3.112,3.61057
1.55819,-0.977272,3.112,3.61491
nan,nan,nan,NaN
1.56419,-0.968479,3.084,3.59106
1.5742,-0.968479,3.084,3.59543
nan,nan,nan,NaN
nan,nan,nan,NaN
nan,nan,nan,NaN
nan,nan,nan,NaN
nan,nan,nan,NaN
1.74448,-1.0338,3.292,3.86642
1.75517,-1.0338,3.292,3.87125
1.76585,-1.0338,3.292,3.87611
nan,nan,nan,NaN
1.93598,-1.11984,3.566,4.20932
1.94755,-1.11984,3.566,4.21466
1.95913,-1.11984,3.566,4.22002
1.9707,-1.11984,3.566,4.22541
2.0034,-1.13178,3.604,4.2759
2.0151,-1.13178,3.604,4.28139
2.02679,-1.13178,3.604,4.28691
2.03849,-1.13178,3.604,4.29246
2.05019,-1.13178,3.604,4.29802
2.06189,-1.13178,3.604,4.30362
2.09545,-1.14371,3.642,4.35467
2.10727,-1.14371,3.642,4.36037
2.09698,-1.13178,3.604,4.32054
2.10868,-1.13178,3.604,4.32623
2.12037,-1.13178,3.604,4.33194
2.10959,-1.11984,3.566,4.29194
2.09916,-1.10822,3.529,4.25305
2.11061,-1.10822,3.529,4.25872
2.10042,-1.09692,3.493,4.2209
2.0906,-1.08593,3.458,4.18421
2.10182,-1.08593,3.458,4.18983
2.09166,-1.07494,3.423,4.153
2.04195,-1.04385,3.324,4.03834
2.05274,-1.04385,3.324,4.0438
2.0238,-1.02375,3.26,3.97132
1.99631,-1.00459,3.199,3.90232
1.95212,-0.977272,3.112,3.80137
1.96222,-0.977272,3.112,3.80656
1.93746,-0.96,3.057,3.74441
1.93019,-0.951521,3.03,3.71644
1.94002,-0.951521,3.03,3.72156
1.93248,-0.943042,3.003,3.69348
1.9086,-0.926712,2.951,3.63455
1.91817,-0.926712,2.951,3.63959
1.89509,-0.911011,2.901,3.58289
1.88875,-0.903474,2.877,3.5582
1.89809,-0.903474,2.877,3.56316
1.89151,-0.895937,2.853,3.53838
1.90077,-0.895937,2.853,3.54334
1.91004,-0.895937,2.853,3.54832
1.90315,-0.8884,2.829,3.52342
1.89678,-0.881177,2.806,3.4997
1.90589,-0.881177,2.806,3.50464
-2.55363,-1.14401,3.681,4.6238
-2.54168,-1.14401,3.681,4.61722
-2.47682,-1.12008,3.604,4.5142
-2.43913,-1.10827,3.566,4.46027
-2.42755,-1.10827,3.566,4.45395
-2.36652,-1.08558,3.493,4.3566
-2.30799,-1.06383,3.423,4.26327
-2.29688,-1.06383,3.423,4.25726
-2.28577,-1.06383,3.423,4.25128
-2.25206,-1.05326,3.389,4.20315
-2.24106,-1.05326,3.389,4.19727
-2.20835,-1.04301,3.356,4.15059
-2.19745,-1.04301,3.356,4.1448
-2.18656,-1.04301,3.356,4.13904
-2.17567,-1.04301,3.356,4.1333
-2.16478,-1.04301,3.356,4.12757
-2.15388,-1.04301,3.356,4.12187
-2.14299,-1.04301,3.356,4.11619
-2.1321,-1.04301,3.356,4.11053
-2.10098,-1.03306,3.324,4.06575
-2.09019,-1.03306,3.324,4.06018
-2.05938,-1.02312,3.292,4.01561
-2.0487,-1.02312,3.292,4.01014
-2.03801,-1.02312,3.292,4.00469
-2.00762,-1.01317,3.26,3.96039
-1.99704,-1.01317,3.26,3.95503
-1.98646,-1.01317,3.26,3.9497
-1.97588,-1.01317,3.26,3.94439
-1.9653,-1.01317,3.26,3.9391
nan,nan,nan,NaN
nan,nan,nan,NaN
nan,nan,nan,NaN
nan,nan,nan,NaN
nan,nan,nan,NaN
nan,nan,nan,NaN
nan,nan,nan,NaN
nan,nan,nan,NaN
nan,nan,nan,NaN
nan,nan,nan,NaN
nan,nan,nan,NaN
nan,nan,nan,NaN
nan,nan,nan,NaN
nan,nan,nan,NaN
nan,nan,nan,NaN
nan,nan,nan,NaN
nan,nan,nan,NaN
nan,nan,nan,NaN
nan,nan,nan,NaN
nan,nan,nan,NaN
nan,nan,nan,NaN
nan,nan,nan,NaN
nan,nan,nan,NaN
nan,nan,nan,NaN
nan,nan,nan,NaN
-1.46673,-0.87922,2.829,3.30569
-1.4457,-0.872072,2.806,3.27478
-1.43659,-0.872072,2.806,3.27077
-1.41578,-0.864924,2.783,3.24
-1.39563,-0.858087,2.761,3.21048
-1.38667,-0.858087,2.761,3.2066
-1.34527,-0.837886,2.696,3.12733
-1.3157,-0.824833,2.654,3.07492
-1.30708,-0.824833,2.654,3.07124
-1.2882,-0.818306,2.633,3.04331
-1.26021,-0.805874,2.593,2.99353
-1.25179,-0.805874,2.593,2.99
nan,nan,nan,NaN
nan,nan,nan,NaN
nan,nan,nan,NaN
nan,nan,nan,NaN
nan,nan,nan,NaN
nan,nan,nan,NaN
nan,nan,nan,NaN
nan,nan,nan,NaN
nan,nan,nan,NaN
nan,nan,nan,NaN
nan,nan,nan,NaN
nan,nan,nan,NaN
nan,nan,nan,NaN
nan,nan,nan,NaN
nan,nan,nan,NaN
nan,nan,nan,NaN
nan,nan,nan,NaN
-1.00865,-0.738744,2.377,2.68575
-1.00093,-0.738744,2.377,2.68286
-1.00032,-0.744028,2.394,2.69916
-0.992548,-0.744028,2.394,2.69629
-0.99177,-0.749311,2.411,2.71256
-0.990883,-0.754594,2.428,2.72882
-0.983002,-0.754594,2.428,2.72597
-0.975121,-0.754594,2.428,2.72313
-0.974013,-0.759878,2.445,2.73937
-0.966077,-0.759878,2.445,2.73656
-0.958141,-0.759878,2.445,2.73377
-0.943599,-0.754594,2.428,2.71201
-0.935718,-0.754594,2.428,2.70927
-0.921341,-0.749311,2.411,2.68761
-0.913515,-0.749311,2.411,2.68494
-0.90569,-0.749311,2.411,2.68229
-0.897864,-0.749311,2.411,2.67965
-0.890039,-0.749311,2.411,2.67704
-0.882213,-0.749311,2.411,2.67445
-0.874388,-0.749311,2.411,2.67188
-0.866562,-0.749311,2.411,2.66933
-0.858737,-0.749311,2.411,2.6668
-0.850911,-0.749311,2.411,2.66429
-0.843086,-0.749311,2.411,2.6618
-0.83526,-0.749311,2.411,2.65933
-0.833269,-0.754594,2.428,2.67562
-0.825388,-0.754594,2.428,2.67317
-0.817508,-0.754594,2.428,2.67075
-0.809627,-0.754594,2.428,2.66835
-0.801746,-0.754594,2.428,2.66597
-0.793866,-0.754594,2.428,2.66361
-0.785985,-0.754594,2.428,2.66127
-0.778104,-0.754594,2.428,2.65896
-0.770224,-0.754594,2.428,2.65666
-0.762343,-0.754594,2.428,2.65439
-0.754462,-0.754594,2.428,2.65213
-0.746581,-0.754594,2.428,2.6499
-0.743873,-0.759878,2.445,2.66623
-0.735937,-0.759878,2.445,2.66403
-0.728001,-0.759878,2.445,2.66185
-0.720065,-0.759878,2.445,2.65969
-0.712129,-0.759878,2.445,2.65755
-0.709378,-0.765472,2.463,2.67498
-0.701384,-0.765472,2.463,2.67287
-0.693389,-0.765472,2.463,2.67079
-0.690404,-0.771066,2.481,2.68823
-0.682351,-0.771066,2.481,2.68617
-0.679191,-0.77666,2.499,2.70361
-0.67108,-0.77666,2.499,2.70158
-0.662968,-0.77666,2.499,2.69958
-0.654857,-0.77666,2.499,2.6976
-0.646746,-0.77666,2.499,2.69564
-0.638635,-0.77666,2.499,2.69371
-0.630524,-0.77666,2.499,2.6918
-0.622413,-0.77666,2.499,2.68991
-0.614302,-0.77666,2.499,2.68804
-0.606191,-0.77666,2.499,2.6862
-0.598079,-0.77666,2.499,2.68438
-0.589968,-0.77666,2.499,2.68259
-0.577666,-0.771066,2.481,2.6615
-0.569613,-0.771066,2.481,2.65977
-0.557486,-0.765472,2.463,2.63877
-0.549492,-0.765472,2.463,2.63709
-0.541498,-0.765472,2.463,2.63544
-0.529605,-0.759878,2.445,2.61456
-0.521669,-0.759878,2.445,2.61296
-0.513733,-0.759878,2.445,2.61139
-0.505797,-0.759878,2.445,2.60984
-0.497861,-0.759878,2.445,2.60831
-0.489925,-0.759878,2.445,2.60681
-0.481989,-0.759878,2.445,2.60533
-0.474054,-0.759878,2.445,2.60388
-0.466118,-0.759878,2.445,2.60244
-0.458182,-0.759878,2.445,2.60103
-0.450246,-0.759878,2.445,2.59965
-0.44231,-0.759878,2.445,2.59828
-0.434374,-0.759878,2.445,2.59694
-0.429578,-0.765472,2.463,2.61474
-0.424665,-0.771066,2.481,2.63254
-0.416612,-0.771066,2.481,2.63125
-0.411523,-0.77666,2.499,2.64907
-0.403412,-0.77666,2.499,2.64782
-0.398148,-0.782255,2.517,2.66566
-0.389979,-0.782255,2.517,2.66445
-0.381809,-0.782255,2.517,2.66327
-0.37364,-0.782255,2.517,2.66211
-0.36547,-0.782255,2.517,2.66097
-0.354745,-0.77666,2.499,2.64084
-0.346634,-0.77666,2.499,2.63976
-0.338523,-0.77666,2.499,2.63871
-0.328032,-0.771066,2.481,2.61868
-0.319979,-0.771066,2.481,2.61769
-0.311927,-0.771066,2.481,2.61672
-0.303874,-0.771066,2.481,2.61577
-0.295821,-0.771066,2.481,2.61485
-0.287769,-0.771066,2.481,2.61395
-0.279716,-0.771066,2.481,2.61307
-0.271663,-0.771066,2.481,2.61222
-0.26361,-0.771066,2.481,2.6114
-0.255558,-0.771066,2.481,2.6106
-0.247505,-0.771066,2.481,2.60982
-0.239452,-0.771066,2.481,2.60907
-0.2314,-0.771066,2.481,2.60834
-0.223347,-0.771066,2.481,2.60764
-0.216856,-0.77666,2.499,2.62588
-0.208745,-0.77666,2.499,2.62522
-0.200634,-0.77666,2.499,2.62459
-0.192523,-0.77666,2.499,2.62398
-0.184412,-0.77666,2.499,2.6234
-0.1763,-0.77666,2.499,2.62284
-0.168189,-0.77666,2.499,2.62231
-0.160078,-0.77666,2.499,2.6218
-0.151967,-0.77666,2.499,2.62132
-0.144892,-0.782255,2.517,2.63974
-0.136723,-0.782255,2.517,2.6393
-0.128553,-0.782255,2.517,2.63889
-0.120383,-0.782255,2.517,2.6385
-0.112214,-0.782255,2.517,2.63814
-0.10483,-0.78816,2.536,2.65772
-0.0965985,-0.78816,2.536,2.65741
-0.0883672,-0.78816,2.536,2.65712
-0.080136,-0.78816,2.536,2.65686
-0.0719048,-0.78816,2.536,2.65663
-0.0636736,-0.78816,2.536,2.65642
-0.0554423,-0.78816,2.536,2.65623
-0.0472111,-0.78816,2.536,2.65607
-0.0389799,-0.78816,2.536,2.65594
-0.0307487,-0.78816,2.536,2.65583
-0.0225174,-0.78816,2.536,2.65575
-0.0142862,-0.78816,2.536,2.65569
-0.00605498,-0.78816,2.536,2.65566
0.00217625,-0.78816,2.536,2.65565
0.0104075,-0.78816,2.536,2.65567
0.0186387,-0.78816,2.536,2.65572
0.0268699,-0.78816,2.536,2.65579
0.0351011,-0.78816,2.536,2.65588
0.0433324,-0.78816,2.536,2.65601
0.0515636,-0.78816,2.536,2.65615
0.0597948,-0.78816,2.536,2.65633
0.0680261,-0.78816,2.536,2.65652
0.0762573,-0.78816,2.536,2.65675
0.0844885,-0.78816,2.536,2.657
0.0927197,-0.78816,2.536,2.65727
0.100951,-0.78816,2.536,2.65757
0.109182,-0.78816,2.536,2.6579
0.117413,-0.78816,2.536,2.65825
0.125645,-0.78816,2.536,2.65862
0.133876,-0.78816,2.536,2.65902
0.142107,-0.78816,2.536,2.65945
0.150338,-0.78816,2.536,2.6599
0.15857,-0.78816,2.536,2.66038
0.166801,-0.78816,2.536,2.66089
0.173721,-0.782255,2.517,2.64148
0.18189,-0.782255,2.517,2.64202
0.19006,-0.782255,2.517,2.6426
0.198229,-0.782255,2.517,2.6432
0.204923,-0.77666,2.499,2.62492
0.213034,-0.77666,2.499,2.62556
0.219552,-0.771066,2.481,2.60732
0.227605,-0.771066,2.481,2.60801
0.235658,-0.771066,2.481,2.60872
0.24371,-0.771066,2.481,2.60946
0.251763,-0.771066,2.481,2.61023
0.257931,-0.765472,2.463,2.59207
0.265925,-0.765472,2.463,2.59288
0.273919,-0.765472,2.463,2.59371
0.281914,-0.765472,2.463,2.59457
0.289908,-0.765472,2.463,2.59545
0.297902,-0.765472,2.463,2.59636
0.305896,-0.765472,2.463,2.59729
0.313891,-0.765472,2.463,2.59824
0.321885,-0.765472,2.463,2.59922
0.329879,-0.765472,2.463,2.60022
0.340343,-0.771066,2.481,2.62026
0.348396,-0.771066,2.481,2.62131
0.356448,-0.771066,2.481,2.6224
0.364501,-0.771066,2.481,2.6235
0.375257,-0.77666,2.499,2.64368
0.383368,-0.77666,2.499,2.64484
0.391479,-0.77666,2.499,2.64603
0.402468,-0.782255,2.517,2.66631
0.410638,-0.782255,2.517,2.66755
0.418807,-0.782255,2.517,2.66882
0.4302,-0.78816,2.536,2.69027
0.435146,-0.782255,2.517,2.67143
0.443316,-0.782255,2.517,2.67278
0.451486,-0.782255,2.517,2.67414
0.459655,-0.782255,2.517,2.67554
0.467825,-0.782255,2.517,2.67695
0.475994,-0.782255,2.517,2.67839
0.484164,-0.782255,2.517,2.67986
0.492333,-0.782255,2.517,2.68134
0.500503,-0.782255,2.517,2.68286
0.512512,-0.78816,2.536,2.70466
0.516842,-0.782255,2.517,2.68595
0.525012,-0.782255,2.517,2.68754
0.533181,-0.782255,2.517,2.68914
0.541351,-0.782255,2.517,2.69078
0.54952,-0.782255,2.517,2.69243
0.55769,-0.782255,2.517,2.69411
0.565859,-0.782255,2.517,2.69581
0.574029,-0.782255,2.517,2.69754
0.582199,-0.782255,2.517,2.69929
0.590368,-0.782255,2.517,2.70106
0.598538,-0.782255,2.517,2.70286
0.606707,-0.782255,2.517,2.70468
0.614877,-0.782255,2.517,2.70653
0.623046,-0.782255,2.517,2.70839
0.631216,-0.782255,2.517,2.71029
0.639385,-0.782255,2.517,2.7122
0.647555,-0.782255,2.517,2.71414
0.651035,-0.77666,2.499,2.69667
0.659146,-0.77666,2.499,2.69864
0.667257,-0.77666,2.499,2.70064
0.670504,-0.771066,2.481,2.68318
0.678557,-0.771066,2.481,2.68521
0.686609,-0.771066,2.481,2.68725
0.684582,-0.759878,2.445,2.6503
0.692518,-0.759878,2.445,2.65236
0.700454,-0.759878,2.445,2.65444
0.70839,-0.759878,2.445,2.65655
0.711345,-0.754594,2.428,2.64019
0.71419,-0.749311,2.411,2.62382
0.722016,-0.749311,2.411,2.62597
0.724695,-0.744028,2.394,2.6096
0.732465,-0.744028,2.394,2.61177
0.740236,-0.744028,2.394,2.61396
0.748006,-0.744028,2.394,2.61617
0.755776,-0.744028,2.394,2.6184
0.763547,-0.744028,2.394,2.62065
0.771317,-0.744028,2.394,2.62293
0.779087,-0.744028,2.394,2.62522
0.786858,-0.744028,2.394,2.62754
0.794628,-0.744028,2.394,2.62988
0.802398,-0.744028,2.394,2.63223
0.804416,-0.738744,2.377,2.6159
0.812131,-0.738744,2.377,2.61829
0.819846,-0.738744,2.377,2.62069
0.821991,-0.733772,2.361,2.60546
0.829654,-0.733772,2.361,2.60789
0.837317,-0.733772,2.361,2.61033
0.84498,-0.733772,2.361,2.6128
0.858422,-0.738744,2.377,2.63301
0.866137,-0.738744,2.377,2.63554
nan,nan,nan,NaN
nan,nan,nan,NaN
nan,nan,nan,NaN
nan,nan,nan,NaN
nan,nan,nan,NaN
nan,nan,nan,NaN
nan,nan,nan,NaN
nan,nan,nan,NaN
nan,nan,nan,NaN
nan,nan,nan,NaN
nan,nan,nan,NaN
nan,nan,nan,NaN
nan,nan,nan,NaN
nan,nan,nan,NaN
nan,nan,nan,NaN
nan,nan,nan,NaN
nan,nan,nan,NaN
nan,nan,nan,NaN
nan,nan,nan,NaN
nan,nan,nan,NaN
nan,nan,nan,NaN
nan,nan,nan,NaN
nan,nan,nan,NaN
nan,nan,nan,NaN
nan,nan,nan,NaN
nan,nan,nan,NaN
nan,nan,nan,NaN
1.42998,-0.976187,3.141,3.5866
1.44018,-0.976187,3.141,3.59067
1.45037,-0.976187,3.141,3.59477
1.46057,-0.976187,3.141,3.5989
1.47076,-0.976187,3.141,3.60305
1.48096,-0.976187,3.141,3.60722
1.49115,-0.976187,3.141,3.61142
1.48749,-0.967174,3.112,3.58226
1.49759,-0.967174,3.112,3.58647
1.50769,-0.967174,3.112,3.59069
1.53193,-0.976187,3.141,3.62845
1.54213,-0.976187,3.141,3.63276
1.53799,-0.967174,3.112,3.60352
1.53416,-0.958472,3.084,3.57538
1.54417,-0.958472,3.084,3.57969
nan,nan,nan,NaN
1.56419,-0.958472,3.084,3.58837
1.5742,-0.958472,3.084,3.59275
nan,nan,nan,NaN
nan,nan,nan,NaN
nan,nan,nan,NaN
nan,nan,nan,NaN
nan,nan,nan,NaN
1.74448,-1.02312,3.292,3.86358
1.75517,-1.02312,3.292,3.86842
1.76585,-1.02312,3.292,3.87328
1.88501,-1.08558,3.493,4.11495
1.89635,-1.08558,3.493,4.12015
1.94755,-1.10827,3.566,4.2116
1.95913,-1.10827,3.566,4.21697
1.9707,-1.10827,3.566,4.22235
2.0034,-1.12008,3.604,4.27282
2.0151,-1.12008,3.604,4.27832
2.02679,-1.12008,3.604,4.28384
2.03849,-1.12008,3.604,4.28939
2.05019,-1.12008,3.604,4.29496
2.06189,-1.12008,3.604,4.30056
2.07358,-1.12008,3.604,4.30618
2.10727,-1.13189,3.642,4.35728
2.09698,-1.12008,3.604,4.31749
2.10868,-1.12008,3.604,4.32318
2.12037,-1.12008,3.604,4.3289
2.10959,-1.10827,3.566,4.28894
2.09916,-1.09677,3.529,4.25008
2.11061,-1.09677,3.529,4.25575
2.10042,-1.08558,3.493,4.21797
2.0906,-1.07471,3.458,4.18131
2.10182,-1.07471,3.458,4.18693
2.09166,-1.06383,3.423,4.15014
2.06161,-1.04301,3.356,4.07441
2.03298,-1.02312,3.292,4.00213
2.04366,-1.02312,3.292,4.00757
1.99631,-0.994212,3.199,3.89966
1.97031,-0.976187,3.141,3.83418
1.98051,-0.976187,3.141,3.83943
1.93746,-0.95008,3.057,3.74188
1.93019,-0.941689,3.03,3.71393
1.94002,-0.941689,3.03,3.71905
1.93248,-0.933298,3.003,3.69101
1.9086,-0.917137,2.951,3.63212
1.91817,-0.917137,2.951,3.63716
1.89509,-0.901597,2.901,3.58051
1.88875,-0.894138,2.877,3.55584
1.89809,-0.894138,2.877,3.56081
1.89151,-0.886679,2.853,3.53605
1.88479,-0.87922,2.829,3.51122
1.89397,-0.87922,2.829,3.51616
1.90315,-0.87922,2.829,3.52111
1.88124,-0.864924,2.783,3.46875
1.89027,-0.864924,2.783,3.47366
-2.55363,-1.13207,3.681,4.62086
-2.54168,-1.13207,3.681,4.61427
-2.47682,-1.10839,3.604,4.51131
-2.43913,-1.0967,3.566,4.4574
-2.42755,-1.0967,3.566,4.45108
-2.39091,-1.08532,3.529,4.39866
-2.30799,-1.05272,3.423,4.26051
-2.29688,-1.05272,3.423,4.2545
-2.28577,-1.05272,3.423,4.24851
-2.25206,-1.04227,3.389,4.20041
-2.24106,-1.04227,3.389,4.19452
-2.20835,-1.03212,3.356,4.14787
-2.19745,-1.03212,3.356,4.14208
-2.18656,-1.03212,3.356,4.13631
-2.17567,-1.03212,3.356,4.13056
-2.16478,-1.03212,3.356,4.12483
-2.15388,-1.03212,3.356,4.11913
-2.14299,-1.03212,3.356,4.11344
-2.1321,-1.03212,3.356,4.10778
-2.10098,-1.02227,3.324,4.06302
-2.09019,-1.02227,3.324,4.05745
-2.05938,-1.01243,3.292,4.0129
-2.0487,-1.01243,3.292,4.00742
-2.03801,-1.01243,3.292,4.00197
-2.00762,-1.00259,3.26,3.95769
-1.99704,-1.00259,3.26,3.95234
-1.98646,-1.00259,3.26,3.947
-1.97588,-1.00259,3.26,3.94169
-1.9653,-1.00259,3.26,3.93639
nan,nan,nan,NaN
nan,nan,nan,NaN
nan,nan,nan,NaN
nan,nan,nan,NaN
nan,nan,nan,NaN
nan,nan,nan,NaN
nan,nan,nan,NaN
nan,nan,nan,NaN
nan,nan,nan,NaN
nan,nan,nan,NaN
nan,nan,nan,NaN
nan,nan,nan,NaN
nan,nan,nan,NaN
nan,nan,nan,NaN
nan,nan,nan,NaN
nan,nan,nan,NaN
nan,nan,nan,NaN
nan,nan,nan,NaN
nan,nan,nan,NaN
nan,nan,nan,NaN
nan,nan,nan,NaN
nan,nan,nan,NaN
nan,nan,nan,NaN
nan,nan,nan,NaN
nan,nan,nan,NaN
-1.46673,-0.870041,2.829,3.30326
-1.4457,-0.862967,2.806,3.27237
-1.43659,-0.862967,2.806,3.26835
-1.41578,-0.855894,2.783,3.2376
-1.39563,-0.849128,2.761,3.2081
-1.38667,-0.849128,2.761,3.20421
-1.34527,-0.829138,2.696,3.125
-1.3157,-0.816221,2.654,3.07262
-1.30708,-0.816221,2.654,3.06894
-1.2882,-0.809762,2.633,3.04103
-1.26021,-0.797461,2.593,2.99127
-1.23345,-0.785774,2.555,2.94395
-1.22516,-0.785774,2.555,2.94049
-1.21686,-0.785774,2.555,2.93704
nan,nan,nan,NaN
nan,nan,nan,NaN
nan,nan,nan,NaN
nan,nan,nan,NaN
nan,nan,nan,NaN
nan,nan,nan,NaN
nan,nan,nan,NaN
nan,nan,nan,NaN
nan,nan,nan,NaN
nan,nan,nan,NaN
nan,nan,nan,NaN
nan,nan,nan,NaN
nan,nan,nan,NaN
nan,nan,nan,NaN
nan,nan,nan,NaN
-1.00865,-0.731031,2.377,2.68364
-1.00093,-0.731031,2.377,2.68075
-1.00032,-0.736259,2.394,2.69703
-0.992548,-0.736259,2.394,2.69415
-0.984778,-0.736259,2.394,2.6913
-0.990883,-0.746716,2.428,2.72665
-0.983002,-0.746716,2.428,2.7238
-0.975121,-0.746716,2.428,2.72096
-0.967241,-0.746716,2.428,2.71815
-0.95936,-0.746716,2.428,2.71535
-0.951479,-0.746716,2.428,2.71258
-0.943599,-0.746716,2.428,2.70982
-0.935718,-0.746716,2.428,2.70709
-0.921341,-0.741488,2.411,2.68544
-0.913515,-0.741488,2.411,2.68277
-0.90569,-0.741488,2.411,2.68011
-0.897864,-0.741488,2.411,2.67748
-0.890039,-0.741488,2.411,2.67486
-0.882213,-0.741488,2.411,2.67227
-0.874388,-0.741488,2.411,2.6697
-0.866562,-0.741488,2.411,2.66714
-0.858737,-0.741488,2.411,2.66461
-0.850911,-0.741488,2.411,2.6621
-0.843086,-0.741488,2.411,2.65961
-0.83526,-0.741488,2.411,2.65714
-0.833269,-0.746716,2.428,2.67341
-0.825388,-0.746716,2.428,2.67096
-0.817508,-0.746716,2.428,2.66854
-0.809627,-0.746716,2.428,2.66613
-0.801746,-0.746716,2.428,2.66375
-0.793866,-0.746716,2.428,2.66139
-0.785985,-0.746716,2.428,2.65905
-0.778104,-0.746716,2.428,2.65673
-0.770224,-0.746716,2.428,2.65443
-0.762343,-0.746716,2.428,2.65216
-0.754462,-0.746716,2.428,2.6499
-0.746581,-0.746716,2.428,2.64767
-0.743873,-0.751944,2.445,2.66398
-0.735937,-0.751944,2.445,2.66178
-0.728001,-0.751944,2.445,2.65959
-0.720065,-0.751944,2.445,2.65743
-0.712129,-0.751944,2.445,2.65529
-0.709378,-0.75748,2.463,2.67271
-0.701384,-0.75748,2.463,2.6706
-0.693389,-0.75748,2.463,2.66851
-0.690404,-0.763016,2.481,2.68593
-0.682351,-0.763016,2.481,2.68387
-0.679191,-0.768551,2.499,2.70129
-0.67108,-0.768551,2.499,2.69926
-0.667744,-0.774087,2.517,2.71669
-0.659574,-0.774087,2.517,2.71469
-0.646746,-0.768551,2.499,2.69332
-0.638635,-0.768551,2.499,2.69138
-0.630524,-0.768551,2.499,2.68947
-0.622413,-0.768551,2.499,2.68758
-0.614302,-0.768551,2.499,2.68571
-0.606191,-0.768551,2.499,2.68387
-0.598079,-0.768551,2.499,2.68205
-0.585719,-0.763016,2.481,2.66094
-0.577666,-0.763016,2.481,2.65918
-0.569613,-0.763016,2.481,2.65745
-0.557486,-0.75748,2.463,2.63646
-0.549492,-0.75748,2.463,2.63478
-0.541498,-0.75748,2.463,2.63313
-0.529605,-0.751944,2.445,2.61226
-0.521669,-0.751944,2.445,2.61067
-0.513733,-0.751944,2.445,2.60909
-0.505797,-0.751944,2.445,2.60754
-0.497861,-0.751944,2.445,2.60601
-0.489925,-0.751944,2.445,2.60451
-0.481989,-0.751944,2.445,2.60303
-0.474054,-0.751944,2.445,2.60157
-0.469549,-0.75748,2.463,2.61928
-0.458182,-0.751944,2.445,2.59873
-0.450246,-0.751944,2.445,2.59734
-0.44231,-0.751944,2.445,2.59597
-0.434374,-0.751944,2.445,2.59463
-0.432717,-0.763016,2.481,2.6315
-0.424665,-0.763016,2.481,2.63019
-0.416612,-0.763016,2.481,2.6289
-0.411523,-0.768551,2.499,2.6467
-0.406318,-0.774087,2.517,2.66451
-0.398148,-0.774087,2.517,2.66327
-0.389979,-0.774087,2.517,2.66206
-0.381809,-0.774087,2.517,2.66088
-0.37364,-0.774087,2.517,2.65972
-0.36547,-0.774087,2.517,2.65858
-0.357301,-0.774087,2.517,2.65747
-0.349131,-0.774087,2.517,2.65639
-0.338523,-0.768551,2.499,2.63634
-0.330412,-0.768551,2.499,2.63531
-0.322301,-0.768551,2.499,2.6343
-0.31419,-0.768551,2.499,2.63332
-0.303874,-0.763016,2.481,2.61341
-0.295821,-0.763016,2.481,2.61248
-0.289856,-0.768551,2.499,2.63053
-0.281745,-0.768551,2.499,2.62965
-0.273634,-0.768551,2.499,2.62879
-0.265523,-0.768551,2.499,2.62796
-0.257412,-0.768551,2.499,2.62715
-0.249301,-0.768551,2.499,2.62637
-0.24119,-0.768551,2.499,2.62561
-0.233078,-0.768551,2.499,2.62488
-0.224967,-0.768551,2.499,2.62417
-0.216856,-0.768551,2.499,2.62349
-0.208745,-0.768551,2.499,2.62283
-0.200634,-0.768551,2.499,2.6222
-0.192523,-0.768551,2.499,2.62159
-0.184412,-0.768551,2.499,2.62101
-0.1763,-0.768551,2.499,2.62045
-0.168189,-0.768551,2.499,2.61992
-0.161231,-0.774087,2.517,2.63828
-0.153062,-0.774087,2.517,2.63779
-0.144892,-0.774087,2.517,2.63733
-0.136723,-0.774087,2.517,2.63689
-0.129523,-0.779931,2.536,2.65638
-0.121292,-0.779931,2.536,2.65599
-0.113061,-0.779931,2.536,2.65563
-0.10483,-0.779931,2.536,2.65529
-0.0965985,-0.779931,2.536,2.65498
-0.0883672,-0.779931,2.536,2.65469
-0.080136,-0.779931,2.536,2.65443
-0.0719048,-0.779931,2.536,2.6542
-0.0636736,-0.779931,2.536,2.65399
-0.0554423,-0.779931,2.536,2.6538
-0.0472111,-0.779931,2.536,2.65364
-0.0389799,-0.779931,2.536,2.65351
-0.0307487,-0.779931,2.536,2.6534
-0.0225174,-0.779931,2.536,2.65332
-0.0142862,-0.779931,2.536,2.65326
-0.00605498,-0.779931,2.536,2.65323
0.00217625,-0.779931,2.536,2.65322
0.0104075,-0.779931,2.536,2.65324
0.0186387,-0.779931,2.536,2.65329
0.0268699,-0.779931,2.536,2.65336
0.0351011,-0.779931,2.536,2.65345
0.0433324,-0.779931,2.536,2.65358
0.0515636,-0.779931,2.536,2.65372
0.0597948,-0.779931,2.536,2.6539
0.0680261,-0.779931,2.536,2.65409
0.0762573,-0.779931,2.536,2.65432
0.0844885,-0.779931,2.536,2.65457
0.0927197,-0.779931,2.536,2.65484
0.100951,-0.779931,2.536,2.65514
0.109182,-0.779931,2.536,2.65547
0.117413,-0.779931,2.536,2.65582
0.125645,-0.779931,2.536,2.6562
0.133876,-0.779931,2.536,2.6566
0.142107,-0.779931,2.536,2.65703
0.150338,-0.779931,2.536,2.65748
0.15857,-0.779931,2.536,2.65796
0.166801,-0.779931,2.536,2.65846
0.173721,-0.774087,2.517,2.63907
0.18189,-0.774087,2.517,2.63962
0.19006,-0.774087,2.517,2.64019
0.198229,-0.774087,2.517,2.64079
0.204923,-0.768551,2.499,2.62253
0.213034,-0.768551,2.499,2.62318
0.219552,-0.763016,2.481,2.60495
0.227605,-0.763016,2.481,2.60564
0.235658,-0.763016,2.481,2.60636
0.24371,-0.763016,2.481,2.6071
0.251763,-0.763016,2.481,2.60786
0.257931,-0.75748,2.463,2.58972
0.265925,-0.75748,2.463,2.59053
0.273919,-0.75748,2.463,2.59137
0.281914,-0.75748,2.463,2.59222
0.289908,-0.75748,2.463,2.5931
0.297902,-0.75748,2.463,2.59401
0.305896,-0.75748,2.463,2.59494
0.313891,-0.75748,2.463,2.5959
0.321885,-0.75748,2.463,2.59687
0.329879,-0.75748,2.463,2.59788
0.340343,-0.763016,2.481,2.6179
0.348396,-0.763016,2.481,2.61896
0.356448,-0.763016,2.481,2.62004
0.364501,-0.763016,2.481,2.62115
0.375257,-0.768551,2.499,2.6413
0.383368,-0.768551,2.499,2.64247
0.391479,-0.768551,2.499,2.64366
0.402468,-0.774087,2.517,2.66392
0.410638,-0.774087,2.517,2.66517
0.418807,-0.774087,2.517,2.66644
0.4302,-0.779931,2.536,2.68787
0.435146,-0.774087,2.517,2.66905
0.443316,-0.774087,2.517,2.6704
0.451486,-0.774087,2.517,2.67177
0.459655,-0.774087,2.517,2.67316
0.467825,-0.774087,2.517,2.67458
0.475994,-0.774087,2.517,2.67602
0.484164,-0.774087,2.517,2.67748
0.492333,-0.774087,2.517,2.67897
0.500503,-0.774087,2.517,2.68049
0.512512,-0.779931,2.536,2.70227
0.516842,-0.774087,2.517,2.68358
0.525012,-0.774087,2.517,2.68517
0.533181,-0.774087,2.517,2.68678
0.541351,-0.774087,2.517,2.68841
0.54952,-0.774087,2.517,2.69007
0.55769,-0.774087,2.517,2.69175
0.565859,-0.774087,2.517,2.69345
0.574029,-0.774087,2.517,2.69518
0.582199,-0.774087,2.517,2.69693
0.590368,-0.774087,2.517,2.69871
0.598538,-0.774087,2.517,2.70051
0.606707,-0.774087,2.517,2.70233
0.614877,-0.774087,2.517,2.70418
0.623046,-0.774087,2.517,2.70605
0.631216,-0.774087,2.517,2.70794
0.639385,-0.774087,2.517,2.70986
0.647555,-0.774087,2.517,2.71179
0.651035,-0.768551,2.499,2.69435
0.659146,-0.768551,2.499,2.69632
0.667257,-0.768551,2.499,2.69832
0.670504,-0.763016,2.481,2.68088
0.678557,-0.763016,2.481,2.68291
0.686609,-0.763016,2.481,2.68496
0.684582,-0.751944,2.445,2.64804
0.692518,-0.751944,2.445,2.6501
0.700454,-0.751944,2.445,2.65218
0.70839,-0.751944,2.445,2.65429
0.711345,-0.746716,2.428,2.63795
0.71419,-0.741488,2.411,2.6216
0.722016,-0.741488,2.411,2.62374
0.724695,-0.736259,2.394,2.60739
0.732465,-0.736259,2.394,2.60956
0.740236,-0.736259,2.394,2.61175
0.748006,-0.736259,2.394,2.61397
0.755776,-0.736259,2.394,2.6162
0.763547,-0.736259,2.394,2.61846
0.771317,-0.736259,2.394,2.62073
0.779087,-0.736259,2.394,2.62303
0.786858,-0.736259,2.394,2.62535
0.794628,-0.736259,2.394,2.62769
0.802398,-0.736259,2.394,2.63005
0.804416,-0.731031,2.377,2.61374
0.812131,-0.731031,2.377,2.61612
0.814327,-0.726111,2.361,2.6009
0.821991,-0.726111,2.361,2.60331
0.829654,-0.726111,2.361,2.60574
0.831643,-0.72119,2.345,2.59052
0.839254,-0.72119,2.345,2.59297
0.858422,-0.731031,2.377,2.63086
0.866137,-0.731031,2.377,2.63339
nan,nan,nan,NaN
nan,nan,nan,NaN
nan,nan,nan,NaN
nan,nan,nan,NaN
nan,nan,nan,NaN
nan,nan,nan,NaN
nan,nan,nan,NaN
nan,nan,nan,NaN
nan,nan,nan,NaN
nan,nan,nan,NaN
nan,nan,nan,NaN
nan,nan,nan,NaN
nan,nan,nan,NaN
nan,nan,nan,NaN
nan,nan,nan,NaN
nan,nan,nan,NaN
nan,nan,nan,NaN
nan,nan,nan,NaN
nan,nan,nan,NaN
nan,nan,nan,NaN
nan,nan,nan,NaN
nan,nan,nan,NaN
nan,nan,nan,NaN
nan,nan,nan,NaN
nan,nan,nan,NaN
nan,nan,nan,NaN
nan,nan,nan,NaN
1.42998,-0.965995,3.141,3.58384
1.44018,-0.965995,3.141,3.58792
1.45037,-0.965995,3.141,3.59202
1.46057,-0.965995,3.141,3.59615
1.47076,-0.965995,3.141,3.6003
1.48096,-0.965995,3.141,3.60448
1.49115,-0.965995,3.141,3.60868
1.48749,-0.957076,3.112,3.57955
1.49759,-0.957076,3.112,3.58376
1.50769,-0.957076,3.112,3.58799
1.51779,-0.957076,3.112,3.59224
1.52789,-0.957076,3.112,3.59652
1.53799,-0.957076,3.112,3.60083
1.53416,-0.948465,3.084,3.57271
1.54417,-0.948465,3.084,3.57702
nan,nan,nan,NaN
nan,nan,nan,NaN
nan,nan,nan,NaN
nan,nan,nan,NaN
nan,nan,nan,NaN
nan,nan,nan,NaN
nan,nan,nan,NaN
nan,nan,nan,NaN
1.76144,-1.02227,3.324,3.89829
1.77223,-1.02227,3.324,3.90318
nan,nan,nan,NaN
1.88501,-1.07425,3.493,4.11197
1.89635,-1.07425,3.493,4.11718
1.94755,-1.0967,3.566,4.20857
1.95913,-1.0967,3.566,4.21394
1.9917,-1.10839,3.604,4.26429
2.0034,-1.10839,3.604,4.26977
2.0151,-1.10839,3.604,4.27527
2.02679,-1.10839,3.604,4.2808
2.03849,-1.10839,3.604,4.28635
2.05019,-1.10839,3.604,4.29192
2.06189,-1.10839,3.604,4.29752
2.07358,-1.10839,3.604,4.30315
2.10727,-1.12007,3.642,4.35423
2.09698,-1.10839,3.604,4.31447
2.08644,-1.0967,3.566,4.27462
2.09802,-1.0967,3.566,4.28028
2.10959,-1.0967,3.566,4.28596
2.09916,-1.08532,3.529,4.24714
2.11061,-1.08532,3.529,4.25282
2.10042,-1.07425,3.493,4.21507
2.0906,-1.06349,3.458,4.17844
2.10182,-1.06349,3.458,4.18407
2.09166,-1.05272,3.423,4.14731
2.08188,-1.04227,3.389,4.11167
2.03298,-1.01243,3.292,3.99941
2.04366,-1.01243,3.292,4.00485
1.99631,-0.983832,3.199,3.89702
1.97031,-0.965995,3.141,3.8316
1.98051,-0.965995,3.141,3.83685
1.95458,-0.948465,3.084,3.7724
1.93019,-0.931857,3.03,3.71145
1.94002,-0.931857,3.03,3.71658
1.91575,-0.915557,2.977,3.65662
1.9086,-0.907561,2.951,3.62971
1.91817,-0.907561,2.951,3.63476
1.89509,-0.892184,2.901,3.57815
1.88875,-0.884803,2.877,3.5535
1.89809,-0.884803,2.877,3.55848
1.89151,-0.877422,2.853,3.53374
1.88479,-0.870041,2.829,3.50894
1.89397,-0.870041,2.829,3.51388
1.90315,-0.870041,2.829,3.51883
1.88124,-0.855894,2.783,3.46651
1.89027,-0.855894,2.783,3.47142
-2.52657,-1.10826,3.642,4.56902
-2.51475,-1.10826,3.642,4.5625
-2.47682,-1.09669,3.604,4.50846
-2.43913,-1.08513,3.566,4.45457
-2.42755,-1.08513,3.566,4.44824
-2.36652,-1.06292,3.493,4.35101
-2.30799,-1.04161,3.423,4.25778
-2.29688,-1.04161,3.423,4.25177
-2.26306,-1.03127,3.389,4.2036
-2.25206,-1.03127,3.389,4.19769
-2.24106,-1.03127,3.389,4.1918
-2.20835,-1.02123,3.356,4.14517
-2.19745,-1.02123,3.356,4.13938
-2.18656,-1.02123,3.356,4.13361
-2.17567,-1.02123,3.356,4.12785
-2.14413,-1.01149,3.324,4.08282
-2.13335,-1.01149,3.324,4.07716
-2.12256,-1.01149,3.324,4.07153
-2.11177,-1.01149,3.324,4.06591
-2.08075,-1.00175,3.292,4.02123
-2.07007,-1.00175,3.292,4.01571
-2.05938,-1.00175,3.292,4.01022
-2.02878,-0.992014,3.26,3.96581
-2.0182,-0.992014,3.26,3.96041
-2.00762,-0.992014,3.26,3.95503
-1.97866,-0.982885,3.23,3.91332
-1.96818,-0.982885,3.23,3.90803
-1.95769,-0.982885,3.23,3.90276
-1.94721,-0.982885,3.23,3.89751
nan,nan,nan,NaN
nan,nan,nan,NaN
nan,nan,nan,NaN
nan,nan,nan,NaN
nan,nan,nan,NaN
nan,nan,nan,NaN
nan,nan,nan,NaN
nan,nan,nan,NaN
nan,nan,nan,NaN
nan,nan,nan,NaN
nan,nan,nan,NaN
nan,nan,nan,NaN
nan,nan,nan,NaN
nan,nan,nan,NaN
nan,nan,nan,NaN
nan,nan,nan,NaN
nan,nan,nan,NaN
nan,nan,nan,NaN
nan,nan,nan,NaN
nan,nan,nan,NaN
nan,nan,nan,NaN
nan,nan,nan,NaN
nan,nan,nan,NaN
nan,nan,nan,NaN
nan,nan,nan,NaN
nan,nan,nan,NaN
-1.45755,-0.860861,2.829,3.29678
-1.44836,-0.860861,2.829,3.29273
-1.42748,-0.853862,2.806,3.26197
-1.40675,-0.846864,2.783,3.23129
-1.39772,-0.846864,2.783,3.22736
-1.34527,-0.82039,2.696,3.12269
-1.32611,-0.813999,2.675,3.09464
-1.30708,-0.807609,2.654,3.06666
-1.2882,-0.801219,2.633,3.03876
-1.26021,-0.789047,2.593,2.98904
-1.23345,-0.777483,2.555,2.94175
-1.22516,-0.777483,2.555,2.93828
-1.18162,-0.754965,2.481,2.84983
-1.17357,-0.754965,2.481,2.84651
nan,nan,nan,NaN
nan,nan,nan,NaN
nan,nan,nan,NaN
nan,nan,nan,NaN
nan,nan,nan,NaN
nan,nan,nan,NaN
nan,nan,nan,NaN
nan,nan,nan,NaN
nan,nan,nan,NaN
nan,nan,nan,NaN
nan,nan,nan,NaN
nan,nan,nan,NaN
nan,nan,nan,NaN
nan,nan,nan,NaN
-1.00865,-0.723318,2.377,2.68155
-1.00093,-0.723318,2.377,2.67865
-1.00032,-0.728491,2.394,2.69492
-0.992548,-0.728491,2.394,2.69204
-0.984778,-0.728491,2.394,2.68919
-0.990883,-0.738837,2.428,2.7245
-0.983002,-0.738837,2.428,2.72165
-0.975121,-0.738837,2.428,2.71881
-0.967241,-0.738837,2.428,2.71599
-0.95936,-0.738837,2.428,2.7132
-0.951479,-0.738837,2.428,2.71042
-0.943599,-0.738837,2.428,2.70766
-0.935718,-0.738837,2.428,2.70493
-0.921341,-0.733664,2.411,2.68329
-0.913515,-0.733664,2.411,2.68061
-0.90569,-0.733664,2.411,2.67796
-0.897864,-0.733664,2.411,2.67532
-0.890039,-0.733664,2.411,2.67271
-0.882213,-0.733664,2.411,2.67011
-0.874388,-0.733664,2.411,2.66753
-0.866562,-0.733664,2.411,2.66498
-0.858737,-0.733664,2.411,2.66245
-0.856911,-0.738837,2.428,2.67869
-0.84903,-0.738837,2.428,2.67618
-0.84115,-0.738837,2.428,2.67369
-0.833269,-0.738837,2.428,2.67122
-0.825388,-0.738837,2.428,2.66877
-0.817508,-0.738837,2.428,2.66634
-0.809627,-0.738837,2.428,2.66394
-0.80736,-0.744011,2.445,2.68019
-0.799424,-0.744011,2.445,2.67781
-0.797315,-0.749488,2.463,2.69515
-0.789321,-0.749488,2.463,2.69279
-0.781326,-0.749488,2.463,2.69046
-0.773332,-0.749488,2.463,2.68815
-0.765338,-0.749488,2.463,2.68586
-0.757344,-0.749488,2.463,2.68359
-0.749349,-0.749488,2.463,2.68135
-0.741355,-0.749488,2.463,2.67912
-0.733361,-0.749488,2.463,2.67692
-0.725366,-0.749488,2.463,2.67474
-0.722615,-0.754965,2.481,2.69212
-0.714562,-0.754965,2.481,2.68997
-0.706509,-0.754965,2.481,2.68784
-0.698457,-0.754965,2.481,2.68574
-0.695413,-0.760443,2.499,2.70312
-0.687302,-0.760443,2.499,2.70105
-0.679191,-0.760443,2.499,2.699
-0.675913,-0.76592,2.517,2.71639
-0.667744,-0.76592,2.517,2.71437
-0.659574,-0.76592,2.517,2.71237
-0.651405,-0.76592,2.517,2.7104
-0.643235,-0.76592,2.517,2.70845
-0.630524,-0.760443,2.499,2.68716
-0.622413,-0.760443,2.499,2.68527
-0.618726,-0.76592,2.517,2.70273
-0.610557,-0.76592,2.517,2.70087
-0.598079,-0.760443,2.499,2.67973
-0.585719,-0.754965,2.481,2.65865
-0.577666,-0.754965,2.481,2.65688
-0.569613,-0.754965,2.481,2.65514
-0.557486,-0.749488,2.463,2.63418
-0.549492,-0.749488,2.463,2.6325
-0.541498,-0.749488,2.463,2.63084
-0.533504,-0.749488,2.463,2.62921
-0.525509,-0.749488,2.463,2.6276
-0.517515,-0.749488,2.463,2.62601
-0.509521,-0.749488,2.463,2.62445
-0.501526,-0.749488,2.463,2.6229
-0.493532,-0.749488,2.463,2.62139
-0.485538,-0.749488,2.463,2.61989
-0.477544,-0.749488,2.463,2.61842
-0.469549,-0.749488,2.463,2.61698
-0.461555,-0.749488,2.463,2.61556
-0.453561,-0.749488,2.463,2.61416
-0.445566,-0.749488,2.463,2.61278
-0.437572,-0.749488,2.463,2.61143
-0.435857,-0.760443,2.499,2.64825
-0.427746,-0.760443,2.499,2.64693
-0.419634,-0.760443,2.499,2.64563
-0.414487,-0.76592,2.517,2.6634
-0.406318,-0.76592,2.517,2.66215
-0.401154,-0.771702,2.536,2.681
-0.392923,-0.771702,2.536,2.67978
-0.384691,-0.771702,2.536,2.67858
-0.37646,-0.771702,2.536,2.67741
-0.36547,-0.76592,2.517,2.65622
-0.357301,-0.76592,2.517,2.65511
-0.349131,-0.76592,2.517,2.65402
-0.340961,-0.76592,2.517,2.65296
-0.332792,-0.76592,2.517,2.65192
-0.324622,-0.76592,2.517,2.65091
-0.316453,-0.76592,2.517,2.64992
-0.308283,-0.76592,2.517,2.64895
-0.300114,-0.76592,2.517,2.64802
-0.291944,-0.76592,2.517,2.6471
-0.283775,-0.76592,2.517,2.64621
-0.275605,-0.76592,2.517,2.64535
-0.267435,-0.76592,2.517,2.64451
-0.259266,-0.76592,2.517,2.6437
-0.251096,-0.76592,2.517,2.64291
-0.242927,-0.76592,2.517,2.64215
-0.234757,-0.76592,2.517,2.64141
-0.228298,-0.771702,2.536,2.66063
-0.220067,-0.771702,2.536,2.65993
-0.211836,-0.771702,2.536,2.65927
-0.203604,-0.771702,2.536,2.65862
-0.195373,-0.771702,2.536,2.658
-0.187142,-0.771702,2.536,2.65741
-0.1763,-0.760443,2.499,2.61808
-0.168189,-0.760443,2.499,2.61755
-0.161231,-0.76592,2.517,2.63589
-0.153062,-0.76592,2.517,2.6354
-0.144892,-0.76592,2.517,2.63494
-0.136723,-0.76592,2.517,2.63451
-0.129523,-0.771702,2.536,2.65398
-0.121292,-0.771702,2.536,2.65359
-0.113061,-0.771702,2.536,2.65322
-0.10483,-0.771702,2.536,2.65289
-0.0965985,-0.771702,2.536,2.65257
-0.0883672,-0.771702,2.536,2.65229
-0.080136,-0.771702,2.536,2.65203
-0.0719048,-0.771702,2.536,2.65179
-0.0636736,-0.771702,2.536,2.65158
-0.0554423,-0.771702,2.536,2.65139
-0.0472111,-0.771702,2.536,2.65124
-0.0389799,-0.771702,2.536,2.6511
-0.0307487,-0.771702,2.536,2.65099
-0.0225174,-0.771702,2.536,2.65091
-0.0142862,-0.771702,2.536,2.65085
-0.00605498,-0.771702,2.536,2.65082
0.00217625,-0.771702,2.536,2.65082
0.0104075,-0.771702,2.536,2.65084
0.0186387,-0.771702,2.536,2.65088
0.0268699,-0.771702,2.536,2.65095
0.0351011,-0.771702,2.536,2.65105
0.0433324,-0.771702,2.536,2.65117
0.0515636,-0.771702,2.536,2.65132
0.0597948,-0.771702,2.536,2.65149
0.0680261,-0.771702,2.536,2.65169
0.0762573,-0.771702,2.536,2.65191
0.0844885,-0.771702,2.536,2.65216
0.0927197,-0.771702,2.536,2.65244
0.100951,-0.771702,2.536,2.65274
0.109182,-0.771702,2.536,2.65306
0.117413,-0.771702,2.536,2.65341
0.125645,-0.771702,2.536,2.65379
0.133876,-0.771702,2.536,2.65419
0.142107,-0.771702,2.536,2.65462
0.150338,-0.771702,2.536,2.65507
0.15857,-0.771702,2.536,2.65555
0.166801,-0.771702,2.536,2.65606
0.173721,-0.76592,2.517,2.63668
0.18189,-0.76592,2.517,2.63723
0.19006,-0.76592,2.517,2.63781
0.198229,-0.76592,2.517,2.63841
0.204923,-0.760443,2.499,2.62017
0.213034,-0.760443,2.499,2.62081
0.219552,-0.754965,2.481,2.6026
0.227605,-0.754965,2.481,2.60329
0.235658,-0.754965,2.481,2.60401
0.24371,-0.754965,2.481,2.60475
0.251763,-0.754965,2.481,2.60552
0.257931,-0.749488,2.463,2.5874
0.265925,-0.749488,2.463,2.58821
0.273919,-0.749488,2.463,2.58904
0.281914,-0.749488,2.463,2.5899
0.289908,-0.749488,2.463,2.59078
0.297902,-0.749488,2.463,2.59169
0.305896,-0.749488,2.463,2.59262
0.313891,-0.749488,2.463,2.59357
0.321885,-0.749488,2.463,2.59455
0.329879,-0.749488,2.463,2.59556
0.340343,-0.754965,2.481,2.61556
0.348396,-0.754965,2.481,2.61662
0.356448,-0.754965,2.481,2.61771
0.364501,-0.754965,2.481,2.61882
0.37796,-0.76592,2.517,2.65796
0.386129,-0.76592,2.517,2.65914
0.394299,-0.76592,2.517,2.66034
0.405506,-0.771702,2.536,2.68165
0.413738,-0.771702,2.536,2.68291
0.421969,-0.771702,2.536,2.68419
0.4302,-0.771702,2.536,2.6855
0.438431,-0.771702,2.536,2.68683
0.446662,-0.771702,2.536,2.68818
0.454894,-0.771702,2.536,2.68956
0.463125,-0.771702,2.536,2.69097
0.471356,-0.771702,2.536,2.6924
0.479587,-0.771702,2.536,2.69385
0.487819,-0.771702,2.536,2.69533
0.49605,-0.771702,2.536,2.69683
0.504281,-0.771702,2.536,2.69835
0.512512,-0.771702,2.536,2.69991
0.520743,-0.771702,2.536,2.70148
0.528975,-0.771702,2.536,2.70308
0.537206,-0.771702,2.536,2.7047
0.545437,-0.771702,2.536,2.70635
0.553668,-0.771702,2.536,2.70802
0.5619,-0.771702,2.536,2.70971
0.570131,-0.771702,2.536,2.71143
0.578362,-0.771702,2.536,2.71318
0.586593,-0.771702,2.536,2.71494
0.594824,-0.771702,2.536,2.71673
0.603056,-0.771702,2.536,2.71855
0.606707,-0.76592,2.517,2.7
0.614877,-0.76592,2.517,2.70185
0.623046,-0.76592,2.517,2.70372
0.631216,-0.76592,2.517,2.70562
0.639385,-0.76592,2.517,2.70753
0.647555,-0.76592,2.517,2.70947
0.655725,-0.76592,2.517,2.71144
0.659146,-0.760443,2.499,2.69402
0.667257,-0.760443,2.499,2.69602
0.675369,-0.760443,2.499,2.69804
0.678557,-0.754965,2.481,2.68063
0.686609,-0.754965,2.481,2.68268
0.689622,-0.749488,2.463,2.66527
0.692518,-0.744011,2.445,2.64786
0.700454,-0.744011,2.445,2.64995
0.70839,-0.744011,2.445,2.65205
0.716326,-0.744011,2.445,2.65419
0.719226,-0.738837,2.428,2.63787
0.727107,-0.738837,2.428,2.64003
0.734987,-0.738837,2.428,2.64221
0.742868,-0.738837,2.428,2.64441
0.750749,-0.738837,2.428,2.64664
0.753318,-0.733664,2.411,2.63034
0.761143,-0.733664,2.411,2.63259
0.774391,-0.738837,2.428,2.65344
0.776794,-0.733664,2.411,2.63716
0.78462,-0.733664,2.411,2.63947
0.792445,-0.733664,2.411,2.64181
0.794628,-0.728491,2.394,2.62552
0.802398,-0.728491,2.394,2.62788
0.804416,-0.723318,2.377,2.61159
0.812131,-0.723318,2.377,2.61398
0.814327,-0.718449,2.361,2.59877
0.821991,-0.718449,2.361,2.60118
0.829654,-0.718449,2.361,2.60362
0.831643,-0.713581,2.345,2.58841
0.839254,-0.713581,2.345,2.59086
nan,nan,nan,NaN
nan,nan,nan,NaN
nan,nan,nan,NaN
nan,nan,nan,NaN
nan,nan,nan,NaN
nan,nan,nan,NaN
nan,nan,nan,NaN
nan,nan,nan,NaN
nan,nan,nan,NaN
nan,nan,nan,NaN
nan,nan,nan,NaN
nan,nan,nan,NaN
nan,nan,nan,NaN
nan,nan,nan,NaN
nan,nan,nan,NaN
nan,nan,nan,NaN
nan,nan,nan,NaN
nan,nan,nan,NaN
nan,nan,nan,NaN
nan,nan,nan,NaN
nan,nan,nan,NaN
nan,nan,nan,NaN
nan,nan,nan,NaN
nan,nan,nan,NaN
nan,nan,nan,NaN
nan,nan,nan,NaN
nan,nan,nan,NaN
nan,nan,nan,NaN
nan,nan,nan,NaN
nan,nan,nan,NaN
nan,nan,nan,NaN
nan,nan,nan,NaN
1.46057,-0.955803,3.141,3.59342
1.47076,-0.955803,3.141,3.59758
1.48096,-0.955803,3.141,3.60176
1.49115,-0.955803,3.141,3.60596
1.48749,-0.946978,3.112,3.57686
1.49759,-0.946978,3.112,3.58107
1.50769,-0.946978,3.112,3.58531
1.51779,-0.946978,3.112,3.58957
1.52789,-0.946978,3.112,3.59385
1.53799,-0.946978,3.112,3.59816
1.53416,-0.938457,3.084,3.57007
1.54417,-0.938457,3.084,3.57438
nan,nan,nan,NaN
nan,nan,nan,NaN
nan,nan,nan,NaN
nan,nan,nan,NaN
nan,nan,nan,NaN
nan,nan,nan,NaN
nan,nan,nan,NaN
nan,nan,nan,NaN
nan,nan,nan,NaN
nan,nan,nan,NaN
nan,nan,nan,NaN
nan,nan,nan,NaN
nan,nan,nan,NaN
nan,nan,nan,NaN
1.98,-1.09669,3.604,4.25582
1.9917,-1.09669,3.604,4.26127
2.0034,-1.09669,3.604,4.26675
2.0151,-1.09669,3.604,4.27225
2.02679,-1.09669,3.604,4.27778
2.03849,-1.09669,3.604,4.28334
2.05019,-1.09669,3.604,4.28892
2.06189,-1.09669,3.604,4.29452
2.07358,-1.09669,3.604,4.30015
2.10727,-1.10826,3.642,4.3512
2.09698,-1.09669,3.604,4.31148
2.08644,-1.08513,3.566,4.27166
2.09802,-1.08513,3.566,4.27733
2.10959,-1.08513,3.566,4.28302
2.09916,-1.07387,3.529,4.24423
2.11061,-1.07387,3.529,4.24991
2.10042,-1.06292,3.493,4.2122
2.0906,-1.05227,3.458,4.1756
2.10182,-1.05227,3.458,4.18123
2.09166,-1.04161,3.423,4.1445
2.08188,-1.03127,3.389,4.1089
2.03298,-1.00175,3.292,3.99672
2.04366,-1.00175,3.292,4.00217
1.99631,-0.973452,3.199,3.89442
1.97031,-0.955803,3.141,3.82904
1.98051,-0.955803,3.141,3.8343
1.95458,-0.938457,3.084,3.7699
1.93019,-0.922025,3.03,3.709
1.94002,-0.922025,3.03,3.71412
1.91575,-0.905897,2.977,3.65421
1.9086,-0.897986,2.951,3.62733
1.91817,-0.897986,2.951,3.63238
1.89509,-0.882771,2.901,3.57581
1.88875,-0.875468,2.877,3.55119
1.89809,-0.875468,2.877,3.55617
1.89151,-0.868164,2.853,3.53145
1.88479,-0.860861,2.829,3.50667
1.89397,-0.860861,2.829,3.51161
1.88768,-0.853862,2.806,3.48799
1.88124,-0.846864,2.783,3.46429
1.89027,-0.846864,2.783,3.46921
-2.50021,-1.085,3.604,4.51853
-2.48851,-1.085,3.604,4.51207
-2.47682,-1.085,3.604,4.50563
-2.41382,-1.06242,3.529,4.40558
-2.40237,-1.06242,3.529,4.39931
-2.36652,-1.05158,3.493,4.34825
-2.30799,-1.03051,3.423,4.25508
-2.29688,-1.03051,3.423,4.24906
-2.26306,-1.02027,3.389,4.20092
-2.23013,-1.01034,3.356,4.15416
-2.21924,-1.01034,3.356,4.14832
-2.20835,-1.01034,3.356,4.1425
-2.1765,-1.0007,3.324,4.09726
-2.16571,-1.0007,3.324,4.09154
-2.15492,-1.0007,3.324,4.08584
-2.14413,-1.0007,3.324,4.08016
-2.13335,-1.0007,3.324,4.0745
-2.12256,-1.0007,3.324,4.06886
-2.09144,-0.99107,3.292,4.02413
-2.08075,-0.99107,3.292,4.01858
-2.07007,-0.99107,3.292,4.01306
-2.03936,-0.981436,3.26,3.9686
-2.02878,-0.981436,3.26,3.96318
-2.0182,-0.981436,3.26,3.95777
-2.00762,-0.981436,3.26,3.95239
-1.97866,-0.972404,3.23,3.9107
-1.96818,-0.972404,3.23,3.90541
-1.95769,-0.972404,3.23,3.90013
-1.94721,-0.972404,3.23,3.89488
nan,nan,nan,NaN
nan,nan,nan,NaN
nan,nan,nan,NaN
nan,nan,nan,NaN
nan,nan,nan,NaN
nan,nan,nan,NaN
nan,nan,nan,NaN
nan,nan,nan,NaN
nan,nan,nan,NaN
nan,nan,nan,NaN
nan,nan,nan,NaN
nan,nan,nan,NaN
nan,nan,nan,NaN
nan,nan,nan,NaN
nan,nan,nan,NaN
nan,nan,nan,NaN
nan,nan,nan,NaN
nan,nan,nan,NaN
nan,nan,nan,NaN
nan,nan,nan,NaN
nan,nan,nan,NaN
nan,nan,nan,NaN
nan,nan,nan,NaN
nan,nan,nan,NaN
nan,nan,nan,NaN
nan,nan,nan,NaN
-1.46991,-0.858907,2.853,3.32234
-1.46065,-0.858907,2.853,3.31826
-1.43918,-0.851682,2.829,3.28631
-1.40675,-0.837833,2.783,3.22893
-1.39772,-0.837833,2.783,3.22501
-1.35575,-0.817964,2.717,3.14471
-1.32611,-0.805319,2.675,3.09237
-1.30708,-0.798997,2.654,3.06441
-1.29847,-0.798997,2.654,3.06074
-1.26993,-0.786654,2.613,3.00987
-1.23345,-0.769193,2.555,2.93957
-1.22516,-0.769193,2.555,2.9361
-1.18162,-0.746915,2.481,2.84771
-1.17357,-0.746915,2.481,2.84438
nan,nan,nan,NaN
nan,nan,nan,NaN
nan,nan,nan,NaN
nan,nan,nan,NaN
nan,nan,nan,NaN
nan,nan,nan,NaN
nan,nan,nan,NaN
nan,nan,nan,NaN
nan,nan,nan,NaN
nan,nan,nan,NaN
nan,nan,nan,NaN
nan,nan,nan,NaN
nan,nan,nan,NaN
nan,nan,nan,NaN
nan,nan,nan,NaN
-1.01525,-0.725841,2.411,2.71487
-1.00742,-0.725841,2.411,2.71195
-0.999596,-0.725841,2.411,2.70905
-0.99177,-0.725841,2.411,2.70617
-0.990883,-0.730959,2.428,2.72238
-0.989885,-0.736077,2.445,2.73856
-0.981949,-0.736077,2.445,2.7357
-0.974013,-0.736077,2.445,2.73286
-0.966077,-0.736077,2.445,2.73004
-0.958141,-0.736077,2.445,2.72725
-0.943599,-0.730959,2.428,2.70552
-0.935718,-0.730959,2.428,2.70279
-0.927837,-0.730959,2.428,2.70007
-0.913515,-0.725841,2.411,2.67848
-0.90569,-0.725841,2.411,2.67583
-0.897864,-0.725841,2.411,2.67319
-0.890039,-0.725841,2.411,2.67057
-0.882213,-0.725841,2.411,2.66797
-0.874388,-0.725841,2.411,2.66539
-0.866562,-0.725841,2.411,2.66284
-0.864792,-0.730959,2.428,2.67906
-0.856911,-0.730959,2.428,2.67652
-0.84903,-0.730959,2.428,2.67401
-0.84115,-0.730959,2.428,2.67152
-0.833269,-0.730959,2.428,2.66905
-0.825388,-0.730959,2.428,2.6666
-0.817508,-0.730959,2.428,2.66417
-0.815296,-0.736077,2.445,2.6804
-0.80736,-0.736077,2.445,2.678
-0.799424,-0.736077,2.445,2.67561
-0.797315,-0.741496,2.463,2.69293
-0.789321,-0.741496,2.463,2.69058
-0.781326,-0.741496,2.463,2.68824
-0.778984,-0.746915,2.481,2.70556
-0.770931,-0.746915,2.481,2.70325
-0.762878,-0.746915,2.481,2.70097
-0.760302,-0.752334,2.499,2.71828
-0.752191,-0.752334,2.499,2.71603
-0.74408,-0.752334,2.499,2.71379
-0.735969,-0.752334,2.499,2.71158
-0.722615,-0.746915,2.481,2.68987
-0.714562,-0.746915,2.481,2.68772
-0.706509,-0.746915,2.481,2.68559
-0.698457,-0.746915,2.481,2.68348
-0.695413,-0.752334,2.499,2.70085
-0.687302,-0.752334,2.499,2.69878
-0.679191,-0.752334,2.499,2.69672
-0.675913,-0.757753,2.517,2.7141
-0.667744,-0.757753,2.517,2.71208
-0.659574,-0.757753,2.517,2.71008
-0.651405,-0.757753,2.517,2.7081
-0.643235,-0.757753,2.517,2.70615
-0.630524,-0.752334,2.499,2.68488
-0.622413,-0.752334,2.499,2.68298
-0.618726,-0.757753,2.517,2.70043
-0.610557,-0.757753,2.517,2.69857
-0.598079,-0.752334,2.499,2.67744
-0.585719,-0.746915,2.481,2.65637
-0.577666,-0.746915,2.481,2.65461
-0.569613,-0.746915,2.481,2.65287
-0.557486,-0.741496,2.463,2.63191
-0.549492,-0.741496,2.463,2.63023
-0.541498,-0.741496,2.463,2.62857
-0.533504,-0.741496,2.463,2.62694
-0.525509,-0.741496,2.463,2.62533
-0.517515,-0.741496,2.463,2.62374
-0.509521,-0.741496,2.463,2.62217
-0.501526,-0.741496,2.463,2.62063
-0.493532,-0.741496,2.463,2.61911
-0.485538,-0.741496,2.463,2.61762
-0.477544,-0.741496,2.463,2.61615
-0.469549,-0.741496,2.463,2.6147
-0.461555,-0.741496,2.463,2.61328
-0.453561,-0.741496,2.463,2.61188
-0.445566,-0.741496,2.463,2.6105
-0.437572,-0.741496,2.463,2.60915
-0.432717,-0.746915,2.481,2.62688
-0.427746,-0.752334,2.499,2.64461
-0.419634,-0.752334,2.499,2.64331
-0.414487,-0.757753,2.517,2.66107
-0.406318,-0.757753,2.517,2.65981
-0.401154,-0.763473,2.536,2.67864
-0.389979,-0.757753,2.517,2.65736
-0.381809,-0.757753,2.517,2.65617
-0.37646,-0.763473,2.536,2.67505
-0.36547,-0.757753,2.517,2.65387
-0.357301,-0.757753,2.517,2.65276
-0.349131,-0.757753,2.517,2.65167
-0.340961,-0.757753,2.517,2.65061
-0.332792,-0.757753,2.517,2.64957
-0.324622,-0.757753,2.517,2.64856
-0.316453,-0.757753,2.517,2.64757
-0.308283,-0.757753,2.517,2.64661
-0.300114,-0.757753,2.517,2.64567
-0.291944,-0.757753,2.517,2.64475
-0.283775,-0.757753,2.517,2.64386
-0.275605,-0.757753,2.517,2.643
-0.267435,-0.757753,2.517,2.64216
-0.259266,-0.757753,2.517,2.64134
-0.251096,-0.757753,2.517,2.64055
-0.242927,-0.757753,2.517,2.63979
-0.234757,-0.757753,2.517,2.63905
-0.228298,-0.763473,2.536,2.65825
-0.220067,-0.763473,2.536,2.65756
-0.211836,-0.763473,2.536,2.65689
-0.203604,-0.763473,2.536,2.65625
-0.195373,-0.763473,2.536,2.65563
-0.187142,-0.763473,2.536,2.65503
-0.178911,-0.763473,2.536,2.65447
-0.170679,-0.763473,2.536,2.65392
-0.162448,-0.763473,2.536,2.65341
-0.154217,-0.763473,2.536,2.65292
-0.145986,-0.763473,2.536,2.65245
-0.137755,-0.763473,2.536,2.65201
-0.129523,-0.763473,2.536,2.6516
-0.121292,-0.763473,2.536,2.65121
-0.113061,-0.763473,2.536,2.65084
-0.105615,-0.769193,2.555,2.67036
-0.0973222,-0.769193,2.555,2.67005
-0.0890293,-0.769193,2.555,2.66976
-0.0807364,-0.769193,2.555,2.66949
-0.0724435,-0.769193,2.555,2.66926
-0.0641506,-0.769193,2.555,2.66904
-0.0558577,-0.769193,2.555,2.66886
-0.0475648,-0.769193,2.555,2.6687
-0.0392719,-0.769193,2.555,2.66856
-0.030979,-0.769193,2.555,2.66845
-0.0226861,-0.769193,2.555,2.66837
-0.0143932,-0.769193,2.555,2.66831
-0.00610034,-0.769193,2.555,2.66828
0.00219255,-0.769193,2.555,2.66827
0.0104854,-0.769193,2.555,2.66829
0.0187783,-0.769193,2.555,2.66834
0.0270712,-0.769193,2.555,2.66841
0.0353641,-0.769193,2.555,2.66851
0.0433324,-0.763473,2.536,2.64879
0.0515636,-0.763473,2.536,2.64893
0.0597948,-0.763473,2.536,2.64911
0.0680261,-0.763473,2.536,2.6493
0.0768286,-0.769193,2.555,2.66938
0.0851215,-0.769193,2.555,2.66963
0.0927197,-0.763473,2.536,2.65005
0.100951,-0.763473,2.536,2.65035
0.11,-0.769193,2.555,2.67054
0.118293,-0.769193,2.555,2.67089
0.126586,-0.769193,2.555,2.67127
0.134879,-0.769193,2.555,2.67168
0.143172,-0.769193,2.555,2.67211
0.150338,-0.763473,2.536,2.65269
0.15857,-0.763473,2.536,2.65317
0.166801,-0.763473,2.536,2.65368
0.175032,-0.763473,2.536,2.65421
0.183263,-0.763473,2.536,2.65476
0.191494,-0.763473,2.536,2.65534
0.198229,-0.757753,2.517,2.63605
0.204923,-0.752334,2.499,2.61782
0.213034,-0.752334,2.499,2.61847
0.221145,-0.752334,2.499,2.61914
0.229256,-0.752334,2.499,2.61984
0.237367,-0.752334,2.499,2.62056
0.245479,-0.752334,2.499,2.62131
0.25359,-0.752334,2.499,2.62208
0.259816,-0.746915,2.481,2.60399
0.267868,-0.746915,2.481,2.6048
0.275921,-0.746915,2.481,2.60564
0.283974,-0.746915,2.481,2.60651
0.292027,-0.746915,2.481,2.6074
0.300079,-0.746915,2.481,2.60831
0.308132,-0.746915,2.481,2.60925
0.316185,-0.746915,2.481,2.61021
0.324237,-0.746915,2.481,2.6112
0.334701,-0.752334,2.499,2.63117
0.342812,-0.752334,2.499,2.63221
0.350923,-0.752334,2.499,2.63328
0.359034,-0.752334,2.499,2.63437
0.36979,-0.757753,2.517,2.65447
0.37796,-0.757753,2.517,2.65562
0.386129,-0.757753,2.517,2.6568
0.397275,-0.763473,2.536,2.67806
0.405506,-0.763473,2.536,2.6793
0.413738,-0.763473,2.536,2.68055
0.42513,-0.769193,2.555,2.70193
0.433423,-0.769193,2.555,2.70325
0.441716,-0.769193,2.555,2.70459
0.450009,-0.769193,2.555,2.70595
0.458302,-0.769193,2.555,2.70735
0.466595,-0.769193,2.555,2.70876
0.474888,-0.769193,2.555,2.7102
0.48318,-0.769193,2.555,2.71167
0.491473,-0.769193,2.555,2.71316
0.499766,-0.769193,2.555,2.71467
0.508059,-0.769193,2.555,2.71621
0.516352,-0.769193,2.555,2.71778
0.524645,-0.769193,2.555,2.71936
0.532938,-0.769193,2.555,2.72098
0.541231,-0.769193,2.555,2.72261
0.549524,-0.769193,2.555,2.72427
0.557817,-0.769193,2.555,2.72596
0.566109,-0.769193,2.555,2.72767
0.574402,-0.769193,2.555,2.7294
0.582695,-0.769193,2.555,2.73116
0.586593,-0.763473,2.536,2.71261
0.594824,-0.763473,2.536,2.71441
0.603056,-0.763473,2.536,2.71622
0.611287,-0.763473,2.536,2.71806
0.619518,-0.763473,2.536,2.71992
0.627749,-0.763473,2.536,2.72181
0.635981,-0.763473,2.536,2.72372
0.644212,-0.763473,2.536,2.72566
0.652443,-0.763473,2.536,2.72761
0.655725,-0.757753,2.517,2.70914
0.663894,-0.757753,2.517,2.71113
0.672064,-0.757753,2.517,2.71314
0.680233,-0.757753,2.517,2.71518
0.688403,-0.757753,2.517,2.71724
0.696572,-0.757753,2.517,2.71932
0.699702,-0.752334,2.499,2.70196
0.707813,-0.752334,2.499,2.70407
0.715924,-0.752334,2.499,2.70621
0.724035,-0.752334,2.499,2.70836
0.726873,-0.746915,2.481,2.69102
0.734926,-0.746915,2.481,2.69321
0.742978,-0.746915,2.481,2.69541
0.745582,-0.741496,2.463,2.67807
0.753577,-0.741496,2.463,2.68031
0.761571,-0.741496,2.463,2.68257
0.769565,-0.741496,2.463,2.68485
0.771877,-0.736077,2.445,2.66751
0.779813,-0.736077,2.445,2.66982
0.787749,-0.736077,2.445,2.67215
0.790152,-0.730959,2.428,2.6559
0.798033,-0.730959,2.428,2.65826
0.800271,-0.725841,2.411,2.64201
0.808096,-0.725841,2.411,2.64439
0.810169,-0.720723,2.394,2.62813
0.817939,-0.720723,2.394,2.63053
0.819846,-0.715605,2.377,2.61426
0.827561,-0.715605,2.377,2.61669
0.835276,-0.715605,2.377,2.61914
0.842991,-0.715605,2.377,2.62161
nan,nan,nan,NaN
nan,nan,nan,NaN
nan,nan,nan,NaN
nan,nan,nan,NaN
nan,nan,nan,NaN
nan,nan,nan,NaN
nan,nan,nan,NaN
nan,nan,nan,NaN
nan,nan,nan,NaN
nan,nan,nan,NaN
nan,nan,nan,NaN
nan,nan,nan,NaN
nan,nan,nan,NaN
nan,nan,nan,NaN
nan,nan,nan,NaN
nan,nan,nan,NaN
nan,nan,nan,NaN
nan,nan,nan,NaN
nan,nan,nan,NaN
nan,nan,nan,NaN
nan,nan,nan,NaN
nan,nan,nan,NaN
nan,nan,nan,NaN
nan,nan,nan,NaN
nan,nan,nan,NaN
nan,nan,nan,NaN
nan,nan,nan,NaN
nan,nan,nan,NaN
nan,nan,nan,NaN
nan,nan,nan,NaN
nan,nan,nan,NaN
nan,nan,nan,NaN
nan,nan,nan,NaN
1.46057,-0.94561,3.141,3.59073
1.47076,-0.94561,3.141,3.59489
1.48096,-0.94561,3.141,3.59907
1.49115,-0.94561,3.141,3.60328
1.48749,-0.93688,3.112,3.5742
1.49759,-0.93688,3.112,3.57841
1.50769,-0.93688,3.112,3.58265
1.50413,-0.92845,3.084,3.55464
1.51414,-0.92845,3.084,3.55889
1.51081,-0.920322,3.057,3.53197
1.52073,-0.920322,3.057,3.53622
1.53065,-0.920322,3.057,3.5405
nan,nan,nan,NaN
nan,nan,nan,NaN
nan,nan,nan,NaN
nan,nan,nan,NaN
nan,nan,nan,NaN
nan,nan,nan,NaN
nan,nan,nan,NaN
nan,nan,nan,NaN
nan,nan,nan,NaN
1.80688,-1.02027,3.389,3.9738
1.81788,-1.02027,3.389,3.97882
1.82888,-1.02027,3.389,3.98385
1.93598,-1.07356,3.566,4.19725
1.94755,-1.07356,3.566,4.2026
1.95913,-1.07356,3.566,4.20798
1.9917,-1.085,3.604,4.25828
2.0034,-1.085,3.604,4.26376
2.0151,-1.085,3.604,4.26927
2.02679,-1.085,3.604,4.2748
2.03849,-1.085,3.604,4.28036
2.05019,-1.085,3.604,4.28594
2.06189,-1.085,3.604,4.29155
2.07358,-1.085,3.604,4.29718
2.10727,-1.09644,3.642,4.34821
2.09698,-1.085,3.604,4.30852
2.08644,-1.07356,3.566,4.26874
2.09802,-1.07356,3.566,4.27441
2.10959,-1.07356,3.566,4.2801
2.09916,-1.06242,3.529,4.24135
2.11061,-1.06242,3.529,4.24703
2.10042,-1.05158,3.493,4.20935
2.0906,-1.04104,3.458,4.17278
2.10182,-1.04104,3.458,4.17842
2.09166,-1.03051,3.423,4.14173
2.08188,-1.02027,3.389,4.10615
2.03298,-0.99107,3.292,3.99406
2.04366,-0.99107,3.292,3.99951
1.99631,-0.963072,3.199,3.89183
1.97031,-0.94561,3.141,3.82651
1.98051,-0.94561,3.141,3.83177
1.95458,-0.92845,3.084,3.76742
1.93019,-0.912194,3.03,3.70656
1.94002,-0.912194,3.03,3.7117
1.91575,-0.896238,2.977,3.65183
1.9086,-0.88841,2.951,3.62497
1.91817,-0.88841,2.951,3.63002
1.89509,-0.873357,2.901,3.5735
1.88875,-0.866132,2.877,3.5489
1.89809,-0.866132,2.877,3.55388
1.89151,-0.858907,2.853,3.52919
1.88479,-0.851682,2.829,3.50443
1.89397,-0.851682,2.829,3.50938
1.88768,-0.844757,2.806,3.48577
1.88124,-0.837833,2.783,3.4621
1.89027,-0.837833,2.783,3.46701
-2.50021,-1.0733,3.604,4.51573
-2.48851,-1.0733,3.604,4.50927
-2.47682,-1.0733,3.604,4.50282
-2.41382,-1.05097,3.529,4.40283
-2.40237,-1.05097,3.529,4.39656
-2.36652,-1.04025,3.493,4.34553
-2.30799,-1.0194,3.423,4.2524
-2.29688,-1.0194,3.423,4.24638
-2.26306,-1.00928,3.389,4.19826
-2.23013,-0.999447,3.356,4.15152
-2.21924,-0.999447,3.356,4.14568
-2.20835,-0.999447,3.356,4.13986
-2.1765,-0.989918,3.324,4.09464
-2.16571,-0.989918,3.324,4.08891
-2.15492,-0.989918,3.324,4.08321
-2.14413,-0.989918,3.324,4.07753
-2.13335,-0.989918,3.324,4.07186
-2.12256,-0.989918,3.324,4.06622
-2.09144,-0.980388,3.292,4.02151
-2.08075,-0.980388,3.292,4.01596
-2.07007,-0.980388,3.292,4.01044
-2.03936,-0.970858,3.26,3.966
-2.02878,-0.970858,3.26,3.96057
-2.0182,-0.970858,3.26,3.95516
-2.00762,-0.970858,3.26,3.94977
-1.97866,-0.961923,3.23,3.90811
-1.96818,-0.961923,3.23,3.90281
-1.95769,-0.961923,3.23,3.89753
-1.94721,-0.961923,3.23,3.89228
nan,nan,nan,NaN
nan,nan,nan,NaN
nan,nan,nan,NaN
nan,nan,nan,NaN
nan,nan,nan,NaN
nan,nan,nan,NaN
nan,nan,nan,NaN
nan,nan,nan,NaN
nan,nan,nan,NaN
nan,nan,nan,NaN
nan,nan,nan,NaN
nan,nan,nan,NaN
nan,nan,nan,NaN
nan,nan,nan,NaN
nan,nan,nan,NaN
nan,nan,nan,NaN
nan,nan,nan,NaN
nan,nan,nan,NaN
nan,nan,nan,NaN
nan,nan,nan,NaN
nan,nan,nan,NaN
nan,nan,nan,NaN
nan,nan,nan,NaN
nan,nan,nan,NaN
nan,nan,nan,NaN
nan,nan,nan,NaN
nan,nan,nan,NaN
nan,nan,nan,NaN
-1.45139,-0.849649,2.853,3.31181
-1.40675,-0.828803,2.783,3.2266
-1.39772,-0.828803,2.783,3.22267
-1.35575,-0.809147,2.717,3.14243
-1.32611,-0.796639,2.675,3.09012
-1.30708,-0.790385,2.654,3.06217
-1.29847,-0.790385,2.654,3.0585
-1.26993,-0.778175,2.613,3.00767
-1.23345,-0.760902,2.555,2.93741
-1.22516,-0.760902,2.555,2.93394
-1.18162,-0.738864,2.481,2.84561
-1.17357,-0.738864,2.481,2.84228
nan,nan,nan,NaN
nan,nan,nan,NaN
nan,nan,nan,NaN
nan,nan,nan,NaN
nan,nan,nan,NaN
nan,nan,nan,NaN
nan,nan,nan,NaN
nan,nan,nan,NaN
nan,nan,nan,NaN
nan,nan,nan,NaN
nan,nan,nan,NaN
nan,nan,nan,NaN
-1.03872,-0.718018,2.411,2.72166
-1.0309,-0.718018,2.411,2.71868
-1.02307,-0.718018,2.411,2.71572
-1.01525,-0.718018,2.411,2.71278
-1.00742,-0.718018,2.411,2.70987
-0.999596,-0.718018,2.411,2.70697
-0.99177,-0.718018,2.411,2.70409
-0.990883,-0.723081,2.428,2.72027
-0.989885,-0.728143,2.445,2.73644
-0.981949,-0.728143,2.445,2.73358
-0.974013,-0.728143,2.445,2.73074
-0.966077,-0.728143,2.445,2.72792
-0.958141,-0.728143,2.445,2.72512
-0.943599,-0.723081,2.428,2.70341
-0.935718,-0.723081,2.428,2.70067
-0.927837,-0.723081,2.428,2.69795
-0.913515,-0.718018,2.411,2.67637
-0.90569,-0.718018,2.411,2.67371
-0.897864,-0.718018,2.411,2.67107
-0.890039,-0.718018,2.411,2.66845
-0.882213,-0.718018,2.411,2.66585
-0.874388,-0.718018,2.411,2.66327
-0.866562,-0.718018,2.411,2.66071
-0.864792,-0.723081,2.428,2.67692
-0.856911,-0.723081,2.428,2.67438
-0.84903,-0.723081,2.428,2.67187
-0.84115,-0.723081,2.428,2.66938
-0.833269,-0.723081,2.428,2.6669
-0.825388,-0.723081,2.428,2.66445
-0.817508,-0.723081,2.428,2.66202
-0.815296,-0.728143,2.445,2.67823
-0.80736,-0.728143,2.445,2.67583
-0.799424,-0.728143,2.445,2.67344
-0.797315,-0.733504,2.463,2.69074
-0.789321,-0.733504,2.463,2.68839
-0.781326,-0.733504,2.463,2.68605
-0.778984,-0.738864,2.481,2.70335
-0.770931,-0.738864,2.481,2.70104
-0.762878,-0.738864,2.481,2.69875
-0.760302,-0.744225,2.499,2.71605
-0.752191,-0.744225,2.499,2.71379
-0.74408,-0.744225,2.499,2.71155
-0.735969,-0.744225,2.499,2.70934
-0.727858,-0.744225,2.499,2.70715
-0.724931,-0.749586,2.517,2.72446
-0.711635,-0.744225,2.499,2.70283
-0.703524,-0.744225,2.499,2.70071
-0.700422,-0.749586,2.517,2.71804
-0.692252,-0.749586,2.517,2.71595
-0.684083,-0.749586,2.517,2.71388
-0.675913,-0.749586,2.517,2.71183
-0.667744,-0.749586,2.517,2.70981
-0.659574,-0.749586,2.517,2.7078
-0.651405,-0.749586,2.517,2.70583
-0.643235,-0.749586,2.517,2.70387
-0.635065,-0.749586,2.517,2.70194
-0.626896,-0.749586,2.517,2.70003
-0.618726,-0.749586,2.517,2.69815
-0.610557,-0.749586,2.517,2.69628
-0.602387,-0.749586,2.517,2.69445
-0.589968,-0.744225,2.499,2.67338
-0.581857,-0.744225,2.499,2.6716
-0.569613,-0.738864,2.481,2.65061
-0.561561,-0.738864,2.481,2.64889
-0.553508,-0.738864,2.481,2.6472
-0.545455,-0.738864,2.481,2.64553
-0.533504,-0.733504,2.463,2.62469
-0.525509,-0.733504,2.463,2.62308
-0.517515,-0.733504,2.463,2.62149
-0.509521,-0.733504,2.463,2.61993
-0.501526,-0.733504,2.463,2.61838
-0.493532,-0.733504,2.463,2.61686
-0.485538,-0.733504,2.463,2.61537
-0.477544,-0.733504,2.463,2.61389
-0.469549,-0.733504,2.463,2.61245
-0.461555,-0.733504,2.463,2.61102
-0.453561,-0.733504,2.463,2.60962
-0.448823,-0.738864,2.481,2.6273
-0.44077,-0.738864,2.481,2.62594
-0.432717,-0.738864,2.481,2.6246
-0.427746,-0.744225,2.499,2.64232
-0.419634,-0.744225,2.499,2.64102
-0.414487,-0.749586,2.517,2.65875
-0.406318,-0.749586,2.517,2.65749
-0.401154,-0.755244,2.536,2.67631
-0.389979,-0.749586,2.517,2.65504
-0.381809,-0.749586,2.517,2.65386
-0.37646,-0.755244,2.536,2.67272
-0.368229,-0.755244,2.536,2.67157
-0.359998,-0.755244,2.536,2.67045
-0.351766,-0.755244,2.536,2.66935
-0.343535,-0.755244,2.536,2.66828
-0.335304,-0.755244,2.536,2.66723
-0.327073,-0.755244,2.536,2.66621
-0.32123,-0.760902,2.555,2.68518
-0.312937,-0.760902,2.555,2.6842
-0.304645,-0.760902,2.555,2.68325
-0.296352,-0.760902,2.555,2.68232
-0.288059,-0.760902,2.555,2.68141
-0.279766,-0.760902,2.555,2.68053
-0.271473,-0.760902,2.555,2.67968
-0.26318,-0.760902,2.555,2.67885
-0.254887,-0.760902,2.555,2.67805
-0.246594,-0.760902,2.555,2.67728
-0.238301,-0.760902,2.555,2.67652
-0.230009,-0.760902,2.555,2.6758
-0.221716,-0.760902,2.555,2.6751
-0.213423,-0.760902,2.555,2.67442
-0.20513,-0.760902,2.555,2.67378
-0.196837,-0.760902,2.555,2.67315
-0.188544,-0.760902,2.555,2.67255
-0.180251,-0.760902,2.555,2.67198
-0.171958,-0.760902,2.555,2.67144
-0.163665,-0.760902,2.555,2.67091
-0.155372,-0.760902,2.555,2.67042
-0.14708,-0.760902,2.555,2.66995
-0.139819,-0.766561,2.574,2.68936
-0.131464,-0.766561,2.574,2.68894
-0.12311,-0.766561,2.574,2.68854
-0.114755,-0.766561,2.574,2.68817
-0.1064,-0.766561,2.574,2.68783
-0.0980459,-0.766561,2.574,2.68751
-0.0896914,-0.766561,2.574,2.68722
-0.0813368,-0.766561,2.574,2.68695
-0.0729822,-0.766561,2.574,2.68671
-0.0646277,-0.766561,2.574,2.6865
-0.0562731,-0.766561,2.574,2.68631
-0.0479185,-0.766561,2.574,2.68615
-0.039564,-0.766561,2.574,2.68601
-0.030979,-0.760902,2.555,2.66608
-0.0226861,-0.760902,2.555,2.66599
-0.0143932,-0.760902,2.555,2.66593
-0.00610034,-0.760902,2.555,2.6659
0.00219255,-0.760902,2.555,2.6659
0.0104854,-0.760902,2.555,2.66592
0.0187783,-0.760902,2.555,2.66596
0.0270712,-0.760902,2.555,2.66603
0.0353641,-0.760902,2.555,2.66613
0.043657,-0.760902,2.555,2.66625
0.0519499,-0.760902,2.555,2.6664
0.0606908,-0.766561,2.574,2.68641
0.0690454,-0.766561,2.574,2.68661
0.0773999,-0.766561,2.574,2.68684
0.0857545,-0.766561,2.574,2.68709
0.0941091,-0.766561,2.574,2.68737
0.102464,-0.766561,2.574,2.68767
0.110818,-0.766561,2.574,2.68801
0.119173,-0.766561,2.574,2.68836
0.127527,-0.766561,2.574,2.68875
0.135882,-0.766561,2.574,2.68916
0.144236,-0.766561,2.574,2.68959
0.152591,-0.766561,2.574,2.69005
0.160946,-0.766561,2.574,2.69054
0.1693,-0.766561,2.574,2.69105
0.176343,-0.760902,2.555,2.67172
0.183263,-0.755244,2.536,2.65241
0.191494,-0.755244,2.536,2.65299
0.199726,-0.755244,2.536,2.6536
0.207957,-0.755244,2.536,2.65423
0.216188,-0.755244,2.536,2.65489
0.222738,-0.749586,2.517,2.63567
0.230908,-0.749586,2.517,2.63638
0.239077,-0.749586,2.517,2.63711
0.247247,-0.749586,2.517,2.63786
0.255416,-0.749586,2.517,2.63864
0.263586,-0.749586,2.517,2.63944
0.271755,-0.749586,2.517,2.64027
0.279925,-0.749586,2.517,2.64112
0.288094,-0.749586,2.517,2.642
0.296264,-0.749586,2.517,2.6429
0.304434,-0.749586,2.517,2.64383
0.312603,-0.749586,2.517,2.64479
0.320773,-0.749586,2.517,2.64576
0.328942,-0.749586,2.517,2.64677
0.337112,-0.749586,2.517,2.64779
0.345281,-0.749586,2.517,2.64885
0.353451,-0.749586,2.517,2.64992
0.36162,-0.749586,2.517,2.65103
0.372581,-0.755244,2.536,2.67217
0.380813,-0.755244,2.536,2.67333
0.389044,-0.755244,2.536,2.67452
0.400252,-0.760902,2.555,2.69577
0.408544,-0.760902,2.555,2.69702
0.416837,-0.760902,2.555,2.69829
0.428292,-0.766561,2.574,2.71966
0.436646,-0.766561,2.574,2.72098
0.445001,-0.766561,2.574,2.72234
0.453355,-0.766561,2.574,2.72371
0.46171,-0.766561,2.574,2.72512
0.470064,-0.766561,2.574,2.72655
0.478419,-0.766561,2.574,2.728
0.486774,-0.766561,2.574,2.72948
0.495128,-0.766561,2.574,2.73098
0.503483,-0.766561,2.574,2.73251
0.511837,-0.766561,2.574,2.73406
0.520192,-0.766561,2.574,2.73563
0.528546,-0.766561,2.574,2.73723
0.532938,-0.760902,2.555,2.71864
0.541231,-0.760902,2.555,2.72028
0.549524,-0.760902,2.555,2.72194
0.557817,-0.760902,2.555,2.72363
0.566109,-0.760902,2.555,2.72534
0.574402,-0.760902,2.555,2.72707
0.582695,-0.760902,2.555,2.72883
0.586593,-0.755244,2.536,2.71031
0.594824,-0.755244,2.536,2.7121
0.603056,-0.755244,2.536,2.71392
0.611287,-0.755244,2.536,2.71576
0.619518,-0.755244,2.536,2.71763
0.627749,-0.755244,2.536,2.71951
0.635981,-0.755244,2.536,2.72143
0.644212,-0.755244,2.536,2.72336
0.652443,-0.755244,2.536,2.72532
0.655725,-0.749586,2.517,2.70687
0.663894,-0.749586,2.517,2.70886
0.672064,-0.749586,2.517,2.71087
0.680233,-0.749586,2.517,2.71291
0.688403,-0.749586,2.517,2.71497
0.696572,-0.749586,2.517,2.71705
0.699702,-0.744225,2.499,2.69971
0.707813,-0.744225,2.499,2.70183
0.715924,-0.744225,2.499,2.70396
0.724035,-0.744225,2.499,2.70612
0.726873,-0.738864,2.481,2.6888
0.734926,-0.738864,2.481,2.69098
0.742978,-0.738864,2.481,2.6932
0.745582,-0.733504,2.463,2.67587
0.753577,-0.733504,2.463,2.67811
0.761571,-0.733504,2.463,2.68037
0.769565,-0.733504,2.463,2.68265
0.771877,-0.728143,2.445,2.66534
0.779813,-0.728143,2.445,2.66764
0.787749,-0.728143,2.445,2.66998
0.790152,-0.723081,2.428,2.65375
0.798033,-0.723081,2.428,2.6561
0.800271,-0.718018,2.411,2.63987
0.808096,-0.718018,2.411,2.64225
0.810169,-0.712955,2.394,2.62601
0.817939,-0.712955,2.394,2.62842
0.819846,-0.707892,2.377,2.61216
0.827561,-0.707892,2.377,2.61459
0.835276,-0.707892,2.377,2.61705
0.842991,-0.707892,2.377,2.61952
nan,nan,nan,NaN
nan,nan,nan,NaN
nan,nan,nan,NaN
nan,nan,nan,NaN
nan,nan,nan,NaN
nan,nan,nan,NaN
nan,nan,nan,NaN
nan,nan,nan,NaN
nan,nan,nan,NaN
nan,nan,nan,NaN
nan,nan,nan,NaN
nan,nan,nan,NaN
nan,nan,nan,NaN
nan,nan,nan,NaN
nan,nan,nan,NaN
nan,nan,nan,NaN
nan,nan,nan,NaN
nan,nan,nan,NaN
nan,nan,nan,NaN
nan,nan,nan,NaN
nan,nan,nan,NaN
nan,nan,nan,NaN
nan,nan,nan,NaN
nan,nan,nan,NaN
nan,nan,nan,NaN
nan,nan,nan,NaN
nan,nan,nan,NaN
nan,nan,nan,NaN
nan,nan,nan,NaN
nan,nan,nan,NaN
nan,nan,nan,NaN
nan,nan,nan,NaN
nan,nan,nan,NaN
nan,nan,nan,NaN
1.47076,-0.935418,3.141,3.59222
1.48096,-0.935418,3.141,3.5964
1.49115,-0.935418,3.141,3.60061
1.48749,-0.926782,3.112,3.57157
1.49759,-0.926782,3.112,3.57578
1.50769,-0.926782,3.112,3.58003
1.50413,-0.918443,3.084,3.55204
1.51414,-0.918443,3.084,3.55629
1.51081,-0.910402,3.057,3.52939
1.52073,-0.910402,3.057,3.53365
1.53065,-0.910402,3.057,3.53793
nan,nan,nan,NaN
nan,nan,nan,NaN
nan,nan,nan,NaN
nan,nan,nan,NaN
nan,nan,nan,NaN
nan,nan,nan,NaN
nan,nan,nan,NaN
nan,nan,nan,NaN
nan,nan,nan,NaN
1.80688,-1.00928,3.389,3.97099
1.81788,-1.00928,3.389,3.97601
1.82888,-1.00928,3.389,3.98105
1.93598,-1.06199,3.566,4.1943
1.94755,-1.06199,3.566,4.19966
1.95913,-1.06199,3.566,4.20504
1.9917,-1.0733,3.604,4.25531
2.0034,-1.0733,3.604,4.2608
2.0151,-1.0733,3.604,4.26631
2.02679,-1.0733,3.604,4.27185
2.03849,-1.0733,3.604,4.27741
2.05019,-1.0733,3.604,4.283
2.06189,-1.0733,3.604,4.28861
2.07358,-1.0733,3.604,4.29425
2.10727,-1.08462,3.642,4.34524
2.09698,-1.0733,3.604,4.30559
2.08644,-1.06199,3.566,4.26584
2.09802,-1.06199,3.566,4.27152
2.10959,-1.06199,3.566,4.27721
2.09916,-1.05097,3.529,4.23849
2.11061,-1.05097,3.529,4.24418
2.10042,-1.04025,3.493,4.20653
2.0906,-1.02982,3.458,4.17
2.10182,-1.02982,3.458,4.17564
2.09166,-1.0194,3.423,4.13898
2.06161,-0.999447,3.356,4.06348
2.03298,-0.980388,3.292,3.99142
2.04366,-0.980388,3.292,3.99687
1.99631,-0.952691,3.199,3.88928
1.97031,-0.935418,3.141,3.82401
1.98051,-0.935418,3.141,3.82927
1.93746,-0.910402,3.057,3.732
1.93019,-0.902362,3.03,3.70416
1.94002,-0.902362,3.03,3.70929
1.91575,-0.886578,2.977,3.64947
1.9086,-0.878835,2.951,3.62264
1.91817,-0.878835,2.951,3.62769
1.89509,-0.863944,2.901,3.57121
1.88875,-0.856797,2.877,3.54663
1.89809,-0.856797,2.877,3.55161
1.89151,-0.849649,2.853,3.52695
1.88479,-0.842502,2.829,3.50221
1.89397,-0.842502,2.829,3.50716
1.88768,-0.835652,2.806,3.48357
1.88124,-0.828803,2.783,3.45992
1.89027,-0.828803,2.783,3.46484
-2.50021,-1.06161,3.604,4.51297
-2.48851,-1.06161,3.604,4.5065
-2.4507,-1.05042,3.566,4.4526
-2.41382,-1.03952,3.529,4.40011
-2.40237,-1.03952,3.529,4.39384
-2.34281,-1.0186,3.458,4.29931
-2.30799,-1.00829,3.423,4.24975
-2.29688,-1.00829,3.423,4.24373
-2.24102,-0.988558,3.356,4.15478
-2.23013,-0.988558,3.356,4.14891
-2.21924,-0.988558,3.356,4.14307
-2.18729,-0.979132,3.324,4.09779
-2.1765,-0.979132,3.324,4.09205
-2.14486,-0.969706,3.292,4.04698
-2.13418,-0.969706,3.292,4.04133
-2.12349,-0.969706,3.292,4.03569
-2.11281,-0.969706,3.292,4.03008
-2.10212,-0.969706,3.292,4.02449
-2.07111,-0.96028,3.26,3.97985
-2.06053,-0.96028,3.26,3.97436
-2.04995,-0.96028,3.26,3.96888
-2.03936,-0.96028,3.26,3.96343
-2.02878,-0.96028,3.26,3.95799
-2.0182,-0.96028,3.26,3.95258
-1.98915,-0.951443,3.23,3.91086
-1.97866,-0.951443,3.23,3.90554
-1.94929,-0.942311,3.199,3.86281
-1.93891,-0.942311,3.199,3.85758
-1.92852,-0.942311,3.199,3.85237
nan,nan,nan,NaN
nan,nan,nan,NaN
nan,nan,nan,NaN
nan,nan,nan,NaN
nan,nan,nan,NaN
nan,nan,nan,NaN
nan,nan,nan,NaN
nan,nan,nan,NaN
nan,nan,nan,NaN
nan,nan,nan,NaN
nan,nan,nan,NaN
nan,nan,nan,NaN
nan,nan,nan,NaN
nan,nan,nan,NaN
nan,nan,nan,NaN
nan,nan,nan,NaN
nan,nan,nan,NaN
nan,nan,nan,NaN
nan,nan,nan,NaN
nan,nan,nan,NaN
nan,nan,nan,NaN
nan,nan,nan,NaN
nan,nan,nan,NaN
nan,nan,nan,NaN
nan,nan,nan,NaN
nan,nan,nan,NaN
nan,nan,nan,NaN
nan,nan,nan,NaN
-1.45139,-0.840392,2.853,3.30944
-1.41837,-0.826547,2.806,3.25094
-1.40927,-0.826547,2.806,3.24698
-1.36673,-0.806812,2.739,3.1656
-1.32611,-0.787959,2.675,3.08789
-1.30708,-0.781774,2.654,3.05996
-1.29847,-0.781774,2.654,3.05629
-1.26993,-0.769696,2.613,3.00548
-1.23345,-0.752612,2.555,2.93528
-1.22516,-0.752612,2.555,2.9318
-1.19019,-0.736116,2.499,2.86416
-1.18208,-0.736116,2.499,2.8608
nan,nan,nan,NaN
nan,nan,nan,NaN
nan,nan,nan,NaN
nan,nan,nan,NaN
nan,nan,nan,NaN
nan,nan,nan,NaN
nan,nan,nan,NaN
nan,nan,nan,NaN
nan,nan,nan,NaN
nan,nan,nan,NaN
nan,nan,nan,NaN
nan,nan,nan,NaN
-1.03872,-0.710194,2.411,2.7196
-1.0309,-0.710194,2.411,2.71662
-1.02307,-0.710194,2.411,2.71366
-1.02241,-0.715202,2.428,2.72984
-1.02163,-0.72021,2.445,2.74599
-1.01369,-0.72021,2.445,2.74305
-1.00576,-0.72021,2.445,2.74012
-1.00517,-0.725512,2.463,2.75737
-0.997172,-0.725512,2.463,2.75447
-0.989178,-0.725512,2.463,2.75158
-0.981184,-0.725512,2.463,2.74872
-0.973189,-0.725512,2.463,2.74588
-0.958141,-0.72021,2.445,2.72301
-0.950205,-0.72021,2.445,2.72022
-0.94227,-0.72021,2.445,2.71746
-0.934334,-0.72021,2.445,2.71472
-0.919957,-0.715202,2.428,2.69314
-0.912076,-0.715202,2.428,2.69046
-0.904195,-0.715202,2.428,2.6878
-0.896315,-0.715202,2.428,2.68516
-0.888434,-0.715202,2.428,2.68254
-0.880553,-0.715202,2.428,2.67994
-0.872672,-0.715202,2.428,2.67736
-0.870847,-0.72021,2.445,2.69353
-0.862911,-0.72021,2.445,2.69097
-0.854975,-0.72021,2.445,2.68844
-0.847039,-0.72021,2.445,2.68593
-0.839103,-0.72021,2.445,2.68343
-0.837286,-0.725512,2.463,2.7007
-0.829292,-0.725512,2.463,2.69823
-0.821298,-0.725512,2.463,2.69579
-0.813304,-0.725512,2.463,2.69336
-0.805309,-0.725512,2.463,2.69096
-0.803142,-0.730814,2.481,2.70823
-0.795089,-0.730814,2.481,2.70585
-0.787037,-0.730814,2.481,2.70349
-0.784635,-0.736116,2.499,2.72076
-0.782118,-0.741418,2.517,2.73801
-0.773948,-0.741418,2.517,2.73569
-0.765778,-0.741418,2.517,2.73339
-0.757609,-0.741418,2.517,2.73111
-0.749439,-0.741418,2.517,2.72886
-0.74127,-0.741418,2.517,2.72662
-0.738634,-0.747015,2.536,2.74498
-0.730403,-0.747015,2.536,2.74278
-0.716761,-0.741418,2.517,2.72006
-0.708592,-0.741418,2.517,2.71792
-0.705709,-0.747015,2.536,2.7363
-0.697478,-0.747015,2.536,2.73419
-0.689247,-0.747015,2.536,2.7321
-0.681016,-0.747015,2.536,2.73004
-0.677825,-0.752612,2.555,2.74844
-0.669532,-0.752612,2.555,2.7464
-0.656322,-0.747015,2.536,2.72398
-0.648091,-0.747015,2.536,2.72201
-0.639859,-0.747015,2.536,2.72006
-0.631628,-0.747015,2.536,2.71814
-0.623397,-0.747015,2.536,2.71624
-0.610557,-0.741418,2.517,2.69403
-0.602387,-0.741418,2.517,2.69219
-0.589968,-0.736116,2.499,2.67113
-0.581857,-0.736116,2.499,2.66935
-0.573746,-0.736116,2.499,2.66759
-0.565635,-0.736116,2.499,2.66586
-0.557524,-0.736116,2.499,2.66415
-0.545455,-0.730814,2.481,2.64329
-0.537403,-0.730814,2.481,2.64164
-0.52935,-0.730814,2.481,2.64001
-0.521297,-0.730814,2.481,2.63841
-0.513244,-0.730814,2.481,2.63683
-0.505192,-0.730814,2.481,2.63527
-0.497139,-0.730814,2.481,2.63374
-0.489086,-0.730814,2.481,2.63223
-0.481034,-0.730814,2.481,2.63075
-0.472981,-0.730814,2.481,2.62929
-0.464928,-0.730814,2.481,2.62785
-0.456875,-0.730814,2.481,2.62644
-0.452079,-0.736116,2.499,2.6441
-0.443968,-0.736116,2.499,2.64272
-0.435857,-0.736116,2.499,2.64137
-0.427746,-0.736116,2.499,2.64004
-0.419634,-0.736116,2.499,2.63874
-0.414487,-0.741418,2.517,2.65646
-0.406318,-0.741418,2.517,2.6552
-0.401154,-0.747015,2.536,2.674
-0.392923,-0.747015,2.536,2.67277
-0.384691,-0.747015,2.536,2.67158
-0.382101,-0.758208,2.574,2.71042
-0.373747,-0.758208,2.574,2.70925
-0.365392,-0.758208,2.574,2.70811
-0.357037,-0.758208,2.574,2.707
-0.348683,-0.758208,2.574,2.70591
-0.340328,-0.758208,2.574,2.70484
-0.331974,-0.758208,2.574,2.70381
-0.326008,-0.763805,2.593,2.72274
-0.317592,-0.763805,2.593,2.72175
-0.309175,-0.763805,2.593,2.72078
-0.300759,-0.763805,2.593,2.71984
-0.292343,-0.763805,2.593,2.71892
-0.283927,-0.763805,2.593,2.71803
-0.275511,-0.763805,2.593,2.71716
-0.267094,-0.763805,2.593,2.71632
-0.258678,-0.763805,2.593,2.7155
-0.250262,-0.763805,2.593,2.71472
-0.241846,-0.763805,2.593,2.71395
-0.233429,-0.763805,2.593,2.71322
-0.225013,-0.763805,2.593,2.7125
-0.216597,-0.763805,2.593,2.71182
-0.208181,-0.763805,2.593,2.71116
-0.198301,-0.758208,2.574,2.69067
-0.189946,-0.758208,2.574,2.69006
-0.181592,-0.758208,2.574,2.68949
-0.173237,-0.758208,2.574,2.68893
-0.164882,-0.758208,2.574,2.68841
-0.156528,-0.758208,2.574,2.68791
-0.148173,-0.758208,2.574,2.68744
-0.139819,-0.758208,2.574,2.68699
-0.131464,-0.758208,2.574,2.68657
-0.12311,-0.758208,2.574,2.68617
-0.116494,-0.769696,2.613,2.72649
-0.108013,-0.769696,2.613,2.72615
-0.0995315,-0.769696,2.613,2.72582
-0.0910503,-0.769696,2.613,2.72553
-0.0825692,-0.769696,2.613,2.72526
-0.074088,-0.769696,2.613,2.72501
-0.0656069,-0.769696,2.613,2.72479
-0.0571257,-0.769696,2.613,2.7246
-0.0486446,-0.769696,2.613,2.72444
-0.0401634,-0.769696,2.613,2.7243
-0.0314398,-0.763805,2.593,2.70334
-0.0230235,-0.763805,2.593,2.70325
-0.0143932,-0.752612,2.555,2.66358
-0.00610034,-0.752612,2.555,2.66355
0.00219255,-0.752612,2.555,2.66354
0.0104854,-0.752612,2.555,2.66356
0.0187783,-0.752612,2.555,2.66361
0.0270712,-0.752612,2.555,2.66368
0.0353641,-0.752612,2.555,2.66378
0.043657,-0.752612,2.555,2.6639
0.0519499,-0.752612,2.555,2.66405
0.0606908,-0.758208,2.574,2.68403
0.0690454,-0.758208,2.574,2.68424
0.0773999,-0.758208,2.574,2.68446
0.0857545,-0.758208,2.574,2.68472
0.0941091,-0.758208,2.574,2.685
0.102464,-0.758208,2.574,2.6853
0.110818,-0.758208,2.574,2.68564
0.119173,-0.758208,2.574,2.68599
0.127527,-0.758208,2.574,2.68638
0.135882,-0.758208,2.574,2.68679
0.144236,-0.758208,2.574,2.68722
0.152591,-0.758208,2.574,2.68768
0.160946,-0.758208,2.574,2.68817
0.1693,-0.758208,2.574,2.68868
0.176343,-0.752612,2.555,2.66937
0.183263,-0.747015,2.536,2.65008
0.191494,-0.747015,2.536,2.65066
0.199726,-0.747015,2.536,2.65127
0.207957,-0.747015,2.536,2.6519
0.216188,-0.747015,2.536,2.65256
0.222738,-0.741418,2.517,2.63336
0.230908,-0.741418,2.517,2.63407
0.239077,-0.741418,2.517,2.6348
0.247247,-0.741418,2.517,2.63555
0.255416,-0.741418,2.517,2.63633
0.263586,-0.741418,2.517,2.63713
0.271755,-0.741418,2.517,2.63796
0.279925,-0.741418,2.517,2.63882
0.288094,-0.741418,2.517,2.63969
0.296264,-0.741418,2.517,2.6406
0.304434,-0.741418,2.517,2.64153
0.312603,-0.741418,2.517,2.64248
0.320773,-0.741418,2.517,2.64346
0.328942,-0.741418,2.517,2.64446
0.337112,-0.741418,2.517,2.64549
0.345281,-0.741418,2.517,2.64655
0.353451,-0.741418,2.517,2.64763
0.36162,-0.741418,2.517,2.64873
0.372581,-0.747015,2.536,2.66986
0.380813,-0.747015,2.536,2.67102
0.389044,-0.747015,2.536,2.67221
0.400252,-0.752612,2.555,2.69345
0.408544,-0.752612,2.555,2.69469
0.416837,-0.752612,2.555,2.69596
0.428292,-0.758208,2.574,2.71731
0.436646,-0.758208,2.574,2.71864
0.445001,-0.758208,2.574,2.72
0.453355,-0.758208,2.574,2.72138
0.46171,-0.758208,2.574,2.72278
0.470064,-0.758208,2.574,2.72421
0.478419,-0.758208,2.574,2.72566
0.486774,-0.758208,2.574,2.72714
0.495128,-0.758208,2.574,2.72865
0.503483,-0.758208,2.574,2.73017
0.511837,-0.758208,2.574,2.73173
0.520192,-0.758208,2.574,2.7333
0.528546,-0.758208,2.574,2.73491
0.536901,-0.758208,2.574,2.73653
0.545256,-0.758208,2.574,2.73819
0.55361,-0.758208,2.574,2.73986
0.561965,-0.758208,2.574,2.74156
0.570319,-0.758208,2.574,2.74329
0.578674,-0.758208,2.574,2.74504
0.587028,-0.758208,2.574,2.74681
0.595383,-0.758208,2.574,2.74861
0.603738,-0.758208,2.574,2.75043
0.612092,-0.758208,2.574,2.75227
0.620447,-0.758208,2.574,2.75414
0.628801,-0.758208,2.574,2.75604
0.637156,-0.758208,2.574,2.75796
0.640746,-0.752612,2.555,2.73953
0.644212,-0.747015,2.536,2.72109
0.652443,-0.747015,2.536,2.72305
0.660674,-0.747015,2.536,2.72504
0.668906,-0.747015,2.536,2.72704
0.677137,-0.747015,2.536,2.72907
0.685368,-0.747015,2.536,2.73113
0.693599,-0.747015,2.536,2.7332
0.70183,-0.747015,2.536,2.73531
0.704742,-0.741418,2.517,2.71692
0.712911,-0.741418,2.517,2.71905
0.721081,-0.741418,2.517,2.7212
0.729251,-0.741418,2.517,2.72338
0.732147,-0.736116,2.499,2.70609
0.740258,-0.736116,2.499,2.70829
0.748369,-0.736116,2.499,2.71052
0.751031,-0.730814,2.481,2.69323
0.759084,-0.730814,2.481,2.69549
0.767137,-0.730814,2.481,2.69777
0.769565,-0.725512,2.463,2.68048
0.777559,-0.725512,2.463,2.68279
0.785554,-0.725512,2.463,2.68511
0.787749,-0.72021,2.445,2.66782
0.795684,-0.72021,2.445,2.67018
0.80362,-0.72021,2.445,2.67255
0.805913,-0.715202,2.428,2.65635
0.813794,-0.715202,2.428,2.65875
0.815922,-0.710194,2.411,2.64254
0.823747,-0.710194,2.411,2.64497
0.831573,-0.710194,2.411,2.64742
0.839398,-0.710194,2.411,2.64988
nan,nan,nan,NaN
nan,nan,nan,NaN
nan,nan,nan,NaN
nan,nan,nan,NaN
nan,nan,nan,NaN
nan,nan,nan,NaN
nan,nan,nan,NaN
nan,nan,nan,NaN
nan,nan,nan,NaN
nan,nan,nan,NaN
nan,nan,nan,NaN
nan,nan,nan,NaN
nan,nan,nan,NaN
nan,nan,nan,NaN
nan,nan,nan,NaN
nan,nan,nan,NaN
nan,nan,nan,NaN
nan,nan,nan,NaN
nan,nan,nan,NaN
nan,nan,nan,NaN
nan,nan,nan,NaN
nan,nan,nan,NaN
nan,nan,nan,NaN
nan,nan,nan,NaN
nan,nan,nan,NaN
nan,nan,nan,NaN
nan,nan,nan,NaN
nan,nan,nan,NaN
nan,nan,nan,NaN
nan,nan,nan,NaN
nan,nan,nan,NaN
nan,nan,nan,NaN
nan,nan,nan,NaN
nan,nan,nan,NaN
nan,nan,nan,NaN
nan,nan,nan,NaN
nan,nan,nan,NaN
nan,nan,nan,NaN
nan,nan,nan,NaN
1.48749,-0.916684,3.112,3.56896
1.49759,-0.916684,3.112,3.57318
1.50769,-0.916684,3.112,3.57743
1.50413,-0.908436,3.084,3.54947
1.51414,-0.908436,3.084,3.55372
1.52415,-0.908436,3.084,3.558
nan,nan,nan,NaN
nan,nan,nan,NaN
nan,nan,nan,NaN
nan,nan,nan,NaN
nan,nan,nan,NaN
nan,nan,nan,NaN
nan,nan,nan,NaN
nan,nan,nan,NaN
nan,nan,nan,NaN
nan,nan,nan,NaN
nan,nan,nan,NaN
nan,nan,nan,NaN
nan,nan,nan,NaN
nan,nan,nan,NaN
1.93598,-1.05042,3.566,4.19139
1.94755,-1.05042,3.566,4.19675
1.95913,-1.05042,3.566,4.20213
1.9917,-1.06161,3.604,4.25238
2.0034,-1.06161,3.604,4.25787
2.0151,-1.06161,3.604,4.26338
2.02679,-1.06161,3.604,4.26893
2.03849,-1.06161,3.604,4.27449
2.05019,-1.06161,3.604,4.28008
2.06189,-1.06161,3.604,4.2857
2.07358,-1.06161,3.604,4.29134
2.10727,-1.0728,3.642,4.34231
2.09698,-1.06161,3.604,4.30269
2.08644,-1.05042,3.566,4.26298
2.09802,-1.05042,3.566,4.26865
2.10959,-1.05042,3.566,4.27435
2.09916,-1.03952,3.529,4.23567
2.11061,-1.03952,3.529,4.24136
2.10042,-1.02891,3.493,4.20374
2.0906,-1.0186,3.458,4.16724
2.10182,-1.0186,3.458,4.17288
2.09166,-1.00829,3.423,4.13626
2.06161,-0.988558,3.356,4.06081
2.03298,-0.969706,3.292,3.98881
2.04366,-0.969706,3.292,3.99426
1.99631,-0.942311,3.199,3.88675
1.97031,-0.925226,3.141,3.82153
1.98051,-0.925226,3.141,3.82679
1.93746,-0.900483,3.057,3.7296
1.93019,-0.89253,3.03,3.70177
1.94002,-0.89253,3.03,3.70691
1.91575,-0.876918,2.977,3.64714
1.9086,-0.869259,2.951,3.62033
1.91817,-0.869259,2.951,3.62538
1.89509,-0.854531,2.901,3.56895
1.88875,-0.847461,2.877,3.54439
1.89809,-0.847461,2.877,3.54937
1.89151,-0.840392,2.853,3.52473
1.88479,-0.833322,2.829,3.50001
1.89397,-0.833322,2.829,3.50497
1.88768,-0.826547,2.806,3.4814
1.88124,-0.819772,2.783,3.45777
1.89027,-0.819772,2.783,3.46269
-2.50021,-1.04992,3.604,4.51023
-2.48851,-1.04992,3.604,4.50376
-2.4507,-1.03885,3.566,4.44989
-2.3892,-1.01758,3.493,4.35256
-2.37786,-1.01758,3.493,4.34635
-2.34281,-1.00738,3.458,4.29667
-2.30799,-0.997186,3.423,4.24713
-2.29688,-0.997186,3.423,4.2411
-2.24102,-0.977668,3.356,4.1522
-2.23013,-0.977668,3.356,4.14633
-2.21924,-0.977668,3.356,4.14048
-2.18729,-0.968346,3.324,4.09523
-2.1765,-0.968346,3.324,4.08948
-2.14486,-0.959024,3.292,4.04443
-2.13418,-0.959024,3.292,4.03878
-2.12349,-0.959024,3.292,4.03314
-2.11281,-0.959024,3.292,4.02752
-2.10212,-0.959024,3.292,4.02193
-2.07111,-0.949701,3.26,3.97731
-2.04156,-0.940962,3.23,3.93526
-2.03108,-0.940962,3.23,3.92983
-2.0206,-0.940962,3.23,3.92443
-2.01011,-0.940962,3.23,3.91904
-1.99963,-0.940962,3.23,3.91367
-1.98915,-0.940962,3.23,3.90833
-1.97866,-0.940962,3.23,3.903
-1.94929,-0.931931,3.199,3.86029
-1.93891,-0.931931,3.199,3.85506
-1.92852,-0.931931,3.199,3.84984
nan,nan,nan,NaN
nan,nan,nan,NaN
nan,nan,nan,NaN
nan,nan,nan,NaN
nan,nan,nan,NaN
nan,nan,nan,NaN
nan,nan,nan,NaN
nan,nan,nan,NaN
nan,nan,nan,NaN
nan,nan,nan,NaN
nan,nan,nan,NaN
nan,nan,nan,NaN
nan,nan,nan,NaN
nan,nan,nan,NaN
nan,nan,nan,NaN
nan,nan,nan,NaN
nan,nan,nan,NaN
nan,nan,nan,NaN
nan,nan,nan,NaN
nan,nan,nan,NaN
nan,nan,nan,NaN
nan,nan,nan,NaN
nan,nan,nan,NaN
nan,nan,nan,NaN
nan,nan,nan,NaN
nan,nan,nan,NaN
nan,nan,nan,NaN
nan,nan,nan,NaN
nan,nan,nan,NaN
-1.41837,-0.817442,2.806,3.24864
-1.40927,-0.817442,2.806,3.24467
-1.36673,-0.797924,2.739,3.16334
-1.32611,-0.779279,2.675,3.08569
-1.30708,-0.773162,2.654,3.05777
-1.29847,-0.773162,2.654,3.0541
-1.26993,-0.761218,2.613,3.00332
-1.24262,-0.749856,2.574,2.95497
-1.23427,-0.749856,2.574,2.95147
-1.22591,-0.749856,2.574,2.94799
nan,nan,nan,NaN
nan,nan,nan,NaN
nan,nan,nan,NaN
nan,nan,nan,NaN
nan,nan,nan,NaN
nan,nan,nan,NaN
nan,nan,nan,NaN
nan,nan,nan,NaN
nan,nan,nan,NaN
nan,nan,nan,NaN
nan,nan,nan,NaN
nan,nan,nan,NaN
nan,nan,nan,NaN
nan,nan,nan,NaN
nan,nan,nan,NaN
nan,nan,nan,NaN
-1.03714,-0.71752,2.463,2.76711
-1.02915,-0.71752,2.463,2.76412
-1.02116,-0.71752,2.463,2.76115
-1.01316,-0.71752,2.463,2.75821
-1.00517,-0.71752,2.463,2.75528
-0.997172,-0.71752,2.463,2.75237
-0.989178,-0.71752,2.463,2.74949
-0.981184,-0.71752,2.463,2.74662
-0.973189,-0.71752,2.463,2.74377
-0.965195,-0.71752,2.463,2.74095
-0.957201,-0.71752,2.463,2.73814
-0.949206,-0.71752,2.463,2.73536
-0.934334,-0.712276,2.445,2.71263
-0.926398,-0.712276,2.445,2.7099
-0.918462,-0.712276,2.445,2.7072
-0.910526,-0.712276,2.445,2.70452
-0.90259,-0.712276,2.445,2.70186
-0.894654,-0.712276,2.445,2.69922
-0.893246,-0.71752,2.463,2.71645
-0.885252,-0.71752,2.463,2.71383
-0.877258,-0.71752,2.463,2.71123
-0.869264,-0.71752,2.463,2.70866
-0.861269,-0.71752,2.463,2.7061
-0.853275,-0.71752,2.463,2.70357
-0.851458,-0.722764,2.481,2.7208
-0.843405,-0.722764,2.481,2.71829
-0.835353,-0.722764,2.481,2.7158
-0.833302,-0.728007,2.499,2.73302
-0.831135,-0.733251,2.517,2.75022
-0.822965,-0.733251,2.517,2.74777
-0.820946,-0.738786,2.536,2.76605
-0.812715,-0.738786,2.536,2.76362
-0.804484,-0.738786,2.536,2.76121
-0.796253,-0.738786,2.536,2.75883
-0.788022,-0.738786,2.536,2.75646
-0.77979,-0.738786,2.536,2.75412
-0.771559,-0.738786,2.536,2.7518
-0.763328,-0.738786,2.536,2.7495
-0.760754,-0.744321,2.555,2.76781
-0.752461,-0.744321,2.555,2.76554
-0.738634,-0.738786,2.536,2.74275
-0.730403,-0.738786,2.536,2.74055
-0.722172,-0.738786,2.536,2.73836
-0.71394,-0.738786,2.536,2.7362
-0.710996,-0.744321,2.555,2.75455
-0.702704,-0.744321,2.555,2.75242
-0.694411,-0.744321,2.555,2.75032
-0.686118,-0.744321,2.555,2.74824
-0.677825,-0.744321,2.555,2.74618
-0.669532,-0.744321,2.555,2.74414
-0.661239,-0.744321,2.555,2.74213
-0.652946,-0.744321,2.555,2.74014
-0.644653,-0.744321,2.555,2.73818
-0.631628,-0.738786,2.536,2.71589
-0.623397,-0.738786,2.536,2.71399
-0.615166,-0.738786,2.536,2.71211
-0.606935,-0.738786,2.536,2.71025
-0.598703,-0.738786,2.536,2.70842
-0.590472,-0.738786,2.536,2.70661
-0.582241,-0.738786,2.536,2.70483
-0.565635,-0.728007,2.499,2.66363
-0.557524,-0.728007,2.499,2.66192
-0.545455,-0.722764,2.481,2.64107
-0.537403,-0.722764,2.481,2.63942
-0.52935,-0.722764,2.481,2.63779
-0.521297,-0.722764,2.481,2.63619
-0.513244,-0.722764,2.481,2.63461
-0.505192,-0.722764,2.481,2.63305
-0.497139,-0.722764,2.481,2.63152
-0.489086,-0.722764,2.481,2.63001
-0.481034,-0.722764,2.481,2.62852
-0.472981,-0.722764,2.481,2.62706
-0.464928,-0.722764,2.481,2.62563
-0.456875,-0.722764,2.481,2.62421
-0.452079,-0.728007,2.499,2.64185
-0.443968,-0.728007,2.499,2.64047
-0.435857,-0.728007,2.499,2.63912
-0.427746,-0.728007,2.499,2.63779
-0.419634,-0.728007,2.499,2.63649
-0.414487,-0.733251,2.517,2.65419
-0.406318,-0.733251,2.517,2.65293
-0.401154,-0.738786,2.536,2.67171
-0.392923,-0.738786,2.536,2.67048
-0.384691,-0.738786,2.536,2.66929
-0.382101,-0.749856,2.574,2.70809
-0.373747,-0.749856,2.574,2.70693
-0.365392,-0.749856,2.574,2.70579
-0.357037,-0.749856,2.574,2.70467
-0.348683,-0.749856,2.574,2.70358
-0.340328,-0.749856,2.574,2.70251
-0.331974,-0.749856,2.574,2.70148
-0.326008,-0.755391,2.593,2.72039
-0.317592,-0.755391,2.593,2.7194
-0.309175,-0.755391,2.593,2.71843
-0.300759,-0.755391,2.593,2.71748
-0.292343,-0.755391,2.593,2.71657
-0.283927,-0.755391,2.593,2.71567
-0.275511,-0.755391,2.593,2.71481
-0.267094,-0.755391,2.593,2.71396
-0.258678,-0.755391,2.593,2.71315
-0.250262,-0.755391,2.593,2.71236
-0.241846,-0.755391,2.593,2.7116
-0.233429,-0.755391,2.593,2.71086
-0.225013,-0.755391,2.593,2.71015
-0.216597,-0.755391,2.593,2.70946
-0.208181,-0.755391,2.593,2.7088
-0.198301,-0.749856,2.574,2.68832
-0.189946,-0.749856,2.574,2.68772
-0.181592,-0.749856,2.574,2.68714
-0.173237,-0.749856,2.574,2.68659
-0.164882,-0.749856,2.574,2.68607
-0.156528,-0.749856,2.574,2.68557
-0.148173,-0.749856,2.574,2.68509
-0.139819,-0.749856,2.574,2.68464
-0.131464,-0.749856,2.574,2.68422
-0.12311,-0.749856,2.574,2.68383
-0.116494,-0.761218,2.613,2.72411
-0.108013,-0.761218,2.613,2.72376
-0.0995315,-0.761218,2.613,2.72344
-0.0910503,-0.761218,2.613,2.72314
-0.0825692,-0.761218,2.613,2.72287
-0.074088,-0.761218,2.613,2.72263
-0.0656069,-0.761218,2.613,2.72241
-0.0571257,-0.761218,2.613,2.72222
-0.0486446,-0.761218,2.613,2.72206
-0.0401634,-0.761218,2.613,2.72192
-0.0314398,-0.755391,2.593,2.70097
-0.0230235,-0.755391,2.593,2.70089
-0.0146073,-0.755391,2.593,2.70083
-0.00619107,-0.755391,2.593,2.7008
0.00222516,-0.755391,2.593,2.70079
0.0106414,-0.755391,2.593,2.70081
0.0190576,-0.755391,2.593,2.70086
0.0274739,-0.755391,2.593,2.70093
0.0358901,-0.755391,2.593,2.70103
0.0443063,-0.755391,2.593,2.70115
0.0527226,-0.755391,2.593,2.7013
0.0611388,-0.755391,2.593,2.70148
0.069555,-0.755391,2.593,2.70169
0.0779713,-0.755391,2.593,2.70192
0.0863875,-0.755391,2.593,2.70217
0.0948037,-0.755391,2.593,2.70245
0.10322,-0.755391,2.593,2.70276
0.111636,-0.755391,2.593,2.7031
0.120052,-0.755391,2.593,2.70346
0.128469,-0.755391,2.593,2.70384
0.136885,-0.755391,2.593,2.70426
0.145301,-0.755391,2.593,2.7047
0.153717,-0.755391,2.593,2.70516
0.162134,-0.755391,2.593,2.70565
0.17055,-0.755391,2.593,2.70617
0.178966,-0.755391,2.593,2.70671
0.187382,-0.755391,2.593,2.70728
0.195799,-0.755391,2.593,2.70788
0.204215,-0.755391,2.593,2.7085
0.212631,-0.755391,2.593,2.70915
0.221047,-0.755391,2.593,2.70982
0.227782,-0.749856,2.574,2.69066
0.236137,-0.749856,2.574,2.69138
0.242687,-0.744321,2.555,2.67225
0.250979,-0.744321,2.555,2.67302
0.259272,-0.744321,2.555,2.67381
0.267565,-0.744321,2.555,2.67463
0.275858,-0.744321,2.555,2.67547
0.284151,-0.744321,2.555,2.67634
0.292444,-0.744321,2.555,2.67723
0.300737,-0.744321,2.555,2.67815
0.30903,-0.744321,2.555,2.67909
0.317323,-0.744321,2.555,2.68006
0.325615,-0.744321,2.555,2.68106
0.333908,-0.744321,2.555,2.68208
0.342201,-0.744321,2.555,2.68312
0.350494,-0.744321,2.555,2.68419
0.358787,-0.744321,2.555,2.68529
0.36708,-0.744321,2.555,2.68641
0.378164,-0.749856,2.574,2.70754
0.386519,-0.749856,2.574,2.70872
0.394873,-0.749856,2.574,2.70992
0.403228,-0.749856,2.574,2.71115
0.411583,-0.749856,2.574,2.71241
0.419937,-0.749856,2.574,2.71369
0.428292,-0.749856,2.574,2.71499
0.436646,-0.749856,2.574,2.71633
0.448286,-0.755391,2.593,2.73774
0.456702,-0.755391,2.593,2.73913
0.465118,-0.755391,2.593,2.74055
0.473534,-0.755391,2.593,2.74199
0.481951,-0.755391,2.593,2.74345
0.490367,-0.755391,2.593,2.74495
0.498783,-0.755391,2.593,2.74646
0.507199,-0.755391,2.593,2.748
0.515615,-0.755391,2.593,2.74957
0.524032,-0.755391,2.593,2.75116
0.536555,-0.761218,2.613,2.77401
0.545036,-0.761218,2.613,2.77566
0.553517,-0.761218,2.613,2.77734
0.561998,-0.761218,2.613,2.77904
0.570479,-0.761218,2.613,2.78077
0.57896,-0.761218,2.613,2.78252
0.587442,-0.761218,2.613,2.7843
0.595923,-0.761218,2.613,2.7861
0.604404,-0.761218,2.613,2.78793
0.612885,-0.761218,2.613,2.78978
0.621366,-0.761218,2.613,2.79165
0.625027,-0.755391,2.593,2.77217
0.633443,-0.755391,2.593,2.77408
0.641859,-0.755391,2.593,2.77601
0.650275,-0.755391,2.593,2.77797
0.658691,-0.755391,2.593,2.77995
0.667108,-0.755391,2.593,2.78196
0.670574,-0.749856,2.574,2.76359
0.678929,-0.749856,2.574,2.76563
0.687283,-0.749856,2.574,2.76769
0.695638,-0.749856,2.574,2.76978
0.703992,-0.749856,2.574,2.77189
0.712347,-0.749856,2.574,2.77402
0.715382,-0.744321,2.555,2.75569
0.723674,-0.744321,2.555,2.75785
0.731967,-0.744321,2.555,2.76004
0.74026,-0.744321,2.555,2.76225
0.742987,-0.738786,2.536,2.74393
0.751218,-0.738786,2.536,2.74617
0.765139,-0.744321,2.555,2.76902
0.773432,-0.744321,2.555,2.77132
0.775912,-0.738786,2.536,2.75302
0.784143,-0.738786,2.536,2.75535
0.792374,-0.738786,2.536,2.75771
0.794607,-0.733251,2.517,2.73941
0.802777,-0.733251,2.517,2.74179
0.810946,-0.733251,2.517,2.74419
0.813258,-0.728007,2.499,2.72697
0.821369,-0.728007,2.499,2.7294
0.82948,-0.728007,2.499,2.73186
0.831558,-0.722764,2.481,2.71463
0.833519,-0.71752,2.463,2.6974
0.841514,-0.71752,2.463,2.69988
0.849508,-0.71752,2.463,2.70238
nan,nan,nan,NaN
nan,nan,nan,NaN
nan,nan,nan,NaN
nan,nan,nan,NaN
nan,nan,nan,NaN
nan,nan,nan,NaN
nan,nan,nan,NaN
nan,nan,nan,NaN
nan,nan,nan,NaN
nan,nan,nan,NaN
nan,nan,nan,NaN
nan,nan,nan,NaN
nan,nan,nan,NaN
nan,nan,nan,NaN
nan,nan,nan,NaN
nan,nan,nan,NaN
nan,nan,nan,NaN
nan,nan,nan,NaN
nan,nan,nan,NaN
nan,nan,nan,NaN
nan,nan,nan,NaN
nan,nan,nan,NaN
nan,nan,nan,NaN
nan,nan,nan,NaN
nan,nan,nan,NaN
nan,nan,nan,NaN
nan,nan,nan,NaN
nan,nan,nan,NaN
nan,nan,nan,NaN
nan,nan,nan,NaN
nan,nan,nan,NaN
nan,nan,nan,NaN
nan,nan,nan,NaN
nan,nan,nan,NaN
nan,nan,nan,NaN
nan,nan,nan,NaN
nan,nan,nan,NaN
nan,nan,nan,NaN
nan,nan,nan,NaN
nan,nan,nan,NaN
nan,nan,nan,NaN
nan,nan,nan,NaN
nan,nan,nan,NaN
1.50413,-0.898429,3.084,3.54692
1.51414,-0.898429,3.084,3.55118
1.52415,-0.898429,3.084,3.55546
nan,nan,nan,NaN
nan,nan,nan,NaN
nan,nan,nan,NaN
nan,nan,nan,NaN
nan,nan,nan,NaN
nan,nan,nan,NaN
nan,nan,nan,NaN
nan,nan,nan,NaN
nan,nan,nan,NaN
nan,nan,nan,NaN
nan,nan,nan,NaN
nan,nan,nan,NaN
nan,nan,nan,NaN
nan,nan,nan,NaN
1.93598,-1.03885,3.566,4.1885
1.94755,-1.03885,3.566,4.19387
1.95913,-1.03885,3.566,4.19925
1.9917,-1.04992,3.604,4.24947
2.0034,-1.04992,3.604,4.25497
2.0151,-1.04992,3.604,4.26049
2.02679,-1.04992,3.604,4.26603
2.03849,-1.04992,3.604,4.2716
2.05019,-1.04992,3.604,4.2772
2.06189,-1.04992,3.604,4.28282
2.07358,-1.04992,3.604,4.28846
2.08528,-1.04992,3.604,4.29413
2.09698,-1.04992,3.604,4.29982
2.08644,-1.03885,3.566,4.26014
2.09802,-1.03885,3.566,4.26582
2.10959,-1.03885,3.566,4.27153
2.09916,-1.02807,3.529,4.23287
2.11061,-1.02807,3.529,4.23857
2.10042,-1.01758,3.493,4.20098
2.0906,-1.00738,3.458,4.16451
2.10182,-1.00738,3.458,4.17016
2.07088,-0.987282,3.389,4.0925
2.06161,-0.977668,3.356,4.05818
2.03298,-0.959024,3.292,3.98623
2.04366,-0.959024,3.292,3.99168
1.99631,-0.931931,3.199,3.88424
1.97031,-0.915034,3.141,3.81907
1.98051,-0.915034,3.141,3.82434
1.93746,-0.890564,3.057,3.72721
1.93019,-0.882698,3.03,3.69942
1.94002,-0.882698,3.03,3.70456
1.91575,-0.867258,2.977,3.64483
1.9086,-0.859684,2.951,3.61804
1.91817,-0.859684,2.951,3.6231
1.89509,-0.845118,2.901,3.56671
1.88875,-0.838126,2.877,3.54217
1.89809,-0.838126,2.877,3.54716
1.89151,-0.831134,2.853,3.52253
1.88479,-0.824143,2.829,3.49784
1.89397,-0.824143,2.829,3.50279
1.88768,-0.817442,2.806,3.47925
1.88124,-0.810742,2.783,3.45564
1.89027,-0.810742,2.783,3.46057
-2.50021,-1.03822,3.604,4.50752
-2.48851,-1.03822,3.604,4.50105
-2.4507,-1.02727,3.566,4.4472
-2.3892,-1.00624,3.493,4.34992
-2.37786,-1.00624,3.493,4.34371
-2.34281,-0.996162,3.458,4.29405
-2.30799,-0.986079,3.423,4.24454
-2.29688,-0.986079,3.423,4.2385
-2.24102,-0.966778,3.356,4.14965
-2.23013,-0.966778,3.356,4.14378
-2.21924,-0.966778,3.356,4.13792
-2.18729,-0.95756,3.324,4.09269
-2.1765,-0.95756,3.324,4.08694
-2.14486,-0.948342,3.292,4.04191
-2.13418,-0.948342,3.292,4.03625
-2.12349,-0.948342,3.292,4.03061
-2.11281,-0.948342,3.292,4.02499
-2.10212,-0.948342,3.292,4.01939
-2.07111,-0.939123,3.26,3.9748
-2.04156,-0.930481,3.23,3.93277
-2.03108,-0.930481,3.23,3.92734
-2.0206,-0.930481,3.23,3.92193
-2.01011,-0.930481,3.23,3.91654
-1.99963,-0.930481,3.23,3.91117
-1.98915,-0.930481,3.23,3.90582
-1.97866,-0.930481,3.23,3.90049
-1.94929,-0.921551,3.199,3.8578
-1.93891,-0.921551,3.199,3.85256
-1.92852,-0.921551,3.199,3.84734
nan,nan,nan,NaN
nan,nan,nan,NaN
nan,nan,nan,NaN
nan,nan,nan,NaN
nan,nan,nan,NaN
nan,nan,nan,NaN
nan,nan,nan,NaN
nan,nan,nan,NaN
nan,nan,nan,NaN
nan,nan,nan,NaN
nan,nan,nan,NaN
nan,nan,nan,NaN
nan,nan,nan,NaN
nan,nan,nan,NaN
nan,nan,nan,NaN
nan,nan,nan,NaN
nan,nan,nan,NaN
nan,nan,nan,NaN
nan,nan,nan,NaN
nan,nan,nan,NaN
nan,nan,nan,NaN
nan,nan,nan,NaN
nan,nan,nan,NaN
nan,nan,nan,NaN
nan,nan,nan,NaN
nan,nan,nan,NaN
nan,nan,nan,NaN
nan,nan,nan,NaN
nan,nan,nan,NaN
nan,nan,nan,NaN
nan,nan,nan,NaN
-1.36673,-0.789036,2.739,3.16111
-1.32611,-0.7706,2.675,3.08351
-1.30708,-0.76455,2.654,3.05561
-1.29847,-0.76455,2.654,3.05193
-1.26993,-0.752739,2.613,3.00118
-1.26145,-0.752739,2.613,2.99761
nan,nan,nan,NaN
nan,nan,nan,NaN
nan,nan,nan,NaN
nan,nan,nan,NaN
nan,nan,nan,NaN
nan,nan,nan,NaN
nan,nan,nan,NaN
nan,nan,nan,NaN
nan,nan,nan,NaN
nan,nan,nan,NaN
nan,nan,nan,NaN
nan,nan,nan,NaN
nan,nan,nan,NaN
nan,nan,nan,NaN
nan,nan,nan,NaN
nan,nan,nan,NaN
nan,nan,nan,NaN
nan,nan,nan,NaN
-1.03714,-0.709528,2.463,2.76504
-1.02915,-0.709528,2.463,2.76205
-1.02116,-0.709528,2.463,2.75909
-1.01316,-0.709528,2.463,2.75614
-1.00517,-0.709528,2.463,2.75321
-0.997172,-0.709528,2.463,2.7503
-0.989178,-0.709528,2.463,2.74741
-0.981184,-0.709528,2.463,2.74454
-0.973189,-0.709528,2.463,2.7417
-0.965195,-0.709528,2.463,2.73887
-0.957201,-0.709528,2.463,2.73606
-0.949206,-0.709528,2.463,2.73327
-0.934334,-0.704342,2.445,2.71055
-0.926398,-0.704342,2.445,2.70783
-0.918462,-0.704342,2.445,2.70512
-0.910526,-0.704342,2.445,2.70244
-0.90259,-0.704342,2.445,2.69978
-0.894654,-0.704342,2.445,2.69713
-0.893246,-0.709528,2.463,2.71435
-0.885252,-0.709528,2.463,2.71173
-0.877258,-0.709528,2.463,2.70913
-0.869264,-0.709528,2.463,2.70655
-0.861269,-0.709528,2.463,2.70399
-0.853275,-0.709528,2.463,2.70146
-0.851458,-0.714713,2.481,2.71867
-0.843405,-0.714713,2.481,2.71616
-0.835353,-0.714713,2.481,2.71367
-0.833302,-0.719898,2.499,2.73087
-0.831135,-0.725084,2.517,2.74806
-0.822965,-0.725084,2.517,2.7456
-0.820946,-0.730557,2.536,2.76387
-0.812715,-0.730557,2.536,2.76143
-0.804484,-0.730557,2.536,2.75902
-0.796253,-0.730557,2.536,2.75663
-0.788022,-0.730557,2.536,2.75427
-0.77979,-0.730557,2.536,2.75192
-0.771559,-0.730557,2.536,2.7496
-0.763328,-0.730557,2.536,2.7473
-0.760754,-0.736031,2.555,2.76559
-0.752461,-0.736031,2.555,2.76332
-0.738634,-0.730557,2.536,2.74055
-0.730403,-0.730557,2.536,2.73834
-0.722172,-0.730557,2.536,2.73615
-0.71394,-0.730557,2.536,2.73399
-0.710996,-0.736031,2.555,2.75232
-0.702704,-0.736031,2.555,2.75019
-0.694411,-0.736031,2.555,2.74809
-0.686118,-0.736031,2.555,2.746
-0.677825,-0.736031,2.555,2.74394
-0.669532,-0.736031,2.555,2.7419
-0.661239,-0.736031,2.555,2.73989
-0.652946,-0.736031,2.555,2.7379
-0.644653,-0.736031,2.555,2.73594
-0.631628,-0.730557,2.536,2.71366
-0.623397,-0.730557,2.536,2.71176
-0.615166,-0.730557,2.536,2.70988
-0.606935,-0.730557,2.536,2.70802
-0.598703,-0.730557,2.536,2.70619
-0.590472,-0.730557,2.536,2.70438
-0.582241,-0.730557,2.536,2.70259
-0.569709,-0.725084,2.517,2.6806
-0.561539,-0.725084,2.517,2.67887
-0.55337,-0.725084,2.517,2.67717
-0.541301,-0.719898,2.499,2.65636
-0.53319,-0.719898,2.499,2.65472
-0.525079,-0.719898,2.499,2.6531
-0.516968,-0.719898,2.499,2.65151
-0.508857,-0.719898,2.499,2.64994
-0.500746,-0.719898,2.499,2.6484
-0.492635,-0.719898,2.499,2.64687
-0.484524,-0.719898,2.499,2.64538
-0.476412,-0.719898,2.499,2.6439
-0.468301,-0.719898,2.499,2.64245
-0.46019,-0.719898,2.499,2.64103
-0.452079,-0.719898,2.499,2.63963
-0.443968,-0.719898,2.499,2.63825
-0.438996,-0.725084,2.517,2.65589
-0.430827,-0.725084,2.517,2.65455
-0.422657,-0.725084,2.517,2.65324
-0.417616,-0.730557,2.536,2.67197
-0.409385,-0.730557,2.536,2.67069
-0.404159,-0.736031,2.555,2.68944
-0.395866,-0.736031,2.555,2.68821
-0.387574,-0.736031,2.555,2.687
-0.382101,-0.741504,2.574,2.70579
-0.373747,-0.741504,2.574,2.70462
-0.368089,-0.746977,2.593,2.72344
-0.359673,-0.746977,2.593,2.72231
-0.351257,-0.746977,2.593,2.72121
-0.34284,-0.746977,2.593,2.72014
-0.334424,-0.746977,2.593,2.71909
-0.328522,-0.752739,2.613,2.73903
-0.320041,-0.752739,2.613,2.73803
-0.31156,-0.752739,2.613,2.73705
-0.303079,-0.752739,2.613,2.7361
-0.294598,-0.752739,2.613,2.73517
-0.286117,-0.752739,2.613,2.73427
-0.277636,-0.752739,2.613,2.7334
-0.269154,-0.752739,2.613,2.73255
-0.258678,-0.746977,2.593,2.71082
-0.250262,-0.746977,2.593,2.71003
-0.241846,-0.746977,2.593,2.70926
-0.233429,-0.746977,2.593,2.70853
-0.225013,-0.746977,2.593,2.70781
-0.216597,-0.746977,2.593,2.70713
-0.208181,-0.746977,2.593,2.70647
-0.199764,-0.746977,2.593,2.70583
-0.191348,-0.746977,2.593,2.70522
-0.182932,-0.746977,2.593,2.70464
-0.174516,-0.746977,2.593,2.70409
-0.167381,-0.752739,2.613,2.72441
-0.1589,-0.752739,2.613,2.7239
-0.150418,-0.752739,2.613,2.72342
-0.141937,-0.752739,2.613,2.72296
-0.133456,-0.752739,2.613,2.72253
-0.124975,-0.752739,2.613,2.72213
-0.116494,-0.752739,2.613,2.72176
-0.108013,-0.752739,2.613,2.72141
-0.0995315,-0.752739,2.613,2.72108
-0.0910503,-0.752739,2.613,2.72079
-0.0825692,-0.752739,2.613,2.72052
-0.074088,-0.752739,2.613,2.72027
-0.0656069,-0.752739,2.613,2.72005
-0.0571257,-0.752739,2.613,2.71986
-0.0486446,-0.752739,2.613,2.7197
-0.0401634,-0.752739,2.613,2.71956
-0.0319248,-0.7585,2.633,2.74026
-0.0233787,-0.7585,2.633,2.74018
-0.0148326,-0.7585,2.633,2.74012
-0.00628658,-0.7585,2.633,2.74008
0.00225949,-0.7585,2.633,2.74008
0.0108056,-0.7585,2.633,2.7401
0.0193516,-0.7585,2.633,2.74014
0.0278977,-0.7585,2.633,2.74022
0.0364437,-0.7585,2.633,2.74032
0.0449898,-0.7585,2.633,2.74044
0.0535359,-0.7585,2.633,2.7406
0.0620819,-0.7585,2.633,2.74078
0.070628,-0.7585,2.633,2.74099
0.0791741,-0.7585,2.633,2.74122
0.0877201,-0.7585,2.633,2.74148
0.0962662,-0.7585,2.633,2.74177
0.104812,-0.7585,2.633,2.74208
0.113358,-0.7585,2.633,2.74242
0.121904,-0.7585,2.633,2.74279
0.13045,-0.7585,2.633,2.74318
0.138997,-0.7585,2.633,2.7436
0.147543,-0.7585,2.633,2.74404
0.156089,-0.7585,2.633,2.74452
nan,nan,nan,NaN
nan,nan,nan,NaN
nan,nan,nan,NaN
nan,nan,nan,NaN
nan,nan,nan,NaN
nan,nan,nan,NaN
nan,nan,nan,NaN
nan,nan,nan,NaN
nan,nan,nan,NaN
nan,nan,nan,NaN
nan,nan,nan,NaN
nan,nan,nan,NaN
nan,nan,nan,NaN
nan,nan,nan,NaN
nan,nan,nan,NaN
nan,nan,nan,NaN
nan,nan,nan,NaN
nan,nan,nan,NaN
nan,nan,nan,NaN
nan,nan,nan,NaN
nan,nan,nan,NaN
nan,nan,nan,NaN
nan,nan,nan,NaN
0.355707,-0.746977,2.593,2.72179
0.364123,-0.746977,2.593,2.7229
0.372539,-0.746977,2.593,2.72404
nan,nan,nan,NaN
nan,nan,nan,NaN
nan,nan,nan,NaN
nan,nan,nan,NaN
nan,nan,nan,NaN
0.423037,-0.746977,2.593,2.73141
0.431453,-0.746977,2.593,2.73272
0.439869,-0.746977,2.593,2.73406
0.455201,-0.7585,2.633,2.77763
0.463747,-0.7585,2.633,2.77904
0.472293,-0.7585,2.633,2.78048
0.480839,-0.7585,2.633,2.78195
0.489385,-0.7585,2.633,2.78344
0.497931,-0.7585,2.633,2.78495
nan,nan,nan,NaN
nan,nan,nan,NaN
0.523569,-0.7585,2.633,2.78965
0.532115,-0.7585,2.633,2.79126
0.540662,-0.7585,2.633,2.79291
0.549208,-0.7585,2.633,2.79457
0.557754,-0.7585,2.633,2.79627
0.5663,-0.7585,2.633,2.79798
0.574846,-0.7585,2.633,2.79973
0.57896,-0.752739,2.613,2.78021
0.587442,-0.752739,2.613,2.78199
0.595923,-0.752739,2.613,2.78379
0.604404,-0.752739,2.613,2.78562
0.612885,-0.752739,2.613,2.78747
0.621366,-0.752739,2.613,2.78935
0.629847,-0.752739,2.613,2.79125
0.638328,-0.752739,2.613,2.79318
0.64681,-0.752739,2.613,2.79513
0.655291,-0.752739,2.613,2.7971
0.663772,-0.752739,2.613,2.7991
0.672253,-0.752739,2.613,2.80113
0.675524,-0.746977,2.593,2.78172
0.68394,-0.746977,2.593,2.78377
0.692356,-0.746977,2.593,2.78585
0.695638,-0.741504,2.574,2.76753
0.703992,-0.741504,2.574,2.76964
0.712347,-0.741504,2.574,2.77178
0.715382,-0.736031,2.555,2.75346
0.723674,-0.736031,2.555,2.75563
0.731967,-0.736031,2.555,2.75781
0.74026,-0.736031,2.555,2.76003
0.742987,-0.730557,2.536,2.74172
0.751218,-0.730557,2.536,2.74396
0.765139,-0.736031,2.555,2.7668
0.773432,-0.736031,2.555,2.76911
0.775912,-0.730557,2.536,2.75083
0.784143,-0.730557,2.536,2.75316
0.792374,-0.730557,2.536,2.75552
0.794607,-0.725084,2.517,2.73723
0.802777,-0.725084,2.517,2.73961
0.810946,-0.725084,2.517,2.74202
0.813258,-0.719898,2.499,2.72482
0.821369,-0.719898,2.499,2.72725
0.82948,-0.719898,2.499,2.72971
0.831558,-0.714713,2.481,2.7125
0.833519,-0.709528,2.463,2.69528
0.841514,-0.709528,2.463,2.69777
0.849508,-0.709528,2.463,2.70027
nan,nan,nan,NaN
nan,nan,nan,NaN
nan,nan,nan,NaN
nan,nan,nan,NaN
nan,nan,nan,NaN
nan,nan,nan,NaN
nan,nan,nan,NaN
nan,nan,nan,NaN
nan,nan,nan,NaN
nan,nan,nan,NaN
nan,nan,nan,NaN
nan,nan,nan,NaN
nan,nan,nan,NaN
nan,nan,nan,NaN
nan,nan,nan,NaN
nan,nan,nan,NaN
nan,nan,nan,NaN
nan,nan,nan,NaN
nan,nan,nan,NaN
nan,nan,nan,NaN
nan,nan,nan,NaN
nan,nan,nan,NaN
nan,nan,nan,NaN
nan,nan,nan,NaN
nan,nan,nan,NaN
nan,nan,nan,NaN
nan,nan,nan,NaN
nan,nan,nan,NaN
nan,nan,nan,NaN
nan,nan,nan,NaN
nan,nan,nan,NaN
nan,nan,nan,NaN
nan,nan,nan,NaN
nan,nan,nan,NaN
nan,nan,nan,NaN
nan,nan,nan,NaN
nan,nan,nan,NaN
nan,nan,nan,NaN
nan,nan,nan,NaN
nan,nan,nan,NaN
nan,nan,nan,NaN
nan,nan,nan,NaN
nan,nan,nan,NaN
nan,nan,nan,NaN
nan,nan,nan,NaN
nan,nan,nan,NaN
nan,nan,nan,NaN
nan,nan,nan,NaN
nan,nan,nan,NaN
nan,nan,nan,NaN
nan,nan,nan,NaN
nan,nan,nan,NaN
nan,nan,nan,NaN
nan,nan,nan,NaN
nan,nan,nan,NaN
nan,nan,nan,NaN
nan,nan,nan,NaN
nan,nan,nan,NaN
nan,nan,nan,NaN
nan,nan,nan,NaN
nan,nan,nan,NaN
nan,nan,nan,NaN
1.98,-1.03822,3.604,4.24112
1.9917,-1.03822,3.604,4.2466
2.0034,-1.03822,3.604,4.2521
2.0151,-1.03822,3.604,4.25762
2.02679,-1.03822,3.604,4.26317
2.03849,-1.03822,3.604,4.26874
2.05019,-1.03822,3.604,4.27434
2.06189,-1.03822,3.604,4.27996
2.07358,-1.03822,3.604,4.28561
2.08528,-1.03822,3.604,4.29128
2.09698,-1.03822,3.604,4.29698
2.08644,-1.02727,3.566,4.25733
2.09802,-1.02727,3.566,4.26302
2.0877,-1.01662,3.529,4.22444
2.07774,-1.00624,3.493,4.18696
2.08908,-1.00624,3.493,4.19259
2.07937,-0.996162,3.458,4.15619
2.06944,-0.986079,3.423,4.11969
2.08055,-0.986079,3.423,4.12528
2.07088,-0.976285,3.389,4.08987
2.04195,-0.95756,3.324,4.0169
2.01322,-0.939123,3.26,3.94495
2.0238,-0.939123,3.26,3.95036
1.99631,-0.921551,3.199,3.88177
1.95212,-0.896488,3.112,3.7814
1.96222,-0.896488,3.112,3.78663
1.93746,-0.880644,3.057,3.72486
1.91299,-0.865088,3.003,3.66414
1.92273,-0.865088,3.003,3.66924
1.91575,-0.857598,2.977,3.64254
1.9086,-0.850108,2.951,3.61577
1.91817,-0.850108,2.951,3.62084
1.89509,-0.835704,2.901,3.56449
1.88875,-0.828791,2.877,3.53997
1.89809,-0.828791,2.877,3.54496
1.89151,-0.821877,2.853,3.52036
1.88479,-0.814963,2.829,3.49569
1.89397,-0.814963,2.829,3.50065
1.88768,-0.808337,2.806,3.47712
1.88124,-0.801712,2.783,3.45353
1.89027,-0.801712,2.783,3.45846
-2.50021,-1.02653,3.604,4.50485
-2.48851,-1.02653,3.604,4.49836
-2.4507,-1.0157,3.566,4.44454
-2.3892,-0.99491,3.493,4.34732
-2.37786,-0.99491,3.493,4.3411
-2.34281,-0.984941,3.458,4.29146
-2.30799,-0.974972,3.423,4.24197
-2.29688,-0.974972,3.423,4.23593
-2.26306,-0.965288,3.389,4.18791
-2.23013,-0.955889,3.356,4.14125
-2.21924,-0.955889,3.356,4.13539
-2.18729,-0.946774,3.324,4.09018
-2.1765,-0.946774,3.324,4.08442
-2.14486,-0.93766,3.292,4.03942
-2.13418,-0.93766,3.292,4.03376
-2.12349,-0.93766,3.292,4.02811
-2.11281,-0.93766,3.292,4.02249
-2.10212,-0.93766,3.292,4.01689
-2.07111,-0.928545,3.26,3.97231
-2.04156,-0.92,3.23,3.9303
-2.03108,-0.92,3.23,3.92487
-2.0206,-0.92,3.23,3.91945
-2.01011,-0.92,3.23,3.91406
-1.99963,-0.92,3.23,3.90869
-1.98915,-0.92,3.23,3.90333
-1.97866,-0.92,3.23,3.898
-1.94929,-0.91117,3.199,3.85533
-1.93891,-0.91117,3.199,3.85009
-1.92852,-0.91117,3.199,3.84487
nan,nan,nan,NaN
nan,nan,nan,NaN
nan,nan,nan,NaN
nan,nan,nan,NaN
nan,nan,nan,NaN
nan,nan,nan,NaN
nan,nan,nan,NaN
nan,nan,nan,NaN
nan,nan,nan,NaN
nan,nan,nan,NaN
nan,nan,nan,NaN
nan,nan,nan,NaN
nan,nan,nan,NaN
nan,nan,nan,NaN
nan,nan,nan,NaN
nan,nan,nan,NaN
nan,nan,nan,NaN
nan,nan,nan,NaN
nan,nan,nan,NaN
nan,nan,nan,NaN
nan,nan,nan,NaN
nan,nan,nan,NaN
nan,nan,nan,NaN
nan,nan,nan,NaN
nan,nan,nan,NaN
nan,nan,nan,NaN
nan,nan,nan,NaN
nan,nan,nan,NaN
nan,nan,nan,NaN
nan,nan,nan,NaN
nan,nan,nan,NaN
-1.36673,-0.780149,2.739,3.15891
-1.32611,-0.76192,2.675,3.08135
-1.30708,-0.755938,2.654,3.05346
-1.29847,-0.755938,2.654,3.04978
-1.26021,-0.738564,2.593,2.97611
-1.25179,-0.738564,2.593,2.97256
nan,nan,nan,NaN
nan,nan,nan,NaN
nan,nan,nan,NaN
nan,nan,nan,NaN
nan,nan,nan,NaN
nan,nan,nan,NaN
nan,nan,nan,NaN
nan,nan,nan,NaN
nan,nan,nan,NaN
nan,nan,nan,NaN
nan,nan,nan,NaN
nan,nan,nan,NaN
nan,nan,nan,NaN
nan,nan,nan,NaN
nan,nan,nan,NaN
nan,nan,nan,NaN
nan,nan,nan,NaN
nan,nan,nan,NaN
nan,nan,nan,NaN
nan,nan,nan,NaN
-1.02116,-0.701536,2.463,2.75704
-1.01316,-0.701536,2.463,2.75409
-1.01251,-0.706663,2.481,2.77127
-1.00446,-0.706663,2.481,2.76833
-0.989178,-0.701536,2.463,2.74536
-0.981184,-0.701536,2.463,2.74249
-0.980302,-0.706663,2.481,2.75966
-0.965195,-0.701536,2.463,2.73681
-0.957201,-0.701536,2.463,2.734
-0.949206,-0.701536,2.463,2.73121
-0.934334,-0.696409,2.445,2.7085
-0.926398,-0.696409,2.445,2.70578
-0.925224,-0.701536,2.463,2.72297
-0.917229,-0.701536,2.463,2.72026
-0.909235,-0.701536,2.463,2.71758
-0.901241,-0.701536,2.463,2.71491
-0.893246,-0.701536,2.463,2.71227
-0.885252,-0.701536,2.463,2.70965
-0.883669,-0.706663,2.481,2.72683
-0.875616,-0.706663,2.481,2.72423
-0.867564,-0.706663,2.481,2.72165
-0.859511,-0.706663,2.481,2.7191
-0.851458,-0.706663,2.481,2.71656
-0.855644,-0.716917,2.517,2.75343
-0.847474,-0.716917,2.517,2.7509
-0.839304,-0.716917,2.517,2.7484
-0.843683,-0.72774,2.555,2.78737
-0.83539,-0.72774,2.555,2.78487
-0.827097,-0.72774,2.555,2.78239
-0.818804,-0.72774,2.555,2.77994
-0.810511,-0.72774,2.555,2.77751
-0.802218,-0.72774,2.555,2.7751
-0.793925,-0.72774,2.555,2.77271
-0.785633,-0.72774,2.555,2.77035
-0.77734,-0.72774,2.555,2.76801
-0.769047,-0.72774,2.555,2.76569
-0.760754,-0.72774,2.555,2.7634
-0.752461,-0.72774,2.555,2.76113
-0.738634,-0.722328,2.536,2.73836
-0.730403,-0.722328,2.536,2.73615
-0.722172,-0.722328,2.536,2.73397
-0.719289,-0.72774,2.555,2.75227
-0.710996,-0.72774,2.555,2.75012
-0.702704,-0.72774,2.555,2.74799
-0.694411,-0.72774,2.555,2.74588
-0.686118,-0.72774,2.555,2.74379
-0.677825,-0.72774,2.555,2.74173
-0.669532,-0.72774,2.555,2.73969
-0.661239,-0.72774,2.555,2.73768
-0.652946,-0.72774,2.555,2.73568
-0.644653,-0.72774,2.555,2.73372
-0.63636,-0.72774,2.555,2.73177
-0.628067,-0.72774,2.555,2.72985
-0.619775,-0.72774,2.555,2.72796
-0.606935,-0.722328,2.536,2.70581
-0.598703,-0.722328,2.536,2.70398
-0.590472,-0.722328,2.536,2.70217
-0.582241,-0.722328,2.536,2.70038
-0.569709,-0.716917,2.517,2.6784
-0.561539,-0.716917,2.517,2.67667
-0.55337,-0.716917,2.517,2.67497
-0.5452,-0.716917,2.517,2.67329
-0.537031,-0.716917,2.517,2.67164
-0.528861,-0.716917,2.517,2.67001
-0.520692,-0.716917,2.517,2.6684
-0.512522,-0.716917,2.517,2.66682
-0.504353,-0.716917,2.517,2.66526
-0.492635,-0.71179,2.499,2.64468
-0.484524,-0.71179,2.499,2.64318
-0.476412,-0.71179,2.499,2.64171
-0.468301,-0.71179,2.499,2.64026
-0.463505,-0.716917,2.517,2.65784
-0.455335,-0.716917,2.517,2.65642
-0.447166,-0.716917,2.517,2.65504
-0.438996,-0.716917,2.517,2.65367
-0.434079,-0.722328,2.536,2.67235
-0.425848,-0.722328,2.536,2.67103
-0.417616,-0.722328,2.536,2.66973
-0.409385,-0.722328,2.536,2.66845
-0.404159,-0.72774,2.555,2.68719
-0.395866,-0.72774,2.555,2.68595
-0.390456,-0.733152,2.574,2.70471
-0.382101,-0.733152,2.574,2.70351
-0.373747,-0.733152,2.574,2.70235
-0.368089,-0.738564,2.593,2.72114
-0.362447,-0.74426,2.613,2.741
-0.353966,-0.74426,2.613,2.73989
-0.345485,-0.74426,2.613,2.73881
-0.337004,-0.74426,2.613,2.73775
-0.328522,-0.74426,2.613,2.73672
-0.320041,-0.74426,2.613,2.73571
-0.313945,-0.749957,2.633,2.75566
-0.305399,-0.749957,2.633,2.7547
-0.296853,-0.749957,2.633,2.75377
-0.288307,-0.749957,2.633,2.75286
-0.279761,-0.749957,2.633,2.75198
-0.271215,-0.749957,2.633,2.75112
-0.260673,-0.74426,2.613,2.7294
-0.252192,-0.74426,2.613,2.72861
-0.243711,-0.74426,2.613,2.72784
-0.23523,-0.74426,2.613,2.72709
-0.226749,-0.74426,2.613,2.72637
-0.218268,-0.74426,2.613,2.72568
-0.209786,-0.74426,2.613,2.72501
-0.201305,-0.74426,2.613,2.72437
-0.192824,-0.74426,2.613,2.72376
-0.184343,-0.74426,2.613,2.72317
-0.175862,-0.74426,2.613,2.72261
-0.167381,-0.74426,2.613,2.72208
-0.1589,-0.74426,2.613,2.72157
-0.150418,-0.74426,2.613,2.72109
-0.141937,-0.74426,2.613,2.72063
-0.133456,-0.74426,2.613,2.7202
-0.124975,-0.74426,2.613,2.7198
-0.116494,-0.74426,2.613,2.71942
-0.108013,-0.74426,2.613,2.71907
-0.0995315,-0.74426,2.613,2.71875
-0.0910503,-0.74426,2.613,2.71845
-0.0825692,-0.74426,2.613,2.71818
-0.074088,-0.74426,2.613,2.71794
-0.0656069,-0.74426,2.613,2.71772
-0.0571257,-0.74426,2.613,2.71753
-0.0486446,-0.74426,2.613,2.71736
-0.0401634,-0.74426,2.613,2.71722
-0.0319248,-0.749957,2.633,2.73791
-0.0233787,-0.749957,2.633,2.73782
-0.0148326,-0.749957,2.633,2.73776
-0.00628658,-0.749957,2.633,2.73773
0.00225949,-0.749957,2.633,2.73772
0.0108056,-0.749957,2.633,2.73774
0.0193516,-0.749957,2.633,2.73779
0.0278977,-0.749957,2.633,2.73786
0.0364437,-0.749957,2.633,2.73797
0.0449898,-0.749957,2.633,2.73809
0.0535359,-0.749957,2.633,2.73825
0.0620819,-0.749957,2.633,2.73843
0.070628,-0.749957,2.633,2.73863
0.0791741,-0.749957,2.633,2.73887
0.0877201,-0.749957,2.633,2.73913
0.0962662,-0.749957,2.633,2.73941
0.104812,-0.749957,2.633,2.73973
0.113358,-0.749957,2.633,2.74007
0.121904,-0.749957,2.633,2.74044
0.13045,-0.749957,2.633,2.74083
0.138997,-0.749957,2.633,2.74125
0.147543,-0.749957,2.633,2.7417
0.156089,-0.749957,2.633,2.74217
0.164635,-0.749957,2.633,2.74267
0.173181,-0.749957,2.633,2.74319
0.181727,-0.749957,2.633,2.74375
0.190273,-0.749957,2.633,2.74433
0.198819,-0.749957,2.633,2.74493
0.207365,-0.749957,2.633,2.74556
0.215911,-0.749957,2.633,2.74622
0.224457,-0.749957,2.633,2.74691
0.233003,-0.749957,2.633,2.74762
0.241549,-0.749957,2.633,2.74836
0.250095,-0.749957,2.633,2.74912
0.258641,-0.749957,2.633,2.74991
0.267187,-0.749957,2.633,2.75073
0.275734,-0.749957,2.633,2.75157
0.28428,-0.749957,2.633,2.75244
0.292826,-0.749957,2.633,2.75334
0.301372,-0.749957,2.633,2.75426
0.309918,-0.749957,2.633,2.75521
0.318464,-0.749957,2.633,2.75618
0.32701,-0.749957,2.633,2.75718
0.335556,-0.749957,2.633,2.75821
0.344102,-0.749957,2.633,2.75926
0.349969,-0.74426,2.613,2.73937
0.355707,-0.738564,2.593,2.7195
0.364123,-0.738564,2.593,2.72061
0.372539,-0.738564,2.593,2.72175
0.383894,-0.74426,2.613,2.74391
0.392375,-0.74426,2.613,2.74511
0.400856,-0.74426,2.613,2.74634
0.409337,-0.74426,2.613,2.74759
0.417819,-0.74426,2.613,2.74887
0.423037,-0.738564,2.593,2.72912
0.431453,-0.738564,2.593,2.73044
0.439869,-0.738564,2.593,2.73178
0.455201,-0.749957,2.633,2.77531
0.463747,-0.749957,2.633,2.77672
0.472293,-0.749957,2.633,2.77816
0.480839,-0.749957,2.633,2.77963
0.489385,-0.749957,2.633,2.78112
0.497931,-0.749957,2.633,2.78264
0.510517,-0.755938,2.654,2.80638
0.519131,-0.755938,2.654,2.80796
0.523569,-0.749957,2.633,2.78734
0.532115,-0.749957,2.633,2.78896
0.540662,-0.749957,2.633,2.7906
0.549208,-0.749957,2.633,2.79227
0.557754,-0.749957,2.633,2.79396
0.5663,-0.749957,2.633,2.79568
0.574846,-0.749957,2.633,2.79742
0.57896,-0.74426,2.613,2.77793
0.587442,-0.74426,2.613,2.77971
0.595923,-0.74426,2.613,2.78151
0.604404,-0.74426,2.613,2.78334
0.612885,-0.74426,2.613,2.7852
0.621366,-0.74426,2.613,2.78708
0.629847,-0.74426,2.613,2.78898
0.638328,-0.74426,2.613,2.79091
0.64681,-0.74426,2.613,2.79286
0.655291,-0.74426,2.613,2.79483
0.663772,-0.74426,2.613,2.79683
0.672253,-0.74426,2.613,2.79886
0.675524,-0.738564,2.593,2.77947
0.68394,-0.738564,2.593,2.78153
0.692356,-0.738564,2.593,2.78361
0.700773,-0.738564,2.593,2.78572
0.709189,-0.738564,2.593,2.78784
0.717605,-0.738564,2.593,2.79
0.726021,-0.738564,2.593,2.79217
0.729056,-0.733152,2.574,2.7739
0.737411,-0.733152,2.574,2.77611
0.75127,-0.738564,2.593,2.79884
0.759686,-0.738564,2.593,2.80112
0.762474,-0.733152,2.574,2.78287
0.770829,-0.733152,2.574,2.78517
0.779183,-0.733152,2.574,2.78749
0.787538,-0.733152,2.574,2.78984
0.795892,-0.733152,2.574,2.79221
0.798311,-0.72774,2.555,2.77397
0.806603,-0.72774,2.555,2.77637
0.814896,-0.72774,2.555,2.77879
0.817068,-0.722328,2.536,2.76055
0.825299,-0.722328,2.536,2.763
0.83353,-0.722328,2.536,2.76547
0.841761,-0.722328,2.536,2.76796
0.843624,-0.716917,2.517,2.74972
0.851794,-0.716917,2.517,2.75224
0.866455,-0.722328,2.536,2.77557
0.874686,-0.722328,2.536,2.77815
nan,nan,nan,NaN
nan,nan,nan,NaN
0.89938,-0.722328,2.536,2.78603
0.907611,-0.722328,2.536,2.78869
nan,nan,nan,NaN
nan,nan,nan,NaN
nan,nan,nan,NaN
nan,nan,nan,NaN
nan,nan,nan,NaN
nan,nan,nan,NaN
nan,nan,nan,NaN
nan,nan,nan,NaN
nan,nan,nan,NaN
nan,nan,nan,NaN
nan,nan,nan,NaN
nan,nan,nan,NaN
nan,nan,nan,NaN
nan,nan,nan,NaN
nan,nan,nan,NaN
nan,nan,nan,NaN
nan,nan,nan,NaN
nan,nan,nan,NaN
nan,nan,nan,NaN
nan,nan,nan,NaN
nan,nan,nan,NaN
nan,nan,nan,NaN
nan,nan,nan,NaN
nan,nan,nan,NaN
nan,nan,nan,NaN
nan,nan,nan,NaN
nan,nan,nan,NaN
nan,nan,nan,NaN
nan,nan,nan,NaN
nan,nan,nan,NaN
nan,nan,nan,NaN
nan,nan,nan,NaN
nan,nan,nan,NaN
nan,nan,nan,NaN
nan,nan,nan,NaN
nan,nan,nan,NaN
nan,nan,nan,NaN
nan,nan,nan,NaN
nan,nan,nan,NaN
nan,nan,nan,NaN
nan,nan,nan,NaN
nan,nan,nan,NaN
nan,nan,nan,NaN
nan,nan,nan,NaN
nan,nan,nan,NaN
nan,nan,nan,NaN
nan,nan,nan,NaN
nan,nan,nan,NaN
nan,nan,nan,NaN
nan,nan,nan,NaN
nan,nan,nan,NaN
nan,nan,nan,NaN
nan,nan,nan,NaN
nan,nan,nan,NaN
nan,nan,nan,NaN
nan,nan,nan,NaN
nan,nan,nan,NaN
nan,nan,nan,NaN
1.98,-1.02653,3.604,4.23828
1.9917,-1.02653,3.604,4.24375
2.02452,-1.03735,3.642,4.29406
2.03634,-1.03735,3.642,4.29965
2.02679,-1.02653,3.604,4.26034
2.03849,-1.02653,3.604,4.26591
2.05019,-1.02653,3.604,4.27152
2.06189,-1.02653,3.604,4.27714
2.07358,-1.02653,3.604,4.28279
2.08528,-1.02653,3.604,4.28847
2.09698,-1.02653,3.604,4.29417
2.08644,-1.0157,3.566,4.25456
2.09802,-1.0157,3.566,4.26025
2.0877,-1.00516,3.529,4.22169
2.07774,-0.99491,3.493,4.18425
2.08908,-0.99491,3.493,4.18989
2.07937,-0.984941,3.458,4.15351
2.06944,-0.974972,3.423,4.11705
2.08055,-0.974972,3.423,4.12264
2.07088,-0.965288,3.389,4.08725
2.04195,-0.946774,3.324,4.01434
2.01322,-0.928545,3.26,3.94244
2.0238,-0.928545,3.26,3.94785
1.99631,-0.91117,3.199,3.87932
1.95212,-0.88639,3.112,3.77902
1.96222,-0.88639,3.112,3.78425
1.93746,-0.870725,3.057,3.72252
1.91299,-0.855344,3.003,3.66185
1.92273,-0.855344,3.003,3.66695
1.91575,-0.847938,2.977,3.64028
1.9086,-0.840533,2.951,3.61354
1.91817,-0.840533,2.951,3.6186
1.89509,-0.826291,2.901,3.56229
1.88875,-0.819455,2.877,3.5378
1.89809,-0.819455,2.877,3.54279
1.89151,-0.812619,2.853,3.51821
1.88479,-0.805783,2.829,3.49356
1.89397,-0.805783,2.829,3.49852
1.88768,-0.799232,2.806,3.47502
1.88124,-0.792681,2.783,3.45145
1.89027,-0.792681,2.783,3.45638
-2.50021,-1.01483,3.604,4.5022
-2.48851,-1.01483,3.604,4.49571
-2.4507,-1.00413,3.566,4.44191
-2.3892,-0.983576,3.493,4.34474
-2.37786,-0.983576,3.493,4.33851
-2.34281,-0.973721,3.458,4.2889
-2.30799,-0.963865,3.423,4.23943
-2.29688,-0.963865,3.423,4.23339
-2.26306,-0.954291,3.389,4.18538
-2.23013,-0.944999,3.356,4.13875
-2.21924,-0.944999,3.356,4.13289
-2.18729,-0.935988,3.324,4.0877
-2.1765,-0.935988,3.324,4.08194
-2.16571,-0.935988,3.324,4.07619
-2.15492,-0.935988,3.324,4.07047
-2.12349,-0.926978,3.292,4.02564
-2.11281,-0.926978,3.292,4.02001
-2.10212,-0.926978,3.292,4.01441
-2.07111,-0.917967,3.26,3.96986
-2.04156,-0.909519,3.23,3.92786
-2.03108,-0.909519,3.23,3.92242
-2.0206,-0.909519,3.23,3.91701
-2.01011,-0.909519,3.23,3.91161
-1.99963,-0.909519,3.23,3.90623
-1.98915,-0.909519,3.23,3.90088
-1.97866,-0.909519,3.23,3.89554
-1.94929,-0.90079,3.199,3.85289
-1.93891,-0.90079,3.199,3.84765
-1.92852,-0.90079,3.199,3.84242
nan,nan,nan,NaN
nan,nan,nan,NaN
nan,nan,nan,NaN
nan,nan,nan,NaN
nan,nan,nan,NaN
nan,nan,nan,NaN
nan,nan,nan,NaN
nan,nan,nan,NaN
nan,nan,nan,NaN
nan,nan,nan,NaN
nan,nan,nan,NaN
nan,nan,nan,NaN
nan,nan,nan,NaN
nan,nan,nan,NaN
nan,nan,nan,NaN
nan,nan,nan,NaN
nan,nan,nan,NaN
nan,nan,nan,NaN
nan,nan,nan,NaN
nan,nan,nan,NaN
nan,nan,nan,NaN
nan,nan,nan,NaN
nan,nan,nan,NaN
nan,nan,nan,NaN
nan,nan,nan,NaN
nan,nan,nan,NaN
nan,nan,nan,NaN
nan,nan,nan,NaN
nan,nan,nan,NaN
nan,nan,nan,NaN
nan,nan,nan,NaN
nan,nan,nan,NaN
-1.32611,-0.75324,2.675,3.07921
-1.30708,-0.747326,2.654,3.05134
-1.29847,-0.747326,2.654,3.04766
-1.26021,-0.73015,2.593,2.97404
-1.25179,-0.73015,2.593,2.97048
nan,nan,nan,NaN
nan,nan,nan,NaN
nan,nan,nan,NaN
nan,nan,nan,NaN
nan,nan,nan,NaN
nan,nan,nan,NaN
nan,nan,nan,NaN
nan,nan,nan,NaN
nan,nan,nan,NaN
nan,nan,nan,NaN
nan,nan,nan,NaN
nan,nan,nan,NaN
nan,nan,nan,NaN
nan,nan,nan,NaN
nan,nan,nan,NaN
nan,nan,nan,NaN
nan,nan,nan,NaN
nan,nan,nan,NaN
nan,nan,nan,NaN
nan,nan,nan,NaN
-1.02116,-0.693544,2.463,2.75502
-1.01316,-0.693544,2.463,2.75207
-1.01251,-0.698612,2.481,2.76922
-1.00446,-0.698612,2.481,2.76629
-0.989178,-0.693544,2.463,2.74333
-0.981184,-0.693544,2.463,2.74045
-0.980302,-0.698612,2.481,2.75761
-0.972249,-0.698612,2.481,2.75476
-0.964196,-0.698612,2.481,2.75193
-0.956143,-0.698612,2.481,2.74911
-0.934334,-0.688475,2.445,2.70647
-0.926398,-0.688475,2.445,2.70374
-0.925224,-0.693544,2.463,2.72092
-0.917229,-0.693544,2.463,2.71821
-0.909235,-0.693544,2.463,2.71553
-0.907827,-0.698612,2.481,2.73269
-0.899774,-0.698612,2.481,2.73002
-0.891722,-0.698612,2.481,2.72738
-0.89008,-0.703681,2.499,2.74452
-0.888322,-0.708749,2.517,2.76165
-0.880152,-0.708749,2.517,2.75904
-0.871983,-0.708749,2.517,2.75644
-0.863813,-0.708749,2.517,2.75387
-0.862103,-0.714099,2.536,2.77208
-0.853871,-0.714099,2.536,2.76954
-0.851976,-0.71945,2.555,2.78774
-0.849957,-0.7248,2.574,2.80593
-0.841602,-0.7248,2.574,2.80341
-0.833248,-0.7248,2.574,2.80091
-0.824893,-0.7248,2.574,2.79844
-0.816539,-0.7248,2.574,2.79599
-0.808184,-0.7248,2.574,2.79356
-0.793925,-0.71945,2.555,2.77055
-0.785633,-0.71945,2.555,2.76819
-0.77734,-0.71945,2.555,2.76584
-0.769047,-0.71945,2.555,2.76352
-0.760754,-0.71945,2.555,2.76123
-0.752461,-0.71945,2.555,2.75895
-0.738634,-0.714099,2.536,2.7362
-0.730403,-0.714099,2.536,2.73399
-0.722172,-0.714099,2.536,2.73181
-0.719289,-0.71945,2.555,2.75009
-0.710996,-0.71945,2.555,2.74794
-0.702704,-0.71945,2.555,2.7458
-0.694411,-0.71945,2.555,2.74369
-0.69122,-0.7248,2.574,2.76199
-0.682866,-0.7248,2.574,2.75991
-0.674511,-0.7248,2.574,2.75786
-0.666156,-0.7248,2.574,2.75583
-0.657802,-0.7248,2.574,2.75382
-0.644653,-0.71945,2.555,2.73152
-0.63636,-0.71945,2.555,2.72958
-0.628067,-0.71945,2.555,2.72765
-0.619775,-0.71945,2.555,2.72576
-0.611482,-0.71945,2.555,2.72388
-0.603189,-0.71945,2.555,2.72203
-0.594896,-0.71945,2.555,2.72021
-0.582241,-0.714099,2.536,2.69819
-0.57401,-0.714099,2.536,2.69643
-0.565778,-0.714099,2.536,2.69469
-0.557547,-0.714099,2.536,2.69297
-0.549316,-0.714099,2.536,2.69128
-0.541085,-0.714099,2.536,2.68961
-0.532853,-0.714099,2.536,2.68797
-0.524622,-0.714099,2.536,2.68635
-0.512522,-0.708749,2.517,2.66464
-0.504353,-0.708749,2.517,2.66308
-0.496183,-0.708749,2.517,2.66154
-0.488013,-0.708749,2.517,2.66003
-0.479844,-0.708749,2.517,2.65855
-0.471674,-0.708749,2.517,2.65708
-0.463505,-0.708749,2.517,2.65565
-0.455335,-0.708749,2.517,2.65423
-0.447166,-0.708749,2.517,2.65284
-0.44231,-0.714099,2.536,2.67149
-0.434079,-0.714099,2.536,2.67014
-0.425848,-0.714099,2.536,2.66882
-0.417616,-0.714099,2.536,2.66752
-0.412452,-0.71945,2.555,2.68621
-0.404159,-0.71945,2.555,2.68495
-0.395866,-0.71945,2.555,2.68372
-0.390456,-0.7248,2.574,2.70246
-0.382101,-0.7248,2.574,2.70126
-0.373747,-0.7248,2.574,2.70009
-0.368089,-0.73015,2.593,2.71887
-0.362447,-0.735781,2.613,2.73871
-0.353966,-0.735781,2.613,2.7376
-0.345485,-0.735781,2.613,2.73651
-0.337004,-0.735781,2.613,2.73546
-0.328522,-0.735781,2.613,2.73442
-0.320041,-0.735781,2.613,2.73342
-0.313945,-0.741413,2.633,2.75335
-0.305399,-0.741413,2.633,2.75239
-0.296853,-0.741413,2.633,2.75146
-0.288307,-0.741413,2.633,2.75055
-0.279761,-0.741413,2.633,2.74966
-0.271215,-0.741413,2.633,2.74881
-0.260673,-0.735781,2.613,2.7271
-0.252192,-0.735781,2.613,2.72631
-0.243711,-0.735781,2.613,2.72553
-0.23523,-0.735781,2.613,2.72479
-0.226749,-0.735781,2.613,2.72407
-0.218268,-0.735781,2.613,2.72338
-0.209786,-0.735781,2.613,2.72271
-0.201305,-0.735781,2.613,2.72207
-0.192824,-0.735781,2.613,2.72146
-0.184343,-0.735781,2.613,2.72087
-0.175862,-0.735781,2.613,2.72031
-0.167381,-0.735781,2.613,2.71977
-0.1589,-0.735781,2.613,2.71926
-0.150418,-0.735781,2.613,2.71878
-0.141937,-0.735781,2.613,2.71832
-0.133456,-0.735781,2.613,2.7179
-0.124975,-0.735781,2.613,2.71749
-0.116494,-0.735781,2.613,2.71712
-0.108013,-0.735781,2.613,2.71676
-0.0995315,-0.735781,2.613,2.71644
-0.0910503,-0.735781,2.613,2.71614
-0.0825692,-0.735781,2.613,2.71587
-0.074088,-0.735781,2.613,2.71563
-0.0656069,-0.735781,2.613,2.71541
-0.0571257,-0.735781,2.613,2.71522
-0.0486446,-0.735781,2.613,2.71505
-0.0401634,-0.735781,2.613,2.71491
-0.0319248,-0.741413,2.633,2.73558
-0.0233787,-0.741413,2.633,2.73549
-0.0148326,-0.741413,2.633,2.73543
-0.00628658,-0.741413,2.633,2.7354
0.00225949,-0.741413,2.633,2.7354
0.0108056,-0.741413,2.633,2.73542
0.0193516,-0.741413,2.633,2.73546
0.0278977,-0.741413,2.633,2.73554
0.0364437,-0.741413,2.633,2.73564
0.0449898,-0.741413,2.633,2.73576
0.0535359,-0.741413,2.633,2.73592
0.0620819,-0.741413,2.633,2.7361
0.070628,-0.741413,2.633,2.73631
0.0791741,-0.741413,2.633,2.73654
0.0877201,-0.741413,2.633,2.7368
0.0962662,-0.741413,2.633,2.73709
0.104812,-0.741413,2.633,2.7374
0.113358,-0.741413,2.633,2.73774
0.121904,-0.741413,2.633,2.73811
0.13045,-0.741413,2.633,2.7385
0.138997,-0.741413,2.633,2.73892
0.147543,-0.741413,2.633,2.73937
0.156089,-0.741413,2.633,2.73984
0.164635,-0.741413,2.633,2.74034
0.173181,-0.741413,2.633,2.74087
0.181727,-0.741413,2.633,2.74142
0.190273,-0.741413,2.633,2.742
0.198819,-0.741413,2.633,2.74261
0.207365,-0.741413,2.633,2.74324
0.215911,-0.741413,2.633,2.7439
0.224457,-0.741413,2.633,2.74459
0.233003,-0.741413,2.633,2.7453
0.241549,-0.741413,2.633,2.74604
0.250095,-0.741413,2.633,2.7468
0.258641,-0.741413,2.633,2.7476
0.267187,-0.741413,2.633,2.74841
0.275734,-0.741413,2.633,2.74926
0.28428,-0.741413,2.633,2.75013
0.292826,-0.741413,2.633,2.75102
0.301372,-0.741413,2.633,2.75195
0.309918,-0.741413,2.633,2.7529
0.318464,-0.741413,2.633,2.75387
0.32701,-0.741413,2.633,2.75487
0.335556,-0.741413,2.633,2.7559
0.344102,-0.741413,2.633,2.75695
0.349969,-0.735781,2.613,2.73708
0.358451,-0.735781,2.613,2.73818
0.366932,-0.735781,2.613,2.7393
0.375413,-0.735781,2.613,2.74045
0.383894,-0.735781,2.613,2.74163
0.392375,-0.735781,2.613,2.74283
0.400856,-0.735781,2.613,2.74405
0.409337,-0.735781,2.613,2.74531
0.417819,-0.735781,2.613,2.74658
0.4263,-0.735781,2.613,2.74789
0.434781,-0.735781,2.613,2.74921
0.443262,-0.735781,2.613,2.75057
0.455201,-0.741413,2.633,2.77301
0.463747,-0.741413,2.633,2.77443
0.472293,-0.741413,2.633,2.77587
0.484674,-0.747326,2.654,2.79949
0.493288,-0.747326,2.654,2.80099
0.501903,-0.747326,2.654,2.80252
0.510517,-0.747326,2.654,2.80408
0.519131,-0.747326,2.654,2.80566
0.527745,-0.747326,2.654,2.80726
0.540603,-0.75324,2.675,2.83112
0.549286,-0.75324,2.675,2.83279
0.553588,-0.747326,2.654,2.81224
0.562202,-0.747326,2.654,2.81394
0.570816,-0.747326,2.654,2.81568
0.579431,-0.747326,2.654,2.81744
0.588045,-0.747326,2.654,2.81922
0.596659,-0.747326,2.654,2.82103
0.605273,-0.747326,2.654,2.82287
0.60903,-0.741413,2.633,2.80237
0.617576,-0.741413,2.633,2.80424
0.626122,-0.741413,2.633,2.80614
0.634668,-0.741413,2.633,2.80806
0.643214,-0.741413,2.633,2.81
0.65176,-0.741413,2.633,2.81197
0.660306,-0.741413,2.633,2.81396
0.663772,-0.735781,2.613,2.79459
0.672253,-0.735781,2.613,2.79662
0.680734,-0.735781,2.613,2.79867
0.689215,-0.735781,2.613,2.80074
0.697697,-0.735781,2.613,2.80284
0.706178,-0.735781,2.613,2.80497
0.714659,-0.735781,2.613,2.80711
0.72314,-0.735781,2.613,2.80928
0.726021,-0.73015,2.593,2.78996
0.734438,-0.73015,2.593,2.79216
0.748583,-0.735781,2.613,2.81594
0.757065,-0.735781,2.613,2.81821
0.765546,-0.735781,2.613,2.8205
0.768102,-0.73015,2.593,2.80121
0.776519,-0.73015,2.593,2.80352
0.784935,-0.73015,2.593,2.80587
0.793351,-0.73015,2.593,2.80823
0.801767,-0.73015,2.593,2.81062
0.804247,-0.7248,2.574,2.79242
0.812602,-0.7248,2.574,2.79484
0.820956,-0.7248,2.574,2.79728
0.829311,-0.7248,2.574,2.79974
0.831482,-0.71945,2.555,2.78155
0.839775,-0.71945,2.555,2.78404
0.848068,-0.71945,2.555,2.78655
0.856361,-0.71945,2.555,2.78908
0.858224,-0.714099,2.536,2.77088
0.866455,-0.714099,2.536,2.77344
0.874686,-0.714099,2.536,2.77602
nan,nan,nan,NaN
nan,nan,nan,NaN
0.89938,-0.714099,2.536,2.7839
0.907611,-0.714099,2.536,2.78657
nan,nan,nan,NaN
nan,nan,nan,NaN
nan,nan,nan,NaN
nan,nan,nan,NaN
nan,nan,nan,NaN
nan,nan,nan,NaN
nan,nan,nan,NaN
nan,nan,nan,NaN
nan,nan,nan,NaN
nan,nan,nan,NaN
nan,nan,nan,NaN
nan,nan,nan,NaN
nan,nan,nan,NaN
nan,nan,nan,NaN
nan,nan,nan,NaN
nan,nan,nan,NaN
nan,nan,nan,NaN
nan,nan,nan,NaN
nan,nan,nan,NaN
nan,nan,nan,NaN
nan,nan,nan,NaN
nan,nan,nan,NaN
nan,nan,nan,NaN
nan,nan,nan,NaN
nan,nan,nan,NaN
nan,nan,nan,NaN
nan,nan,nan,NaN
nan,nan,nan,NaN
nan,nan,nan,NaN
nan,nan,nan,NaN
nan,nan,nan,NaN
nan,nan,nan,NaN
nan,nan,nan,NaN
nan,nan,nan,NaN
nan,nan,nan,NaN
nan,nan,nan,NaN
nan,nan,nan,NaN
nan,nan,nan,NaN
nan,nan,nan,NaN
nan,nan,nan,NaN
nan,nan,nan,NaN
nan,nan,nan,NaN
nan,nan,nan,NaN
nan,nan,nan,NaN
nan,nan,nan,NaN
nan,nan,nan,NaN
nan,nan,nan,NaN
nan,nan,nan,NaN
nan,nan,nan,NaN
nan,nan,nan,NaN
nan,nan,nan,NaN
nan,nan,nan,NaN
nan,nan,nan,NaN
nan,nan,nan,NaN
nan,nan,nan,NaN
nan,nan,nan,NaN
nan,nan,nan,NaN
nan,nan,nan,NaN
1.98,-1.01483,3.604,4.23546
1.9917,-1.01483,3.604,4.24094
2.02452,-1.02553,3.642,4.29122
2.03634,-1.02553,3.642,4.29681
2.02679,-1.01483,3.604,4.25753
2.03849,-1.01483,3.604,4.26311
2.05019,-1.01483,3.604,4.26872
2.06189,-1.01483,3.604,4.27435
2.07358,-1.01483,3.604,4.28001
2.08528,-1.01483,3.604,4.28569
2.07487,-1.00413,3.566,4.24614
2.06479,-0.993713,3.529,4.20769
2.07625,-0.993713,3.529,4.21333
2.0877,-0.993713,3.529,4.21898
2.07774,-0.983576,3.493,4.18157
2.08908,-0.983576,3.493,4.18721
2.05833,-0.963865,3.423,4.10885
2.04888,-0.954291,3.389,4.07356
2.05988,-0.954291,3.389,4.07911
2.05072,-0.944999,3.356,4.0449
2.04195,-0.935988,3.324,4.01181
1.99469,-0.909519,3.23,3.90371
2.00517,-0.909519,3.23,3.90907
1.97821,-0.892624,3.17,3.84175
1.95212,-0.876292,3.112,3.77667
1.96222,-0.876292,3.112,3.7819
1.93746,-0.860805,3.057,3.72022
1.91299,-0.8456,3.003,3.65959
1.92273,-0.8456,3.003,3.66469
1.91575,-0.838278,2.977,3.63804
1.9086,-0.830957,2.951,3.61132
1.91817,-0.830957,2.951,3.61639
1.89509,-0.816878,2.901,3.56012
1.88875,-0.81012,2.877,3.53565
1.89809,-0.81012,2.877,3.54064
1.89151,-0.803362,2.853,3.51608
1.88479,-0.796604,2.829,3.49145
1.89397,-0.796604,2.829,3.49642
1.88768,-0.790127,2.806,3.47293
1.88124,-0.783651,2.783,3.44938
1.89027,-0.783651,2.783,3.45432
-2.50021,-1.00314,3.604,4.49957
-2.48851,-1.00314,3.604,4.49308
-2.4507,-0.992561,3.566,4.43931
-2.41382,-0.982262,3.529,4.38694
-2.40237,-0.982262,3.529,4.38064
-2.34281,-0.9625,3.458,4.28637
-2.30799,-0.952758,3.423,4.23692
-2.29688,-0.952758,3.423,4.23088
-2.26306,-0.943295,3.389,4.18289
-2.23013,-0.934109,3.356,4.13628
-2.21924,-0.934109,3.356,4.13041
-2.18729,-0.925202,3.324,4.08524
-2.1765,-0.925202,3.324,4.07948
-2.16571,-0.925202,3.324,4.07373
-2.15492,-0.925202,3.324,4.06801
-2.12349,-0.916296,3.292,4.02319
-2.11281,-0.916296,3.292,4.01756
-2.10212,-0.916296,3.292,4.01195
-2.09144,-0.916296,3.292,4.00637
-2.06053,-0.907389,3.26,3.96191
-2.04995,-0.907389,3.26,3.95642
-2.03936,-0.907389,3.26,3.95094
-2.01011,-0.899039,3.23,3.90919
-1.99963,-0.899039,3.23,3.9038
-1.98915,-0.899039,3.23,3.89845
-1.97866,-0.899039,3.23,3.89311
-1.94929,-0.89041,3.199,3.85048
-1.93891,-0.89041,3.199,3.84523
-1.92852,-0.89041,3.199,3.84
-1.93673,-0.899039,3.23,3.87196
nan,nan,nan,NaN
nan,nan,nan,NaN
nan,nan,nan,NaN
nan,nan,nan,NaN
nan,nan,nan,NaN
nan,nan,nan,NaN
nan,nan,nan,NaN
nan,nan,nan,NaN
nan,nan,nan,NaN
nan,nan,nan,NaN
nan,nan,nan,NaN
nan,nan,nan,NaN
nan,nan,nan,NaN
nan,nan,nan,NaN
nan,nan,nan,NaN
nan,nan,nan,NaN
nan,nan,nan,NaN
nan,nan,nan,NaN
nan,nan,nan,NaN
nan,nan,nan,NaN
nan,nan,nan,NaN
nan,nan,nan,NaN
nan,nan,nan,NaN
nan,nan,nan,NaN
nan,nan,nan,NaN
nan,nan,nan,NaN
nan,nan,nan,NaN
nan,nan,nan,NaN
nan,nan,nan,NaN
nan,nan,nan,NaN
nan,nan,nan,NaN
nan,nan,nan,NaN
nan,nan,nan,NaN
nan,nan,nan,NaN
nan,nan,nan,NaN
nan,nan,nan,NaN
nan,nan,nan,NaN
nan,nan,nan,NaN
nan,nan,nan,NaN
nan,nan,nan,NaN
nan,nan,nan,NaN
nan,nan,nan,NaN
nan,nan,nan,NaN
nan,nan,nan,NaN
nan,nan,nan,NaN
nan,nan,nan,NaN
nan,nan,nan,NaN
nan,nan,nan,NaN
nan,nan,nan,NaN
nan,nan,nan,NaN
nan,nan,nan,NaN
nan,nan,nan,NaN
nan,nan,nan,NaN
nan,nan,nan,NaN
nan,nan,nan,NaN
nan,nan,nan,NaN
nan,nan,nan,NaN
-1.02057,-0.690562,2.481,2.77016
-1.01251,-0.690562,2.481,2.7672
-1.00446,-0.690562,2.481,2.76427
-0.996407,-0.690562,2.481,2.76135
-0.988354,-0.690562,2.481,2.75846
-0.980302,-0.690562,2.481,2.75558
-0.972249,-0.690562,2.481,2.75273
-0.964196,-0.690562,2.481,2.74989
-0.956143,-0.690562,2.481,2.74708
-0.948091,-0.690562,2.481,2.74429
-0.940038,-0.690562,2.481,2.74152
-0.925224,-0.685552,2.463,2.71889
-0.917229,-0.685552,2.463,2.71618
-0.909235,-0.685552,2.463,2.7135
-0.907827,-0.690562,2.481,2.73064
-0.899774,-0.690562,2.481,2.72797
-0.891722,-0.690562,2.481,2.72533
-0.89008,-0.695572,2.499,2.74246
-0.888322,-0.700582,2.517,2.75957
-0.880152,-0.700582,2.517,2.75695
-0.871983,-0.700582,2.517,2.75435
-0.863813,-0.700582,2.517,2.75178
-0.862103,-0.705871,2.536,2.76998
-0.853871,-0.705871,2.536,2.76743
-0.851976,-0.711159,2.555,2.78561
-0.849957,-0.716447,2.574,2.80378
-0.841602,-0.716447,2.574,2.80126
-0.833248,-0.716447,2.574,2.79876
-0.824893,-0.716447,2.574,2.79629
-0.810511,-0.711159,2.555,2.77321
-0.802218,-0.711159,2.555,2.7708
-0.793925,-0.711159,2.555,2.76841
-0.785633,-0.711159,2.555,2.76604
-0.77734,-0.711159,2.555,2.7637
-0.769047,-0.711159,2.555,2.76138
-0.760754,-0.711159,2.555,2.75908
-0.752461,-0.711159,2.555,2.7568
-0.738634,-0.705871,2.536,2.73407
-0.730403,-0.705871,2.536,2.73186
-0.722172,-0.705871,2.536,2.72967
-0.719289,-0.711159,2.555,2.74794
-0.710996,-0.711159,2.555,2.74578
-0.702704,-0.711159,2.555,2.74364
-0.694411,-0.711159,2.555,2.74153
-0.686118,-0.711159,2.555,2.73944
-0.682866,-0.716447,2.574,2.75773
-0.674511,-0.716447,2.574,2.75567
-0.666156,-0.716447,2.574,2.75364
-0.657802,-0.716447,2.574,2.75163
-0.644653,-0.711159,2.555,2.72935
-0.63636,-0.711159,2.555,2.7274
-0.628067,-0.711159,2.555,2.72548
-0.619775,-0.711159,2.555,2.72358
-0.611482,-0.711159,2.555,2.72171
-0.603189,-0.711159,2.555,2.71985
-0.594896,-0.711159,2.555,2.71803
-0.582241,-0.705871,2.536,2.69603
-0.57401,-0.705871,2.536,2.69426
-0.565778,-0.705871,2.536,2.69252
-0.557547,-0.705871,2.536,2.6908
-0.549316,-0.705871,2.536,2.68911
-0.541085,-0.705871,2.536,2.68744
-0.532853,-0.705871,2.536,2.68579
-0.524622,-0.705871,2.536,2.68417
-0.512522,-0.700582,2.517,2.66248
-0.504353,-0.700582,2.517,2.66092
-0.496183,-0.700582,2.517,2.65938
-0.488013,-0.700582,2.517,2.65787
-0.479844,-0.700582,2.517,2.65638
-0.471674,-0.700582,2.517,2.65492
-0.463505,-0.700582,2.517,2.65348
-0.455335,-0.700582,2.517,2.65206
-0.447166,-0.700582,2.517,2.65067
-0.44231,-0.705871,2.536,2.6693
-0.434079,-0.705871,2.536,2.66795
-0.425848,-0.705871,2.536,2.66663
-0.417616,-0.705871,2.536,2.66532
-0.412452,-0.711159,2.555,2.68401
-0.404159,-0.711159,2.555,2.68274
-0.395866,-0.711159,2.555,2.68151
-0.390456,-0.716447,2.574,2.70023
-0.387891,-0.727303,2.613,2.73993
-0.379409,-0.727303,2.613,2.73874
-0.370928,-0.727303,2.613,2.73758
-0.362447,-0.727303,2.613,2.73644
-0.353966,-0.727303,2.613,2.73533
-0.345485,-0.727303,2.613,2.73425
-0.339583,-0.732869,2.633,2.75411
-0.331037,-0.732869,2.633,2.75307
-0.322491,-0.732869,2.633,2.75205
-0.313945,-0.732869,2.633,2.75106
-0.305399,-0.732869,2.633,2.7501
-0.296853,-0.732869,2.633,2.74917
-0.288307,-0.732869,2.633,2.74826
-0.281992,-0.738715,2.654,2.76928
-0.273378,-0.738715,2.654,2.76842
-0.262669,-0.732869,2.633,2.74568
-0.254122,-0.732869,2.633,2.74488
-0.245576,-0.732869,2.633,2.7441
-0.23703,-0.732869,2.633,2.74335
-0.228484,-0.732869,2.633,2.74262
-0.219938,-0.732869,2.633,2.74193
-0.211392,-0.732869,2.633,2.74125
-0.202846,-0.732869,2.633,2.74061
-0.1943,-0.732869,2.633,2.73999
-0.185754,-0.732869,2.633,2.7394
-0.177208,-0.732869,2.633,2.73883
-0.168662,-0.732869,2.633,2.73829
-0.160116,-0.732869,2.633,2.73778
-0.15157,-0.732869,2.633,2.73729
-0.143024,-0.732869,2.633,2.73683
-0.134478,-0.732869,2.633,2.7364
-0.125931,-0.732869,2.633,2.73599
-0.117385,-0.732869,2.633,2.73561
-0.108839,-0.732869,2.633,2.73526
-0.100293,-0.732869,2.633,2.73493
-0.0917472,-0.732869,2.633,2.73463
-0.0832012,-0.732869,2.633,2.73436
-0.0746551,-0.732869,2.633,2.73411
-0.066109,-0.732869,2.633,2.73389
-0.057563,-0.732869,2.633,2.7337
-0.0494078,-0.738715,2.654,2.75533
-0.0404708,-0.732869,2.633,2.73339
-0.0319248,-0.732869,2.633,2.73328
-0.0233787,-0.732869,2.633,2.73319
-0.0148326,-0.732869,2.633,2.73313
-0.00628658,-0.732869,2.633,2.7331
0.00225949,-0.732869,2.633,2.73309
0.0108056,-0.732869,2.633,2.73311
0.0193516,-0.732869,2.633,2.73316
0.0278977,-0.732869,2.633,2.73323
0.0364437,-0.732869,2.633,2.73333
0.0449898,-0.732869,2.633,2.73346
0.0539629,-0.738715,2.654,2.75542
0.0625771,-0.738715,2.654,2.7556
0.0711913,-0.738715,2.654,2.75581
0.0798055,-0.738715,2.654,2.75605
0.0884198,-0.738715,2.654,2.75631
0.097034,-0.738715,2.654,2.7566
0.105648,-0.738715,2.654,2.75691
0.114262,-0.738715,2.654,2.75726
0.122877,-0.738715,2.654,2.75763
0.131491,-0.738715,2.654,2.75803
0.140105,-0.738715,2.654,2.75845
0.148719,-0.738715,2.654,2.7589
0.157334,-0.738715,2.654,2.75938
0.165948,-0.738715,2.654,2.75988
0.174562,-0.738715,2.654,2.76041
0.183176,-0.738715,2.654,2.76097
0.19179,-0.738715,2.654,2.76156
0.200405,-0.738715,2.654,2.76217
0.209019,-0.738715,2.654,2.76281
0.217633,-0.738715,2.654,2.76347
0.226247,-0.738715,2.654,2.76416
0.234862,-0.738715,2.654,2.76488
0.243476,-0.738715,2.654,2.76563
0.25209,-0.738715,2.654,2.7664
0.260704,-0.738715,2.654,2.7672
0.269318,-0.738715,2.654,2.76802
0.277933,-0.738715,2.654,2.76887
0.286547,-0.738715,2.654,2.76975
0.295161,-0.738715,2.654,2.77066
0.303775,-0.738715,2.654,2.77159
0.31239,-0.738715,2.654,2.77254
0.321004,-0.738715,2.654,2.77353
0.329618,-0.738715,2.654,2.77454
0.335556,-0.732869,2.633,2.75361
0.344102,-0.732869,2.633,2.75467
0.352648,-0.732869,2.633,2.75575
0.361194,-0.732869,2.633,2.75685
0.36974,-0.732869,2.633,2.75799
0.378286,-0.732869,2.633,2.75915
0.386832,-0.732869,2.633,2.76033
0.395378,-0.732869,2.633,2.76154
0.403924,-0.732869,2.633,2.76278
0.412471,-0.732869,2.633,2.76404
0.421017,-0.732869,2.633,2.76533
0.429563,-0.732869,2.633,2.76664
0.438109,-0.732869,2.633,2.76798
0.446655,-0.732869,2.633,2.76935
0.455201,-0.732869,2.633,2.77074
0.463747,-0.732869,2.633,2.77216
0.47606,-0.738715,2.654,2.79572
0.484674,-0.738715,2.654,2.7972
0.493288,-0.738715,2.654,2.7987
0.501903,-0.738715,2.654,2.80024
0.510517,-0.738715,2.654,2.80179
0.519131,-0.738715,2.654,2.80338
0.527745,-0.738715,2.654,2.80498
0.540603,-0.74456,2.675,2.82882
0.549286,-0.74456,2.675,2.8305
0.557968,-0.74456,2.675,2.83219
0.562202,-0.738715,2.654,2.81167
0.570816,-0.738715,2.654,2.8134
0.579431,-0.738715,2.654,2.81517
0.588045,-0.738715,2.654,2.81695
0.596659,-0.738715,2.654,2.81876
0.605273,-0.738715,2.654,2.8206
0.60903,-0.732869,2.633,2.80013
0.617576,-0.732869,2.633,2.802
0.626122,-0.732869,2.633,2.80389
0.634668,-0.732869,2.633,2.80581
0.643214,-0.732869,2.633,2.80776
0.65176,-0.732869,2.633,2.80973
0.660306,-0.732869,2.633,2.81172
0.668853,-0.732869,2.633,2.81374
0.677399,-0.732869,2.633,2.81579
0.680734,-0.727303,2.613,2.79645
0.689215,-0.727303,2.613,2.79853
0.703037,-0.732869,2.633,2.82206
0.711583,-0.732869,2.633,2.82421
0.714659,-0.727303,2.613,2.8049
0.72314,-0.727303,2.613,2.80708
0.731621,-0.727303,2.613,2.80927
0.740102,-0.727303,2.613,2.81149
0.748583,-0.727303,2.613,2.81374
0.762859,-0.732869,2.633,2.83756
0.765546,-0.727303,2.613,2.8183
0.774027,-0.727303,2.613,2.82061
0.782508,-0.727303,2.613,2.82295
0.790989,-0.727303,2.613,2.82531
0.793351,-0.721736,2.593,2.80606
0.801767,-0.721736,2.593,2.80845
0.810184,-0.721736,2.593,2.81086
0.8186,-0.721736,2.593,2.8133
0.827016,-0.721736,2.593,2.81576
0.829311,-0.716447,2.574,2.79759
0.837665,-0.716447,2.574,2.80008
0.839775,-0.711159,2.555,2.7819
0.848068,-0.711159,2.555,2.78442
0.856361,-0.711159,2.555,2.78696
0.858224,-0.705871,2.536,2.76877
0.866455,-0.705871,2.536,2.77133
0.874686,-0.705871,2.536,2.77392
nan,nan,nan,NaN
nan,nan,nan,NaN
0.89938,-0.705871,2.536,2.7818
0.907611,-0.705871,2.536,2.78448
nan,nan,nan,NaN
nan,nan,nan,NaN
nan,nan,nan,NaN
nan,nan,nan,NaN
nan,nan,nan,NaN
nan,nan,nan,NaN
nan,nan,nan,NaN
nan,nan,nan,NaN
nan,nan,nan,NaN
nan,nan,nan,NaN
nan,nan,nan,NaN
nan,nan,nan,NaN
nan,nan,nan,NaN
nan,nan,nan,NaN
nan,nan,nan,NaN
nan,nan,nan,NaN
nan,nan,nan,NaN
nan,nan,nan,NaN
nan,nan,nan,NaN
nan,nan,nan,NaN
nan,nan,nan,NaN
nan,nan,nan,NaN
nan,nan,nan,NaN
nan,nan,nan,NaN
nan,nan,nan,NaN
nan,nan,nan,NaN
nan,nan,nan,NaN
nan,nan,nan,NaN
nan,nan,nan,NaN
nan,nan,nan,NaN
nan,nan,nan,NaN
nan,nan,nan,NaN
nan,nan,nan,NaN
nan,nan,nan,NaN
nan,nan,nan,NaN
nan,nan,nan,NaN
nan,nan,nan,NaN
nan,nan,nan,NaN
nan,nan,nan,NaN
nan,nan,nan,NaN
nan,nan,nan,NaN
nan,nan,nan,NaN
nan,nan,nan,NaN
nan,nan,nan,NaN
nan,nan,nan,NaN
nan,nan,nan,NaN
nan,nan,nan,NaN
nan,nan,nan,NaN
nan,nan,nan,NaN
nan,nan,nan,NaN
nan,nan,nan,NaN
nan,nan,nan,NaN
nan,nan,nan,NaN
nan,nan,nan,NaN
nan,nan,nan,NaN
nan,nan,nan,NaN
nan,nan,nan,NaN
nan,nan,nan,NaN
nan,nan,nan,NaN
2.0127,-1.01371,3.642,4.28284
2.02452,-1.01371,3.642,4.28841
2.03634,-1.01371,3.642,4.294
2.02679,-1.00314,3.604,4.25476
2.03849,-1.00314,3.604,4.26035
2.05019,-1.00314,3.604,4.26595
2.06189,-1.00314,3.604,4.27159
2.07358,-1.00314,3.604,4.27725
2.08528,-1.00314,3.604,4.28293
2.07487,-0.992561,3.566,4.24342
2.06479,-0.982262,3.529,4.205
2.07625,-0.982262,3.529,4.21064
2.06641,-0.972242,3.493,4.17329
2.05692,-0.9625,3.458,4.13704
2.06815,-0.9625,3.458,4.14263
2.05833,-0.952758,3.423,4.10626
2.04888,-0.943295,3.389,4.071
2.05988,-0.943295,3.389,4.07655
2.05072,-0.934109,3.356,4.04237
2.02229,-0.916296,3.292,3.97071
1.99469,-0.899039,3.23,3.90128
2.00517,-0.899039,3.23,3.90665
1.97821,-0.882338,3.17,3.83937
1.93456,-0.858401,3.084,3.74038
1.94457,-0.858401,3.084,3.74556
1.93746,-0.850886,3.057,3.71793
1.91299,-0.835855,3.003,3.65735
1.92273,-0.835855,3.003,3.66245
1.91575,-0.828618,2.977,3.63583
1.9086,-0.821382,2.951,3.60913
1.91817,-0.821382,2.951,3.6142
1.89509,-0.807465,2.901,3.55797
1.88875,-0.800784,2.877,3.53352
1.89809,-0.800784,2.877,3.53852
1.8756,-0.787424,2.829,3.48442
1.86946,-0.781022,2.806,3.461
1.87857,-0.781022,2.806,3.46593
1.8722,-0.77462,2.783,3.44242
1.86637,-0.768497,2.761,3.42009
1.86038,-0.762374,2.739,3.3977
-2.50021,-0.991443,3.604,4.49698
-2.48851,-0.991443,3.604,4.49049
-2.4507,-0.98099,3.566,4.43674
-2.41382,-0.970811,3.529,4.38439
-2.40237,-0.970811,3.529,4.37809
-2.36652,-0.960908,3.493,4.32722
-2.30799,-0.941651,3.423,4.23443
-2.29688,-0.941651,3.423,4.22839
-2.26306,-0.932298,3.389,4.18042
-2.25206,-0.932298,3.389,4.17448
-2.24106,-0.932298,3.389,4.16856
-2.20835,-0.92322,3.356,4.12212
-2.19745,-0.92322,3.356,4.11629
-2.16571,-0.914417,3.324,4.0713
-2.15492,-0.914417,3.324,4.06557
-2.14413,-0.914417,3.324,4.05986
-2.13335,-0.914417,3.324,4.05417
-2.12256,-0.914417,3.324,4.0485
-2.09144,-0.905614,3.292,4.00394
-2.06053,-0.896811,3.26,3.9595
-2.04995,-0.896811,3.26,3.954
-2.03936,-0.896811,3.26,3.94853
-2.02878,-0.896811,3.26,3.94307
-1.99963,-0.888558,3.23,3.9014
-1.98915,-0.888558,3.23,3.89604
-1.97866,-0.888558,3.23,3.8907
-1.96818,-0.888558,3.23,3.88538
-1.95769,-0.888558,3.23,3.88008
-1.94721,-0.888558,3.23,3.8748
-1.93673,-0.888558,3.23,3.86954
nan,nan,nan,NaN
nan,nan,nan,NaN
nan,nan,nan,NaN
nan,nan,nan,NaN
nan,nan,nan,NaN
nan,nan,nan,NaN
nan,nan,nan,NaN
nan,nan,nan,NaN
nan,nan,nan,NaN
nan,nan,nan,NaN
nan,nan,nan,NaN
nan,nan,nan,NaN
nan,nan,nan,NaN
nan,nan,nan,NaN
nan,nan,nan,NaN
nan,nan,nan,NaN
nan,nan,nan,NaN
nan,nan,nan,NaN
nan,nan,nan,NaN
nan,nan,nan,NaN
nan,nan,nan,NaN
nan,nan,nan,NaN
nan,nan,nan,NaN
nan,nan,nan,NaN
nan,nan,nan,NaN
nan,nan,nan,NaN
nan,nan,nan,NaN
nan,nan,nan,NaN
nan,nan,nan,NaN
nan,nan,nan,NaN
nan,nan,nan,NaN
nan,nan,nan,NaN
nan,nan,nan,NaN
nan,nan,nan,NaN
nan,nan,nan,NaN
nan,nan,nan,NaN
nan,nan,nan,NaN
nan,nan,nan,NaN
nan,nan,nan,NaN
nan,nan,nan,NaN
nan,nan,nan,NaN
nan,nan,nan,NaN
nan,nan,nan,NaN
nan,nan,nan,NaN
nan,nan,nan,NaN
nan,nan,nan,NaN
nan,nan,nan,NaN
nan,nan,nan,NaN
nan,nan,nan,NaN
nan,nan,nan,NaN
nan,nan,nan,NaN
nan,nan,nan,NaN
nan,nan,nan,NaN
nan,nan,nan,NaN
nan,nan,nan,NaN
nan,nan,nan,NaN
nan,nan,nan,NaN
-1.02057,-0.682511,2.481,2.76816
-1.01251,-0.682511,2.481,2.76521
-1.00446,-0.682511,2.481,2.76227
-0.996407,-0.682511,2.481,2.75935
-0.988354,-0.682511,2.481,2.75645
-0.980302,-0.682511,2.481,2.75358
-0.972249,-0.682511,2.481,2.75072
-0.964196,-0.682511,2.481,2.74788
-0.956143,-0.682511,2.481,2.74507
-0.948091,-0.682511,2.481,2.74227
-0.940038,-0.682511,2.481,2.7395
-0.931985,-0.682511,2.481,2.73675
-0.923933,-0.682511,2.481,2.73401
-0.91588,-0.682511,2.481,2.7313
-0.907827,-0.682511,2.481,2.72861
-0.899774,-0.682511,2.481,2.72595
-0.891722,-0.682511,2.481,2.7233
-0.896491,-0.692415,2.517,2.76015
-0.888322,-0.692415,2.517,2.75751
-0.880152,-0.692415,2.517,2.75489
-0.878565,-0.697642,2.536,2.77306
-0.870334,-0.697642,2.536,2.77047
-0.868562,-0.702868,2.555,2.78863
-0.860269,-0.702868,2.555,2.78606
-0.858311,-0.708095,2.574,2.80421
-0.849957,-0.708095,2.574,2.80166
-0.841602,-0.708095,2.574,2.79914
-0.833248,-0.708095,2.574,2.79664
-0.824893,-0.708095,2.574,2.79416
-0.810511,-0.702868,2.555,2.7711
-0.802218,-0.702868,2.555,2.76868
-0.793925,-0.702868,2.555,2.76629
-0.785633,-0.702868,2.555,2.76392
-0.77734,-0.702868,2.555,2.76158
-0.769047,-0.702868,2.555,2.75925
-0.760754,-0.702868,2.555,2.75695
-0.752461,-0.702868,2.555,2.75468
-0.744168,-0.702868,2.555,2.75242
-0.735875,-0.702868,2.555,2.75019
-0.727582,-0.702868,2.555,2.74799
-0.719289,-0.702868,2.555,2.7458
-0.710996,-0.702868,2.555,2.74364
-0.702704,-0.702868,2.555,2.7415
-0.694411,-0.702868,2.555,2.73939
-0.686118,-0.702868,2.555,2.7373
-0.682866,-0.708095,2.574,2.75557
-0.674511,-0.708095,2.574,2.75351
-0.666156,-0.708095,2.574,2.75148
-0.657802,-0.708095,2.574,2.74947
-0.649447,-0.708095,2.574,2.74748
-0.63636,-0.702868,2.555,2.72525
-0.628067,-0.702868,2.555,2.72333
-0.619775,-0.702868,2.555,2.72143
-0.611482,-0.702868,2.555,2.71955
-0.603189,-0.702868,2.555,2.7177
-0.594896,-0.702868,2.555,2.71587
-0.586603,-0.702868,2.555,2.71407
-0.57831,-0.702868,2.555,2.71229
-0.570017,-0.702868,2.555,2.71053
-0.561724,-0.702868,2.555,2.7088
-0.553431,-0.702868,2.555,2.70709
-0.545139,-0.702868,2.555,2.70541
-0.532853,-0.697642,2.536,2.68364
-0.524622,-0.697642,2.536,2.68202
-0.516391,-0.697642,2.536,2.68042
-0.50816,-0.697642,2.536,2.67885
-0.499929,-0.697642,2.536,2.6773
-0.491697,-0.697642,2.536,2.67577
-0.483466,-0.697642,2.536,2.67427
-0.475235,-0.697642,2.536,2.6728
-0.467004,-0.697642,2.536,2.67135
-0.458772,-0.697642,2.536,2.66992
-0.450541,-0.697642,2.536,2.66852
-0.44231,-0.697642,2.536,2.66714
-0.434079,-0.697642,2.536,2.66579
-0.429038,-0.702868,2.555,2.68442
-0.420745,-0.702868,2.555,2.68311
-0.412452,-0.702868,2.555,2.68182
-0.407165,-0.708095,2.574,2.70049
-0.39881,-0.708095,2.574,2.69925
-0.390456,-0.708095,2.574,2.69802
-0.384922,-0.713322,2.593,2.71673
-0.376505,-0.713322,2.593,2.71555
-0.368089,-0.713322,2.593,2.7144
-0.365221,-0.724326,2.633,2.75513
-0.356675,-0.724326,2.633,2.75401
-0.348129,-0.724326,2.633,2.75291
-0.339583,-0.724326,2.633,2.75185
-0.331037,-0.724326,2.633,2.7508
-0.322491,-0.724326,2.633,2.74979
-0.316449,-0.730103,2.654,2.77072
-0.307835,-0.730103,2.654,2.76975
-0.29922,-0.730103,2.654,2.76881
-0.290606,-0.730103,2.654,2.76789
-0.281992,-0.730103,2.654,2.767
-0.273378,-0.730103,2.654,2.76613
-0.262669,-0.724326,2.633,2.74342
-0.254122,-0.724326,2.633,2.74261
-0.245576,-0.724326,2.633,2.74183
-0.23703,-0.724326,2.633,2.74108
-0.228484,-0.724326,2.633,2.74035
-0.219938,-0.724326,2.633,2.73966
-0.211392,-0.724326,2.633,2.73898
-0.202846,-0.724326,2.633,2.73834
-0.1943,-0.724326,2.633,2.73772
-0.185754,-0.724326,2.633,2.73712
-0.177208,-0.724326,2.633,2.73656
-0.168662,-0.724326,2.633,2.73602
-0.160116,-0.724326,2.633,2.7355
-0.15157,-0.724326,2.633,2.73502
-0.143024,-0.724326,2.633,2.73456
-0.134478,-0.724326,2.633,2.73412
-0.125931,-0.724326,2.633,2.73371
-0.117385,-0.724326,2.633,2.73333
-0.108839,-0.724326,2.633,2.73298
-0.100293,-0.724326,2.633,2.73265
-0.0917472,-0.724326,2.633,2.73235
-0.0832012,-0.724326,2.633,2.73208
-0.0746551,-0.724326,2.633,2.73183
-0.0666363,-0.730103,2.654,2.7534
-0.0580221,-0.730103,2.654,2.7532
-0.0494078,-0.730103,2.654,2.75304
-0.0407936,-0.730103,2.654,2.75289
-0.0321794,-0.730103,2.654,2.75278
-0.0235652,-0.730103,2.654,2.75269
-0.0149509,-0.730103,2.654,2.75263
-0.00633672,-0.730103,2.654,2.7526
0.00227751,-0.730103,2.654,2.75259
0.0108917,-0.730103,2.654,2.75261
0.019506,-0.730103,2.654,2.75266
0.0281202,-0.730103,2.654,2.75274
0.0367344,-0.730103,2.654,2.75284
0.0453486,-0.730103,2.654,2.75297
0.0539629,-0.730103,2.654,2.75312
0.0625771,-0.730103,2.654,2.7533
0.0711913,-0.730103,2.654,2.75351
0.0798055,-0.730103,2.654,2.75375
0.0884198,-0.730103,2.654,2.75401
0.097034,-0.730103,2.654,2.7543
0.105648,-0.730103,2.654,2.75462
0.114262,-0.730103,2.654,2.75496
0.122877,-0.730103,2.654,2.75533
0.131491,-0.730103,2.654,2.75573
0.140105,-0.730103,2.654,2.75616
0.148719,-0.730103,2.654,2.75661
0.157334,-0.730103,2.654,2.75709
0.167261,-0.73588,2.675,2.77941
0.175943,-0.73588,2.675,2.77995
0.184626,-0.73588,2.675,2.78051
0.193308,-0.73588,2.675,2.7811
0.20199,-0.73588,2.675,2.78172
0.210673,-0.73588,2.675,2.78236
0.219355,-0.73588,2.675,2.78303
0.228038,-0.73588,2.675,2.78373
0.23672,-0.73588,2.675,2.78445
0.245402,-0.73588,2.675,2.78521
0.254085,-0.73588,2.675,2.78598
0.262767,-0.73588,2.675,2.78679
0.27145,-0.73588,2.675,2.78762
0.280132,-0.73588,2.675,2.78848
0.288814,-0.73588,2.675,2.78937
0.297497,-0.73588,2.675,2.79028
0.303775,-0.730103,2.654,2.7693
0.31239,-0.730103,2.654,2.77026
0.321004,-0.730103,2.654,2.77125
0.329618,-0.730103,2.654,2.77226
0.335556,-0.724326,2.633,2.75135
0.344102,-0.724326,2.633,2.75241
0.352648,-0.724326,2.633,2.75349
0.358451,-0.718824,2.613,2.73367
0.366932,-0.718824,2.613,2.7348
0.375413,-0.718824,2.613,2.73595
0.383894,-0.718824,2.613,2.73712
0.392375,-0.718824,2.613,2.73833
0.400856,-0.718824,2.613,2.73956
0.409337,-0.718824,2.613,2.74081
0.417819,-0.718824,2.613,2.74209
0.4263,-0.718824,2.613,2.74339
0.434781,-0.718824,2.613,2.74472
0.446655,-0.724326,2.633,2.7671
0.455201,-0.724326,2.633,2.76849
0.463747,-0.724326,2.633,2.76991
0.47606,-0.730103,2.654,2.79346
0.484674,-0.730103,2.654,2.79494
0.493288,-0.730103,2.654,2.79644
0.501903,-0.730103,2.654,2.79798
0.510517,-0.730103,2.654,2.79953
0.519131,-0.730103,2.654,2.80112
0.527745,-0.730103,2.654,2.80273
0.540603,-0.73588,2.675,2.82655
0.549286,-0.73588,2.675,2.82823
0.557968,-0.73588,2.675,2.82992
0.562202,-0.730103,2.654,2.80942
0.570816,-0.730103,2.654,2.81116
0.579431,-0.730103,2.654,2.81292
0.588045,-0.730103,2.654,2.8147
0.596659,-0.730103,2.654,2.81652
0.605273,-0.730103,2.654,2.81835
0.60903,-0.724326,2.633,2.7979
0.617576,-0.724326,2.633,2.79977
0.626122,-0.724326,2.633,2.80167
0.634668,-0.724326,2.633,2.80359
0.643214,-0.724326,2.633,2.80554
0.65176,-0.724326,2.633,2.80751
0.660306,-0.724326,2.633,2.80951
0.668853,-0.724326,2.633,2.81153
0.677399,-0.724326,2.633,2.81358
0.680734,-0.718824,2.613,2.79426
0.689215,-0.718824,2.613,2.79634
0.703037,-0.724326,2.633,2.81986
0.711583,-0.724326,2.633,2.822
0.714659,-0.718824,2.613,2.80272
0.72314,-0.718824,2.613,2.80489
0.731621,-0.718824,2.613,2.80709
0.740102,-0.718824,2.613,2.80931
0.748583,-0.718824,2.613,2.81156
0.757065,-0.718824,2.613,2.81383
0.765546,-0.718824,2.613,2.81612
0.774027,-0.718824,2.613,2.81844
0.782508,-0.718824,2.613,2.82078
0.790989,-0.718824,2.613,2.82314
0.793351,-0.713322,2.593,2.80391
0.801767,-0.713322,2.593,2.8063
0.810184,-0.713322,2.593,2.80871
0.8186,-0.713322,2.593,2.81115
0.827016,-0.713322,2.593,2.81362
0.829311,-0.708095,2.574,2.79547
0.837665,-0.708095,2.574,2.79796
0.84602,-0.708095,2.574,2.80047
0.854374,-0.708095,2.574,2.803
0.862729,-0.708095,2.574,2.80556
0.864654,-0.702868,2.555,2.78741
0.872947,-0.702868,2.555,2.79
0.874686,-0.697642,2.536,2.77184
0.882918,-0.697642,2.536,2.77444
0.891149,-0.697642,2.536,2.77708
0.89938,-0.697642,2.536,2.77973
0.907611,-0.697642,2.536,2.7824
nan,nan,nan,NaN
nan,nan,nan,NaN
nan,nan,nan,NaN
nan,nan,nan,NaN
nan,nan,nan,NaN
nan,nan,nan,NaN
nan,nan,nan,NaN
nan,nan,nan,NaN
nan,nan,nan,NaN
nan,nan,nan,NaN
nan,nan,nan,NaN
nan,nan,nan,NaN
nan,nan,nan,NaN
nan,nan,nan,NaN
nan,nan,nan,NaN
nan,nan,nan,NaN
nan,nan,nan,NaN
nan,nan,nan,NaN
nan,nan,nan,NaN
nan,nan,nan,NaN
nan,nan,nan,NaN
nan,nan,nan,NaN
nan,nan,nan,NaN
nan,nan,nan,NaN
nan,nan,nan,NaN
nan,nan,nan,NaN
nan,nan,nan,NaN
nan,nan,nan,NaN
nan,nan,nan,NaN
nan,nan,nan,NaN
nan,nan,nan,NaN
nan,nan,nan,NaN
nan,nan,nan,NaN
nan,nan,nan,NaN
nan,nan,nan,NaN
nan,nan,nan,NaN
nan,nan,nan,NaN
nan,nan,nan,NaN
nan,nan,nan,NaN
nan,nan,nan,NaN
nan,nan,nan,NaN
nan,nan,nan,NaN
nan,nan,nan,NaN
nan,nan,nan,NaN
nan,nan,nan,NaN
nan,nan,nan,NaN
nan,nan,nan,NaN
nan,nan,nan,NaN
nan,nan,nan,NaN
nan,nan,nan,NaN
nan,nan,nan,NaN
nan,nan,nan,NaN
nan,nan,nan,NaN
nan,nan,nan,NaN
nan,nan,nan,NaN
nan,nan,nan,NaN
nan,nan,nan,NaN
nan,nan,nan,NaN
2.00088,-1.0019,3.642,4.27452
2.0127,-1.0019,3.642,4.28006
2.02452,-1.0019,3.642,4.28563
2.03634,-1.0019,3.642,4.29123
2.02679,-0.991443,3.604,4.25202
2.03849,-0.991443,3.604,4.25761
2.05019,-0.991443,3.604,4.26322
2.06189,-0.991443,3.604,4.26886
2.07358,-0.991443,3.604,4.27452
2.08528,-0.991443,3.604,4.28021
2.07487,-0.98099,3.566,4.24073
2.06479,-0.970811,3.529,4.20234
2.07625,-0.970811,3.529,4.20798
2.06641,-0.960908,3.493,4.17066
2.05692,-0.951279,3.458,4.13445
2.06815,-0.951279,3.458,4.14004
2.03788,-0.932298,3.389,4.06294
2.02893,-0.92322,3.356,4.02885
2.03982,-0.92322,3.356,4.03435
2.03116,-0.914417,3.324,4.00134
2.02229,-0.905614,3.292,3.96826
1.99469,-0.888558,3.23,3.89887
2.00517,-0.888558,3.23,3.90425
1.97821,-0.872052,3.17,3.83702
1.93456,-0.848394,3.084,3.73809
1.94457,-0.848394,3.084,3.74328
1.93746,-0.840966,3.057,3.71568
1.91299,-0.826111,3.003,3.65513
1.92273,-0.826111,3.003,3.66024
1.91575,-0.818959,2.977,3.63364
1.9086,-0.811806,2.951,3.60696
1.91817,-0.811806,2.951,3.61204
1.89509,-0.798051,2.901,3.55585
1.88875,-0.791449,2.877,3.53142
1.89809,-0.791449,2.877,3.53642
1.8756,-0.778244,2.829,3.48235
1.86946,-0.771917,2.806,3.45896
1.87857,-0.771917,2.806,3.46389
1.8722,-0.76559,2.783,3.4404
1.86637,-0.759538,2.761,3.41809
1.86038,-0.753486,2.739,3.39572
-2.50021,-0.979749,3.604,4.49442
-2.48851,-0.979749,3.604,4.48792
-2.4507,-0.969419,3.566,4.43419
-2.41382,-0.95936,3.529,4.38187
-2.40237,-0.95936,3.529,4.37557
-2.36652,-0.949574,3.493,4.32472
-2.30799,-0.930544,3.423,4.23198
-2.29688,-0.930544,3.423,4.22593
-2.26306,-0.921301,3.389,4.17799
-2.25206,-0.921301,3.389,4.17204
-2.24106,-0.921301,3.389,4.16611
-2.20835,-0.91233,3.356,4.11969
-2.19745,-0.91233,3.356,4.11387
-2.16571,-0.903631,3.324,4.06889
-2.15492,-0.903631,3.324,4.06315
-2.14413,-0.903631,3.324,4.05744
-2.13335,-0.903631,3.324,4.05175
-2.12256,-0.903631,3.324,4.04608
-2.09144,-0.894932,3.292,4.00153
-2.06053,-0.886232,3.26,3.95712
-2.04995,-0.886232,3.26,3.95162
-2.03936,-0.886232,3.26,3.94614
-2.02878,-0.886232,3.26,3.94068
-1.99963,-0.878077,3.23,3.89903
-1.98915,-0.878077,3.23,3.89366
-1.97866,-0.878077,3.23,3.88832
-1.96818,-0.878077,3.23,3.88299
-1.95769,-0.878077,3.23,3.87769
-1.94721,-0.878077,3.23,3.87241
-1.93673,-0.878077,3.23,3.86715
nan,nan,nan,NaN
nan,nan,nan,NaN
nan,nan,nan,NaN
nan,nan,nan,NaN
nan,nan,nan,NaN
nan,nan,nan,NaN
nan,nan,nan,NaN
nan,nan,nan,NaN
nan,nan,nan,NaN
nan,nan,nan,NaN
nan,nan,nan,NaN
nan,nan,nan,NaN
nan,nan,nan,NaN
nan,nan,nan,NaN
nan,nan,nan,NaN
nan,nan,nan,NaN
nan,nan,nan,NaN
nan,nan,nan,NaN
nan,nan,nan,NaN
nan,nan,nan,NaN
nan,nan,nan,NaN
nan,nan,nan,NaN
nan,nan,nan,NaN
nan,nan,nan,NaN
nan,nan,nan,NaN
nan,nan,nan,NaN
nan,nan,nan,NaN
nan,nan,nan,NaN
nan,nan,nan,NaN
nan,nan,nan,NaN
nan,nan,nan,NaN
nan,nan,nan,NaN
nan,nan,nan,NaN
nan,nan,nan,NaN
nan,nan,nan,NaN
nan,nan,nan,NaN
nan,nan,nan,NaN
nan,nan,nan,NaN
nan,nan,nan,NaN
nan,nan,nan,NaN
nan,nan,nan,NaN
nan,nan,nan,NaN
nan,nan,nan,NaN
nan,nan,nan,NaN
nan,nan,nan,NaN
nan,nan,nan,NaN
nan,nan,nan,NaN
nan,nan,nan,NaN
nan,nan,nan,NaN
nan,nan,nan,NaN
nan,nan,nan,NaN
nan,nan,nan,NaN
nan,nan,nan,NaN
nan,nan,nan,NaN
nan,nan,nan,NaN
nan,nan,nan,NaN
nan,nan,nan,NaN
-1.03537,-0.684247,2.517,2.80633
-1.01986,-0.679354,2.499,2.78328
-1.01175,-0.679354,2.499,2.78032
-1.00364,-0.679354,2.499,2.77737
-0.995525,-0.679354,2.499,2.77445
-0.987414,-0.679354,2.499,2.77155
-0.979303,-0.679354,2.499,2.76867
-0.964196,-0.674461,2.481,2.74589
-0.956143,-0.674461,2.481,2.74308
-0.948091,-0.674461,2.481,2.74028
-0.940038,-0.674461,2.481,2.7375
-0.931985,-0.674461,2.481,2.73475
-0.923933,-0.674461,2.481,2.73202
-0.91588,-0.674461,2.481,2.7293
-0.914414,-0.679354,2.499,2.74639
-0.906302,-0.679354,2.499,2.7437
-0.898191,-0.679354,2.499,2.74103
-0.903259,-0.689413,2.536,2.77893
-0.895027,-0.689413,2.536,2.77627
-0.886796,-0.689413,2.536,2.77362
-0.878565,-0.689413,2.536,2.771
-0.876854,-0.694578,2.555,2.78915
-0.875021,-0.699743,2.574,2.80727
-0.866666,-0.699743,2.574,2.80468
-0.858311,-0.699743,2.574,2.80211
-0.856231,-0.704908,2.593,2.82023
-0.841602,-0.699743,2.574,2.79704
-0.833248,-0.699743,2.574,2.79453
-0.824893,-0.699743,2.574,2.79205
-0.816539,-0.699743,2.574,2.7896
-0.808184,-0.699743,2.574,2.78716
-0.793925,-0.694578,2.555,2.7642
-0.785633,-0.694578,2.555,2.76183
-0.77734,-0.694578,2.555,2.75948
-0.769047,-0.694578,2.555,2.75715
-0.760754,-0.694578,2.555,2.75485
-0.752461,-0.694578,2.555,2.75257
-0.744168,-0.694578,2.555,2.75032
-0.735875,-0.694578,2.555,2.74809
-0.727582,-0.694578,2.555,2.74588
-0.719289,-0.694578,2.555,2.74369
-0.710996,-0.694578,2.555,2.74153
-0.702704,-0.694578,2.555,2.73939
-0.694411,-0.694578,2.555,2.73727
-0.686118,-0.694578,2.555,2.73518
-0.682866,-0.699743,2.574,2.75344
-0.674511,-0.699743,2.574,2.75138
-0.666156,-0.699743,2.574,2.74934
-0.657802,-0.699743,2.574,2.74733
-0.649447,-0.699743,2.574,2.74534
-0.641093,-0.699743,2.574,2.74338
-0.632738,-0.699743,2.574,2.74144
-0.624384,-0.699743,2.574,2.73952
-0.611482,-0.694578,2.555,2.71742
-0.603189,-0.694578,2.555,2.71557
-0.594896,-0.694578,2.555,2.71374
-0.586603,-0.694578,2.555,2.71193
-0.57831,-0.694578,2.555,2.71015
-0.570017,-0.694578,2.555,2.70839
-0.561724,-0.694578,2.555,2.70666
-0.553431,-0.694578,2.555,2.70495
-0.545139,-0.694578,2.555,2.70326
-0.536846,-0.694578,2.555,2.7016
-0.528553,-0.694578,2.555,2.69997
-0.52026,-0.694578,2.555,2.69836
-0.511967,-0.694578,2.555,2.69677
-0.503674,-0.694578,2.555,2.69521
-0.491697,-0.689413,2.536,2.67364
-0.483466,-0.689413,2.536,2.67214
-0.475235,-0.689413,2.536,2.67066
-0.467004,-0.689413,2.536,2.66921
-0.458772,-0.689413,2.536,2.66778
-0.450541,-0.689413,2.536,2.66638
-0.445624,-0.694578,2.555,2.68497
-0.437331,-0.694578,2.555,2.6836
-0.429038,-0.694578,2.555,2.68226
-0.420745,-0.694578,2.555,2.68095
-0.412452,-0.694578,2.555,2.67966
-0.407165,-0.699743,2.574,2.69831
-0.39881,-0.699743,2.574,2.69707
-0.390456,-0.699743,2.574,2.69584
-0.384922,-0.704908,2.593,2.71454
-0.376505,-0.704908,2.593,2.71336
-0.368089,-0.704908,2.593,2.7122
-0.365221,-0.715782,2.633,2.75289
-0.356675,-0.715782,2.633,2.75177
-0.348129,-0.715782,2.633,2.75068
-0.339583,-0.715782,2.633,2.74961
-0.333677,-0.721491,2.654,2.77049
-0.325063,-0.721491,2.654,2.76946
-0.316449,-0.721491,2.654,2.76847
-0.307835,-0.721491,2.654,2.76749
-0.29922,-0.721491,2.654,2.76655
-0.290606,-0.721491,2.654,2.76563
-0.281992,-0.721491,2.654,2.76474
-0.273378,-0.721491,2.654,2.76387
-0.262669,-0.715782,2.633,2.74117
-0.254122,-0.715782,2.633,2.74037
-0.245576,-0.715782,2.633,2.73959
-0.23703,-0.715782,2.633,2.73884
-0.228484,-0.715782,2.633,2.73811
-0.219938,-0.715782,2.633,2.73741
-0.211392,-0.715782,2.633,2.73674
-0.202846,-0.715782,2.633,2.73609
-0.1943,-0.715782,2.633,2.73547
-0.185754,-0.715782,2.633,2.73487
-0.177208,-0.715782,2.633,2.73431
-0.168662,-0.715782,2.633,2.73377
-0.160116,-0.715782,2.633,2.73325
-0.15157,-0.715782,2.633,2.73277
-0.143024,-0.715782,2.633,2.7323
-0.134478,-0.715782,2.633,2.73187
-0.125931,-0.715782,2.633,2.73146
-0.117385,-0.715782,2.633,2.73108
-0.108839,-0.715782,2.633,2.73073
-0.100293,-0.715782,2.633,2.7304
-0.0917472,-0.715782,2.633,2.7301
-0.0832012,-0.715782,2.633,2.72983
-0.0746551,-0.715782,2.633,2.72958
-0.0666363,-0.721491,2.654,2.75113
-0.0580221,-0.721491,2.654,2.75093
-0.0494078,-0.721491,2.654,2.75076
-0.0407936,-0.721491,2.654,2.75062
-0.0321794,-0.721491,2.654,2.75051
-0.0235652,-0.721491,2.654,2.75042
-0.0149509,-0.721491,2.654,2.75036
-0.00633672,-0.721491,2.654,2.75033
0.00227751,-0.721491,2.654,2.75032
0.0108917,-0.721491,2.654,2.75034
0.019506,-0.721491,2.654,2.75039
0.0281202,-0.721491,2.654,2.75046
0.0367344,-0.721491,2.654,2.75057
0.0453486,-0.721491,2.654,2.75069
0.0539629,-0.721491,2.654,2.75085
0.0625771,-0.721491,2.654,2.75103
0.0711913,-0.721491,2.654,2.75124
0.0798055,-0.721491,2.654,2.75148
0.0884198,-0.721491,2.654,2.75174
0.097034,-0.721491,2.654,2.75203
0.105648,-0.721491,2.654,2.75235
0.114262,-0.721491,2.654,2.75269
0.122877,-0.721491,2.654,2.75306
0.131491,-0.721491,2.654,2.75346
0.140105,-0.721491,2.654,2.75389
0.148719,-0.721491,2.654,2.75434
0.157334,-0.721491,2.654,2.75482
0.167261,-0.7272,2.675,2.77712
0.175943,-0.7272,2.675,2.77766
0.184626,-0.7272,2.675,2.77822
0.193308,-0.7272,2.675,2.77882
0.20199,-0.7272,2.675,2.77943
0.210673,-0.7272,2.675,2.78008
0.219355,-0.7272,2.675,2.78075
0.228038,-0.7272,2.675,2.78145
0.23672,-0.7272,2.675,2.78217
0.245402,-0.7272,2.675,2.78292
0.254085,-0.7272,2.675,2.7837
0.262767,-0.7272,2.675,2.78451
0.27145,-0.7272,2.675,2.78534
0.280132,-0.7272,2.675,2.7862
0.288814,-0.7272,2.675,2.78709
0.297497,-0.7272,2.675,2.788
0.303775,-0.721491,2.654,2.76705
0.31239,-0.721491,2.654,2.76801
0.321004,-0.721491,2.654,2.76899
0.329618,-0.721491,2.654,2.77
0.335556,-0.715782,2.633,2.74911
0.344102,-0.715782,2.633,2.75017
0.349969,-0.710345,2.613,2.73036
0.358451,-0.710345,2.613,2.73146
0.366932,-0.710345,2.613,2.73258
0.375413,-0.710345,2.613,2.73373
0.383894,-0.710345,2.613,2.73491
0.392375,-0.710345,2.613,2.73611
0.400856,-0.710345,2.613,2.73734
0.409337,-0.710345,2.613,2.7386
0.417819,-0.710345,2.613,2.73988
0.4263,-0.710345,2.613,2.74118
0.434781,-0.710345,2.613,2.74252
0.446655,-0.715782,2.633,2.76488
0.458831,-0.721491,2.654,2.78833
0.467446,-0.721491,2.654,2.78976
0.47606,-0.721491,2.654,2.79122
0.484674,-0.721491,2.654,2.7927
0.493288,-0.721491,2.654,2.79421
0.501903,-0.721491,2.654,2.79574
0.514556,-0.7272,2.675,2.81943
0.523239,-0.7272,2.675,2.82103
0.531921,-0.7272,2.675,2.82266
0.540603,-0.7272,2.675,2.8243
0.549286,-0.7272,2.675,2.82598
0.557968,-0.7272,2.675,2.82768
0.566651,-0.7272,2.675,2.82941
0.575333,-0.7272,2.675,2.83116
0.584015,-0.7272,2.675,2.83293
0.592698,-0.7272,2.675,2.83474
0.60138,-0.7272,2.675,2.83657
0.605273,-0.721491,2.654,2.81614
0.613887,-0.721491,2.654,2.818
0.622502,-0.721491,2.654,2.81989
0.631116,-0.721491,2.654,2.8218
0.63973,-0.721491,2.654,2.82374
0.643214,-0.715782,2.633,2.80335
0.65176,-0.715782,2.633,2.80532
0.660306,-0.715782,2.633,2.80732
0.668853,-0.715782,2.633,2.80934
0.677399,-0.715782,2.633,2.81139
0.685945,-0.715782,2.633,2.81346
0.694491,-0.715782,2.633,2.81556
0.703037,-0.715782,2.633,2.81768
0.711583,-0.715782,2.633,2.81982
0.720129,-0.715782,2.633,2.82199
0.728675,-0.715782,2.633,2.82418
0.737221,-0.715782,2.633,2.8264
0.740102,-0.710345,2.613,2.80715
0.748583,-0.710345,2.613,2.8094
0.757065,-0.710345,2.613,2.81167
0.765546,-0.710345,2.613,2.81397
0.779951,-0.715782,2.633,2.83784
0.788497,-0.715782,2.633,2.8402
0.790989,-0.710345,2.613,2.821
0.79947,-0.710345,2.613,2.82339
0.807952,-0.710345,2.613,2.8258
0.816433,-0.710345,2.613,2.82824
0.8186,-0.704908,2.593,2.80903
0.827016,-0.704908,2.593,2.81149
0.835432,-0.704908,2.593,2.81398
0.843849,-0.704908,2.593,2.81649
0.852265,-0.704908,2.593,2.81902
0.860681,-0.704908,2.593,2.82158
0.862729,-0.699743,2.574,2.80347
0.864654,-0.694578,2.555,2.78533
0.872947,-0.694578,2.555,2.78792
0.874686,-0.689413,2.536,2.76978
0.882918,-0.689413,2.536,2.77239
0.891149,-0.689413,2.536,2.77502
0.89938,-0.689413,2.536,2.77767
0.907611,-0.689413,2.536,2.78035
0.915842,-0.689413,2.536,2.78305
nan,nan,nan,NaN
nan,nan,nan,NaN
nan,nan,nan,NaN
nan,nan,nan,NaN
nan,nan,nan,NaN
nan,nan,nan,NaN
nan,nan,nan,NaN
nan,nan,nan,NaN
nan,nan,nan,NaN
nan,nan,nan,NaN
nan,nan,nan,NaN
nan,nan,nan,NaN
nan,nan,nan,NaN
nan,nan,nan,NaN
nan,nan,nan,NaN
nan,nan,nan,NaN
nan,nan,nan,NaN
nan,nan,nan,NaN
nan,nan,nan,NaN
nan,nan,nan,NaN
nan,nan,nan,NaN
nan,nan,nan,NaN
nan,nan,nan,NaN
nan,nan,nan,NaN
nan,nan,nan,NaN
nan,nan,nan,NaN
nan,nan,nan,NaN
nan,nan,nan,NaN
nan,nan,nan,NaN
nan,nan,nan,NaN
nan,nan,nan,NaN
nan,nan,nan,NaN
nan,nan,nan,NaN
nan,nan,nan,NaN
nan,nan,nan,NaN
nan,nan,nan,NaN
nan,nan,nan,NaN
nan,nan,nan,NaN
nan,nan,nan,NaN
nan,nan,nan,NaN
nan,nan,nan,NaN
nan,nan,nan,NaN
nan,nan,nan,NaN
nan,nan,nan,NaN
nan,nan,nan,NaN
nan,nan,nan,NaN
nan,nan,nan,NaN
nan,nan,nan,NaN
nan,nan,nan,NaN
nan,nan,nan,NaN
nan,nan,nan,NaN
nan,nan,nan,NaN
nan,nan,nan,NaN
nan,nan,nan,NaN
nan,nan,nan,NaN
nan,nan,nan,NaN
nan,nan,nan,NaN
2.00088,-0.990079,3.642,4.27176
2.0127,-0.990079,3.642,4.27731
2.02452,-0.990079,3.642,4.28289
2.03634,-0.990079,3.642,4.28849
2.04816,-0.990079,3.642,4.29411
2.03849,-0.979749,3.604,4.2549
2.05019,-0.979749,3.604,4.26052
2.06189,-0.979749,3.604,4.26616
2.07358,-0.979749,3.604,4.27182
2.08528,-0.979749,3.604,4.27751
2.07487,-0.969419,3.566,4.23807
2.06479,-0.95936,3.529,4.19971
2.07625,-0.95936,3.529,4.20536
2.06641,-0.949574,3.493,4.16807
2.05692,-0.940059,3.458,4.13188
2.06815,-0.940059,3.458,4.13748
2.03788,-0.921301,3.389,4.06043
2.02893,-0.91233,3.356,4.02637
2.03982,-0.91233,3.356,4.03187
2.03116,-0.903631,3.324,3.99889
2.00264,-0.886232,3.26,3.92728
1.99469,-0.878077,3.23,3.8965
2.00517,-0.878077,3.23,3.90188
1.97821,-0.861766,3.17,3.83469
1.93456,-0.838387,3.084,3.73583
1.94457,-0.838387,3.084,3.74103
1.93746,-0.831047,3.057,3.71344
1.91299,-0.816367,3.003,3.65294
1.92273,-0.816367,3.003,3.65806
1.91575,-0.809299,2.977,3.63147
1.89243,-0.795434,2.926,3.57428
1.90192,-0.795434,2.926,3.57932
1.89509,-0.788638,2.901,3.55375
1.87299,-0.775589,2.853,3.49989
1.88225,-0.775589,2.853,3.50486
1.8756,-0.769065,2.829,3.48031
1.86946,-0.762812,2.806,3.45694
1.87857,-0.762812,2.806,3.46187
1.8574,-0.750579,2.761,3.41122
1.85149,-0.744598,2.739,3.38889
1.86038,-0.744598,2.739,3.39376
-2.52657,-0.978262,3.642,4.53924
-2.51475,-0.978262,3.642,4.53268
-2.4507,-0.957848,3.566,4.43168
-2.41382,-0.947909,3.529,4.37937
-2.40237,-0.947909,3.529,4.37307
-2.36652,-0.938239,3.493,4.32224
-2.33158,-0.928838,3.458,4.2728
-2.32036,-0.928838,3.458,4.26668
-2.28577,-0.919437,3.423,4.21747
-2.25206,-0.910304,3.389,4.16962
-2.24106,-0.910304,3.389,4.16369
-2.20835,-0.90144,3.356,4.1173
-2.19745,-0.90144,3.356,4.11146
-2.18656,-0.90144,3.356,4.10565
-2.17567,-0.90144,3.356,4.09986
-2.14413,-0.892845,3.324,4.05505
-2.13335,-0.892845,3.324,4.04936
-2.12256,-0.892845,3.324,4.04369
-2.11177,-0.892845,3.324,4.03803
-2.08075,-0.88425,3.292,3.99358
-2.07007,-0.88425,3.292,3.98802
-2.03936,-0.875654,3.26,3.94378
-2.02878,-0.875654,3.26,3.93832
-2.03801,-0.88425,3.292,3.97148
-2.02733,-0.88425,3.292,3.96601
-1.99704,-0.875654,3.26,3.92206
-1.98646,-0.875654,3.26,3.91668
-1.97588,-0.875654,3.26,3.91132
-1.9653,-0.875654,3.26,3.90599
-1.95472,-0.875654,3.26,3.90068
nan,nan,nan,NaN
nan,nan,nan,NaN
nan,nan,nan,NaN
nan,nan,nan,NaN
nan,nan,nan,NaN
nan,nan,nan,NaN
nan,nan,nan,NaN
nan,nan,nan,NaN
nan,nan,nan,NaN
nan,nan,nan,NaN
nan,nan,nan,NaN
nan,nan,nan,NaN
nan,nan,nan,NaN
nan,nan,nan,NaN
nan,nan,nan,NaN
nan,nan,nan,NaN
nan,nan,nan,NaN
nan,nan,nan,NaN
nan,nan,nan,NaN
nan,nan,nan,NaN
nan,nan,nan,NaN
nan,nan,nan,NaN
nan,nan,nan,NaN
nan,nan,nan,NaN
nan,nan,nan,NaN
nan,nan,nan,NaN
nan,nan,nan,NaN
nan,nan,nan,NaN
nan,nan,nan,NaN
nan,nan,nan,NaN
nan,nan,nan,NaN
nan,nan,nan,NaN
nan,nan,nan,NaN
nan,nan,nan,NaN
nan,nan,nan,NaN
nan,nan,nan,NaN
nan,nan,nan,NaN
nan,nan,nan,NaN
nan,nan,nan,NaN
nan,nan,nan,NaN
nan,nan,nan,NaN
nan,nan,nan,NaN
nan,nan,nan,NaN
nan,nan,nan,NaN
nan,nan,nan,NaN
nan,nan,nan,NaN
nan,nan,nan,NaN
nan,nan,nan,NaN
nan,nan,nan,NaN
nan,nan,nan,NaN
nan,nan,nan,NaN
nan,nan,nan,NaN
nan,nan,nan,NaN
nan,nan,nan,NaN
nan,nan,nan,NaN
nan,nan,nan,NaN
nan,nan,nan,NaN
-1.04319,-0.681184,2.536,2.82552
-1.03496,-0.681184,2.536,2.82249
-1.02673,-0.681184,2.536,2.81948
-1.00364,-0.671245,2.499,2.7754
-0.995525,-0.671245,2.499,2.77248
-0.987414,-0.671245,2.499,2.76958
-0.979303,-0.671245,2.499,2.7667
-0.971191,-0.671245,2.499,2.76384
-0.96308,-0.671245,2.499,2.761
-0.954969,-0.671245,2.499,2.75818
-0.946858,-0.671245,2.499,2.75538
-0.938747,-0.671245,2.499,2.7526
-0.930636,-0.671245,2.499,2.74985
-0.922525,-0.671245,2.499,2.74711
-0.914414,-0.671245,2.499,2.7444
-0.91283,-0.67608,2.517,2.76146
-0.904661,-0.67608,2.517,2.75877
-0.903259,-0.681184,2.536,2.7769
-0.895027,-0.681184,2.536,2.77424
-0.89344,-0.686287,2.555,2.79236
-0.885147,-0.686287,2.555,2.78971
-0.876854,-0.686287,2.555,2.78709
-0.875021,-0.691391,2.574,2.8052
-0.866666,-0.691391,2.574,2.80261
-0.858311,-0.691391,2.574,2.80003
-0.856231,-0.696494,2.593,2.81814
-0.847815,-0.696494,2.593,2.81559
-0.833248,-0.691391,2.574,2.79245
-0.824893,-0.691391,2.574,2.78997
-0.816539,-0.691391,2.574,2.78751
-0.808184,-0.691391,2.574,2.78508
-0.793925,-0.686287,2.555,2.76212
-0.785633,-0.686287,2.555,2.75975
-0.77734,-0.686287,2.555,2.7574
-0.769047,-0.686287,2.555,2.75508
-0.760754,-0.686287,2.555,2.75277
-0.752461,-0.686287,2.555,2.75049
-0.744168,-0.686287,2.555,2.74824
-0.735875,-0.686287,2.555,2.746
-0.727582,-0.686287,2.555,2.74379
-0.719289,-0.686287,2.555,2.7416
-0.710996,-0.686287,2.555,2.73944
-0.702704,-0.686287,2.555,2.7373
-0.694411,-0.686287,2.555,2.73518
-0.686118,-0.686287,2.555,2.73309
-0.682866,-0.691391,2.574,2.75133
-0.674511,-0.691391,2.574,2.74927
-0.666156,-0.691391,2.574,2.74723
-0.657802,-0.691391,2.574,2.74521
-0.649447,-0.691391,2.574,2.74322
-0.641093,-0.691391,2.574,2.74126
-0.632738,-0.691391,2.574,2.73932
-0.624384,-0.691391,2.574,2.7374
-0.611482,-0.686287,2.555,2.71531
-0.603189,-0.686287,2.555,2.71346
-0.594896,-0.686287,2.555,2.71163
-0.586603,-0.686287,2.555,2.70982
-0.57831,-0.686287,2.555,2.70804
-0.570017,-0.686287,2.555,2.70628
-0.561724,-0.686287,2.555,2.70454
-0.553431,-0.686287,2.555,2.70283
-0.545139,-0.686287,2.555,2.70115
-0.536846,-0.686287,2.555,2.69948
-0.528553,-0.686287,2.555,2.69785
-0.52026,-0.686287,2.555,2.69624
-0.511967,-0.686287,2.555,2.69465
-0.499929,-0.681184,2.536,2.67306
-0.491697,-0.681184,2.536,2.67153
-0.483466,-0.681184,2.536,2.67003
-0.475235,-0.681184,2.536,2.66855
-0.467004,-0.681184,2.536,2.6671
-0.458772,-0.681184,2.536,2.66567
-0.450541,-0.681184,2.536,2.66426
-0.445624,-0.686287,2.555,2.68283
-0.437331,-0.686287,2.555,2.68147
-0.429038,-0.686287,2.555,2.68013
-0.420745,-0.686287,2.555,2.67881
-0.412452,-0.686287,2.555,2.67752
-0.407165,-0.691391,2.574,2.69616
-0.39881,-0.691391,2.574,2.69491
-0.390456,-0.691391,2.574,2.69369
-0.384922,-0.696494,2.593,2.71236
-0.376505,-0.696494,2.593,2.71118
-0.368089,-0.696494,2.593,2.71003
-0.362447,-0.701866,2.613,2.72979
-0.353966,-0.701866,2.613,2.72868
-0.345485,-0.701866,2.613,2.72759
-0.337004,-0.701866,2.613,2.72653
-0.331037,-0.707238,2.633,2.74635
-0.322491,-0.707238,2.633,2.74534
-0.313945,-0.707238,2.633,2.74435
-0.305399,-0.707238,2.633,2.74338
-0.296853,-0.707238,2.633,2.74244
-0.288307,-0.707238,2.633,2.74153
-0.281992,-0.712879,2.654,2.7625
-0.273378,-0.712879,2.654,2.76164
-0.262669,-0.707238,2.633,2.73895
-0.254122,-0.707238,2.633,2.73815
-0.247535,-0.712879,2.654,2.7592
-0.23703,-0.707238,2.633,2.73661
-0.228484,-0.707238,2.633,2.73589
-0.219938,-0.707238,2.633,2.73519
-0.211392,-0.707238,2.633,2.73451
-0.202846,-0.707238,2.633,2.73387
-0.1943,-0.707238,2.633,2.73324
-0.185754,-0.707238,2.633,2.73265
-0.177208,-0.707238,2.633,2.73208
-0.168662,-0.707238,2.633,2.73154
-0.160116,-0.707238,2.633,2.73103
-0.15157,-0.707238,2.633,2.73054
-0.144164,-0.712879,2.654,2.75185
-0.13555,-0.712879,2.654,2.75142
-0.126936,-0.712879,2.654,2.751
-0.118322,-0.712879,2.654,2.75062
-0.109707,-0.712879,2.654,2.75026
-0.101093,-0.712879,2.654,2.74993
-0.092479,-0.712879,2.654,2.74963
-0.0838647,-0.712879,2.654,2.74935
-0.0752505,-0.712879,2.654,2.7491
-0.0666363,-0.712879,2.654,2.74888
-0.0580221,-0.712879,2.654,2.74869
-0.0494078,-0.712879,2.654,2.74852
-0.0407936,-0.712879,2.654,2.74838
-0.0321794,-0.712879,2.654,2.74826
-0.0235652,-0.712879,2.654,2.74818
-0.0149509,-0.712879,2.654,2.74812
-0.00633672,-0.712879,2.654,2.74808
0.00227751,-0.712879,2.654,2.74808
0.0108917,-0.712879,2.654,2.7481
0.019506,-0.712879,2.654,2.74814
0.0281202,-0.712879,2.654,2.74822
0.0367344,-0.712879,2.654,2.74832
0.0453486,-0.712879,2.654,2.74845
0.0539629,-0.712879,2.654,2.7486
0.0625771,-0.712879,2.654,2.74879
0.0711913,-0.712879,2.654,2.749
0.0798055,-0.712879,2.654,2.74923
0.0884198,-0.712879,2.654,2.7495
0.097034,-0.712879,2.654,2.74979
0.105648,-0.712879,2.654,2.7501
0.114262,-0.712879,2.654,2.75045
0.122877,-0.712879,2.654,2.75082
0.131491,-0.712879,2.654,2.75122
0.141214,-0.71852,2.675,2.77342
0.149896,-0.71852,2.675,2.77387
0.158578,-0.71852,2.675,2.77435
0.167261,-0.71852,2.675,2.77486
0.175943,-0.71852,2.675,2.7754
0.184626,-0.71852,2.675,2.77597
0.193308,-0.71852,2.675,2.77656
0.20199,-0.71852,2.675,2.77717
0.210673,-0.71852,2.675,2.77782
0.219355,-0.71852,2.675,2.77849
0.228038,-0.71852,2.675,2.77919
0.23672,-0.71852,2.675,2.77992
0.245402,-0.71852,2.675,2.78067
0.254085,-0.71852,2.675,2.78145
0.262767,-0.71852,2.675,2.78226
0.269318,-0.712879,2.654,2.76124
0.277933,-0.712879,2.654,2.76209
0.286547,-0.712879,2.654,2.76297
0.295161,-0.712879,2.654,2.76388
0.303775,-0.712879,2.654,2.76481
0.31239,-0.712879,2.654,2.76577
0.318464,-0.707238,2.633,2.74487
0.32701,-0.707238,2.633,2.74587
0.335556,-0.707238,2.633,2.7469
0.344102,-0.707238,2.633,2.74796
0.349969,-0.701866,2.613,2.72816
0.358451,-0.701866,2.613,2.72926
0.366932,-0.701866,2.613,2.73039
0.375413,-0.701866,2.613,2.73154
0.383894,-0.701866,2.613,2.73272
0.392375,-0.701866,2.613,2.73392
0.397788,-0.696494,2.593,2.71422
0.406204,-0.696494,2.593,2.71547
0.414621,-0.696494,2.593,2.71674
0.423037,-0.696494,2.593,2.71803
0.431453,-0.696494,2.593,2.71936
0.446655,-0.707238,2.633,2.76268
0.455201,-0.707238,2.633,2.76407
0.463747,-0.707238,2.633,2.76549
0.47606,-0.712879,2.654,2.789
0.484674,-0.712879,2.654,2.79049
0.493288,-0.712879,2.654,2.792
0.501903,-0.712879,2.654,2.79353
0.514556,-0.71852,2.675,2.81721
0.523239,-0.71852,2.675,2.81881
0.531921,-0.71852,2.675,2.82043
0.540603,-0.71852,2.675,2.82208
0.549286,-0.71852,2.675,2.82376
0.557968,-0.71852,2.675,2.82546
0.566651,-0.71852,2.675,2.82719
0.575333,-0.71852,2.675,2.82894
0.584015,-0.71852,2.675,2.83072
0.592698,-0.71852,2.675,2.83252
0.60138,-0.71852,2.675,2.83435
0.605273,-0.712879,2.654,2.81394
0.613887,-0.712879,2.654,2.81581
0.622502,-0.712879,2.654,2.8177
0.631116,-0.712879,2.654,2.81961
0.63973,-0.712879,2.654,2.82155
0.648344,-0.712879,2.654,2.82352
0.656959,-0.712879,2.654,2.82551
0.660306,-0.707238,2.633,2.80515
0.668853,-0.707238,2.633,2.80718
0.677399,-0.707238,2.633,2.80922
0.685945,-0.707238,2.633,2.8113
0.694491,-0.707238,2.633,2.8134
0.703037,-0.707238,2.633,2.81552
0.711583,-0.707238,2.633,2.81766
0.720129,-0.707238,2.633,2.81983
0.728675,-0.707238,2.633,2.82203
0.737221,-0.707238,2.633,2.82425
0.745767,-0.707238,2.633,2.82649
0.754313,-0.707238,2.633,2.82876
0.768944,-0.712879,2.654,2.85363
0.771405,-0.707238,2.633,2.83336
0.779951,-0.707238,2.633,2.8357
0.788497,-0.707238,2.633,2.83806
0.797044,-0.707238,2.633,2.84045
0.80559,-0.707238,2.633,2.84286
0.814136,-0.707238,2.633,2.84529
0.816433,-0.701866,2.613,2.82612
0.824914,-0.701866,2.613,2.82858
0.833395,-0.701866,2.613,2.83107
0.841876,-0.701866,2.613,2.83357
0.843849,-0.696494,2.593,2.8144
0.852265,-0.696494,2.593,2.81693
0.860681,-0.696494,2.593,2.81949
0.862729,-0.691391,2.574,2.80139
0.864654,-0.686287,2.555,2.78328
0.872947,-0.686287,2.555,2.78587
0.881239,-0.686287,2.555,2.78848
0.882918,-0.681184,2.536,2.77035
0.891149,-0.681184,2.536,2.77299
0.89938,-0.681184,2.536,2.77564
0.907611,-0.681184,2.536,2.77832
0.915842,-0.681184,2.536,2.78102
nan,nan,nan,NaN
nan,nan,nan,NaN
nan,nan,nan,NaN
nan,nan,nan,NaN
nan,nan,nan,NaN
nan,nan,nan,NaN
nan,nan,nan,NaN
nan,nan,nan,NaN
nan,nan,nan,NaN
nan,nan,nan,NaN
nan,nan,nan,NaN
nan,nan,nan,NaN
nan,nan,nan,NaN
nan,nan,nan,NaN
nan,nan,nan,NaN
nan,nan,nan,NaN
nan,nan,nan,NaN
nan,nan,nan,NaN
nan,nan,nan,NaN
nan,nan,nan,NaN
nan,nan,nan,NaN
nan,nan,nan,NaN
nan,nan,nan,NaN
nan,nan,nan,NaN
nan,nan,nan,NaN
nan,nan,nan,NaN
nan,nan,nan,NaN
nan,nan,nan,NaN
nan,nan,nan,NaN
nan,nan,nan,NaN
nan,nan,nan,NaN
nan,nan,nan,NaN
nan,nan,nan,NaN
nan,nan,nan,NaN
nan,nan,nan,NaN
nan,nan,nan,NaN
nan,nan,nan,NaN
nan,nan,nan,NaN
nan,nan,nan,NaN
nan,nan,nan,NaN
nan,nan,nan,NaN
nan,nan,nan,NaN
nan,nan,nan,NaN
nan,nan,nan,NaN
nan,nan,nan,NaN
nan,nan,nan,NaN
nan,nan,nan,NaN
nan,nan,nan,NaN
nan,nan,nan,NaN
nan,nan,nan,NaN
nan,nan,nan,NaN
nan,nan,nan,NaN
nan,nan,nan,NaN
nan,nan,nan,NaN
nan,nan,nan,NaN
1.99841,-0.988737,3.681,4.3036
2.01036,-0.988737,3.681,4.30917
2.00088,-0.978262,3.642,4.26904
2.0127,-0.978262,3.642,4.27459
2.02452,-0.978262,3.642,4.28017
2.03634,-0.978262,3.642,4.28577
2.04816,-0.978262,3.642,4.2914
2.03849,-0.968054,3.604,4.25222
2.05019,-0.968054,3.604,4.25784
2.06189,-0.968054,3.604,4.26349
2.07358,-0.968054,3.604,4.26916
2.08528,-0.968054,3.604,4.27485
2.07487,-0.957848,3.566,4.23544
2.06479,-0.947909,3.529,4.19711
2.07625,-0.947909,3.529,4.20276
2.06641,-0.938239,3.493,4.1655
2.03611,-0.919437,3.423,4.08754
2.04722,-0.919437,3.423,4.09309
2.03788,-0.910304,3.389,4.05795
2.02893,-0.90144,3.356,4.02391
2.03982,-0.90144,3.356,4.02942
2.03116,-0.892845,3.324,3.99647
2.00264,-0.875654,3.26,3.92491
1.99469,-0.867596,3.23,3.89415
2.00517,-0.867596,3.23,3.89953
1.97821,-0.85148,3.17,3.8324
1.93456,-0.82838,3.084,3.7336
1.94457,-0.82838,3.084,3.7388
1.93746,-0.821127,3.057,3.71124
1.91299,-0.806623,3.003,3.65078
1.92273,-0.806623,3.003,3.65589
1.89902,-0.792655,2.951,3.59763
1.89243,-0.78594,2.926,3.57218
1.90192,-0.78594,2.926,3.57722
1.87941,-0.772778,2.877,3.52229
1.87299,-0.766332,2.853,3.49785
1.88225,-0.766332,2.853,3.50282
1.8756,-0.759885,2.829,3.4783
1.85414,-0.747529,2.783,3.42662
1.86317,-0.747529,2.783,3.43152
1.8574,-0.74162,2.761,3.40926
1.85149,-0.735711,2.739,3.38695
1.86038,-0.735711,2.739,3.39182
-2.52657,-0.966444,3.642,4.53671
-2.51475,-0.966444,3.642,4.53014
-2.4507,-0.946276,3.566,4.42919
-2.43913,-0.946276,3.566,4.4228
-2.42755,-0.946276,3.566,4.41643
-2.39091,-0.936458,3.529,4.36432
-2.33158,-0.917617,3.458,4.27037
-2.32036,-0.917617,3.458,4.26425
-2.30914,-0.917617,3.458,4.25816
-2.27466,-0.90833,3.423,4.20904
-2.24106,-0.899308,3.389,4.1613
-2.23006,-0.899308,3.389,4.15539
-2.21906,-0.899308,3.389,4.1495
-2.18656,-0.890551,3.356,4.10328
-2.17567,-0.890551,3.356,4.09748
-2.16478,-0.890551,3.356,4.09171
-2.15388,-0.890551,3.356,4.08596
-2.14299,-0.890551,3.356,4.08022
-2.1321,-0.890551,3.356,4.07451
-2.10098,-0.882059,3.324,4.03003
-2.09019,-0.882059,3.324,4.02441
-2.0794,-0.882059,3.324,4.01882
-2.06861,-0.882059,3.324,4.01325
-2.05782,-0.882059,3.324,4.0077
-2.04703,-0.882059,3.324,4.00217
-2.03625,-0.882059,3.324,3.99666
-2.02546,-0.882059,3.324,3.99118
-2.01467,-0.882059,3.324,3.98571
-2.00388,-0.882059,3.324,3.98027
-1.99309,-0.882059,3.324,3.97485
nan,nan,nan,NaN
nan,nan,nan,NaN
nan,nan,nan,NaN
nan,nan,nan,NaN
nan,nan,nan,NaN
nan,nan,nan,NaN
nan,nan,nan,NaN
nan,nan,nan,NaN
nan,nan,nan,NaN
nan,nan,nan,NaN
nan,nan,nan,NaN
nan,nan,nan,NaN
nan,nan,nan,NaN
nan,nan,nan,NaN
nan,nan,nan,NaN
nan,nan,nan,NaN
nan,nan,nan,NaN
nan,nan,nan,NaN
nan,nan,nan,NaN
nan,nan,nan,NaN
nan,nan,nan,NaN
nan,nan,nan,NaN
nan,nan,nan,NaN
nan,nan,nan,NaN
nan,nan,nan,NaN
nan,nan,nan,NaN
nan,nan,nan,NaN
nan,nan,nan,NaN
nan,nan,nan,NaN
nan,nan,nan,NaN
nan,nan,nan,NaN
nan,nan,nan,NaN
nan,nan,nan,NaN
nan,nan,nan,NaN
nan,nan,nan,NaN
nan,nan,nan,NaN
nan,nan,nan,NaN
nan,nan,nan,NaN
nan,nan,nan,NaN
nan,nan,nan,NaN
nan,nan,nan,NaN
nan,nan,nan,NaN
nan,nan,nan,NaN
nan,nan,nan,NaN
nan,nan,nan,NaN
nan,nan,nan,NaN
nan,nan,nan,NaN
nan,nan,nan,NaN
nan,nan,nan,NaN
nan,nan,nan,NaN
nan,nan,nan,NaN
nan,nan,nan,NaN
nan,nan,nan,NaN
nan,nan,nan,NaN
nan,nan,nan,NaN
nan,nan,nan,NaN
nan,nan,nan,NaN
-1.04319,-0.672955,2.536,2.82355
-1.03496,-0.672955,2.536,2.82051
-1.02673,-0.672955,2.536,2.8175
-1.00364,-0.663136,2.499,2.77345
-0.995525,-0.663136,2.499,2.77053
-0.987414,-0.663136,2.499,2.76762
-0.979303,-0.663136,2.499,2.76474
-0.971191,-0.663136,2.499,2.76188
-0.96308,-0.663136,2.499,2.75904
-0.954969,-0.663136,2.499,2.75621
-0.946858,-0.663136,2.499,2.75341
-0.938747,-0.663136,2.499,2.75064
-0.930636,-0.663136,2.499,2.74788
-0.922525,-0.663136,2.499,2.74514
-0.914414,-0.663136,2.499,2.74243
-0.91283,-0.667913,2.517,2.75947
-0.904661,-0.667913,2.517,2.75678
-0.903259,-0.672955,2.536,2.77489
-0.895027,-0.672955,2.536,2.77223
-0.89344,-0.677997,2.555,2.79033
-0.885147,-0.677997,2.555,2.78769
-0.876854,-0.677997,2.555,2.78506
-0.875021,-0.683039,2.574,2.80316
-0.866666,-0.683039,2.574,2.80056
-0.858311,-0.683039,2.574,2.79798
-0.856231,-0.68808,2.593,2.81607
-0.841602,-0.683039,2.574,2.7929
-0.833248,-0.683039,2.574,2.7904
-0.824893,-0.683039,2.574,2.78791
-0.816539,-0.683039,2.574,2.78545
-0.808184,-0.683039,2.574,2.78302
-0.799829,-0.683039,2.574,2.7806
-0.791475,-0.683039,2.574,2.77821
-0.78312,-0.683039,2.574,2.77584
-0.774766,-0.683039,2.574,2.7735
-0.766411,-0.683039,2.574,2.77117
-0.752461,-0.677997,2.555,2.74844
-0.744168,-0.677997,2.555,2.74618
-0.741347,-0.683039,2.574,2.76435
-0.727582,-0.677997,2.555,2.74173
-0.719289,-0.677997,2.555,2.73954
-0.710996,-0.677997,2.555,2.73737
-0.702704,-0.677997,2.555,2.73523
-0.694411,-0.677997,2.555,2.73311
-0.686118,-0.677997,2.555,2.73102
-0.682866,-0.683039,2.574,2.74924
-0.674511,-0.683039,2.574,2.74718
-0.666156,-0.683039,2.574,2.74514
-0.657802,-0.683039,2.574,2.74312
-0.649447,-0.683039,2.574,2.74113
-0.641093,-0.683039,2.574,2.73916
-0.632738,-0.683039,2.574,2.73722
-0.624384,-0.683039,2.574,2.7353
-0.616029,-0.683039,2.574,2.73341
-0.607674,-0.683039,2.574,2.73154
-0.59932,-0.683039,2.574,2.72969
-0.590965,-0.683039,2.574,2.72787
-0.582611,-0.683039,2.574,2.72607
-0.574256,-0.683039,2.574,2.7243
-0.565902,-0.683039,2.574,2.72255
-0.557547,-0.683039,2.574,2.72082
-0.549192,-0.683039,2.574,2.71912
-0.536846,-0.677997,2.555,2.69739
-0.528553,-0.677997,2.555,2.69575
-0.52026,-0.677997,2.555,2.69414
-0.511967,-0.677997,2.555,2.69255
-0.499929,-0.672955,2.536,2.67097
-0.491697,-0.672955,2.536,2.66944
-0.483466,-0.672955,2.536,2.66794
-0.475235,-0.672955,2.536,2.66646
-0.467004,-0.672955,2.536,2.66501
-0.458772,-0.672955,2.536,2.66358
-0.450541,-0.672955,2.536,2.66217
-0.445624,-0.677997,2.555,2.68072
-0.437331,-0.677997,2.555,2.67936
-0.429038,-0.677997,2.555,2.67802
-0.420745,-0.677997,2.555,2.6767
-0.412452,-0.677997,2.555,2.67541
-0.404159,-0.677997,2.555,2.67414
-0.395866,-0.677997,2.555,2.6729
-0.390456,-0.683039,2.574,2.69156
-0.382101,-0.683039,2.574,2.69036
-0.373747,-0.683039,2.574,2.68918
-0.365392,-0.683039,2.574,2.68803
-0.359673,-0.68808,2.593,2.70675
-0.351257,-0.68808,2.593,2.70564
-0.34284,-0.68808,2.593,2.70456
-0.334424,-0.68808,2.593,2.70351
-0.328522,-0.693388,2.613,2.72332
-0.320041,-0.693388,2.613,2.72231
-0.31156,-0.693388,2.613,2.72133
-0.303079,-0.693388,2.613,2.72037
-0.294598,-0.693388,2.613,2.71944
-0.286117,-0.693388,2.613,2.71853
-0.279761,-0.698695,2.633,2.73845
-0.271215,-0.698695,2.633,2.73759
-0.262669,-0.698695,2.633,2.73676
-0.254122,-0.698695,2.633,2.73595
-0.245576,-0.698695,2.633,2.73517
-0.23703,-0.698695,2.633,2.73442
-0.228484,-0.698695,2.633,2.73369
-0.219938,-0.698695,2.633,2.73299
-0.211392,-0.698695,2.633,2.73232
-0.202846,-0.698695,2.633,2.73167
-0.1943,-0.698695,2.633,2.73105
-0.185754,-0.698695,2.633,2.73045
-0.177208,-0.698695,2.633,2.72988
-0.168662,-0.698695,2.633,2.72934
-0.160116,-0.698695,2.633,2.72883
-0.15157,-0.698695,2.633,2.72834
-0.143024,-0.698695,2.633,2.72788
-0.134478,-0.698695,2.633,2.72744
-0.125931,-0.698695,2.633,2.72704
-0.118322,-0.704267,2.654,2.7484
-0.109707,-0.704267,2.654,2.74804
-0.101093,-0.704267,2.654,2.74771
-0.092479,-0.704267,2.654,2.74741
-0.0838647,-0.704267,2.654,2.74713
-0.0752505,-0.704267,2.654,2.74688
-0.0666363,-0.704267,2.654,2.74666
-0.0580221,-0.704267,2.654,2.74647
-0.0494078,-0.704267,2.654,2.7463
-0.0407936,-0.704267,2.654,2.74616
-0.0321794,-0.704267,2.654,2.74604
-0.0235652,-0.704267,2.654,2.74595
-0.0149509,-0.704267,2.654,2.74589
-0.00633672,-0.704267,2.654,2.74586
0.00227751,-0.704267,2.654,2.74585
0.0108917,-0.704267,2.654,2.74587
0.019506,-0.704267,2.654,2.74592
0.0281202,-0.704267,2.654,2.746
0.0367344,-0.704267,2.654,2.7461
0.0453486,-0.704267,2.654,2.74623
0.0539629,-0.704267,2.654,2.74638
0.0625771,-0.704267,2.654,2.74657
0.0711913,-0.704267,2.654,2.74678
0.0798055,-0.704267,2.654,2.74701
0.0884198,-0.704267,2.654,2.74728
0.097034,-0.704267,2.654,2.74757
0.105648,-0.704267,2.654,2.74788
0.114262,-0.704267,2.654,2.74823
0.122877,-0.704267,2.654,2.7486
0.131491,-0.704267,2.654,2.749
0.141214,-0.70984,2.675,2.77118
0.149896,-0.70984,2.675,2.77164
0.158578,-0.70984,2.675,2.77212
0.167261,-0.70984,2.675,2.77263
0.175943,-0.70984,2.675,2.77317
0.184626,-0.70984,2.675,2.77373
0.193308,-0.70984,2.675,2.77432
0.20199,-0.70984,2.675,2.77494
0.210673,-0.70984,2.675,2.77559
0.219355,-0.70984,2.675,2.77626
0.228038,-0.70984,2.675,2.77696
0.23672,-0.70984,2.675,2.77769
0.245402,-0.70984,2.675,2.77844
0.254085,-0.70984,2.675,2.77922
0.262767,-0.70984,2.675,2.78003
0.269318,-0.704267,2.654,2.75903
0.277933,-0.704267,2.654,2.75988
0.286547,-0.704267,2.654,2.76076
0.295161,-0.704267,2.654,2.76167
0.303775,-0.704267,2.654,2.76261
0.31239,-0.704267,2.654,2.76357
0.318464,-0.698695,2.633,2.74268
0.32701,-0.698695,2.633,2.74368
0.335556,-0.698695,2.633,2.74472
0.344102,-0.698695,2.633,2.74577
0.349969,-0.693388,2.613,2.72599
0.358451,-0.693388,2.613,2.72709
0.366932,-0.693388,2.613,2.72822
0.375413,-0.693388,2.613,2.72938
0.383894,-0.693388,2.613,2.73056
0.392375,-0.693388,2.613,2.73176
0.397788,-0.68808,2.593,2.71207
0.406204,-0.68808,2.593,2.71332
0.414621,-0.68808,2.593,2.71459
0.423037,-0.68808,2.593,2.71589
0.431453,-0.68808,2.593,2.71721
0.446655,-0.698695,2.633,2.7605
0.455201,-0.698695,2.633,2.7619
0.463747,-0.698695,2.633,2.76332
0.47606,-0.704267,2.654,2.78682
0.484674,-0.704267,2.654,2.7883
0.493288,-0.704267,2.654,2.78981
0.501903,-0.704267,2.654,2.79135
0.510517,-0.704267,2.654,2.79291
0.519131,-0.704267,2.654,2.7945
0.531921,-0.70984,2.675,2.81823
0.540603,-0.70984,2.675,2.81988
0.549286,-0.70984,2.675,2.82156
0.557968,-0.70984,2.675,2.82327
0.566651,-0.70984,2.675,2.82499
0.575333,-0.70984,2.675,2.82675
0.579431,-0.704267,2.654,2.80632
0.588045,-0.704267,2.654,2.80811
0.596659,-0.704267,2.654,2.80993
0.605273,-0.704267,2.654,2.81177
0.613887,-0.704267,2.654,2.81364
0.622502,-0.704267,2.654,2.81553
0.631116,-0.704267,2.654,2.81745
0.63973,-0.704267,2.654,2.81939
0.648344,-0.704267,2.654,2.82136
0.656959,-0.704267,2.654,2.82335
0.660306,-0.698695,2.633,2.80301
0.668853,-0.698695,2.633,2.80504
0.677399,-0.698695,2.633,2.80709
0.685945,-0.698695,2.633,2.80916
0.694491,-0.698695,2.633,2.81126
0.703037,-0.698695,2.633,2.81338
0.711583,-0.698695,2.633,2.81553
0.720129,-0.698695,2.633,2.8177
0.728675,-0.698695,2.633,2.8199
0.737221,-0.698695,2.633,2.82212
0.745767,-0.698695,2.633,2.82436
0.754313,-0.698695,2.633,2.82663
0.768944,-0.704267,2.654,2.85149
0.771405,-0.698695,2.633,2.83124
0.779951,-0.698695,2.633,2.83358
0.788497,-0.698695,2.633,2.83595
0.797044,-0.698695,2.633,2.83833
0.80559,-0.698695,2.633,2.84075
0.814136,-0.698695,2.633,2.84318
0.816433,-0.693388,2.613,2.82403
0.824914,-0.693388,2.613,2.82649
0.833395,-0.693388,2.613,2.82898
0.841876,-0.693388,2.613,2.83149
0.843849,-0.68808,2.593,2.81233
0.852265,-0.68808,2.593,2.81486
0.860681,-0.68808,2.593,2.81742
0.862729,-0.683039,2.574,2.79934
0.864654,-0.677997,2.555,2.78125
0.872947,-0.677997,2.555,2.78384
0.881239,-0.677997,2.555,2.78645
0.882918,-0.672955,2.536,2.76834
0.891149,-0.672955,2.536,2.77098
0.89938,-0.672955,2.536,2.77363
0.907611,-0.672955,2.536,2.77631
0.915842,-0.672955,2.536,2.77902
nan,nan,nan,NaN
nan,nan,nan,NaN
nan,nan,nan,NaN
nan,nan,nan,NaN
nan,nan,nan,NaN
nan,nan,nan,NaN
nan,nan,nan,NaN
nan,nan,nan,NaN
nan,nan,nan,NaN
nan,nan,nan,NaN
nan,nan,nan,NaN
nan,nan,nan,NaN
nan,nan,nan,NaN
nan,nan,nan,NaN
nan,nan,nan,NaN
nan,nan,nan,NaN
nan,nan,nan,NaN
nan,nan,nan,NaN
nan,nan,nan,NaN
nan,nan,nan,NaN
nan,nan,nan,NaN
nan,nan,nan,NaN
nan,nan,nan,NaN
nan,nan,nan,NaN
nan,nan,nan,NaN
nan,nan,nan,NaN
nan,nan,nan,NaN
nan,nan,nan,NaN
nan,nan,nan,NaN
nan,nan,nan,NaN
nan,nan,nan,NaN
nan,nan,nan,NaN
nan,nan,nan,NaN
nan,nan,nan,NaN
nan,nan,nan,NaN
nan,nan,nan,NaN
nan,nan,nan,NaN
nan,nan,nan,NaN
nan,nan,nan,NaN
nan,nan,nan,NaN
nan,nan,nan,NaN
nan,nan,nan,NaN
nan,nan,nan,NaN
nan,nan,nan,NaN
nan,nan,nan,NaN
nan,nan,nan,NaN
nan,nan,nan,NaN
nan,nan,nan,NaN
nan,nan,nan,NaN
nan,nan,nan,NaN
nan,nan,nan,NaN
nan,nan,nan,NaN
nan,nan,nan,NaN
nan,nan,nan,NaN
nan,nan,nan,NaN
1.97724,-0.966444,3.642,4.25531
1.98906,-0.966444,3.642,4.26081
2.00088,-0.966444,3.642,4.26634
2.0127,-0.966444,3.642,4.2719
2.02452,-0.966444,3.642,4.27748
2.03634,-0.966444,3.642,4.28309
2.02679,-0.95636,3.604,4.24398
2.03849,-0.95636,3.604,4.24957
2.05019,-0.95636,3.604,4.2552
2.06189,-0.95636,3.604,4.26085
2.05172,-0.946276,3.566,4.22153
2.06329,-0.946276,3.566,4.22717
2.07487,-0.946276,3.566,4.23283
2.06479,-0.936458,3.529,4.19454
2.07625,-0.936458,3.529,4.20019
2.06641,-0.926905,3.493,4.16296
2.03611,-0.90833,3.423,4.08506
2.04722,-0.90833,3.423,4.09061
2.03788,-0.899308,3.389,4.05549
2.02893,-0.890551,3.356,4.02149
2.03982,-0.890551,3.356,4.027
2.03116,-0.882059,3.324,3.99407
2.00264,-0.865076,3.26,3.92256
1.99469,-0.857115,3.23,3.89183
2.00517,-0.857115,3.23,3.89721
1.97821,-0.841194,3.17,3.83012
1.93456,-0.818373,3.084,3.73139
1.94457,-0.818373,3.084,3.73659
1.93746,-0.811208,3.057,3.70905
1.91299,-0.796878,3.003,3.64864
1.92273,-0.796878,3.003,3.65376
1.89902,-0.78308,2.951,3.59554
1.89243,-0.776446,2.926,3.5701
1.90192,-0.776446,2.926,3.57515
1.87941,-0.763443,2.877,3.52025
1.87299,-0.757074,2.853,3.49584
1.88225,-0.757074,2.853,3.50081
1.86035,-0.744602,2.806,3.44804
1.83948,-0.732661,2.761,3.39759
1.84844,-0.732661,2.761,3.40245
1.8574,-0.732661,2.761,3.40733
1.85149,-0.726823,2.739,3.38503
1.86038,-0.726823,2.739,3.3899
-2.52657,-0.954626,3.642,4.53421
-2.51475,-0.954626,3.642,4.52763
-2.4507,-0.934705,3.566,4.42673
-2.43913,-0.934705,3.566,4.42034
-2.42755,-0.934705,3.566,4.41396
-2.39091,-0.925007,3.529,4.36187
-2.33158,-0.906397,3.458,4.26797
-2.32036,-0.906397,3.458,4.26185
-2.30914,-0.906397,3.458,4.25575
-2.27466,-0.897223,3.423,4.20666
-2.24106,-0.888311,3.389,4.15894
-2.23006,-0.888311,3.389,4.15302
-2.21906,-0.888311,3.389,4.14713
-2.18656,-0.879661,3.356,4.10093
-2.17567,-0.879661,3.356,4.09513
-2.16478,-0.879661,3.356,4.08935
-2.15388,-0.879661,3.356,4.0836
-2.14299,-0.879661,3.356,4.07786
-2.1321,-0.879661,3.356,4.07215
-2.10098,-0.871273,3.324,4.02768
-2.09019,-0.871273,3.324,4.02206
-2.0794,-0.871273,3.324,4.01647
-2.06861,-0.871273,3.324,4.01089
-2.05782,-0.871273,3.324,4.00534
-2.04703,-0.871273,3.324,3.99981
-2.03625,-0.871273,3.324,3.99429
-2.02546,-0.871273,3.324,3.98881
-2.01467,-0.871273,3.324,3.98334
-2.00388,-0.871273,3.324,3.97789
-1.99309,-0.871273,3.324,3.97247
nan,nan,nan,NaN
nan,nan,nan,NaN
nan,nan,nan,NaN
nan,nan,nan,NaN
nan,nan,nan,NaN
nan,nan,nan,NaN
nan,nan,nan,NaN
nan,nan,nan,NaN
nan,nan,nan,NaN
nan,nan,nan,NaN
nan,nan,nan,NaN
nan,nan,nan,NaN
nan,nan,nan,NaN
nan,nan,nan,NaN
nan,nan,nan,NaN
nan,nan,nan,NaN
nan,nan,nan,NaN
nan,nan,nan,NaN
nan,nan,nan,NaN
nan,nan,nan,NaN
nan,nan,nan,NaN
nan,nan,nan,NaN
nan,nan,nan,NaN
nan,nan,nan,NaN
nan,nan,nan,NaN
nan,nan,nan,NaN
nan,nan,nan,NaN
nan,nan,nan,NaN
nan,nan,nan,NaN
nan,nan,nan,NaN
nan,nan,nan,NaN
nan,nan,nan,NaN
nan,nan,nan,NaN
nan,nan,nan,NaN
nan,nan,nan,NaN
nan,nan,nan,NaN
nan,nan,nan,NaN
nan,nan,nan,NaN
nan,nan,nan,NaN
nan,nan,nan,NaN
nan,nan,nan,NaN
nan,nan,nan,NaN
nan,nan,nan,NaN
nan,nan,nan,NaN
nan,nan,nan,NaN
nan,nan,nan,NaN
nan,nan,nan,NaN
nan,nan,nan,NaN
nan,nan,nan,NaN
nan,nan,nan,NaN
nan,nan,nan,NaN
nan,nan,nan,NaN
nan,nan,nan,NaN
nan,nan,nan,NaN
nan,nan,nan,NaN
nan,nan,nan,NaN
nan,nan,nan,NaN
-1.05882,-0.674686,2.574,2.86388
-1.04271,-0.669706,2.555,2.83968
-1.03442,-0.669706,2.555,2.83664
-1.02613,-0.669706,2.555,2.83363
-1.01026,-0.664726,2.536,2.80959
-1.00203,-0.664726,2.536,2.80664
-0.993802,-0.664726,2.536,2.80371
-0.978187,-0.659746,2.517,2.77982
-0.970017,-0.659746,2.517,2.77696
-0.961848,-0.659746,2.517,2.77411
-0.953678,-0.659746,2.517,2.77129
-0.945509,-0.659746,2.517,2.76849
-0.937339,-0.659746,2.517,2.76571
-0.92917,-0.659746,2.517,2.76295
-0.927952,-0.664726,2.536,2.78105
-0.919721,-0.664726,2.536,2.77832
-0.91149,-0.664726,2.536,2.7756
-0.910026,-0.669706,2.555,2.79369
-0.901733,-0.669706,2.555,2.791
-0.89344,-0.669706,2.555,2.78833
-0.885147,-0.669706,2.555,2.78568
-0.883375,-0.674686,2.574,2.80375
-0.875021,-0.674686,2.574,2.80113
-0.866666,-0.674686,2.574,2.79853
-0.858311,-0.674686,2.574,2.79596
-0.856231,-0.679667,2.593,2.81402
-0.841602,-0.674686,2.574,2.79087
-0.833248,-0.674686,2.574,2.78837
-0.824893,-0.674686,2.574,2.78588
-0.816539,-0.674686,2.574,2.78342
-0.808184,-0.674686,2.574,2.78098
-0.793925,-0.669706,2.555,2.75805
-0.785633,-0.669706,2.555,2.75568
-0.77734,-0.669706,2.555,2.75332
-0.769047,-0.669706,2.555,2.75099
-0.760754,-0.669706,2.555,2.74869
-0.752461,-0.669706,2.555,2.7464
-0.744168,-0.669706,2.555,2.74414
-0.735875,-0.669706,2.555,2.7419
-0.727582,-0.669706,2.555,2.73969
-0.719289,-0.669706,2.555,2.7375
-0.716284,-0.674686,2.574,2.75567
-0.707929,-0.674686,2.574,2.75351
-0.699575,-0.674686,2.574,2.75138
-0.69122,-0.674686,2.574,2.74927
-0.682866,-0.674686,2.574,2.74718
-0.674511,-0.674686,2.574,2.74511
-0.671074,-0.679667,2.593,2.76332
-0.662657,-0.679667,2.593,2.76129
-0.649447,-0.674686,2.574,2.73906
-0.641093,-0.674686,2.574,2.73709
-0.632738,-0.674686,2.574,2.73515
-0.624384,-0.674686,2.574,2.73323
-0.616029,-0.674686,2.574,2.73133
-0.607674,-0.674686,2.574,2.72946
-0.59932,-0.674686,2.574,2.72761
-0.590965,-0.674686,2.574,2.72579
-0.582611,-0.674686,2.574,2.72399
-0.578495,-0.679667,2.593,2.74231
-0.565902,-0.674686,2.574,2.72046
-0.557547,-0.674686,2.574,2.71874
-0.549192,-0.674686,2.574,2.71704
-0.536846,-0.669706,2.555,2.69532
-0.528553,-0.669706,2.555,2.69368
-0.52026,-0.669706,2.555,2.69206
-0.511967,-0.669706,2.555,2.69047
-0.503674,-0.669706,2.555,2.68891
-0.495381,-0.669706,2.555,2.68737
-0.487088,-0.669706,2.555,2.68585
-0.478795,-0.669706,2.555,2.68436
-0.470502,-0.669706,2.555,2.68289
-0.46221,-0.669706,2.555,2.68145
-0.453917,-0.669706,2.555,2.68003
-0.445624,-0.669706,2.555,2.67864
-0.437331,-0.669706,2.555,2.67727
-0.429038,-0.669706,2.555,2.67593
-0.420745,-0.669706,2.555,2.67461
-0.412452,-0.669706,2.555,2.67332
-0.404159,-0.669706,2.555,2.67205
-0.395866,-0.669706,2.555,2.67081
-0.390456,-0.674686,2.574,2.68945
-0.382101,-0.674686,2.574,2.68825
-0.373747,-0.674686,2.574,2.68707
-0.365392,-0.674686,2.574,2.68592
-0.359673,-0.679667,2.593,2.70462
-0.351257,-0.679667,2.593,2.70351
-0.34284,-0.679667,2.593,2.70243
-0.334424,-0.679667,2.593,2.70138
-0.328522,-0.684909,2.613,2.72118
-0.320041,-0.684909,2.613,2.72016
-0.31156,-0.684909,2.613,2.71918
-0.303079,-0.684909,2.613,2.71822
-0.294598,-0.684909,2.613,2.71729
-0.286117,-0.684909,2.613,2.71638
-0.279761,-0.690151,2.633,2.73629
-0.271215,-0.690151,2.633,2.73543
-0.262669,-0.690151,2.633,2.73459
-0.254122,-0.690151,2.633,2.73378
-0.245576,-0.690151,2.633,2.733
-0.23703,-0.690151,2.633,2.73225
-0.228484,-0.690151,2.633,2.73152
-0.219938,-0.690151,2.633,2.73082
-0.211392,-0.690151,2.633,2.73014
-0.202846,-0.690151,2.633,2.7295
-0.1943,-0.690151,2.633,2.72887
-0.185754,-0.690151,2.633,2.72828
-0.177208,-0.690151,2.633,2.72771
-0.168662,-0.690151,2.633,2.72717
-0.160116,-0.690151,2.633,2.72665
-0.15157,-0.690151,2.633,2.72616
-0.143024,-0.690151,2.633,2.7257
-0.134478,-0.690151,2.633,2.72527
-0.125931,-0.690151,2.633,2.72486
-0.118322,-0.695656,2.654,2.74621
-0.109707,-0.695656,2.654,2.74585
-0.101093,-0.695656,2.654,2.74552
-0.092479,-0.695656,2.654,2.74522
-0.0838647,-0.695656,2.654,2.74494
-0.0752505,-0.695656,2.654,2.74469
-0.0666363,-0.695656,2.654,2.74447
-0.0580221,-0.695656,2.654,2.74427
-0.0494078,-0.695656,2.654,2.7441
-0.0407936,-0.695656,2.654,2.74396
-0.0321794,-0.695656,2.654,2.74385
-0.0235652,-0.695656,2.654,2.74376
-0.0149509,-0.695656,2.654,2.7437
-0.00633672,-0.695656,2.654,2.74366
0.00227751,-0.695656,2.654,2.74366
0.0108917,-0.695656,2.654,2.74368
0.019506,-0.695656,2.654,2.74373
0.0281202,-0.695656,2.654,2.7438
0.0367344,-0.695656,2.654,2.7439
0.0453486,-0.695656,2.654,2.74403
0.0539629,-0.695656,2.654,2.74419
0.0625771,-0.695656,2.654,2.74437
0.0711913,-0.695656,2.654,2.74458
0.0798055,-0.695656,2.654,2.74482
0.0884198,-0.695656,2.654,2.74508
0.097034,-0.695656,2.654,2.74537
0.105648,-0.695656,2.654,2.74569
0.113358,-0.690151,2.633,2.72431
0.121904,-0.690151,2.633,2.72468
0.13045,-0.690151,2.633,2.72507
0.138997,-0.690151,2.633,2.72549
0.148719,-0.695656,2.654,2.74768
0.157334,-0.695656,2.654,2.74816
0.165948,-0.695656,2.654,2.74867
0.174562,-0.695656,2.654,2.7492
0.183176,-0.695656,2.654,2.74976
0.19179,-0.695656,2.654,2.75035
0.200405,-0.695656,2.654,2.75097
0.209019,-0.695656,2.654,2.75161
0.217633,-0.695656,2.654,2.75227
0.226247,-0.695656,2.654,2.75297
0.234862,-0.695656,2.654,2.75369
0.243476,-0.695656,2.654,2.75444
0.25209,-0.695656,2.654,2.75521
0.260704,-0.695656,2.654,2.75602
0.269318,-0.695656,2.654,2.75684
0.277933,-0.695656,2.654,2.7577
0.286547,-0.695656,2.654,2.75858
0.292826,-0.690151,2.633,2.73765
0.301372,-0.690151,2.633,2.73858
0.309918,-0.690151,2.633,2.73953
0.318464,-0.690151,2.633,2.74051
0.32701,-0.690151,2.633,2.74152
0.333007,-0.684909,2.613,2.72172
0.341488,-0.684909,2.613,2.72277
0.349969,-0.684909,2.613,2.72385
0.355707,-0.679667,2.593,2.70409
0.364123,-0.679667,2.593,2.70521
0.372539,-0.679667,2.593,2.70636
0.380956,-0.679667,2.593,2.70753
0.389372,-0.679667,2.593,2.70873
0.397788,-0.679667,2.593,2.70995
0.406204,-0.679667,2.593,2.7112
0.414621,-0.679667,2.593,2.71247
0.423037,-0.679667,2.593,2.71377
0.431453,-0.679667,2.593,2.7151
0.443262,-0.684909,2.613,2.7374
0.455201,-0.690151,2.633,2.75975
0.463747,-0.690151,2.633,2.76117
0.472293,-0.690151,2.633,2.76262
0.484674,-0.695656,2.654,2.78614
0.493288,-0.695656,2.654,2.78765
0.501903,-0.695656,2.654,2.78919
0.510517,-0.695656,2.654,2.79075
0.519131,-0.695656,2.654,2.79234
0.527745,-0.695656,2.654,2.79395
0.536359,-0.695656,2.654,2.79559
0.544974,-0.695656,2.654,2.79726
0.553588,-0.695656,2.654,2.79895
0.562202,-0.695656,2.654,2.80066
0.570816,-0.695656,2.654,2.80241
0.579431,-0.695656,2.654,2.80417
0.588045,-0.695656,2.654,2.80597
0.596659,-0.695656,2.654,2.80778
0.605273,-0.695656,2.654,2.80963
0.613887,-0.695656,2.654,2.8115
0.622502,-0.695656,2.654,2.81339
0.631116,-0.695656,2.654,2.81531
0.63973,-0.695656,2.654,2.81725
0.648344,-0.695656,2.654,2.81922
0.656959,-0.695656,2.654,2.82121
0.665573,-0.695656,2.654,2.82323
0.674187,-0.695656,2.654,2.82528
0.682801,-0.695656,2.654,2.82734
0.691415,-0.695656,2.654,2.82944
0.70003,-0.695656,2.654,2.83155
0.708644,-0.695656,2.654,2.8337
0.717258,-0.695656,2.654,2.83586
0.720129,-0.690151,2.633,2.8156
0.728675,-0.690151,2.633,2.81779
0.737221,-0.690151,2.633,2.82002
0.745767,-0.690151,2.633,2.82226
0.760329,-0.695656,2.654,2.84706
0.768944,-0.695656,2.654,2.84937
0.777558,-0.695656,2.654,2.85171
0.786172,-0.695656,2.654,2.85407
0.794786,-0.695656,2.654,2.85646
0.8034,-0.695656,2.654,2.85886
0.812015,-0.695656,2.654,2.8613
0.820629,-0.695656,2.654,2.86375
0.822682,-0.690151,2.633,2.84355
0.831228,-0.690151,2.633,2.84604
0.839774,-0.690151,2.633,2.84855
0.84832,-0.690151,2.633,2.85108
0.850357,-0.684909,2.613,2.83196
0.858838,-0.684909,2.613,2.83451
0.86732,-0.684909,2.613,2.8371
0.869097,-0.679667,2.593,2.81797
0.871084,-0.674686,2.574,2.7999
0.879438,-0.674686,2.574,2.80251
0.887793,-0.674686,2.574,2.80515
0.889532,-0.669706,2.555,2.78708
0.897825,-0.669706,2.555,2.78974
0.906118,-0.669706,2.555,2.79242
0.914411,-0.669706,2.555,2.79512
0.922704,-0.669706,2.555,2.79784
nan,nan,nan,NaN
nan,nan,nan,NaN
nan,nan,nan,NaN
nan,nan,nan,NaN
nan,nan,nan,NaN
nan,nan,nan,NaN
nan,nan,nan,NaN
nan,nan,nan,NaN
nan,nan,nan,NaN
nan,nan,nan,NaN
nan,nan,nan,NaN
nan,nan,nan,NaN
nan,nan,nan,NaN
nan,nan,nan,NaN
nan,nan,nan,NaN
nan,nan,nan,NaN
nan,nan,nan,NaN
nan,nan,nan,NaN
nan,nan,nan,NaN
nan,nan,nan,NaN
nan,nan,nan,NaN
nan,nan,nan,NaN
nan,nan,nan,NaN
nan,nan,nan,NaN
nan,nan,nan,NaN
nan,nan,nan,NaN
nan,nan,nan,NaN
nan,nan,nan,NaN
nan,nan,nan,NaN
nan,nan,nan,NaN
nan,nan,nan,NaN
nan,nan,nan,NaN
nan,nan,nan,NaN
nan,nan,nan,NaN
nan,nan,nan,NaN
nan,nan,nan,NaN
nan,nan,nan,NaN
nan,nan,nan,NaN
nan,nan,nan,NaN
nan,nan,nan,NaN
nan,nan,nan,NaN
nan,nan,nan,NaN
nan,nan,nan,NaN
nan,nan,nan,NaN
nan,nan,nan,NaN
nan,nan,nan,NaN
nan,nan,nan,NaN
nan,nan,nan,NaN
nan,nan,nan,NaN
nan,nan,nan,NaN
nan,nan,nan,NaN
nan,nan,nan,NaN
nan,nan,nan,NaN
nan,nan,nan,NaN
nan,nan,nan,NaN
1.97724,-0.954626,3.642,4.25264
1.98906,-0.954626,3.642,4.25815
2.00088,-0.954626,3.642,4.26368
2.0127,-0.954626,3.642,4.26924
2.02452,-0.954626,3.642,4.27483
2.03634,-0.954626,3.642,4.28044
2.02679,-0.944666,3.604,4.24136
2.03849,-0.944666,3.604,4.24696
2.05019,-0.944666,3.604,4.25258
2.06189,-0.944666,3.604,4.25824
2.05172,-0.934705,3.566,4.21896
2.06329,-0.934705,3.566,4.2246
2.07487,-0.934705,3.566,4.23026
2.06479,-0.925007,3.529,4.192
2.07625,-0.925007,3.529,4.19765
2.06641,-0.915571,3.493,4.16045
2.03611,-0.897223,3.423,4.0826
2.04722,-0.897223,3.423,4.08816
2.03788,-0.888311,3.389,4.05307
2.02893,-0.879661,3.356,4.01909
2.03982,-0.879661,3.356,4.0246
2.03116,-0.871273,3.324,3.99171
2.00264,-0.854498,3.26,3.92024
1.99469,-0.846634,3.23,3.88953
2.00517,-0.846634,3.23,3.89492
1.97821,-0.830907,3.17,3.82788
1.93456,-0.808365,3.084,3.72921
1.94457,-0.808365,3.084,3.73441
1.93746,-0.801288,3.057,3.7069
1.91299,-0.787134,3.003,3.64652
1.92273,-0.787134,3.003,3.65164
1.91575,-0.780319,2.977,3.62512
1.89243,-0.766951,2.926,3.56805
1.90192,-0.766951,2.926,3.5731
1.87941,-0.754107,2.877,3.51824
1.87299,-0.747817,2.853,3.49384
1.88225,-0.747817,2.853,3.49882
1.86035,-0.735497,2.806,3.44609
1.83948,-0.723702,2.761,3.39567
1.84844,-0.723702,2.761,3.40053
1.8426,-0.717936,2.739,3.37828
1.83662,-0.712169,2.717,3.35596
1.84544,-0.712169,2.717,3.36079
-2.52657,-0.942808,3.642,4.53174
-2.51475,-0.942808,3.642,4.52516
-2.47682,-0.932971,3.604,4.47145
-2.46512,-0.932971,3.604,4.46498
-2.45342,-0.932971,3.604,4.45853
-2.39091,-0.913556,3.529,4.35946
-2.35518,-0.904237,3.493,4.30878
-2.34385,-0.904237,3.493,4.30259
-2.30914,-0.895176,3.458,4.25338
-2.29791,-0.895176,3.458,4.24729
-2.26355,-0.886116,3.423,4.19831
-2.25243,-0.886116,3.423,4.19233
-2.24132,-0.886116,3.423,4.18637
-2.20806,-0.877314,3.389,4.13891
-2.19706,-0.877314,3.389,4.13305
-2.18606,-0.877314,3.389,4.12721
-2.17506,-0.877314,3.389,4.1214
-2.16406,-0.877314,3.389,4.1156
-2.1321,-0.868771,3.356,4.06981
-2.1212,-0.868771,3.356,4.06411
-2.11031,-0.868771,3.356,4.05844
-2.09942,-0.868771,3.356,4.05278
-2.08853,-0.868771,3.356,4.04715
-2.07763,-0.868771,3.356,4.04154
-2.06674,-0.868771,3.356,4.03595
-2.05585,-0.868771,3.356,4.03039
-2.04496,-0.868771,3.356,4.02484
-2.03406,-0.868771,3.356,4.01932
-2.02317,-0.868771,3.356,4.01382
-2.01228,-0.868771,3.356,4.00834
nan,nan,nan,NaN
nan,nan,nan,NaN
nan,nan,nan,NaN
nan,nan,nan,NaN
nan,nan,nan,NaN
nan,nan,nan,NaN
nan,nan,nan,NaN
nan,nan,nan,NaN
nan,nan,nan,NaN
nan,nan,nan,NaN
nan,nan,nan,NaN
nan,nan,nan,NaN
nan,nan,nan,NaN
nan,nan,nan,NaN
nan,nan,nan,NaN
nan,nan,nan,NaN
nan,nan,nan,NaN
nan,nan,nan,NaN
nan,nan,nan,NaN
nan,nan,nan,NaN
nan,nan,nan,NaN
nan,nan,nan,NaN
nan,nan,nan,NaN
nan,nan,nan,NaN
nan,nan,nan,NaN
nan,nan,nan,NaN
nan,nan,nan,NaN
nan,nan,nan,NaN
nan,nan,nan,NaN
nan,nan,nan,NaN
nan,nan,nan,NaN
nan,nan,nan,NaN
nan,nan,nan,NaN
nan,nan,nan,NaN
nan,nan,nan,NaN
nan,nan,nan,NaN
nan,nan,nan,NaN
nan,nan,nan,NaN
nan,nan,nan,NaN
nan,nan,nan,NaN
nan,nan,nan,NaN
nan,nan,nan,NaN
nan,nan,nan,NaN
nan,nan,nan,NaN
nan,nan,nan,NaN
nan,nan,nan,NaN
nan,nan,nan,NaN
nan,nan,nan,NaN
nan,nan,nan,NaN
nan,nan,nan,NaN
nan,nan,nan,NaN
nan,nan,nan,NaN
nan,nan,nan,NaN
nan,nan,nan,NaN
nan,nan,nan,NaN
nan,nan,nan,NaN
nan,nan,nan,NaN
-1.07486,-0.67643,2.613,2.90528
-1.05822,-0.671253,2.593,2.87994
-1.0498,-0.671253,2.593,2.87686
-1.03376,-0.666334,2.574,2.85274
-1.0254,-0.666334,2.574,2.84972
-1.01705,-0.666334,2.574,2.84673
-1.00869,-0.666334,2.574,2.84375
-0.992955,-0.661416,2.555,2.81983
-0.984662,-0.661416,2.555,2.81692
-0.976369,-0.661416,2.555,2.81403
-0.968076,-0.661416,2.555,2.81117
-0.952646,-0.656497,2.536,2.78744
-0.944415,-0.656497,2.536,2.78464
-0.936184,-0.656497,2.536,2.78186
-0.927952,-0.656497,2.536,2.7791
-0.926612,-0.661416,2.555,2.79716
-0.918319,-0.661416,2.555,2.79442
-0.910026,-0.661416,2.555,2.79171
-0.901733,-0.661416,2.555,2.78902
-0.89344,-0.661416,2.555,2.78635
-0.885147,-0.661416,2.555,2.7837
-0.883375,-0.666334,2.574,2.80175
-0.875021,-0.666334,2.574,2.79913
-0.866666,-0.666334,2.574,2.79653
-0.858311,-0.666334,2.574,2.79395
-0.856231,-0.671253,2.593,2.812
-0.847815,-0.671253,2.593,2.80945
-0.833248,-0.666334,2.574,2.78636
-0.824893,-0.666334,2.574,2.78387
-0.816539,-0.666334,2.574,2.7814
-0.808184,-0.666334,2.574,2.77896
-0.793925,-0.661416,2.555,2.75605
-0.785633,-0.661416,2.555,2.75367
-0.77734,-0.661416,2.555,2.75132
-0.769047,-0.661416,2.555,2.74899
-0.760754,-0.661416,2.555,2.74668
-0.752461,-0.661416,2.555,2.74439
-0.744168,-0.661416,2.555,2.74213
-0.735875,-0.661416,2.555,2.73989
-0.727582,-0.661416,2.555,2.73768
-0.719289,-0.661416,2.555,2.73548
-0.716284,-0.666334,2.574,2.75364
-0.707929,-0.666334,2.574,2.75148
-0.699575,-0.666334,2.574,2.74934
-0.69122,-0.666334,2.574,2.74723
-0.682866,-0.666334,2.574,2.74514
-0.674511,-0.666334,2.574,2.74307
-0.671074,-0.671253,2.593,2.76126
-0.662657,-0.671253,2.593,2.75923
-0.654241,-0.671253,2.593,2.75722
-0.641093,-0.666334,2.574,2.73505
-0.632738,-0.666334,2.574,2.7331
-0.624384,-0.666334,2.574,2.73118
-0.616029,-0.666334,2.574,2.72928
-0.607674,-0.666334,2.574,2.72741
-0.59932,-0.666334,2.574,2.72556
-0.590965,-0.666334,2.574,2.72373
-0.582611,-0.666334,2.574,2.72193
-0.574256,-0.666334,2.574,2.72016
-0.565902,-0.666334,2.574,2.7184
-0.553431,-0.661416,2.555,2.69662
-0.545139,-0.661416,2.555,2.69493
-0.536846,-0.661416,2.555,2.69327
-0.528553,-0.661416,2.555,2.69163
-0.52026,-0.661416,2.555,2.69001
-0.511967,-0.661416,2.555,2.68842
-0.499929,-0.656497,2.536,2.66687
-0.491697,-0.656497,2.536,2.66534
-0.483466,-0.656497,2.536,2.66384
-0.475235,-0.656497,2.536,2.66235
-0.467004,-0.656497,2.536,2.6609
-0.46221,-0.661416,2.555,2.67939
-0.453917,-0.661416,2.555,2.67797
-0.445624,-0.661416,2.555,2.67658
-0.437331,-0.661416,2.555,2.67521
-0.429038,-0.661416,2.555,2.67387
-0.420745,-0.661416,2.555,2.67255
-0.412452,-0.661416,2.555,2.67126
-0.404159,-0.661416,2.555,2.66999
-0.395866,-0.661416,2.555,2.66875
-0.390456,-0.666334,2.574,2.68737
-0.382101,-0.666334,2.574,2.68616
-0.373747,-0.666334,2.574,2.68499
-0.365392,-0.666334,2.574,2.68384
-0.359673,-0.671253,2.593,2.70252
-0.351257,-0.671253,2.593,2.70141
-0.34284,-0.671253,2.593,2.70033
-0.334424,-0.671253,2.593,2.69927
-0.328522,-0.67643,2.613,2.71905
-0.320041,-0.67643,2.613,2.71804
-0.31156,-0.67643,2.613,2.71706
-0.303079,-0.67643,2.613,2.7161
-0.294598,-0.67643,2.613,2.71516
-0.286117,-0.67643,2.613,2.71426
-0.279761,-0.681608,2.633,2.73414
-0.271215,-0.681608,2.633,2.73328
-0.262669,-0.681608,2.633,2.73245
-0.254122,-0.681608,2.633,2.73164
-0.245576,-0.681608,2.633,2.73086
-0.23703,-0.681608,2.633,2.7301
-0.228484,-0.681608,2.633,2.72937
-0.219938,-0.681608,2.633,2.72867
-0.211392,-0.681608,2.633,2.728
-0.202846,-0.681608,2.633,2.72735
-0.1943,-0.681608,2.633,2.72673
-0.185754,-0.681608,2.633,2.72613
-0.177208,-0.681608,2.633,2.72556
-0.168662,-0.681608,2.633,2.72502
-0.160116,-0.681608,2.633,2.7245
-0.15157,-0.681608,2.633,2.72401
-0.143024,-0.681608,2.633,2.72355
-0.134478,-0.681608,2.633,2.72312
-0.125931,-0.681608,2.633,2.72271
-0.117385,-0.681608,2.633,2.72233
-0.108839,-0.681608,2.633,2.72197
-0.100293,-0.681608,2.633,2.72164
-0.0917472,-0.681608,2.633,2.72134
-0.0838647,-0.687044,2.654,2.74277
-0.0752505,-0.687044,2.654,2.74252
-0.0666363,-0.687044,2.654,2.7423
-0.0580221,-0.687044,2.654,2.7421
-0.0494078,-0.687044,2.654,2.74193
-0.0404708,-0.681608,2.633,2.72009
-0.0319248,-0.681608,2.633,2.71998
-0.0233787,-0.681608,2.633,2.71989
-0.0148326,-0.681608,2.633,2.71983
-0.00633672,-0.687044,2.654,2.74149
0.00227751,-0.687044,2.654,2.74149
0.0108917,-0.687044,2.654,2.74151
0.019506,-0.687044,2.654,2.74156
0.0281202,-0.687044,2.654,2.74163
0.0367344,-0.687044,2.654,2.74173
0.0453486,-0.687044,2.654,2.74186
0.0539629,-0.687044,2.654,2.74202
0.0625771,-0.687044,2.654,2.7422
0.0711913,-0.687044,2.654,2.74241
0.0791741,-0.681608,2.633,2.72095
0.0877201,-0.681608,2.633,2.72121
0.0962662,-0.681608,2.633,2.7215
0.104812,-0.681608,2.633,2.72181
0.113358,-0.681608,2.633,2.72216
0.121904,-0.681608,2.633,2.72252
0.13045,-0.681608,2.633,2.72292
0.138997,-0.681608,2.633,2.72334
0.147543,-0.681608,2.633,2.72379
0.156089,-0.681608,2.633,2.72427
0.164635,-0.681608,2.633,2.72477
0.173181,-0.681608,2.633,2.7253
0.181727,-0.681608,2.633,2.72586
0.190273,-0.681608,2.633,2.72644
0.198819,-0.681608,2.633,2.72705
0.207365,-0.681608,2.633,2.72769
0.215911,-0.681608,2.633,2.72835
0.224457,-0.681608,2.633,2.72904
0.234862,-0.687044,2.654,2.75153
0.241549,-0.681608,2.633,2.7305
0.250095,-0.681608,2.633,2.73127
0.258641,-0.681608,2.633,2.73206
0.267187,-0.681608,2.633,2.73289
0.275734,-0.681608,2.633,2.73374
0.28428,-0.681608,2.633,2.73461
0.292826,-0.681608,2.633,2.73551
0.301372,-0.681608,2.633,2.73644
0.309918,-0.681608,2.633,2.73739
0.316045,-0.67643,2.613,2.71757
0.324526,-0.67643,2.613,2.71857
0.333007,-0.67643,2.613,2.7196
0.341488,-0.67643,2.613,2.72065
0.347291,-0.671253,2.593,2.7009
0.355707,-0.671253,2.593,2.70199
0.364123,-0.671253,2.593,2.70311
0.372539,-0.671253,2.593,2.70426
0.380956,-0.671253,2.593,2.70543
0.389372,-0.671253,2.593,2.70663
0.397788,-0.671253,2.593,2.70785
0.406204,-0.671253,2.593,2.7091
0.417819,-0.67643,2.613,2.73128
0.4263,-0.67643,2.613,2.73259
0.434781,-0.67643,2.613,2.73393
0.443262,-0.67643,2.613,2.73529
0.451743,-0.67643,2.613,2.73668
0.460224,-0.67643,2.613,2.73809
0.472293,-0.681608,2.633,2.7605
0.480839,-0.681608,2.633,2.76197
0.489385,-0.681608,2.633,2.76347
0.497931,-0.681608,2.633,2.765
0.510517,-0.687044,2.654,2.78861
0.519131,-0.687044,2.654,2.7902
0.527745,-0.687044,2.654,2.79182
0.536359,-0.687044,2.654,2.79346
0.544974,-0.687044,2.654,2.79513
0.553588,-0.687044,2.654,2.79682
0.562202,-0.687044,2.654,2.79854
0.570816,-0.687044,2.654,2.80028
0.579431,-0.687044,2.654,2.80205
0.588045,-0.687044,2.654,2.80384
0.596659,-0.687044,2.654,2.80566
0.605273,-0.687044,2.654,2.80751
0.613887,-0.687044,2.654,2.80938
0.622502,-0.687044,2.654,2.81127
0.631116,-0.687044,2.654,2.81319
0.63973,-0.687044,2.654,2.81514
0.648344,-0.687044,2.654,2.81711
0.656959,-0.687044,2.654,2.8191
0.665573,-0.687044,2.654,2.82112
0.674187,-0.687044,2.654,2.82317
0.682801,-0.687044,2.654,2.82524
0.691415,-0.687044,2.654,2.82733
0.70003,-0.687044,2.654,2.82945
0.708644,-0.687044,2.654,2.83159
0.717258,-0.687044,2.654,2.83376
0.725872,-0.687044,2.654,2.83595
0.734487,-0.687044,2.654,2.83817
0.743101,-0.687044,2.654,2.84041
0.751715,-0.687044,2.654,2.84268
0.760329,-0.687044,2.654,2.84497
0.768944,-0.687044,2.654,2.84728
0.777558,-0.687044,2.654,2.84962
0.786172,-0.687044,2.654,2.85198
0.794786,-0.687044,2.654,2.85437
0.8034,-0.687044,2.654,2.85678
0.812015,-0.687044,2.654,2.85922
0.820629,-0.687044,2.654,2.86167
0.829243,-0.687044,2.654,2.86416
0.837857,-0.687044,2.654,2.86666
0.839774,-0.681608,2.633,2.84649
0.84832,-0.681608,2.633,2.84902
0.850357,-0.67643,2.613,2.82992
0.858838,-0.67643,2.613,2.83248
0.86732,-0.67643,2.613,2.83506
0.875801,-0.67643,2.613,2.83767
0.877514,-0.671253,2.593,2.81856
0.88593,-0.671253,2.593,2.82119
0.887793,-0.666334,2.574,2.80315
0.896147,-0.666334,2.574,2.80581
0.904502,-0.666334,2.574,2.80849
0.912856,-0.666334,2.574,2.81119
0.914411,-0.661416,2.555,2.79314
0.922704,-0.661416,2.555,2.79587
nan,nan,nan,NaN
nan,nan,nan,NaN
nan,nan,nan,NaN
nan,nan,nan,NaN
nan,nan,nan,NaN
nan,nan,nan,NaN
nan,nan,nan,NaN
nan,nan,nan,NaN
nan,nan,nan,NaN
nan,nan,nan,NaN
nan,nan,nan,NaN
nan,nan,nan,NaN
nan,nan,nan,NaN
nan,nan,nan,NaN
nan,nan,nan,NaN
nan,nan,nan,NaN
nan,nan,nan,NaN
nan,nan,nan,NaN
nan,nan,nan,NaN
nan,nan,nan,NaN
nan,nan,nan,NaN
nan,nan,nan,NaN
nan,nan,nan,NaN
nan,nan,nan,NaN
nan,nan,nan,NaN
nan,nan,nan,NaN
nan,nan,nan,NaN
nan,nan,nan,NaN
nan,nan,nan,NaN
nan,nan,nan,NaN
nan,nan,nan,NaN
nan,nan,nan,NaN
nan,nan,nan,NaN
nan,nan,nan,NaN
nan,nan,nan,NaN
nan,nan,nan,NaN
nan,nan,nan,NaN
nan,nan,nan,NaN
nan,nan,nan,NaN
nan,nan,nan,NaN
nan,nan,nan,NaN
nan,nan,nan,NaN
nan,nan,nan,NaN
nan,nan,nan,NaN
nan,nan,nan,NaN
nan,nan,nan,NaN
nan,nan,nan,NaN
nan,nan,nan,NaN
nan,nan,nan,NaN
nan,nan,nan,NaN
nan,nan,nan,NaN
nan,nan,nan,NaN
nan,nan,nan,NaN
nan,nan,nan,NaN
nan,nan,nan,NaN
1.97724,-0.942808,3.642,4.25
1.98906,-0.942808,3.642,4.25551
2.00088,-0.942808,3.642,4.26105
2.0127,-0.942808,3.642,4.26662
2.02452,-0.942808,3.642,4.27221
2.03634,-0.942808,3.642,4.27782
2.02679,-0.932971,3.604,4.23877
2.03849,-0.932971,3.604,4.24437
2.05019,-0.932971,3.604,4.25
2.06189,-0.932971,3.604,4.25566
2.05172,-0.923134,3.566,4.21641
2.06329,-0.923134,3.566,4.22205
2.07487,-0.923134,3.566,4.22772
2.06479,-0.913556,3.529,4.18949
2.07625,-0.913556,3.529,4.19514
2.06641,-0.904237,3.493,4.15797
2.03611,-0.886116,3.423,4.08018
2.04722,-0.886116,3.423,4.08573
2.03788,-0.877314,3.389,4.05067
2.02893,-0.868771,3.356,4.01672
2.03982,-0.868771,3.356,4.02224
2.03116,-0.860487,3.324,3.98936
2.00264,-0.84392,3.26,3.91795
1.99469,-0.836154,3.23,3.88727
2.00517,-0.836154,3.23,3.89266
1.97821,-0.820621,3.17,3.82566
1.93456,-0.798358,3.084,3.72706
1.94457,-0.798358,3.084,3.73226
1.93746,-0.791369,3.057,3.70477
1.91299,-0.77739,3.003,3.64443
1.92273,-0.77739,3.003,3.64955
1.91575,-0.770659,2.977,3.62306
1.89243,-0.757457,2.926,3.56602
1.90192,-0.757457,2.926,3.57107
1.87941,-0.744772,2.877,3.51625
1.85724,-0.732346,2.829,3.4625
1.86642,-0.732346,2.829,3.46743
1.84511,-0.720438,2.783,3.41592
1.83948,-0.714743,2.761,3.39377
1.84844,-0.714743,2.761,3.39864
1.8426,-0.709048,2.739,3.3764
1.82243,-0.697916,2.696,3.32817
1.83118,-0.697916,2.696,3.33297
-2.52657,-0.930991,3.642,4.52929
-2.51475,-0.930991,3.642,4.52271
-2.47682,-0.921277,3.604,4.46903
-2.46512,-0.921277,3.604,4.46255
-2.45342,-0.921277,3.604,4.4561
-2.41598,-0.911563,3.566,4.40276
-2.37946,-0.902105,3.529,4.3508
-2.368,-0.902105,3.529,4.34455
-2.33251,-0.892902,3.493,4.29406
-2.29791,-0.883956,3.458,4.24494
-2.28669,-0.883956,3.458,4.23888
-2.27547,-0.883956,3.458,4.23283
-2.26424,-0.883956,3.458,4.22681
-2.23021,-0.875009,3.423,4.17809
-2.2191,-0.875009,3.423,4.17217
-2.18606,-0.866317,3.389,4.12489
-2.17506,-0.866317,3.389,4.11907
-2.16406,-0.866317,3.389,4.11327
-2.15306,-0.866317,3.389,4.10749
-2.14206,-0.866317,3.389,4.10174
-2.13106,-0.866317,3.389,4.096
-2.12006,-0.866317,3.389,4.09029
-2.10906,-0.866317,3.389,4.0846
-2.09806,-0.866317,3.389,4.07893
-2.08706,-0.866317,3.389,4.07329
-2.07606,-0.866317,3.389,4.06766
-2.06506,-0.866317,3.389,4.06206
-2.05406,-0.866317,3.389,4.05648
-2.04306,-0.866317,3.389,4.05092
-2.03206,-0.866317,3.389,4.04538
nan,nan,nan,NaN
nan,nan,nan,NaN
nan,nan,nan,NaN
nan,nan,nan,NaN
nan,nan,nan,NaN
nan,nan,nan,NaN
nan,nan,nan,NaN
nan,nan,nan,NaN
nan,nan,nan,NaN
nan,nan,nan,NaN
nan,nan,nan,NaN
nan,nan,nan,NaN
nan,nan,nan,NaN
nan,nan,nan,NaN
nan,nan,nan,NaN
nan,nan,nan,NaN
nan,nan,nan,NaN
nan,nan,nan,NaN
nan,nan,nan,NaN
nan,nan,nan,NaN
nan,nan,nan,NaN
nan,nan,nan,NaN
nan,nan,nan,NaN
nan,nan,nan,NaN
nan,nan,nan,NaN
nan,nan,nan,NaN
nan,nan,nan,NaN
nan,nan,nan,NaN
nan,nan,nan,NaN
nan,nan,nan,NaN
nan,nan,nan,NaN
nan,nan,nan,NaN
nan,nan,nan,NaN
nan,nan,nan,NaN
nan,nan,nan,NaN
nan,nan,nan,NaN
nan,nan,nan,NaN
nan,nan,nan,NaN
nan,nan,nan,NaN
nan,nan,nan,NaN
nan,nan,nan,NaN
nan,nan,nan,NaN
nan,nan,nan,NaN
nan,nan,nan,NaN
nan,nan,nan,NaN
nan,nan,nan,NaN
nan,nan,nan,NaN
nan,nan,nan,NaN
nan,nan,nan,NaN
nan,nan,nan,NaN
nan,nan,nan,NaN
nan,nan,nan,NaN
nan,nan,nan,NaN
nan,nan,nan,NaN
nan,nan,nan,NaN
nan,nan,nan,NaN
nan,nan,nan,NaN
-1.07486,-0.667951,2.613,2.90332
-1.05822,-0.662839,2.593,2.87799
-1.0498,-0.662839,2.593,2.87491
-1.03376,-0.657982,2.574,2.8508
-1.0254,-0.657982,2.574,2.84778
-1.01705,-0.657982,2.574,2.84479
-1.00869,-0.657982,2.574,2.84181
-0.992955,-0.653125,2.555,2.8179
-0.984662,-0.653125,2.555,2.81499
-0.976369,-0.653125,2.555,2.8121
-0.968076,-0.653125,2.555,2.80923
-0.952646,-0.648268,2.536,2.78551
-0.944415,-0.648268,2.536,2.78271
-0.936184,-0.648268,2.536,2.77993
-0.927952,-0.648268,2.536,2.77716
-0.926612,-0.653125,2.555,2.79521
-0.918319,-0.653125,2.555,2.79247
-0.910026,-0.653125,2.555,2.78976
-0.901733,-0.653125,2.555,2.78706
-0.89344,-0.653125,2.555,2.78439
-0.885147,-0.653125,2.555,2.78174
-0.883375,-0.657982,2.574,2.79978
-0.875021,-0.657982,2.574,2.79716
-0.866666,-0.657982,2.574,2.79455
-0.858311,-0.657982,2.574,2.79197
-0.856231,-0.662839,2.593,2.81001
-0.841602,-0.657982,2.574,2.78688
-0.833248,-0.657982,2.574,2.78437
-0.824893,-0.657982,2.574,2.78188
-0.816539,-0.657982,2.574,2.77942
-0.802218,-0.653125,2.555,2.75647
-0.793925,-0.653125,2.555,2.75407
-0.785633,-0.653125,2.555,2.75169
-0.77734,-0.653125,2.555,2.74934
-0.769047,-0.653125,2.555,2.747
-0.760754,-0.653125,2.555,2.74469
-0.752461,-0.653125,2.555,2.74241
-0.744168,-0.653125,2.555,2.74014
-0.735875,-0.653125,2.555,2.7379
-0.727582,-0.653125,2.555,2.73569
-0.719289,-0.653125,2.555,2.73349
-0.716284,-0.657982,2.574,2.75163
-0.707929,-0.657982,2.574,2.74947
-0.699575,-0.657982,2.574,2.74733
-0.69122,-0.657982,2.574,2.74521
-0.682866,-0.657982,2.574,2.74312
-0.674511,-0.657982,2.574,2.74106
-0.671074,-0.662839,2.593,2.75923
-0.662657,-0.662839,2.593,2.75719
-0.654241,-0.662839,2.593,2.75518
-0.641093,-0.657982,2.574,2.73302
-0.632738,-0.657982,2.574,2.73108
-0.624384,-0.657982,2.574,2.72915
-0.616029,-0.657982,2.574,2.72725
-0.607674,-0.657982,2.574,2.72538
-0.59932,-0.657982,2.574,2.72353
-0.590965,-0.657982,2.574,2.7217
-0.582611,-0.657982,2.574,2.7199
-0.574256,-0.657982,2.574,2.71812
-0.565902,-0.657982,2.574,2.71637
-0.553431,-0.653125,2.555,2.6946
-0.541085,-0.648268,2.536,2.67289
-0.532853,-0.648268,2.536,2.67123
-0.524622,-0.648268,2.536,2.6696
-0.516391,-0.648268,2.536,2.668
-0.50816,-0.648268,2.536,2.66642
-0.499929,-0.648268,2.536,2.66486
-0.491697,-0.648268,2.536,2.66333
-0.483466,-0.648268,2.536,2.66182
-0.475235,-0.648268,2.536,2.66034
-0.467004,-0.648268,2.536,2.65888
-0.46221,-0.653125,2.555,2.67736
-0.450541,-0.648268,2.536,2.65604
-0.44231,-0.648268,2.536,2.65465
-0.434079,-0.648268,2.536,2.65329
-0.429038,-0.653125,2.555,2.67183
-0.420745,-0.653125,2.555,2.67051
-0.412452,-0.653125,2.555,2.66922
-0.404159,-0.653125,2.555,2.66795
-0.395866,-0.653125,2.555,2.6667
-0.387574,-0.653125,2.555,2.66549
-0.379281,-0.653125,2.555,2.66429
-0.370988,-0.653125,2.555,2.66312
-0.362695,-0.653125,2.555,2.66198
-0.357037,-0.657982,2.574,2.68065
-0.348683,-0.657982,2.574,2.67955
-0.340328,-0.657982,2.574,2.67848
-0.334424,-0.662839,2.593,2.69719
-0.326008,-0.662839,2.593,2.69616
-0.317592,-0.662839,2.593,2.69516
-0.31156,-0.667951,2.613,2.71496
-0.303079,-0.667951,2.613,2.714
-0.294598,-0.667951,2.613,2.71306
-0.286117,-0.667951,2.613,2.71216
-0.279761,-0.673064,2.633,2.73203
-0.271215,-0.673064,2.633,2.73116
-0.262669,-0.673064,2.633,2.73033
-0.254122,-0.673064,2.633,2.72952
-0.245576,-0.673064,2.633,2.72874
-0.23703,-0.673064,2.633,2.72798
-0.228484,-0.673064,2.633,2.72725
-0.219938,-0.673064,2.633,2.72655
-0.211392,-0.673064,2.633,2.72587
-0.202846,-0.673064,2.633,2.72522
-0.1943,-0.673064,2.633,2.7246
-0.185754,-0.673064,2.633,2.72401
-0.177208,-0.673064,2.633,2.72344
-0.168662,-0.673064,2.633,2.72289
-0.160116,-0.673064,2.633,2.72238
-0.15157,-0.673064,2.633,2.72189
-0.143024,-0.673064,2.633,2.72143
-0.134478,-0.673064,2.633,2.72099
-0.125931,-0.673064,2.633,2.72058
-0.117385,-0.673064,2.633,2.7202
-0.108839,-0.673064,2.633,2.71984
-0.100293,-0.673064,2.633,2.71952
-0.0917472,-0.673064,2.633,2.71921
-0.0832012,-0.673064,2.633,2.71894
-0.0752505,-0.678432,2.654,2.74037
-0.066109,-0.673064,2.633,2.71847
-0.057563,-0.673064,2.633,2.71827
-0.0490169,-0.673064,2.633,2.71811
-0.0404708,-0.673064,2.633,2.71797
-0.0319248,-0.673064,2.633,2.71785
-0.0233787,-0.673064,2.633,2.71777
-0.0148326,-0.673064,2.633,2.71771
-0.00628658,-0.673064,2.633,2.71767
0.00225949,-0.673064,2.633,2.71767
0.0108056,-0.673064,2.633,2.71769
0.0193516,-0.673064,2.633,2.71773
0.0278977,-0.673064,2.633,2.71781
0.0364437,-0.673064,2.633,2.71791
0.0449898,-0.673064,2.633,2.71804
0.0535359,-0.673064,2.633,2.71819
0.0625771,-0.678432,2.654,2.74006
0.070628,-0.673064,2.633,2.71858
0.0791741,-0.673064,2.633,2.71882
0.0877201,-0.673064,2.633,2.71908
0.0962662,-0.673064,2.633,2.71937
0.104812,-0.673064,2.633,2.71969
0.113358,-0.673064,2.633,2.72003
0.121904,-0.673064,2.633,2.7204
0.13045,-0.673064,2.633,2.72079
0.138997,-0.673064,2.633,2.72122
0.147543,-0.673064,2.633,2.72167
0.156089,-0.673064,2.633,2.72214
0.164635,-0.673064,2.633,2.72265
0.173181,-0.673064,2.633,2.72318
0.181727,-0.673064,2.633,2.72373
0.190273,-0.673064,2.633,2.72432
0.198819,-0.673064,2.633,2.72493
0.207365,-0.673064,2.633,2.72556
0.215911,-0.673064,2.633,2.72623
0.224457,-0.673064,2.633,2.72692
0.234862,-0.678432,2.654,2.74939
0.241549,-0.673064,2.633,2.72838
0.250095,-0.673064,2.633,2.72915
0.258641,-0.673064,2.633,2.72994
0.267187,-0.673064,2.633,2.73077
0.275734,-0.673064,2.633,2.73162
0.28428,-0.673064,2.633,2.73249
0.292826,-0.673064,2.633,2.7334
0.301372,-0.673064,2.633,2.73432
0.309918,-0.673064,2.633,2.73528
0.316045,-0.667951,2.613,2.71548
0.324526,-0.667951,2.613,2.71648
0.333007,-0.667951,2.613,2.7175
0.341488,-0.667951,2.613,2.71856
0.347291,-0.662839,2.593,2.69882
0.355707,-0.662839,2.593,2.69991
0.364123,-0.662839,2.593,2.70104
0.372539,-0.662839,2.593,2.70218
0.383894,-0.667951,2.613,2.72421
0.392375,-0.667951,2.613,2.72541
0.400856,-0.667951,2.613,2.72665
0.409337,-0.667951,2.613,2.72791
0.417819,-0.667951,2.613,2.72919
0.4263,-0.667951,2.613,2.73051
0.434781,-0.667951,2.613,2.73184
0.443262,-0.667951,2.613,2.73321
0.451743,-0.667951,2.613,2.73459
0.460224,-0.667951,2.613,2.73601
0.472293,-0.673064,2.633,2.7584
0.480839,-0.673064,2.633,2.75988
0.489385,-0.673064,2.633,2.76138
0.497931,-0.673064,2.633,2.7629
0.510517,-0.678432,2.654,2.78651
0.519131,-0.678432,2.654,2.7881
0.527745,-0.678432,2.654,2.78971
0.536359,-0.678432,2.654,2.79136
0.544974,-0.678432,2.654,2.79302
0.553588,-0.678432,2.654,2.79472
0.562202,-0.678432,2.654,2.79644
0.570816,-0.678432,2.654,2.79818
0.579431,-0.678432,2.654,2.79995
0.588045,-0.678432,2.654,2.80175
0.596659,-0.678432,2.654,2.80357
0.605273,-0.678432,2.654,2.80541
0.613887,-0.678432,2.654,2.80728
0.622502,-0.678432,2.654,2.80918
0.631116,-0.678432,2.654,2.8111
0.63973,-0.678432,2.654,2.81305
0.648344,-0.678432,2.654,2.81502
0.656959,-0.678432,2.654,2.81702
0.665573,-0.678432,2.654,2.81904
0.674187,-0.678432,2.654,2.82108
0.682801,-0.678432,2.654,2.82315
0.691415,-0.678432,2.654,2.82525
0.70003,-0.678432,2.654,2.82737
0.708644,-0.678432,2.654,2.82952
0.717258,-0.678432,2.654,2.83169
0.725872,-0.678432,2.654,2.83388
0.734487,-0.678432,2.654,2.8361
0.743101,-0.678432,2.654,2.83834
0.751715,-0.678432,2.654,2.84061
0.760329,-0.678432,2.654,2.8429
0.768944,-0.678432,2.654,2.84522
0.777558,-0.678432,2.654,2.84756
0.786172,-0.678432,2.654,2.84992
0.794786,-0.678432,2.654,2.85231
0.8034,-0.678432,2.654,2.85472
0.812015,-0.678432,2.654,2.85716
0.820629,-0.678432,2.654,2.85962
0.829243,-0.678432,2.654,2.8621
0.837857,-0.678432,2.654,2.86461
0.839774,-0.673064,2.633,2.84446
0.84832,-0.673064,2.633,2.84699
0.850357,-0.667951,2.613,2.8279
0.858838,-0.667951,2.613,2.83046
0.86732,-0.667951,2.613,2.83305
0.875801,-0.667951,2.613,2.83566
0.877514,-0.662839,2.593,2.81656
0.88593,-0.662839,2.593,2.8192
0.887793,-0.657982,2.574,2.80118
0.896147,-0.657982,2.574,2.80384
0.904502,-0.657982,2.574,2.80652
0.912856,-0.657982,2.574,2.80922
0.914411,-0.653125,2.555,2.79119
0.922704,-0.653125,2.555,2.79392
nan,nan,nan,NaN
nan,nan,nan,NaN
nan,nan,nan,NaN
nan,nan,nan,NaN
nan,nan,nan,NaN
nan,nan,nan,NaN
nan,nan,nan,NaN
nan,nan,nan,NaN
nan,nan,nan,NaN
nan,nan,nan,NaN
nan,nan,nan,NaN
nan,nan,nan,NaN
nan,nan,nan,NaN
nan,nan,nan,NaN
nan,nan,nan,NaN
nan,nan,nan,NaN
nan,nan,nan,NaN
nan,nan,nan,NaN
nan,nan,nan,NaN
nan,nan,nan,NaN
nan,nan,nan,NaN
nan,nan,nan,NaN
nan,nan,nan,NaN
nan,nan,nan,NaN
nan,nan,nan,NaN
nan,nan,nan,NaN
nan,nan,nan,NaN
nan,nan,nan,NaN
nan,nan,nan,NaN
nan,nan,nan,NaN
nan,nan,nan,NaN
nan,nan,nan,NaN
nan,nan,nan,NaN
nan,nan,nan,NaN
nan,nan,nan,NaN
nan,nan,nan,NaN
nan,nan,nan,NaN
nan,nan,nan,NaN
nan,nan,nan,NaN
nan,nan,nan,NaN
nan,nan,nan,NaN
nan,nan,nan,NaN
nan,nan,nan,NaN
nan,nan,nan,NaN
nan,nan,nan,NaN
nan,nan,nan,NaN
nan,nan,nan,NaN
nan,nan,nan,NaN
nan,nan,nan,NaN
nan,nan,nan,NaN
nan,nan,nan,NaN
nan,nan,nan,NaN
nan,nan,nan,NaN
nan,nan,nan,NaN
nan,nan,nan,NaN
1.99841,-0.94096,3.681,4.29288
2.01036,-0.94096,3.681,4.29845
2.00088,-0.930991,3.642,4.25845
2.0127,-0.930991,3.642,4.26402
2.02452,-0.930991,3.642,4.26961
2.03634,-0.930991,3.642,4.27523
2.02679,-0.921277,3.604,4.23621
2.03849,-0.921277,3.604,4.24182
2.05019,-0.921277,3.604,4.24745
2.06189,-0.921277,3.604,4.25311
2.05172,-0.911563,3.566,4.21389
2.06329,-0.911563,3.566,4.21954
2.05334,-0.902105,3.529,4.18137
2.06479,-0.902105,3.529,4.18701
2.07625,-0.902105,3.529,4.19267
2.06641,-0.892902,3.493,4.15552
2.03611,-0.875009,3.423,4.07778
2.04722,-0.875009,3.423,4.08334
2.03788,-0.866317,3.389,4.04831
2.02893,-0.857882,3.356,4.01438
2.02037,-0.849702,3.324,3.98157
2.03116,-0.849702,3.324,3.98705
2.00264,-0.833342,3.26,3.91569
1.99469,-0.825673,3.23,3.88503
2.00517,-0.825673,3.23,3.89042
1.97821,-0.810335,3.17,3.82346
1.95212,-0.795509,3.112,3.75874
1.96222,-0.795509,3.112,3.764
1.93746,-0.781449,3.057,3.70266
1.91299,-0.767646,3.003,3.64236
1.92273,-0.767646,3.003,3.64749
1.91575,-0.760999,2.977,3.62101
1.89243,-0.747962,2.926,3.56402
1.90192,-0.747962,2.926,3.56907
1.86373,-0.729302,2.853,3.48497
1.84214,-0.717287,2.806,3.43244
1.85125,-0.717287,2.806,3.43733
1.83052,-0.705784,2.761,3.38704
1.82482,-0.70016,2.739,3.36487
1.83371,-0.70016,2.739,3.3697
1.81368,-0.689168,2.696,3.32156
1.80823,-0.6838,2.675,3.30044
1.81691,-0.6838,2.675,3.30521
-2.52657,-0.919173,3.642,4.52688
-2.51475,-0.919173,3.642,4.52029
-2.50293,-0.919173,3.642,4.51373
-2.46512,-0.909583,3.604,4.46015
-2.45342,-0.909583,3.604,4.4537
-2.41598,-0.899992,3.566,4.40037
-2.37946,-0.890654,3.529,4.34844
-2.368,-0.890654,3.529,4.34218
-2.35655,-0.890654,3.529,4.33595
-2.29791,-0.872735,3.458,4.24262
-2.28669,-0.872735,3.458,4.23655
-2.27547,-0.872735,3.458,4.23051
-2.26424,-0.872735,3.458,4.22448
-2.23021,-0.863902,3.423,4.17578
-2.2191,-0.863902,3.423,4.16985
-2.18606,-0.855321,3.389,4.12259
-2.17506,-0.855321,3.389,4.11677
-2.16406,-0.855321,3.389,4.11097
-2.15306,-0.855321,3.389,4.10519
-2.14206,-0.855321,3.389,4.09943
-2.13106,-0.855321,3.389,4.09369
-2.12006,-0.855321,3.389,4.08798
-2.10906,-0.855321,3.389,4.08228
-2.09806,-0.855321,3.389,4.07661
-2.08706,-0.855321,3.389,4.07096
-2.07606,-0.855321,3.389,4.06533
-2.06506,-0.855321,3.389,4.05973
-2.05406,-0.855321,3.389,4.05414
-2.04306,-0.855321,3.389,4.04858
-2.03206,-0.855321,3.389,4.04304
nan,nan,nan,NaN
nan,nan,nan,NaN
nan,nan,nan,NaN
nan,nan,nan,NaN
nan,nan,nan,NaN
nan,nan,nan,NaN
nan,nan,nan,NaN
nan,nan,nan,NaN
nan,nan,nan,NaN
nan,nan,nan,NaN
nan,nan,nan,NaN
nan,nan,nan,NaN
nan,nan,nan,NaN
nan,nan,nan,NaN
nan,nan,nan,NaN
nan,nan,nan,NaN
nan,nan,nan,NaN
nan,nan,nan,NaN
nan,nan,nan,NaN
nan,nan,nan,NaN
nan,nan,nan,NaN
nan,nan,nan,NaN
nan,nan,nan,NaN
nan,nan,nan,NaN
nan,nan,nan,NaN
nan,nan,nan,NaN
nan,nan,nan,NaN
nan,nan,nan,NaN
nan,nan,nan,NaN
nan,nan,nan,NaN
nan,nan,nan,NaN
nan,nan,nan,NaN
nan,nan,nan,NaN
nan,nan,nan,NaN
nan,nan,nan,NaN
nan,nan,nan,NaN
nan,nan,nan,NaN
nan,nan,nan,NaN
nan,nan,nan,NaN
nan,nan,nan,NaN
nan,nan,nan,NaN
nan,nan,nan,NaN
nan,nan,nan,NaN
nan,nan,nan,NaN
nan,nan,nan,NaN
nan,nan,nan,NaN
nan,nan,nan,NaN
nan,nan,nan,NaN
nan,nan,nan,NaN
nan,nan,nan,NaN
nan,nan,nan,NaN
nan,nan,nan,NaN
nan,nan,nan,NaN
nan,nan,nan,NaN
nan,nan,nan,NaN
nan,nan,nan,NaN
nan,nan,nan,NaN
-1.08309,-0.66452,2.633,2.92359
-1.06638,-0.659473,2.613,2.89825
-1.0579,-0.659473,2.613,2.89514
-1.04942,-0.659473,2.613,2.89205
-1.03297,-0.654425,2.593,2.86687
-1.02456,-0.654425,2.593,2.86385
-1.01614,-0.654425,2.593,2.86085
-1.00772,-0.654425,2.593,2.85787
-0.991984,-0.64963,2.574,2.834
-0.98363,-0.64963,2.574,2.83108
-0.975275,-0.64963,2.574,2.82819
-0.959783,-0.644835,2.555,2.80446
-0.951491,-0.644835,2.555,2.80164
-0.943198,-0.644835,2.555,2.79883
-0.934905,-0.644835,2.555,2.79605
-0.926612,-0.644835,2.555,2.79329
-0.918319,-0.644835,2.555,2.79055
-0.910026,-0.644835,2.555,2.78783
-0.908439,-0.64963,2.574,2.80584
-0.900084,-0.64963,2.574,2.80315
-0.89173,-0.64963,2.574,2.80048
-0.883375,-0.64963,2.574,2.79783
-0.875021,-0.64963,2.574,2.7952
-0.866666,-0.64963,2.574,2.7926
-0.858311,-0.64963,2.574,2.79002
-0.849957,-0.64963,2.574,2.78746
-0.841602,-0.64963,2.574,2.78492
-0.833248,-0.64963,2.574,2.78241
-0.818804,-0.644835,2.555,2.7594
-0.810511,-0.644835,2.555,2.75695
-0.802218,-0.644835,2.555,2.75452
-0.793925,-0.644835,2.555,2.75212
-0.785633,-0.644835,2.555,2.74974
-0.77734,-0.644835,2.555,2.74738
-0.769047,-0.644835,2.555,2.74504
-0.760754,-0.644835,2.555,2.74273
-0.752461,-0.644835,2.555,2.74044
-0.744168,-0.644835,2.555,2.73818
-0.735875,-0.644835,2.555,2.73594
-0.727582,-0.644835,2.555,2.73372
-0.724638,-0.64963,2.574,2.75184
-0.721571,-0.654425,2.593,2.76994
-0.713155,-0.654425,2.593,2.76776
-0.704738,-0.654425,2.593,2.76561
-0.701693,-0.659473,2.613,2.78479
-0.693212,-0.659473,2.613,2.78266
-0.684731,-0.659473,2.613,2.78056
-0.671074,-0.654425,2.593,2.75722
-0.662657,-0.654425,2.593,2.75518
-0.654241,-0.654425,2.593,2.75317
-0.641093,-0.64963,2.574,2.73102
-0.632738,-0.64963,2.574,2.72908
-0.624384,-0.64963,2.574,2.72715
-0.616029,-0.64963,2.574,2.72525
-0.607674,-0.64963,2.574,2.72337
-0.59932,-0.64963,2.574,2.72152
-0.590965,-0.64963,2.574,2.71969
-0.582611,-0.64963,2.574,2.71789
-0.574256,-0.64963,2.574,2.71611
-0.565902,-0.64963,2.574,2.71436
-0.553431,-0.644835,2.555,2.69261
-0.541085,-0.640039,2.536,2.6709
-0.532853,-0.640039,2.536,2.66925
-0.524622,-0.640039,2.536,2.66762
-0.516391,-0.640039,2.536,2.66601
-0.50816,-0.640039,2.536,2.66443
-0.499929,-0.640039,2.536,2.66287
-0.491697,-0.640039,2.536,2.66134
-0.483466,-0.640039,2.536,2.65983
-0.475235,-0.640039,2.536,2.65834
-0.467004,-0.640039,2.536,2.65689
-0.46221,-0.644835,2.555,2.67535
-0.450541,-0.640039,2.536,2.65404
-0.44231,-0.640039,2.536,2.65266
-0.434079,-0.640039,2.536,2.6513
-0.429038,-0.644835,2.555,2.66981
-0.420745,-0.644835,2.555,2.66849
-0.412452,-0.644835,2.555,2.6672
-0.404159,-0.644835,2.555,2.66593
-0.395866,-0.644835,2.555,2.66469
-0.387574,-0.644835,2.555,2.66347
-0.379281,-0.644835,2.555,2.66227
-0.370988,-0.644835,2.555,2.6611
-0.362695,-0.644835,2.555,2.65996
-0.357037,-0.64963,2.574,2.67861
-0.348683,-0.64963,2.574,2.67751
-0.340328,-0.64963,2.574,2.67644
-0.334424,-0.654425,2.593,2.69514
-0.326008,-0.654425,2.593,2.69411
-0.317592,-0.654425,2.593,2.6931
-0.31156,-0.659473,2.613,2.71288
-0.303079,-0.659473,2.613,2.71192
-0.294598,-0.659473,2.613,2.71099
-0.286117,-0.659473,2.613,2.71008
-0.279761,-0.66452,2.633,2.72993
-0.273378,-0.66982,2.654,2.75084
-0.264763,-0.66982,2.654,2.75
-0.256149,-0.66982,2.654,2.74918
-0.247535,-0.66982,2.654,2.74839
-0.238921,-0.66982,2.654,2.74763
-0.228484,-0.66452,2.633,2.72516
-0.219938,-0.66452,2.633,2.72445
-0.211392,-0.66452,2.633,2.72378
-0.202846,-0.66452,2.633,2.72313
-0.1943,-0.66452,2.633,2.7225
-0.185754,-0.66452,2.633,2.72191
-0.177208,-0.66452,2.633,2.72134
-0.168662,-0.66452,2.633,2.72079
-0.160116,-0.66452,2.633,2.72028
-0.15157,-0.66452,2.633,2.71979
-0.143024,-0.66452,2.633,2.71933
-0.134478,-0.66452,2.633,2.71889
-0.125931,-0.66452,2.633,2.71848
-0.117385,-0.66452,2.633,2.7181
-0.108839,-0.66452,2.633,2.71774
-0.100293,-0.66452,2.633,2.71741
-0.0917472,-0.66452,2.633,2.71711
-0.0832012,-0.66452,2.633,2.71684
-0.0752505,-0.66982,2.654,2.73825
-0.066109,-0.66452,2.633,2.71637
-0.057563,-0.66452,2.633,2.71617
-0.0490169,-0.66452,2.633,2.716
-0.0404708,-0.66452,2.633,2.71586
-0.0319248,-0.66452,2.633,2.71575
-0.0233787,-0.66452,2.633,2.71566
-0.0148326,-0.66452,2.633,2.7156
-0.00628658,-0.66452,2.633,2.71557
0.00225949,-0.66452,2.633,2.71556
0.0108056,-0.66452,2.633,2.71558
0.0193516,-0.66452,2.633,2.71563
0.0278977,-0.66452,2.633,2.71571
0.0364437,-0.66452,2.633,2.71581
0.0449898,-0.66452,2.633,2.71593
0.0535359,-0.66452,2.633,2.71609
0.0625771,-0.66982,2.654,2.73794
0.070628,-0.66452,2.633,2.71648
0.0791741,-0.66452,2.633,2.71672
0.0877201,-0.66452,2.633,2.71698
0.0962662,-0.66452,2.633,2.71727
0.104812,-0.66452,2.633,2.71758
0.112497,-0.659473,2.613,2.69728
0.120978,-0.659473,2.613,2.69765
0.12946,-0.659473,2.613,2.69804
0.137941,-0.659473,2.613,2.69846
0.146422,-0.659473,2.613,2.69891
0.154903,-0.659473,2.613,2.69938
0.163384,-0.659473,2.613,2.69988
0.171865,-0.659473,2.613,2.70041
0.180346,-0.659473,2.613,2.70096
0.188828,-0.659473,2.613,2.70154
0.198819,-0.66452,2.633,2.72283
0.207365,-0.66452,2.633,2.72347
0.215911,-0.66452,2.633,2.72413
0.224457,-0.66452,2.633,2.72482
0.233003,-0.66452,2.633,2.72554
0.241549,-0.66452,2.633,2.72628
0.250095,-0.66452,2.633,2.72705
0.258641,-0.66452,2.633,2.72785
0.267187,-0.66452,2.633,2.72867
0.275734,-0.66452,2.633,2.72952
0.28428,-0.66452,2.633,2.7304
0.290601,-0.659473,2.613,2.71056
0.296793,-0.654425,2.593,2.69073
0.30521,-0.654425,2.593,2.69167
0.313626,-0.654425,2.593,2.69264
0.322042,-0.654425,2.593,2.69363
0.330458,-0.654425,2.593,2.69465
0.338875,-0.654425,2.593,2.69569
0.347291,-0.654425,2.593,2.69676
0.355707,-0.654425,2.593,2.69786
0.364123,-0.654425,2.593,2.69898
0.372539,-0.654425,2.593,2.70013
0.383894,-0.659473,2.613,2.72214
0.392375,-0.659473,2.613,2.72335
0.400856,-0.659473,2.613,2.72458
0.409337,-0.659473,2.613,2.72585
0.417819,-0.659473,2.613,2.72713
0.4263,-0.659473,2.613,2.72844
0.434781,-0.659473,2.613,2.72978
0.443262,-0.659473,2.613,2.73115
0.451743,-0.659473,2.613,2.73253
0.460224,-0.659473,2.613,2.73395
0.468706,-0.659473,2.613,2.73539
0.480839,-0.66452,2.633,2.7578
0.489385,-0.66452,2.633,2.75931
0.497931,-0.66452,2.633,2.76084
0.506477,-0.66452,2.633,2.76239
0.515023,-0.66452,2.633,2.76397
0.523569,-0.66452,2.633,2.76557
0.532115,-0.66452,2.633,2.7672
0.540662,-0.66452,2.633,2.76886
0.549208,-0.66452,2.633,2.77054
0.557754,-0.66452,2.633,2.77225
0.5663,-0.66452,2.633,2.77398
0.574846,-0.66452,2.633,2.77574
0.583392,-0.66452,2.633,2.77752
0.596659,-0.66982,2.654,2.8015
0.600484,-0.66452,2.633,2.78116
0.60903,-0.66452,2.633,2.78302
0.622502,-0.66982,2.654,2.80711
0.631116,-0.66982,2.654,2.80904
0.63973,-0.66982,2.654,2.81098
0.648344,-0.66982,2.654,2.81296
0.656959,-0.66982,2.654,2.81495
0.665573,-0.66982,2.654,2.81698
0.674187,-0.66982,2.654,2.81903
0.682801,-0.66982,2.654,2.8211
0.685945,-0.66452,2.633,2.80086
0.694491,-0.66452,2.633,2.80296
0.708644,-0.66982,2.654,2.82746
0.717258,-0.66982,2.654,2.82964
0.725872,-0.66982,2.654,2.83183
0.734487,-0.66982,2.654,2.83405
0.743101,-0.66982,2.654,2.8363
0.751715,-0.66982,2.654,2.83857
0.760329,-0.66982,2.654,2.84086
0.768944,-0.66982,2.654,2.84318
0.777558,-0.66982,2.654,2.84552
0.786172,-0.66982,2.654,2.84788
0.794786,-0.66982,2.654,2.85027
0.8034,-0.66982,2.654,2.85269
0.812015,-0.66982,2.654,2.85513
0.820629,-0.66982,2.654,2.85759
0.829243,-0.66982,2.654,2.86007
0.837857,-0.66982,2.654,2.86258
0.839774,-0.66452,2.633,2.84245
0.84832,-0.66452,2.633,2.84498
0.856866,-0.66452,2.633,2.84754
0.865412,-0.66452,2.633,2.85013
0.873958,-0.66452,2.633,2.85273
0.882504,-0.66452,2.633,2.85536
0.877514,-0.654425,2.593,2.8146
0.88593,-0.654425,2.593,2.81723
0.894346,-0.654425,2.593,2.81989
0.902762,-0.654425,2.593,2.82257
0.911178,-0.654425,2.593,2.82527
0.919595,-0.654425,2.593,2.828
0.921211,-0.64963,2.574,2.81
0.929566,-0.64963,2.574,2.81275
nan,nan,nan,NaN
nan,nan,nan,NaN
nan,nan,nan,NaN
nan,nan,nan,NaN
nan,nan,nan,NaN
nan,nan,nan,NaN
nan,nan,nan,NaN
nan,nan,nan,NaN
nan,nan,nan,NaN
nan,nan,nan,NaN
nan,nan,nan,NaN
nan,nan,nan,NaN
nan,nan,nan,NaN
nan,nan,nan,NaN
nan,nan,nan,NaN
nan,nan,nan,NaN
nan,nan,nan,NaN
nan,nan,nan,NaN
nan,nan,nan,NaN
nan,nan,nan,NaN
nan,nan,nan,NaN
nan,nan,nan,NaN
nan,nan,nan,NaN
nan,nan,nan,NaN
nan,nan,nan,NaN
nan,nan,nan,NaN
nan,nan,nan,NaN
nan,nan,nan,NaN
nan,nan,nan,NaN
nan,nan,nan,NaN
nan,nan,nan,NaN
nan,nan,nan,NaN
nan,nan,nan,NaN
nan,nan,nan,NaN
nan,nan,nan,NaN
nan,nan,nan,NaN
nan,nan,nan,NaN
nan,nan,nan,NaN
nan,nan,nan,NaN
nan,nan,nan,NaN
nan,nan,nan,NaN
nan,nan,nan,NaN
nan,nan,nan,NaN
nan,nan,nan,NaN
nan,nan,nan,NaN
nan,nan,nan,NaN
nan,nan,nan,NaN
nan,nan,nan,NaN
nan,nan,nan,NaN
nan,nan,nan,NaN
nan,nan,nan,NaN
nan,nan,nan,NaN
nan,nan,nan,NaN
nan,nan,nan,NaN
nan,nan,nan,NaN
1.99841,-0.929016,3.681,4.29028
2.01036,-0.929016,3.681,4.29586
2.02231,-0.929016,3.681,4.30146
2.0127,-0.919173,3.642,4.26146
2.02452,-0.919173,3.642,4.26705
2.03634,-0.919173,3.642,4.27267
2.02679,-0.909583,3.604,4.23368
2.03849,-0.909583,3.604,4.23929
2.05019,-0.909583,3.604,4.24493
2.06189,-0.909583,3.604,4.25059
2.05172,-0.899992,3.566,4.2114
2.06329,-0.899992,3.566,4.21705
2.05334,-0.890654,3.529,4.17891
2.06479,-0.890654,3.529,4.18455
2.07625,-0.890654,3.529,4.19022
2.06641,-0.881568,3.493,4.1531
2.03611,-0.863902,3.423,4.07541
2.04722,-0.863902,3.423,4.08097
2.03788,-0.855321,3.389,4.04597
2.02893,-0.846992,3.356,4.01207
2.02037,-0.838916,3.324,3.97928
2.03116,-0.838916,3.324,3.98477
2.00264,-0.822763,3.26,3.91345
1.99469,-0.815192,3.23,3.88281
2.00517,-0.815192,3.23,3.88821
1.97821,-0.800049,3.17,3.8213
1.95212,-0.785411,3.112,3.75662
1.96222,-0.785411,3.112,3.76188
1.93746,-0.77153,3.057,3.70058
1.91299,-0.757901,3.003,3.64032
1.92273,-0.757901,3.003,3.64545
1.91575,-0.751339,2.977,3.619
1.89243,-0.738468,2.926,3.56204
1.90192,-0.738468,2.926,3.56709
1.86373,-0.720044,2.853,3.48304
1.84214,-0.708182,2.806,3.43054
1.85125,-0.708182,2.806,3.43544
1.83052,-0.696825,2.761,3.38519
1.82482,-0.691273,2.739,3.36303
1.83371,-0.691273,2.739,3.36786
1.81368,-0.68042,2.696,3.31976
1.80823,-0.67512,2.675,3.29865
1.81691,-0.67512,2.675,3.30342
-2.52657,-0.907355,3.642,4.52449
-2.51475,-0.907355,3.642,4.5179
-2.50293,-0.907355,3.642,4.51133
-2.46512,-0.897888,3.604,4.45778
-2.45342,-0.897888,3.604,4.45133
-2.41598,-0.888421,3.566,4.39802
-2.37946,-0.879203,3.529,4.34611
-2.368,-0.879203,3.529,4.33985
-2.35655,-0.879203,3.529,4.33361
-2.32117,-0.870234,3.493,4.28325
-2.28669,-0.861514,3.458,4.23426
-2.27547,-0.861514,3.458,4.22821
-2.26424,-0.861514,3.458,4.22218
-2.23021,-0.852794,3.423,4.17349
-2.2191,-0.852794,3.423,4.16757
-2.20799,-0.852794,3.423,4.16166
-2.19688,-0.852794,3.423,4.15578
-2.18577,-0.852794,3.423,4.14991
-2.17466,-0.852794,3.423,4.14407
-2.14206,-0.844324,3.389,4.09715
-2.13106,-0.844324,3.389,4.09141
-2.14133,-0.852794,3.423,4.12668
-2.13022,-0.852794,3.423,4.12093
-2.11911,-0.852794,3.423,4.11519
-2.108,-0.852794,3.423,4.10948
-2.09689,-0.852794,3.423,4.1038
-2.08578,-0.852794,3.423,4.09813
-2.07467,-0.852794,3.423,4.09249
-2.06356,-0.852794,3.423,4.08687
-2.05245,-0.852794,3.423,4.08127
nan,nan,nan,NaN
nan,nan,nan,NaN
nan,nan,nan,NaN
nan,nan,nan,NaN
nan,nan,nan,NaN
nan,nan,nan,NaN
nan,nan,nan,NaN
nan,nan,nan,NaN
nan,nan,nan,NaN
nan,nan,nan,NaN
nan,nan,nan,NaN
nan,nan,nan,NaN
nan,nan,nan,NaN
nan,nan,nan,NaN
nan,nan,nan,NaN
nan,nan,nan,NaN
nan,nan,nan,NaN
nan,nan,nan,NaN
nan,nan,nan,NaN
nan,nan,nan,NaN
nan,nan,nan,NaN
nan,nan,nan,NaN
nan,nan,nan,NaN
nan,nan,nan,NaN
nan,nan,nan,NaN
nan,nan,nan,NaN
nan,nan,nan,NaN
nan,nan,nan,NaN
nan,nan,nan,NaN
nan,nan,nan,NaN
nan,nan,nan,NaN
nan,nan,nan,NaN
nan,nan,nan,NaN
nan,nan,nan,NaN
nan,nan,nan,NaN
nan,nan,nan,NaN
nan,nan,nan,NaN
nan,nan,nan,NaN
nan,nan,nan,NaN
nan,nan,nan,NaN
nan,nan,nan,NaN
nan,nan,nan,NaN
nan,nan,nan,NaN
nan,nan,nan,NaN
nan,nan,nan,NaN
nan,nan,nan,NaN
nan,nan,nan,NaN
nan,nan,nan,NaN
nan,nan,nan,NaN
nan,nan,nan,NaN
nan,nan,nan,NaN
nan,nan,nan,NaN
nan,nan,nan,NaN
nan,nan,nan,NaN
nan,nan,nan,NaN
nan,nan,nan,NaN
nan,nan,nan,NaN
-1.08309,-0.655977,2.633,2.92166
-1.07454,-0.655977,2.633,2.9185
-1.066,-0.655977,2.633,2.91536
-1.05745,-0.655977,2.633,2.91225
-1.04094,-0.650994,2.613,2.88706
-1.03246,-0.650994,2.613,2.88401
-1.02398,-0.650994,2.613,2.88099
-1.00772,-0.646011,2.593,2.85596
-0.991984,-0.641277,2.574,2.83209
-0.98363,-0.641277,2.574,2.82918
-0.975275,-0.641277,2.574,2.82628
-0.959783,-0.636544,2.555,2.80257
-0.951491,-0.636544,2.555,2.79974
-0.943198,-0.636544,2.555,2.79693
-0.934905,-0.636544,2.555,2.79415
-0.926612,-0.636544,2.555,2.79138
-0.918319,-0.636544,2.555,2.78864
-0.910026,-0.636544,2.555,2.78592
-0.908439,-0.641277,2.574,2.80392
-0.900084,-0.641277,2.574,2.80123
-0.89173,-0.641277,2.574,2.79855
-0.883375,-0.641277,2.574,2.7959
-0.875021,-0.641277,2.574,2.79327
-0.866666,-0.641277,2.574,2.79067
-0.858311,-0.641277,2.574,2.78808
-0.849957,-0.641277,2.574,2.78552
-0.841602,-0.641277,2.574,2.78299
-0.833248,-0.641277,2.574,2.78047
-0.818804,-0.636544,2.555,2.75747
-0.810511,-0.636544,2.555,2.75502
-0.802218,-0.636544,2.555,2.75259
-0.793925,-0.636544,2.555,2.75019
-0.785633,-0.636544,2.555,2.7478
-0.77734,-0.636544,2.555,2.74545
-0.769047,-0.636544,2.555,2.74311
-0.760754,-0.636544,2.555,2.7408
-0.752461,-0.636544,2.555,2.73851
-0.744168,-0.636544,2.555,2.73624
-0.741347,-0.641277,2.574,2.75433
-0.732993,-0.641277,2.574,2.75209
-0.724638,-0.641277,2.574,2.74988
-0.721571,-0.646011,2.593,2.76797
-0.713155,-0.646011,2.593,2.76579
-0.704738,-0.646011,2.593,2.76363
-0.701693,-0.650994,2.613,2.78279
-0.693212,-0.650994,2.613,2.78067
-0.684731,-0.650994,2.613,2.77856
-0.67625,-0.650994,2.613,2.77649
-0.667768,-0.650994,2.613,2.77443
-0.654241,-0.646011,2.593,2.75118
-0.645825,-0.646011,2.593,2.74919
-0.637409,-0.646011,2.593,2.74723
-0.628992,-0.646011,2.593,2.74529
-0.620576,-0.646011,2.593,2.74337
-0.61216,-0.646011,2.593,2.74148
-0.603744,-0.646011,2.593,2.73961
-0.590965,-0.641277,2.574,2.71771
-0.582611,-0.641277,2.574,2.71591
-0.574256,-0.641277,2.574,2.71413
-0.565902,-0.641277,2.574,2.71237
-0.553431,-0.636544,2.555,2.69063
-0.545139,-0.636544,2.555,2.68894
-0.536846,-0.636544,2.555,2.68727
-0.524622,-0.63181,2.536,2.66565
-0.516391,-0.63181,2.536,2.66405
-0.50816,-0.63181,2.536,2.66246
-0.499929,-0.63181,2.536,2.6609
-0.491697,-0.63181,2.536,2.65937
-0.483466,-0.63181,2.536,2.65786
-0.475235,-0.63181,2.536,2.65637
-0.467004,-0.63181,2.536,2.65491
-0.458772,-0.63181,2.536,2.65348
-0.450541,-0.63181,2.536,2.65207
-0.44231,-0.63181,2.536,2.65068
-0.434079,-0.63181,2.536,2.64932
-0.429038,-0.636544,2.555,2.66782
-0.420745,-0.636544,2.555,2.6665
-0.412452,-0.636544,2.555,2.66521
-0.404159,-0.636544,2.555,2.66394
-0.395866,-0.636544,2.555,2.66269
-0.387574,-0.636544,2.555,2.66147
-0.379281,-0.636544,2.555,2.66028
-0.370988,-0.636544,2.555,2.65911
-0.362695,-0.636544,2.555,2.65796
-0.357037,-0.641277,2.574,2.6766
-0.348683,-0.641277,2.574,2.6755
-0.340328,-0.641277,2.574,2.67442
-0.334424,-0.646011,2.593,2.69311
-0.326008,-0.646011,2.593,2.69207
-0.317592,-0.646011,2.593,2.69107
-0.31156,-0.650994,2.613,2.71084
-0.303079,-0.650994,2.613,2.70987
-0.294598,-0.650994,2.613,2.70894
-0.286117,-0.650994,2.613,2.70803
-0.279761,-0.655977,2.633,2.72787
-0.273378,-0.661208,2.654,2.74875
-0.264763,-0.661208,2.654,2.74791
-0.256149,-0.661208,2.654,2.74709
-0.247535,-0.661208,2.654,2.7463
-0.238921,-0.661208,2.654,2.74554
-0.228484,-0.655977,2.633,2.72309
-0.219938,-0.655977,2.633,2.72238
-0.211392,-0.655977,2.633,2.72171
-0.202846,-0.655977,2.633,2.72106
-0.1943,-0.655977,2.633,2.72043
-0.185754,-0.655977,2.633,2.71983
-0.177208,-0.655977,2.633,2.71926
-0.168662,-0.655977,2.633,2.71872
-0.160116,-0.655977,2.633,2.7182
-0.15157,-0.655977,2.633,2.71771
-0.143024,-0.655977,2.633,2.71725
-0.134478,-0.655977,2.633,2.71681
-0.125931,-0.655977,2.633,2.7164
-0.117385,-0.655977,2.633,2.71602
-0.108839,-0.655977,2.633,2.71567
-0.100293,-0.655977,2.633,2.71534
-0.0917472,-0.655977,2.633,2.71503
-0.0832012,-0.655977,2.633,2.71476
-0.0746551,-0.655977,2.633,2.71451
-0.066109,-0.655977,2.633,2.71429
-0.057563,-0.655977,2.633,2.71409
-0.0490169,-0.655977,2.633,2.71393
-0.0404708,-0.655977,2.633,2.71379
-0.0319248,-0.655977,2.633,2.71367
-0.0233787,-0.655977,2.633,2.71358
-0.0148326,-0.655977,2.633,2.71352
-0.00628658,-0.655977,2.633,2.71349
0.00225949,-0.655977,2.633,2.71348
0.0108056,-0.655977,2.633,2.71351
0.0193516,-0.655977,2.633,2.71355
0.0278977,-0.655977,2.633,2.71363
0.0364437,-0.655977,2.633,2.71373
0.0449898,-0.655977,2.633,2.71386
0.0535359,-0.655977,2.633,2.71401
0.0620819,-0.655977,2.633,2.71419
0.070628,-0.655977,2.633,2.7144
0.0791741,-0.655977,2.633,2.71464
0.0877201,-0.655977,2.633,2.7149
0.095535,-0.650994,2.613,2.69457
0.104016,-0.650994,2.613,2.69488
0.112497,-0.650994,2.613,2.69522
0.120978,-0.650994,2.613,2.69559
0.128469,-0.646011,2.593,2.67535
0.136885,-0.646011,2.593,2.67576
0.145301,-0.646011,2.593,2.67621
0.153717,-0.646011,2.593,2.67668
0.162134,-0.646011,2.593,2.67718
0.17055,-0.646011,2.593,2.6777
0.178966,-0.646011,2.593,2.67825
0.187382,-0.646011,2.593,2.67882
0.195799,-0.646011,2.593,2.67942
0.204215,-0.646011,2.593,2.68005
0.212631,-0.646011,2.593,2.68071
0.221047,-0.646011,2.593,2.68139
0.231233,-0.650994,2.613,2.70278
0.239715,-0.650994,2.613,2.70352
0.246296,-0.646011,2.593,2.68359
0.254712,-0.646011,2.593,2.68437
0.263128,-0.646011,2.593,2.68518
0.271545,-0.646011,2.593,2.68602
0.279961,-0.646011,2.593,2.68689
0.288377,-0.646011,2.593,2.68778
0.296793,-0.646011,2.593,2.68869
0.30521,-0.646011,2.593,2.68963
0.313626,-0.646011,2.593,2.6906
0.322042,-0.646011,2.593,2.6916
0.330458,-0.646011,2.593,2.69262
0.338875,-0.646011,2.593,2.69366
0.347291,-0.646011,2.593,2.69473
0.355707,-0.646011,2.593,2.69583
0.364123,-0.646011,2.593,2.69695
0.372539,-0.646011,2.593,2.6981
0.380956,-0.646011,2.593,2.69928
0.389372,-0.646011,2.593,2.70048
0.397788,-0.646011,2.593,2.70171
0.406204,-0.646011,2.593,2.70296
0.414621,-0.646011,2.593,2.70424
0.4263,-0.650994,2.613,2.72641
0.434781,-0.650994,2.613,2.72775
0.443262,-0.650994,2.613,2.72911
0.451743,-0.650994,2.613,2.7305
0.460224,-0.650994,2.613,2.73192
0.468706,-0.650994,2.613,2.73336
0.477187,-0.650994,2.613,2.73483
0.485668,-0.650994,2.613,2.73632
0.494149,-0.650994,2.613,2.73784
0.506477,-0.655977,2.633,2.76035
0.515023,-0.655977,2.633,2.76193
0.523569,-0.655977,2.633,2.76353
0.532115,-0.655977,2.633,2.76517
0.540662,-0.655977,2.633,2.76682
0.549208,-0.655977,2.633,2.76851
0.557754,-0.655977,2.633,2.77021
0.5663,-0.655977,2.633,2.77195
0.574846,-0.655977,2.633,2.77371
0.583392,-0.655977,2.633,2.77549
0.591938,-0.655977,2.633,2.7773
0.600484,-0.655977,2.633,2.77913
0.60903,-0.655977,2.633,2.78099
0.617576,-0.655977,2.633,2.78288
0.631116,-0.661208,2.654,2.80699
0.63973,-0.661208,2.654,2.80894
0.648344,-0.661208,2.654,2.81092
0.656959,-0.661208,2.654,2.81292
0.665573,-0.661208,2.654,2.81494
0.674187,-0.661208,2.654,2.81699
0.682801,-0.661208,2.654,2.81907
0.685945,-0.655977,2.633,2.79884
0.694491,-0.655977,2.633,2.80095
0.708644,-0.661208,2.654,2.82544
0.711583,-0.655977,2.633,2.80524
0.720129,-0.655977,2.633,2.80742
0.734487,-0.661208,2.654,2.83203
0.743101,-0.661208,2.654,2.83427
0.751715,-0.661208,2.654,2.83654
0.760329,-0.661208,2.654,2.83884
0.768944,-0.661208,2.654,2.84116
0.777558,-0.661208,2.654,2.8435
0.786172,-0.661208,2.654,2.84587
0.794786,-0.661208,2.654,2.84826
0.8034,-0.661208,2.654,2.85068
0.812015,-0.661208,2.654,2.85312
0.820629,-0.661208,2.654,2.85558
0.829243,-0.661208,2.654,2.85807
0.837857,-0.661208,2.654,2.86058
0.846472,-0.661208,2.654,2.86311
0.855086,-0.661208,2.654,2.86567
0.8637,-0.661208,2.654,2.86826
0.865412,-0.655977,2.633,2.84815
0.873958,-0.655977,2.633,2.85075
0.882504,-0.655977,2.633,2.85339
0.884282,-0.650994,2.613,2.83435
0.892763,-0.650994,2.613,2.837
0.901244,-0.650994,2.613,2.83968
0.909725,-0.650994,2.613,2.84239
0.918206,-0.650994,2.613,2.84511
0.919595,-0.646011,2.593,2.82606
0.928011,-0.646011,2.593,2.82881
nan,nan,nan,NaN
nan,nan,nan,NaN
nan,nan,nan,NaN
nan,nan,nan,NaN
nan,nan,nan,NaN
nan,nan,nan,NaN
nan,nan,nan,NaN
nan,nan,nan,NaN
nan,nan,nan,NaN
nan,nan,nan,NaN
nan,nan,nan,NaN
nan,nan,nan,NaN
nan,nan,nan,NaN
nan,nan,nan,NaN
nan,nan,nan,NaN
nan,nan,nan,NaN
nan,nan,nan,NaN
nan,nan,nan,NaN
nan,nan,nan,NaN
nan,nan,nan,NaN
nan,nan,nan,NaN
nan,nan,nan,NaN
nan,nan,nan,NaN
nan,nan,nan,NaN
nan,nan,nan,NaN
nan,nan,nan,NaN
nan,nan,nan,NaN
nan,nan,nan,NaN
nan,nan,nan,NaN
nan,nan,nan,NaN
nan,nan,nan,NaN
nan,nan,nan,NaN
nan,nan,nan,NaN
nan,nan,nan,NaN
nan,nan,nan,NaN
nan,nan,nan,NaN
nan,nan,nan,NaN
nan,nan,nan,NaN
nan,nan,nan,NaN
nan,nan,nan,NaN
nan,nan,nan,NaN
nan,nan,nan,NaN
nan,nan,nan,NaN
nan,nan,nan,NaN
nan,nan,nan,NaN
nan,nan,nan,NaN
nan,nan,nan,NaN
nan,nan,nan,NaN
nan,nan,nan,NaN
nan,nan,nan,NaN
nan,nan,nan,NaN
nan,nan,nan,NaN
nan,nan,nan,NaN
nan,nan,nan,NaN
nan,nan,nan,NaN
nan,nan,nan,NaN
1.99841,-0.917072,3.681,4.28771
2.01036,-0.917072,3.681,4.29329
2.02231,-0.917072,3.681,4.2989
2.0127,-0.907355,3.642,4.25892
2.02452,-0.907355,3.642,4.26452
2.03634,-0.907355,3.642,4.27015
2.02679,-0.897888,3.604,4.23118
2.03849,-0.897888,3.604,4.2368
2.05019,-0.897888,3.604,4.24244
2.06189,-0.897888,3.604,4.2481
2.05172,-0.888421,3.566,4.20894
2.06329,-0.888421,3.566,4.2146
2.05334,-0.879203,3.529,4.17649
2.06479,-0.879203,3.529,4.18213
2.07625,-0.879203,3.529,4.1878
2.06641,-0.870234,3.493,4.15071
2.03611,-0.852794,3.423,4.07307
2.04722,-0.852794,3.423,4.07864
2.03788,-0.844324,3.389,4.04366
2.02893,-0.836102,3.356,4.00978
2.02037,-0.82813,3.324,3.97702
2.03116,-0.82813,3.324,3.98251
2.00264,-0.812185,3.26,3.91124
1.99469,-0.804711,3.23,3.88062
2.00517,-0.804711,3.23,3.88602
1.97821,-0.789763,3.17,3.81916
1.95212,-0.775313,3.112,3.75452
1.96222,-0.775313,3.112,3.75978
1.93746,-0.761611,3.057,3.69852
1.91299,-0.748157,3.003,3.63831
1.92273,-0.748157,3.003,3.64344
1.91575,-0.74168,2.977,3.617
1.87626,-0.722745,2.901,3.52966
1.88567,-0.722745,2.901,3.53468
1.86373,-0.710787,2.853,3.48114
1.84214,-0.699077,2.806,3.42868
1.85125,-0.699077,2.806,3.43358
1.83052,-0.687866,2.761,3.38335
1.81017,-0.676904,2.717,3.33422
1.81899,-0.676904,2.717,3.33901
1.81368,-0.671672,2.696,3.31798
1.79404,-0.661208,2.654,3.27101
1.80265,-0.661208,2.654,3.27574
-2.52657,-0.895538,3.642,4.52214
-2.51475,-0.895538,3.642,4.51554
-2.50293,-0.895538,3.642,4.50897
-2.46512,-0.886194,3.604,4.45544
-2.45342,-0.886194,3.604,4.44898
-2.41598,-0.87685,3.566,4.3957
-2.37946,-0.867752,3.529,4.34381
-2.368,-0.867752,3.529,4.33754
-2.35655,-0.867752,3.529,4.3313
-2.32117,-0.8589,3.493,4.28096
-2.30983,-0.8589,3.493,4.27482
-2.2985,-0.8589,3.493,4.26871
-2.28716,-0.8589,3.493,4.26261
-2.25302,-0.850294,3.458,4.21389
-2.24179,-0.850294,3.458,4.2079
-2.20799,-0.841687,3.423,4.1594
-2.19688,-0.841687,3.423,4.15351
-2.18577,-0.841687,3.423,4.14765
-2.17466,-0.841687,3.423,4.1418
-2.16355,-0.841687,3.423,4.13598
-2.15244,-0.841687,3.423,4.13018
-2.14133,-0.841687,3.423,4.1244
-2.13022,-0.841687,3.423,4.11864
-2.11911,-0.841687,3.423,4.11291
-2.108,-0.841687,3.423,4.10719
-2.09689,-0.841687,3.423,4.1015
-2.08578,-0.841687,3.423,4.09583
-2.09589,-0.850294,3.458,4.13201
-2.08466,-0.850294,3.458,4.12633
-2.07344,-0.850294,3.458,4.12067
nan,nan,nan,NaN
nan,nan,nan,NaN
nan,nan,nan,NaN
nan,nan,nan,NaN
nan,nan,nan,NaN
nan,nan,nan,NaN
nan,nan,nan,NaN
nan,nan,nan,NaN
nan,nan,nan,NaN
nan,nan,nan,NaN
nan,nan,nan,NaN
nan,nan,nan,NaN
nan,nan,nan,NaN
nan,nan,nan,NaN
nan,nan,nan,NaN
nan,nan,nan,NaN
nan,nan,nan,NaN
nan,nan,nan,NaN
nan,nan,nan,NaN
nan,nan,nan,NaN
nan,nan,nan,NaN
nan,nan,nan,NaN
nan,nan,nan,NaN
nan,nan,nan,NaN
nan,nan,nan,NaN
nan,nan,nan,NaN
nan,nan,nan,NaN
nan,nan,nan,NaN
nan,nan,nan,NaN
nan,nan,nan,NaN
nan,nan,nan,NaN
nan,nan,nan,NaN
nan,nan,nan,NaN
nan,nan,nan,NaN
nan,nan,nan,NaN
nan,nan,nan,NaN
nan,nan,nan,NaN
nan,nan,nan,NaN
nan,nan,nan,NaN
nan,nan,nan,NaN
nan,nan,nan,NaN
nan,nan,nan,NaN
nan,nan,nan,NaN
nan,nan,nan,NaN
nan,nan,nan,NaN
nan,nan,nan,NaN
nan,nan,nan,NaN
nan,nan,nan,NaN
nan,nan,nan,NaN
nan,nan,nan,NaN
nan,nan,nan,NaN
nan,nan,nan,NaN
nan,nan,nan,NaN
nan,nan,nan,NaN
nan,nan,nan,NaN
nan,nan,nan,NaN
nan,nan,nan,NaN
-1.09173,-0.652597,2.654,2.94304
-1.08311,-0.652597,2.654,2.93985
-1.0745,-0.652597,2.654,2.93669
-1.05745,-0.647433,2.633,2.91034
-1.04094,-0.642515,2.613,2.88516
-1.03246,-0.642515,2.613,2.88211
-1.02398,-0.642515,2.613,2.87908
-1.00772,-0.637597,2.593,2.85406
-0.991984,-0.632925,2.574,2.83021
-0.98363,-0.632925,2.574,2.8273
-0.975275,-0.632925,2.574,2.8244
-0.959783,-0.628253,2.555,2.8007
-0.951491,-0.628253,2.555,2.79787
-0.943198,-0.628253,2.555,2.79506
-0.934905,-0.628253,2.555,2.79227
-0.926612,-0.628253,2.555,2.7895
-0.918319,-0.628253,2.555,2.78676
-0.910026,-0.628253,2.555,2.78404
-0.908439,-0.632925,2.574,2.80202
-0.900084,-0.632925,2.574,2.79933
-0.89173,-0.632925,2.574,2.79665
-0.883375,-0.632925,2.574,2.794
-0.875021,-0.632925,2.574,2.79137
-0.866666,-0.632925,2.574,2.78876
-0.858311,-0.632925,2.574,2.78617
-0.849957,-0.632925,2.574,2.78361
-0.83539,-0.628253,2.555,2.76054
-0.827097,-0.628253,2.555,2.75805
-0.812715,-0.623581,2.536,2.73508
-0.804484,-0.623581,2.536,2.73264
-0.796253,-0.623581,2.536,2.73023
-0.788022,-0.623581,2.536,2.72784
-0.785633,-0.628253,2.555,2.7459
-0.77734,-0.628253,2.555,2.74354
-0.769047,-0.628253,2.555,2.7412
-0.760754,-0.628253,2.555,2.73888
-0.752461,-0.628253,2.555,2.73659
-0.744168,-0.628253,2.555,2.73432
-0.741347,-0.632925,2.574,2.75239
-0.732993,-0.632925,2.574,2.75015
-0.724638,-0.632925,2.574,2.74794
-0.721571,-0.637597,2.593,2.76602
-0.713155,-0.637597,2.593,2.76383
-0.704738,-0.637597,2.593,2.76167
-0.701693,-0.642515,2.613,2.78082
-0.693212,-0.642515,2.613,2.77869
-0.684731,-0.642515,2.613,2.77659
-0.67625,-0.642515,2.613,2.77451
-0.667768,-0.642515,2.613,2.77246
-0.654241,-0.637597,2.593,2.74922
-0.645825,-0.637597,2.593,2.74723
-0.637409,-0.637597,2.593,2.74526
-0.628992,-0.637597,2.593,2.74332
-0.620576,-0.637597,2.593,2.7414
-0.607674,-0.632925,2.574,2.71944
-0.59932,-0.632925,2.574,2.71758
-0.590965,-0.632925,2.574,2.71575
-0.57831,-0.628253,2.555,2.69391
-0.570017,-0.628253,2.555,2.69215
-0.561724,-0.628253,2.555,2.6904
-0.553431,-0.628253,2.555,2.68868
-0.541085,-0.623581,2.536,2.66701
-0.532853,-0.623581,2.536,2.66535
-0.524622,-0.623581,2.536,2.66372
-0.516391,-0.623581,2.536,2.66211
-0.50816,-0.623581,2.536,2.66052
-0.499929,-0.623581,2.536,2.65896
-0.491697,-0.623581,2.536,2.65743
-0.483466,-0.623581,2.536,2.65592
-0.475235,-0.623581,2.536,2.65443
-0.467004,-0.623581,2.536,2.65297
-0.458772,-0.623581,2.536,2.65153
-0.450541,-0.623581,2.536,2.65012
-0.44231,-0.623581,2.536,2.64873
-0.434079,-0.623581,2.536,2.64737
-0.425848,-0.623581,2.536,2.64603
-0.417616,-0.623581,2.536,2.64472
-0.409385,-0.623581,2.536,2.64343
-0.401154,-0.623581,2.536,2.64217
-0.392923,-0.623581,2.536,2.64093
-0.387574,-0.628253,2.555,2.6595
-0.379281,-0.628253,2.555,2.6583
-0.370988,-0.628253,2.555,2.65713
-0.362695,-0.628253,2.555,2.65599
-0.354402,-0.628253,2.555,2.65487
-0.348683,-0.632925,2.574,2.67351
-0.340328,-0.632925,2.574,2.67243
-0.334424,-0.637597,2.593,2.6911
-0.326008,-0.637597,2.593,2.69007
-0.317592,-0.637597,2.593,2.68906
-0.31156,-0.642515,2.613,2.70881
-0.303079,-0.642515,2.613,2.70785
-0.294598,-0.642515,2.613,2.70691
-0.288307,-0.647433,2.633,2.72672
-0.279761,-0.647433,2.633,2.72583
-0.273378,-0.652597,2.654,2.7467
-0.264763,-0.652597,2.654,2.74585
-0.256149,-0.652597,2.654,2.74503
-0.247535,-0.652597,2.654,2.74424
-0.238921,-0.652597,2.654,2.74348
-0.228484,-0.647433,2.633,2.72104
-0.219938,-0.647433,2.633,2.72034
-0.211392,-0.647433,2.633,2.71966
-0.202846,-0.647433,2.633,2.71901
-0.1943,-0.647433,2.633,2.71838
-0.185754,-0.647433,2.633,2.71779
-0.177208,-0.647433,2.633,2.71722
-0.168662,-0.647433,2.633,2.71667
-0.161393,-0.652597,2.654,2.73782
-0.15157,-0.647433,2.633,2.71566
-0.143024,-0.647433,2.633,2.7152
-0.134478,-0.647433,2.633,2.71476
-0.125931,-0.647433,2.633,2.71435
-0.117385,-0.647433,2.633,2.71397
-0.108839,-0.647433,2.633,2.71361
-0.100293,-0.647433,2.633,2.71329
-0.0917472,-0.647433,2.633,2.71298
-0.0832012,-0.647433,2.633,2.71271
-0.0746551,-0.647433,2.633,2.71246
-0.066109,-0.647433,2.633,2.71224
-0.057563,-0.647433,2.633,2.71204
-0.0490169,-0.647433,2.633,2.71187
-0.0404708,-0.647433,2.633,2.71173
-0.0319248,-0.647433,2.633,2.71162
-0.0233787,-0.647433,2.633,2.71153
-0.0148326,-0.647433,2.633,2.71147
-0.00628658,-0.647433,2.633,2.71144
0.00225949,-0.647433,2.633,2.71143
0.0108056,-0.647433,2.633,2.71145
0.0193516,-0.647433,2.633,2.7115
0.0278977,-0.647433,2.633,2.71157
0.0364437,-0.647433,2.633,2.71168
0.0449898,-0.647433,2.633,2.7118
0.0535359,-0.647433,2.633,2.71196
0.0620819,-0.647433,2.633,2.71214
0.070628,-0.647433,2.633,2.71235
0.0785727,-0.642515,2.613,2.69198
0.0870538,-0.642515,2.613,2.69224
0.095535,-0.642515,2.613,2.69253
0.10322,-0.637597,2.593,2.67223
0.111636,-0.637597,2.593,2.67257
0.120052,-0.637597,2.593,2.67294
0.128469,-0.637597,2.593,2.67333
0.135882,-0.632925,2.574,2.65415
0.144236,-0.632925,2.574,2.6546
0.152591,-0.632925,2.574,2.65506
0.160946,-0.632925,2.574,2.65556
0.1693,-0.632925,2.574,2.65607
0.177655,-0.632925,2.574,2.65662
0.186009,-0.632925,2.574,2.65719
0.194364,-0.632925,2.574,2.65779
0.202718,-0.632925,2.574,2.65841
0.211073,-0.632925,2.574,2.65906
0.221047,-0.637597,2.593,2.67937
0.229463,-0.637597,2.593,2.68008
0.23788,-0.637597,2.593,2.68081
0.246296,-0.637597,2.593,2.68157
0.254712,-0.637597,2.593,2.68236
0.263128,-0.637597,2.593,2.68317
0.271545,-0.637597,2.593,2.68401
0.279961,-0.637597,2.593,2.68488
0.288377,-0.637597,2.593,2.68577
0.296793,-0.637597,2.593,2.68668
0.30521,-0.637597,2.593,2.68763
0.313626,-0.637597,2.593,2.68859
0.322042,-0.637597,2.593,2.68959
0.330458,-0.637597,2.593,2.69061
0.338875,-0.637597,2.593,2.69166
0.347291,-0.637597,2.593,2.69273
0.355707,-0.637597,2.593,2.69383
0.364123,-0.637597,2.593,2.69495
0.372539,-0.637597,2.593,2.6961
0.380956,-0.637597,2.593,2.69728
0.389372,-0.637597,2.593,2.69848
0.397788,-0.637597,2.593,2.69971
0.406204,-0.637597,2.593,2.70096
0.414621,-0.637597,2.593,2.70224
0.4263,-0.642515,2.613,2.72439
0.434781,-0.642515,2.613,2.72573
0.443262,-0.642515,2.613,2.7271
0.451743,-0.642515,2.613,2.72849
0.460224,-0.642515,2.613,2.72991
0.468706,-0.642515,2.613,2.73135
0.477187,-0.642515,2.613,2.73282
0.485668,-0.642515,2.613,2.73431
0.494149,-0.642515,2.613,2.73583
0.506477,-0.647433,2.633,2.75833
0.515023,-0.647433,2.633,2.75991
0.523569,-0.647433,2.633,2.76152
0.532115,-0.647433,2.633,2.76315
0.540662,-0.647433,2.633,2.76481
0.549208,-0.647433,2.633,2.76649
0.557754,-0.647433,2.633,2.7682
0.5663,-0.647433,2.633,2.76994
0.574846,-0.647433,2.633,2.7717
0.583392,-0.647433,2.633,2.77348
0.591938,-0.647433,2.633,2.77529
0.600484,-0.647433,2.633,2.77713
0.60903,-0.647433,2.633,2.77899
0.617576,-0.647433,2.633,2.78087
0.631116,-0.652597,2.654,2.80498
0.63973,-0.652597,2.654,2.80693
0.648344,-0.652597,2.654,2.80891
0.656959,-0.652597,2.654,2.81091
0.665573,-0.652597,2.654,2.81293
0.674187,-0.652597,2.654,2.81498
0.682801,-0.652597,2.654,2.81706
0.685945,-0.647433,2.633,2.79685
0.694491,-0.647433,2.633,2.79896
0.708644,-0.652597,2.654,2.82343
0.711583,-0.647433,2.633,2.80325
0.720129,-0.647433,2.633,2.80543
0.734487,-0.652597,2.654,2.83003
0.743101,-0.652597,2.654,2.83228
0.751715,-0.652597,2.654,2.83455
0.760329,-0.652597,2.654,2.83685
0.768944,-0.652597,2.654,2.83917
0.777558,-0.652597,2.654,2.84151
0.786172,-0.652597,2.654,2.84388
0.794786,-0.652597,2.654,2.84628
0.8034,-0.652597,2.654,2.84869
0.812015,-0.652597,2.654,2.85113
0.820629,-0.652597,2.654,2.8536
0.829243,-0.652597,2.654,2.85609
0.837857,-0.652597,2.654,2.8586
0.846472,-0.652597,2.654,2.86114
0.855086,-0.652597,2.654,2.8637
0.856866,-0.647433,2.633,2.8436
0.865412,-0.647433,2.633,2.84619
0.873958,-0.647433,2.633,2.8488
0.882504,-0.647433,2.633,2.85143
0.884282,-0.642515,2.613,2.83241
0.892763,-0.642515,2.613,2.83507
0.901244,-0.642515,2.613,2.83775
0.909725,-0.642515,2.613,2.84046
0.918206,-0.642515,2.613,2.84318
0.919595,-0.637597,2.593,2.82415
0.928011,-0.637597,2.593,2.8269
0.936427,-0.637597,2.593,2.82968
nan,nan,nan,NaN
nan,nan,nan,NaN
0.954629,-0.632925,2.574,2.81734
0.962984,-0.632925,2.574,2.82018
0.971338,-0.632925,2.574,2.82304
nan,nan,nan,NaN
nan,nan,nan,NaN
nan,nan,nan,NaN
nan,nan,nan,NaN
nan,nan,nan,NaN
nan,nan,nan,NaN
nan,nan,nan,NaN
nan,nan,nan,NaN
nan,nan,nan,NaN
nan,nan,nan,NaN
nan,nan,nan,NaN
nan,nan,nan,NaN
nan,nan,nan,NaN
nan,nan,nan,NaN
nan,nan,nan,NaN
nan,nan,nan,NaN
nan,nan,nan,NaN
nan,nan,nan,NaN
nan,nan,nan,NaN
nan,nan,nan,NaN
nan,nan,nan,NaN
nan,nan,nan,NaN
nan,nan,nan,NaN
nan,nan,nan,NaN
nan,nan,nan,NaN
nan,nan,nan,NaN
nan,nan,nan,NaN
nan,nan,nan,NaN
nan,nan,nan,NaN
nan,nan,nan,NaN
nan,nan,nan,NaN
nan,nan,nan,NaN
nan,nan,nan,NaN
nan,nan,nan,NaN
nan,nan,nan,NaN
nan,nan,nan,NaN
nan,nan,nan,NaN
nan,nan,nan,NaN
nan,nan,nan,NaN
nan,nan,nan,NaN
nan,nan,nan,NaN
nan,nan,nan,NaN
nan,nan,nan,NaN
nan,nan,nan,NaN
nan,nan,nan,NaN
nan,nan,nan,NaN
nan,nan,nan,NaN
nan,nan,nan,NaN
nan,nan,nan,NaN
2.00805,-0.914963,3.721,4.32611
2.02013,-0.914963,3.721,4.33173
2.0322,-0.914963,3.721,4.33738
2.02231,-0.905127,3.681,4.29636
2.03425,-0.905127,3.681,4.302
2.0462,-0.905127,3.681,4.30766
2.05815,-0.905127,3.681,4.31335
2.02679,-0.886194,3.604,4.22872
2.03849,-0.886194,3.604,4.23434
2.05019,-0.886194,3.604,4.23998
2.06189,-0.886194,3.604,4.24565
2.05172,-0.87685,3.566,4.20652
2.06329,-0.87685,3.566,4.21217
2.05334,-0.867752,3.529,4.17409
2.06479,-0.867752,3.529,4.17974
2.07625,-0.867752,3.529,4.18541
2.06641,-0.8589,3.493,4.14835
2.05692,-0.850294,3.458,4.11238
2.06815,-0.850294,3.458,4.11801
2.03788,-0.833327,3.389,4.04138
2.02893,-0.825213,3.356,4.00753
2.02037,-0.817344,3.324,3.97479
2.03116,-0.817344,3.324,3.98028
2.02229,-0.809476,3.292,3.94743
1.99469,-0.79423,3.23,3.87846
2.00517,-0.79423,3.23,3.88387
1.97821,-0.779477,3.17,3.81704
1.95212,-0.765215,3.112,3.75245
1.96222,-0.765215,3.112,3.75771
1.95458,-0.75833,3.084,3.72914
1.91299,-0.738413,3.003,3.63631
1.92273,-0.738413,3.003,3.64145
1.91575,-0.73202,2.977,3.61504
1.87626,-0.713332,2.901,3.52775
1.88567,-0.713332,2.901,3.53276
1.86373,-0.701529,2.853,3.47926
1.84214,-0.689972,2.806,3.42683
1.85125,-0.689972,2.806,3.43174
1.81593,-0.673497,2.739,3.3546
1.81017,-0.668088,2.717,3.33244
1.81899,-0.668088,2.717,3.33724
1.79955,-0.65776,2.675,3.29039
1.79404,-0.652597,2.654,3.26928
1.80265,-0.652597,2.654,3.27401
-2.52657,-0.88372,3.642,4.51981
-2.51475,-0.88372,3.642,4.51322
-2.50293,-0.88372,3.642,4.50664
-2.46512,-0.874499,3.604,4.45313
-2.45342,-0.874499,3.604,4.44667
-2.41598,-0.865279,3.566,4.39341
-2.37946,-0.856301,3.529,4.34153
-2.368,-0.856301,3.529,4.33527
-2.35655,-0.856301,3.529,4.32902
-2.32117,-0.847566,3.493,4.2787
-2.30983,-0.847566,3.493,4.27256
-2.2985,-0.847566,3.493,4.26644
-2.28716,-0.847566,3.493,4.26034
-2.25302,-0.839073,3.458,4.21164
-2.24179,-0.839073,3.458,4.20565
-2.23057,-0.839073,3.458,4.19967
-2.19688,-0.83058,3.423,4.15128
-2.18577,-0.83058,3.423,4.14541
-2.17466,-0.83058,3.423,4.13956
-2.16355,-0.83058,3.423,4.13373
-2.15244,-0.83058,3.423,4.12793
-2.16323,-0.839073,3.458,4.1643
-2.152,-0.839073,3.458,4.15848
-2.14078,-0.839073,3.458,4.15268
-2.12956,-0.839073,3.458,4.1469
-2.11833,-0.839073,3.458,4.14115
-2.10711,-0.839073,3.458,4.13542
-2.09589,-0.839073,3.458,4.12971
-2.08466,-0.839073,3.458,4.12403
-2.07344,-0.839073,3.458,4.11837
nan,nan,nan,NaN
nan,nan,nan,NaN
nan,nan,nan,NaN
nan,nan,nan,NaN
nan,nan,nan,NaN
nan,nan,nan,NaN
nan,nan,nan,NaN
nan,nan,nan,NaN
nan,nan,nan,NaN
nan,nan,nan,NaN
nan,nan,nan,NaN
nan,nan,nan,NaN
nan,nan,nan,NaN
nan,nan,nan,NaN
nan,nan,nan,NaN
nan,nan,nan,NaN
nan,nan,nan,NaN
nan,nan,nan,NaN
nan,nan,nan,NaN
nan,nan,nan,NaN
nan,nan,nan,NaN
nan,nan,nan,NaN
nan,nan,nan,NaN
nan,nan,nan,NaN
nan,nan,nan,NaN
nan,nan,nan,NaN
nan,nan,nan,NaN
nan,nan,nan,NaN
nan,nan,nan,NaN
nan,nan,nan,NaN
nan,nan,nan,NaN
nan,nan,nan,NaN
nan,nan,nan,NaN
nan,nan,nan,NaN
nan,nan,nan,NaN
nan,nan,nan,NaN
nan,nan,nan,NaN
nan,nan,nan,NaN
nan,nan,nan,NaN
nan,nan,nan,NaN
nan,nan,nan,NaN
nan,nan,nan,NaN
nan,nan,nan,NaN
nan,nan,nan,NaN
nan,nan,nan,NaN
nan,nan,nan,NaN
nan,nan,nan,NaN
nan,nan,nan,NaN
nan,nan,nan,NaN
nan,nan,nan,NaN
nan,nan,nan,NaN
nan,nan,nan,NaN
nan,nan,nan,NaN
nan,nan,nan,NaN
nan,nan,nan,NaN
nan,nan,nan,NaN
nan,nan,nan,NaN
-1.09173,-0.643985,2.654,2.94114
-1.08311,-0.643985,2.654,2.93795
-1.0745,-0.643985,2.654,2.93479
-1.05745,-0.638889,2.633,2.90845
-1.04891,-0.638889,2.633,2.90535
-1.04036,-0.638889,2.633,2.90228
-1.03181,-0.638889,2.633,2.89923
-1.0155,-0.634036,2.613,2.8742
-0.999307,-0.629183,2.593,2.84923
-0.99089,-0.629183,2.593,2.84629
-0.982474,-0.629183,2.593,2.84337
-0.959783,-0.619963,2.555,2.79885
-0.951491,-0.619963,2.555,2.79602
-0.943198,-0.619963,2.555,2.79321
-0.934905,-0.619963,2.555,2.79042
-0.926612,-0.619963,2.555,2.78765
-0.918319,-0.619963,2.555,2.7849
-0.916793,-0.624573,2.574,2.80287
-0.901733,-0.619963,2.555,2.77948
-0.89344,-0.619963,2.555,2.7768
-0.885147,-0.619963,2.555,2.77414
-0.876854,-0.619963,2.555,2.77151
-0.868562,-0.619963,2.555,2.76889
-0.860269,-0.619963,2.555,2.7663
-0.851976,-0.619963,2.555,2.76374
-0.843683,-0.619963,2.555,2.76119
-0.83539,-0.619963,2.555,2.75867
-0.820946,-0.615353,2.536,2.73567
-0.812715,-0.615353,2.536,2.73321
-0.804484,-0.615353,2.536,2.73078
-0.796253,-0.615353,2.536,2.72836
-0.788022,-0.615353,2.536,2.72597
-0.77979,-0.615353,2.536,2.72361
-0.771559,-0.615353,2.536,2.72126
-0.769047,-0.619963,2.555,2.73931
-0.760754,-0.619963,2.555,2.73699
-0.752461,-0.619963,2.555,2.7347
-0.744168,-0.619963,2.555,2.73243
-0.741347,-0.624573,2.574,2.75048
-0.738403,-0.629183,2.593,2.76853
-0.729987,-0.629183,2.593,2.7663
-0.727137,-0.634036,2.613,2.78541
-0.718655,-0.634036,2.613,2.78321
-0.710174,-0.634036,2.613,2.78103
-0.701693,-0.634036,2.613,2.77887
-0.693212,-0.634036,2.613,2.77675
-0.684731,-0.634036,2.613,2.77464
-0.67625,-0.634036,2.613,2.77256
-0.667768,-0.634036,2.613,2.7705
-0.659287,-0.634036,2.613,2.76847
-0.645825,-0.629183,2.593,2.74529
-0.637409,-0.629183,2.593,2.74332
-0.628992,-0.629183,2.593,2.74138
-0.616029,-0.624573,2.574,2.71939
-0.607674,-0.624573,2.574,2.71751
-0.59932,-0.624573,2.574,2.71565
-0.590965,-0.624573,2.574,2.71382
-0.57831,-0.619963,2.555,2.69199
-0.570017,-0.619963,2.555,2.69022
-0.561724,-0.619963,2.555,2.68848
-0.553431,-0.619963,2.555,2.68676
-0.541085,-0.615353,2.536,2.66509
-0.532853,-0.615353,2.536,2.66344
-0.524622,-0.615353,2.536,2.6618
-0.516391,-0.615353,2.536,2.66019
-0.50816,-0.615353,2.536,2.65861
-0.496183,-0.610742,2.517,2.63714
-0.488013,-0.610742,2.517,2.63561
-0.479844,-0.610742,2.517,2.63411
-0.471674,-0.610742,2.517,2.63264
-0.463505,-0.610742,2.517,2.63118
-0.458772,-0.615353,2.536,2.64961
-0.450541,-0.615353,2.536,2.6482
-0.44231,-0.615353,2.536,2.64681
-0.434079,-0.615353,2.536,2.64544
-0.425848,-0.615353,2.536,2.64411
-0.417616,-0.615353,2.536,2.64279
-0.409385,-0.615353,2.536,2.64151
-0.401154,-0.615353,2.536,2.64024
-0.392923,-0.615353,2.536,2.639
-0.384691,-0.615353,2.536,2.63779
-0.379281,-0.619963,2.555,2.65636
-0.370988,-0.619963,2.555,2.65519
-0.362695,-0.619963,2.555,2.65404
-0.354402,-0.619963,2.555,2.65292
-0.348683,-0.624573,2.574,2.67154
-0.340328,-0.624573,2.574,2.67047
-0.331974,-0.624573,2.574,2.66941
-0.326008,-0.629183,2.593,2.68809
-0.317592,-0.629183,2.593,2.68708
-0.31156,-0.634036,2.613,2.70681
-0.305399,-0.638889,2.633,2.72656
-0.296853,-0.638889,2.633,2.72562
-0.288307,-0.638889,2.633,2.7247
-0.279761,-0.638889,2.633,2.72381
-0.273378,-0.643985,2.654,2.74466
-0.264763,-0.643985,2.654,2.74382
-0.256149,-0.643985,2.654,2.743
-0.247535,-0.643985,2.654,2.74221
-0.238921,-0.643985,2.654,2.74144
-0.230307,-0.643985,2.654,2.74071
-0.221692,-0.643985,2.654,2.74
-0.213078,-0.643985,2.654,2.73931
-0.204464,-0.643985,2.654,2.73866
-0.19585,-0.643985,2.654,2.73803
-0.187235,-0.643985,2.654,2.73742
-0.178621,-0.643985,2.654,2.73685
-0.170007,-0.643985,2.654,2.7363
-0.161393,-0.643985,2.654,2.73578
-0.15157,-0.638889,2.633,2.71364
-0.143024,-0.638889,2.633,2.71318
-0.134478,-0.638889,2.633,2.71274
-0.125931,-0.638889,2.633,2.71233
-0.117385,-0.638889,2.633,2.71195
-0.109707,-0.643985,2.654,2.73322
-0.101093,-0.643985,2.654,2.73288
-0.092479,-0.643985,2.654,2.73258
-0.0838647,-0.643985,2.654,2.7323
-0.0752505,-0.643985,2.654,2.73205
-0.0666363,-0.643985,2.654,2.73183
-0.057563,-0.638889,2.633,2.71002
-0.0490169,-0.638889,2.633,2.70985
-0.0404708,-0.638889,2.633,2.70971
-0.0319248,-0.638889,2.633,2.70959
-0.0233787,-0.638889,2.633,2.7095
-0.0148326,-0.638889,2.633,2.70944
-0.00628658,-0.638889,2.633,2.70941
0.00225949,-0.638889,2.633,2.7094
0.0108056,-0.638889,2.633,2.70943
0.0193516,-0.638889,2.633,2.70947
0.0278977,-0.638889,2.633,2.70955
0.0364437,-0.638889,2.633,2.70965
0.0449898,-0.638889,2.633,2.70978
0.0535359,-0.638889,2.633,2.70993
0.0620819,-0.638889,2.633,2.71011
0.070628,-0.638889,2.633,2.71032
0.0785727,-0.634036,2.613,2.68997
0.0870538,-0.634036,2.613,2.69023
0.095535,-0.634036,2.613,2.69052
0.10322,-0.629183,2.593,2.67024
0.111636,-0.629183,2.593,2.67058
0.120052,-0.629183,2.593,2.67094
0.128469,-0.629183,2.593,2.67133
0.135882,-0.624573,2.574,2.65217
0.144236,-0.624573,2.574,2.65262
0.152591,-0.624573,2.574,2.65308
0.160946,-0.624573,2.574,2.65358
0.1693,-0.624573,2.574,2.6541
0.177655,-0.624573,2.574,2.65464
0.186009,-0.624573,2.574,2.65522
0.194364,-0.624573,2.574,2.65581
0.202718,-0.624573,2.574,2.65644
0.211073,-0.624573,2.574,2.65709
0.221047,-0.629183,2.593,2.67738
0.229463,-0.629183,2.593,2.67809
0.23788,-0.629183,2.593,2.67883
0.246296,-0.629183,2.593,2.67959
0.254712,-0.629183,2.593,2.68037
0.263128,-0.629183,2.593,2.68119
0.271545,-0.629183,2.593,2.68202
0.279961,-0.629183,2.593,2.68289
0.288377,-0.629183,2.593,2.68378
0.296793,-0.629183,2.593,2.6847
0.30521,-0.629183,2.593,2.68564
0.313626,-0.629183,2.593,2.68661
0.322042,-0.629183,2.593,2.68761
0.330458,-0.629183,2.593,2.68863
0.338875,-0.629183,2.593,2.68968
0.347291,-0.629183,2.593,2.69075
0.355707,-0.629183,2.593,2.69185
0.364123,-0.629183,2.593,2.69297
0.372539,-0.629183,2.593,2.69412
0.380956,-0.629183,2.593,2.6953
0.389372,-0.629183,2.593,2.6965
0.397788,-0.629183,2.593,2.69773
0.406204,-0.629183,2.593,2.69899
0.414621,-0.629183,2.593,2.70027
0.423037,-0.629183,2.593,2.70157
0.431453,-0.629183,2.593,2.7029
0.439869,-0.629183,2.593,2.70426
0.448286,-0.629183,2.593,2.70564
0.456702,-0.629183,2.593,2.70705
0.465118,-0.629183,2.593,2.70848
0.477187,-0.634036,2.613,2.73084
0.485668,-0.634036,2.613,2.73233
0.494149,-0.634036,2.613,2.73385
0.50263,-0.634036,2.613,2.7354
0.511111,-0.634036,2.613,2.73697
0.519592,-0.634036,2.613,2.73857
0.528074,-0.634036,2.613,2.74019
0.536555,-0.634036,2.613,2.74184
0.545036,-0.634036,2.613,2.74351
0.553517,-0.634036,2.613,2.74521
0.561998,-0.634036,2.613,2.74693
0.570479,-0.634036,2.613,2.74868
0.57896,-0.634036,2.613,2.75045
0.587442,-0.634036,2.613,2.75225
0.595923,-0.634036,2.613,2.75407
0.60903,-0.638889,2.633,2.77701
0.617576,-0.638889,2.633,2.7789
0.626122,-0.638889,2.633,2.78081
0.634668,-0.638889,2.633,2.78275
0.643214,-0.638889,2.633,2.78471
0.65176,-0.638889,2.633,2.78669
0.660306,-0.638889,2.633,2.7887
0.668853,-0.638889,2.633,2.79074
0.682801,-0.643985,2.654,2.81508
0.685945,-0.638889,2.633,2.79489
0.694491,-0.638889,2.633,2.797
0.703037,-0.638889,2.633,2.79913
0.711583,-0.638889,2.633,2.80129
0.720129,-0.638889,2.633,2.80347
0.728675,-0.638889,2.633,2.80568
0.737221,-0.638889,2.633,2.80791
0.745767,-0.638889,2.633,2.81017
0.760329,-0.643985,2.654,2.83488
0.768944,-0.643985,2.654,2.8372
0.777558,-0.643985,2.654,2.83955
0.786172,-0.643985,2.654,2.84192
0.794786,-0.643985,2.654,2.84431
0.8034,-0.643985,2.654,2.84673
0.812015,-0.643985,2.654,2.84918
0.820629,-0.643985,2.654,2.85164
0.829243,-0.643985,2.654,2.85413
0.837857,-0.643985,2.654,2.85665
0.846472,-0.643985,2.654,2.85919
0.855086,-0.643985,2.654,2.86175
0.856866,-0.638889,2.633,2.84167
0.865412,-0.638889,2.633,2.84426
0.873958,-0.638889,2.633,2.84687
0.882504,-0.638889,2.633,2.84951
0.884282,-0.634036,2.613,2.8305
0.892763,-0.634036,2.613,2.83316
0.901244,-0.634036,2.613,2.83584
0.909725,-0.634036,2.613,2.83855
0.918206,-0.634036,2.613,2.84128
0.926688,-0.634036,2.613,2.84403
0.928011,-0.629183,2.593,2.82502
0.936427,-0.629183,2.593,2.82779
nan,nan,nan,NaN
nan,nan,nan,NaN
0.954629,-0.624573,2.574,2.81547
0.962984,-0.624573,2.574,2.81832
0.971338,-0.624573,2.574,2.82118
nan,nan,nan,NaN
nan,nan,nan,NaN
nan,nan,nan,NaN
nan,nan,nan,NaN
nan,nan,nan,NaN
nan,nan,nan,NaN
nan,nan,nan,NaN
nan,nan,nan,NaN
nan,nan,nan,NaN
nan,nan,nan,NaN
nan,nan,nan,NaN
nan,nan,nan,NaN
nan,nan,nan,NaN
nan,nan,nan,NaN
nan,nan,nan,NaN
nan,nan,nan,NaN
nan,nan,nan,NaN
nan,nan,nan,NaN
nan,nan,nan,NaN
nan,nan,nan,NaN
nan,nan,nan,NaN
nan,nan,nan,NaN
nan,nan,nan,NaN
nan,nan,nan,NaN
nan,nan,nan,NaN
nan,nan,nan,NaN
nan,nan,nan,NaN
nan,nan,nan,NaN
nan,nan,nan,NaN
nan,nan,nan,NaN
nan,nan,nan,NaN
nan,nan,nan,NaN
nan,nan,nan,NaN
nan,nan,nan,NaN
nan,nan,nan,NaN
nan,nan,nan,NaN
nan,nan,nan,NaN
nan,nan,nan,NaN
nan,nan,nan,NaN
nan,nan,nan,NaN
nan,nan,nan,NaN
nan,nan,nan,NaN
nan,nan,nan,NaN
nan,nan,nan,NaN
nan,nan,nan,NaN
nan,nan,nan,NaN
nan,nan,nan,NaN
nan,nan,nan,NaN
nan,nan,nan,NaN
2.00805,-0.902889,3.721,4.32358
2.02013,-0.902889,3.721,4.3292
2.0322,-0.902889,3.721,4.33485
2.02231,-0.893183,3.681,4.29386
2.03425,-0.893183,3.681,4.2995
2.0462,-0.893183,3.681,4.30517
2.05815,-0.893183,3.681,4.31086
2.02679,-0.874499,3.604,4.22628
2.03849,-0.874499,3.604,4.2319
2.05019,-0.874499,3.604,4.23755
2.06189,-0.874499,3.604,4.24322
2.05172,-0.865279,3.566,4.20412
2.06329,-0.865279,3.566,4.20978
2.05334,-0.856301,3.529,4.17173
2.06479,-0.856301,3.529,4.17738
2.07625,-0.856301,3.529,4.18305
2.06641,-0.847566,3.493,4.14602
2.05692,-0.839073,3.458,4.11008
2.06815,-0.839073,3.458,4.11571
2.03788,-0.82233,3.389,4.03912
2.02893,-0.814323,3.356,4.0053
2.02037,-0.806558,3.324,3.97258
2.03116,-0.806558,3.324,3.97808
2.02229,-0.798794,3.292,3.94525
2.01322,-0.791029,3.26,3.91234
2.0238,-0.791029,3.26,3.91779
1.97821,-0.769191,3.17,3.81496
1.95212,-0.755117,3.112,3.7504
1.96222,-0.755117,3.112,3.75567
1.95458,-0.748323,3.084,3.72712
1.91299,-0.728669,3.003,3.63435
1.92273,-0.728669,3.003,3.63949
1.91575,-0.72236,2.977,3.61309
1.89243,-0.709985,2.926,3.55624
1.90192,-0.709985,2.926,3.5613
1.86373,-0.692272,2.853,3.47741
1.84214,-0.680867,2.806,3.42501
1.85125,-0.680867,2.806,3.42992
1.81593,-0.66461,2.739,3.35283
1.81017,-0.659272,2.717,3.33068
1.81899,-0.659272,2.717,3.33548
1.79955,-0.64908,2.675,3.28866
1.79404,-0.643985,2.654,3.26757
1.80265,-0.643985,2.654,3.27231
-2.52657,-0.871902,3.642,4.51752
-2.51475,-0.871902,3.642,4.51092
-2.50293,-0.871902,3.642,4.50434
-2.46512,-0.862805,3.604,4.45085
-2.45342,-0.862805,3.604,4.44438
-2.41598,-0.853708,3.566,4.39114
-2.37946,-0.84485,3.529,4.33929
-2.368,-0.84485,3.529,4.33302
-2.35655,-0.84485,3.529,4.32677
-2.32117,-0.836231,3.493,4.27647
-2.30983,-0.836231,3.493,4.27032
-2.2985,-0.836231,3.493,4.2642
-2.28716,-0.836231,3.493,4.2581
-2.25302,-0.827852,3.458,4.20942
-2.24179,-0.827852,3.458,4.20342
-2.23057,-0.827852,3.458,4.19745
-2.19688,-0.819473,3.423,4.14907
-2.18577,-0.819473,3.423,4.1432
-2.17466,-0.819473,3.423,4.13735
-2.16355,-0.819473,3.423,4.13152
-2.15244,-0.819473,3.423,4.12571
-2.16323,-0.827852,3.458,4.16205
-2.152,-0.827852,3.458,4.15623
-2.14078,-0.827852,3.458,4.15043
-2.12956,-0.827852,3.458,4.14465
-2.11833,-0.827852,3.458,4.13889
-2.10711,-0.827852,3.458,4.13316
-2.09589,-0.827852,3.458,4.12745
-2.08466,-0.827852,3.458,4.12176
-2.09442,-0.836231,3.493,4.15776
nan,nan,nan,NaN
nan,nan,nan,NaN
nan,nan,nan,NaN
nan,nan,nan,NaN
nan,nan,nan,NaN
nan,nan,nan,NaN
nan,nan,nan,NaN
nan,nan,nan,NaN
nan,nan,nan,NaN
nan,nan,nan,NaN
nan,nan,nan,NaN
nan,nan,nan,NaN
nan,nan,nan,NaN
nan,nan,nan,NaN
nan,nan,nan,NaN
nan,nan,nan,NaN
nan,nan,nan,NaN
nan,nan,nan,NaN
nan,nan,nan,NaN
nan,nan,nan,NaN
nan,nan,nan,NaN
nan,nan,nan,NaN
nan,nan,nan,NaN
nan,nan,nan,NaN
nan,nan,nan,NaN
nan,nan,nan,NaN
nan,nan,nan,NaN
nan,nan,nan,NaN
nan,nan,nan,NaN
nan,nan,nan,NaN
nan,nan,nan,NaN
nan,nan,nan,NaN
nan,nan,nan,NaN
nan,nan,nan,NaN
nan,nan,nan,NaN
nan,nan,nan,NaN
nan,nan,nan,NaN
nan,nan,nan,NaN
nan,nan,nan,NaN
nan,nan,nan,NaN
nan,nan,nan,NaN
nan,nan,nan,NaN
nan,nan,nan,NaN
nan,nan,nan,NaN
nan,nan,nan,NaN
nan,nan,nan,NaN
nan,nan,nan,NaN
nan,nan,nan,NaN
nan,nan,nan,NaN
nan,nan,nan,NaN
nan,nan,nan,NaN
nan,nan,nan,NaN
nan,nan,nan,NaN
nan,nan,nan,NaN
nan,nan,nan,NaN
nan,nan,nan,NaN
nan,nan,nan,NaN
-1.10037,-0.6404,2.675,2.96252
-1.08311,-0.635373,2.654,2.93608
-1.0745,-0.635373,2.654,2.93291
-1.06589,-0.635373,2.654,2.92977
-1.05727,-0.635373,2.654,2.92664
-1.04036,-0.630346,2.633,2.90041
-1.03181,-0.630346,2.633,2.89735
-1.02327,-0.630346,2.633,2.89432
-1.00701,-0.625558,2.613,2.86935
-0.998533,-0.625558,2.613,2.86638
-0.982474,-0.62077,2.593,2.84152
-0.966921,-0.616221,2.574,2.81783
-0.958566,-0.616221,2.574,2.81497
-0.950212,-0.616221,2.574,2.81214
-0.941857,-0.616221,2.574,2.80932
-0.933502,-0.616221,2.574,2.80653
-0.925148,-0.616221,2.574,2.80377
-0.910026,-0.611672,2.555,2.78034
-0.901733,-0.611672,2.555,2.77764
-0.89344,-0.611672,2.555,2.77496
-0.885147,-0.611672,2.555,2.7723
-0.876854,-0.611672,2.555,2.76966
-0.868562,-0.611672,2.555,2.76705
-0.860269,-0.611672,2.555,2.76446
-0.851976,-0.611672,2.555,2.76189
-0.843683,-0.611672,2.555,2.75934
-0.83539,-0.611672,2.555,2.75682
-0.820946,-0.607124,2.536,2.73383
-0.812715,-0.607124,2.536,2.73137
-0.804484,-0.607124,2.536,2.72894
-0.796253,-0.607124,2.536,2.72652
-0.788022,-0.607124,2.536,2.72413
-0.77979,-0.607124,2.536,2.72176
-0.771559,-0.607124,2.536,2.71941
-0.769047,-0.611672,2.555,2.73744
-0.760754,-0.611672,2.555,2.73513
-0.752461,-0.611672,2.555,2.73283
-0.744168,-0.611672,2.555,2.73056
-0.741347,-0.616221,2.574,2.7486
-0.738403,-0.62077,2.593,2.76663
-0.729987,-0.62077,2.593,2.7644
-0.727137,-0.625558,2.613,2.78349
-0.724156,-0.630346,2.633,2.80258
-0.71561,-0.630346,2.633,2.80038
-0.707064,-0.630346,2.633,2.79821
-0.698518,-0.630346,2.633,2.79606
-0.689972,-0.630346,2.633,2.79394
-0.681426,-0.630346,2.633,2.79184
-0.667768,-0.625558,2.613,2.76857
-0.659287,-0.625558,2.613,2.76654
-0.650806,-0.625558,2.613,2.76453
-0.637409,-0.62077,2.593,2.7414
-0.628992,-0.62077,2.593,2.73946
-0.616029,-0.616221,2.574,2.71748
-0.607674,-0.616221,2.574,2.7156
-0.59932,-0.616221,2.574,2.71374
-0.590965,-0.616221,2.574,2.71191
-0.57831,-0.611672,2.555,2.69009
-0.570017,-0.611672,2.555,2.68832
-0.561724,-0.611672,2.555,2.68658
-0.553431,-0.611672,2.555,2.68486
-0.541085,-0.607124,2.536,2.66321
-0.532853,-0.607124,2.536,2.66155
-0.524622,-0.607124,2.536,2.65991
-0.516391,-0.607124,2.536,2.6583
-0.50816,-0.607124,2.536,2.65671
-0.496183,-0.602575,2.517,2.63526
-0.488013,-0.602575,2.517,2.63373
-0.479844,-0.602575,2.517,2.63223
-0.471674,-0.602575,2.517,2.63075
-0.463505,-0.602575,2.517,2.6293
-0.458772,-0.607124,2.536,2.64771
-0.450541,-0.607124,2.536,2.6463
-0.44231,-0.607124,2.536,2.64491
-0.434079,-0.607124,2.536,2.64354
-0.425848,-0.607124,2.536,2.6422
-0.417616,-0.607124,2.536,2.64089
-0.409385,-0.607124,2.536,2.6396
-0.401154,-0.607124,2.536,2.63834
-0.392923,-0.607124,2.536,2.6371
-0.384691,-0.607124,2.536,2.63588
-0.379281,-0.611672,2.555,2.65443
-0.370988,-0.611672,2.555,2.65326
-0.362695,-0.611672,2.555,2.65212
-0.354402,-0.611672,2.555,2.65099
-0.348683,-0.616221,2.574,2.6696
-0.340328,-0.616221,2.574,2.66853
-0.331974,-0.616221,2.574,2.66747
-0.326008,-0.62077,2.593,2.68613
-0.317592,-0.62077,2.593,2.68512
-0.31156,-0.625558,2.613,2.70484
-0.305399,-0.630346,2.633,2.72457
-0.296853,-0.630346,2.633,2.72363
-0.288307,-0.630346,2.633,2.72271
-0.279761,-0.630346,2.633,2.72182
-0.273378,-0.635373,2.654,2.74265
-0.264763,-0.635373,2.654,2.74181
-0.256149,-0.635373,2.654,2.74099
-0.247535,-0.635373,2.654,2.7402
-0.238921,-0.635373,2.654,2.73943
-0.230307,-0.635373,2.654,2.7387
-0.221692,-0.635373,2.654,2.73799
-0.213078,-0.635373,2.654,2.7373
-0.204464,-0.635373,2.654,2.73664
-0.19585,-0.635373,2.654,2.73601
-0.187235,-0.635373,2.654,2.73541
-0.178621,-0.635373,2.654,2.73483
-0.170007,-0.635373,2.654,2.73429
-0.161393,-0.635373,2.654,2.73376
-0.15157,-0.630346,2.633,2.71164
-0.143024,-0.630346,2.633,2.71118
-0.134478,-0.630346,2.633,2.71074
-0.125931,-0.630346,2.633,2.71033
-0.117385,-0.630346,2.633,2.70995
-0.108839,-0.630346,2.633,2.70959
-0.100293,-0.630346,2.633,2.70926
-0.092479,-0.635373,2.654,2.73056
-0.0838647,-0.635373,2.654,2.73028
-0.0752505,-0.635373,2.654,2.73003
-0.0666363,-0.635373,2.654,2.72981
-0.057563,-0.630346,2.633,2.70801
-0.0490169,-0.630346,2.633,2.70785
-0.0404708,-0.630346,2.633,2.7077
-0.0319248,-0.630346,2.633,2.70759
-0.0233787,-0.630346,2.633,2.7075
-0.0148326,-0.630346,2.633,2.70744
-0.00628658,-0.630346,2.633,2.70741
0.00225949,-0.630346,2.633,2.7074
0.0108056,-0.630346,2.633,2.70742
0.0193516,-0.630346,2.633,2.70747
0.0278977,-0.630346,2.633,2.70755
0.0364437,-0.630346,2.633,2.70765
0.0449898,-0.630346,2.633,2.70778
0.0535359,-0.630346,2.633,2.70793
0.0620819,-0.630346,2.633,2.70811
0.070628,-0.630346,2.633,2.70832
0.0785727,-0.625558,2.613,2.68799
0.0870538,-0.625558,2.613,2.68825
0.095535,-0.625558,2.613,2.68853
0.10322,-0.62077,2.593,2.66827
0.111636,-0.62077,2.593,2.66861
0.120052,-0.62077,2.593,2.66897
0.127527,-0.616221,2.574,2.64981
0.135882,-0.616221,2.574,2.65022
0.144236,-0.616221,2.574,2.65066
0.152591,-0.616221,2.574,2.65113
0.160946,-0.616221,2.574,2.65162
0.1693,-0.616221,2.574,2.65214
0.177655,-0.616221,2.574,2.65269
0.186009,-0.616221,2.574,2.65326
0.194364,-0.616221,2.574,2.65386
0.202718,-0.616221,2.574,2.65449
0.211073,-0.616221,2.574,2.65514
0.219428,-0.616221,2.574,2.65581
0.227782,-0.616221,2.574,2.65652
0.236137,-0.616221,2.574,2.65725
0.246296,-0.62077,2.593,2.67762
0.254712,-0.62077,2.593,2.67841
0.263128,-0.62077,2.593,2.67922
0.271545,-0.62077,2.593,2.68006
0.279961,-0.62077,2.593,2.68093
0.286264,-0.616221,2.574,2.66217
0.294619,-0.616221,2.574,2.66308
0.302973,-0.616221,2.574,2.66402
0.311328,-0.616221,2.574,2.66498
0.319682,-0.616221,2.574,2.66597
0.328037,-0.616221,2.574,2.66699
0.338875,-0.62077,2.593,2.68772
0.347291,-0.62077,2.593,2.68879
0.355707,-0.62077,2.593,2.68989
0.364123,-0.62077,2.593,2.69102
0.372539,-0.62077,2.593,2.69217
0.380956,-0.62077,2.593,2.69335
0.389372,-0.62077,2.593,2.69455
0.397788,-0.62077,2.593,2.69578
0.406204,-0.62077,2.593,2.69704
0.414621,-0.62077,2.593,2.69832
0.423037,-0.62077,2.593,2.69962
0.431453,-0.62077,2.593,2.70095
0.439869,-0.62077,2.593,2.70231
0.448286,-0.62077,2.593,2.70369
0.456702,-0.62077,2.593,2.7051
0.465118,-0.62077,2.593,2.70654
0.473534,-0.62077,2.593,2.708
0.481951,-0.62077,2.593,2.70948
0.494149,-0.625558,2.613,2.7319
0.50263,-0.625558,2.613,2.73345
0.511111,-0.625558,2.613,2.73502
0.519592,-0.625558,2.613,2.73662
0.524032,-0.62077,2.593,2.71728
0.532448,-0.62077,2.593,2.71892
0.540864,-0.62077,2.593,2.72058
0.54928,-0.62077,2.593,2.72226
0.557697,-0.62077,2.593,2.72397
0.566113,-0.62077,2.593,2.72571
0.57896,-0.625558,2.613,2.74851
0.587442,-0.625558,2.613,2.75031
0.595923,-0.625558,2.613,2.75213
0.604404,-0.625558,2.613,2.75398
0.612885,-0.625558,2.613,2.75585
0.621366,-0.625558,2.613,2.75775
0.629847,-0.625558,2.613,2.75967
0.638328,-0.625558,2.613,2.76162
0.65176,-0.630346,2.633,2.78475
0.660306,-0.630346,2.633,2.78676
0.668853,-0.630346,2.633,2.7888
0.677399,-0.630346,2.633,2.79086
0.685945,-0.630346,2.633,2.79295
0.694491,-0.630346,2.633,2.79506
0.703037,-0.630346,2.633,2.79719
0.711583,-0.630346,2.633,2.79935
0.720129,-0.630346,2.633,2.80154
0.728675,-0.630346,2.633,2.80375
0.737221,-0.630346,2.633,2.80598
0.745767,-0.630346,2.633,2.80824
0.754313,-0.630346,2.633,2.81052
0.762859,-0.630346,2.633,2.81282
0.771405,-0.630346,2.633,2.81515
0.779951,-0.630346,2.633,2.81751
0.788497,-0.630346,2.633,2.81989
0.797044,-0.630346,2.633,2.82229
0.812015,-0.635373,2.654,2.84724
0.820629,-0.635373,2.654,2.84971
0.829243,-0.635373,2.654,2.8522
0.837857,-0.635373,2.654,2.85472
0.846472,-0.635373,2.654,2.85726
0.855086,-0.635373,2.654,2.85982
0.8637,-0.635373,2.654,2.86241
0.872314,-0.635373,2.654,2.86502
0.880928,-0.635373,2.654,2.86766
0.882504,-0.630346,2.633,2.8476
0.89105,-0.630346,2.633,2.85026
0.899596,-0.630346,2.633,2.85295
0.908142,-0.630346,2.633,2.85565
0.916688,-0.630346,2.633,2.85838
0.918206,-0.625558,2.613,2.8394
0.926688,-0.625558,2.613,2.84215
0.935169,-0.625558,2.613,2.84493
0.94365,-0.625558,2.613,2.84773
nan,nan,nan,NaN
nan,nan,nan,NaN
0.954629,-0.616221,2.574,2.81363
0.962984,-0.616221,2.574,2.81648
0.971338,-0.616221,2.574,2.81934
nan,nan,nan,NaN
nan,nan,nan,NaN
nan,nan,nan,NaN
nan,nan,nan,NaN
nan,nan,nan,NaN
nan,nan,nan,NaN
nan,nan,nan,NaN
nan,nan,nan,NaN
nan,nan,nan,NaN
nan,nan,nan,NaN
nan,nan,nan,NaN
nan,nan,nan,NaN
nan,nan,nan,NaN
nan,nan,nan,NaN
nan,nan,nan,NaN
nan,nan,nan,NaN
nan,nan,nan,NaN
nan,nan,nan,NaN
nan,nan,nan,NaN
nan,nan,nan,NaN
nan,nan,nan,NaN
nan,nan,nan,NaN
nan,nan,nan,NaN
nan,nan,nan,NaN
nan,nan,nan,NaN
nan,nan,nan,NaN
nan,nan,nan,NaN
nan,nan,nan,NaN
nan,nan,nan,NaN
nan,nan,nan,NaN
nan,nan,nan,NaN
nan,nan,nan,NaN
nan,nan,nan,NaN
nan,nan,nan,NaN
nan,nan,nan,NaN
nan,nan,nan,NaN
nan,nan,nan,NaN
nan,nan,nan,NaN
nan,nan,nan,NaN
nan,nan,nan,NaN
nan,nan,nan,NaN
nan,nan,nan,NaN
nan,nan,nan,NaN
nan,nan,nan,NaN
nan,nan,nan,NaN
nan,nan,nan,NaN
nan,nan,nan,NaN
nan,nan,nan,NaN
nan,nan,nan,NaN
2.00805,-0.890815,3.721,4.32107
2.02013,-0.890815,3.721,4.3267
2.0322,-0.890815,3.721,4.33235
2.02231,-0.881239,3.681,4.29139
2.03425,-0.881239,3.681,4.29704
2.0462,-0.881239,3.681,4.30271
2.05815,-0.881239,3.681,4.3084
2.02679,-0.862805,3.604,4.22388
2.03849,-0.862805,3.604,4.2295
2.05019,-0.862805,3.604,4.23515
2.06189,-0.862805,3.604,4.24083
2.05172,-0.853708,3.566,4.20175
2.06329,-0.853708,3.566,4.20742
2.05334,-0.84485,3.529,4.16939
2.04373,-0.836231,3.493,4.13245
2.05507,-0.836231,3.493,4.13807
2.0457,-0.827852,3.458,4.10219
2.03611,-0.819473,3.423,4.06623
2.04722,-0.819473,3.423,4.0718
2.03788,-0.811334,3.389,4.0369
2.02893,-0.803433,3.356,4.0031
2.02037,-0.795772,3.324,3.97041
2.03116,-0.795772,3.324,3.97591
2.02229,-0.788112,3.292,3.9431
2.01322,-0.780451,3.26,3.91021
2.0238,-0.780451,3.26,3.91567
1.97821,-0.758905,3.17,3.8129
1.95212,-0.745019,3.112,3.74838
1.96222,-0.745019,3.112,3.75365
1.95458,-0.738316,3.084,3.72512
1.91299,-0.718924,3.003,3.63241
1.92273,-0.718924,3.003,3.63755
1.91575,-0.7127,2.977,3.61117
1.89243,-0.70049,2.926,3.55436
1.90192,-0.70049,2.926,3.55942
1.86373,-0.683014,2.853,3.47558
1.84214,-0.671762,2.806,3.42321
1.85125,-0.671762,2.806,3.42812
1.81593,-0.655722,2.739,3.35108
1.81017,-0.650455,2.717,3.32895
1.81899,-0.650455,2.717,3.33375
1.79955,-0.6404,2.675,3.28696
1.79404,-0.635373,2.654,3.26588
1.80265,-0.635373,2.654,3.27062
-2.52657,-0.860085,3.642,4.51525
-2.51475,-0.860085,3.642,4.50865
-2.50293,-0.860085,3.642,4.50206
-2.46512,-0.851111,3.604,4.4486
-2.45342,-0.851111,3.604,4.44213
-2.44172,-0.851111,3.604,4.43568
-2.4044,-0.842137,3.566,4.38255
-2.368,-0.833399,3.529,4.3308
-2.35655,-0.833399,3.529,4.32455
-2.34509,-0.833399,3.529,4.31832
-2.30983,-0.824897,3.493,4.26812
-2.2985,-0.824897,3.493,4.26199
-2.28716,-0.824897,3.493,4.25589
-2.27582,-0.824897,3.493,4.24981
-2.26448,-0.824897,3.493,4.24375
-2.23057,-0.816632,3.458,4.19525
-2.21935,-0.816632,3.458,4.18929
-2.20812,-0.816632,3.458,4.18335
-2.1969,-0.816632,3.458,4.17744
-2.18568,-0.816632,3.458,4.17155
-2.17445,-0.816632,3.458,4.16568
-2.16323,-0.816632,3.458,4.15983
-2.152,-0.816632,3.458,4.15401
-2.14078,-0.816632,3.458,4.1482
-2.12956,-0.816632,3.458,4.14242
-2.11833,-0.816632,3.458,4.13666
-2.10711,-0.816632,3.458,4.13093
-2.09589,-0.816632,3.458,4.12521
-2.08466,-0.816632,3.458,4.11952
-2.07344,-0.816632,3.458,4.11385
nan,nan,nan,NaN
nan,nan,nan,NaN
nan,nan,nan,NaN
nan,nan,nan,NaN
nan,nan,nan,NaN
nan,nan,nan,NaN
nan,nan,nan,NaN
nan,nan,nan,NaN
nan,nan,nan,NaN
nan,nan,nan,NaN
nan,nan,nan,NaN
nan,nan,nan,NaN
nan,nan,nan,NaN
nan,nan,nan,NaN
nan,nan,nan,NaN
nan,nan,nan,NaN
nan,nan,nan,NaN
nan,nan,nan,NaN
nan,nan,nan,NaN
nan,nan,nan,NaN
nan,nan,nan,NaN
nan,nan,nan,NaN
nan,nan,nan,NaN
nan,nan,nan,NaN
nan,nan,nan,NaN
nan,nan,nan,NaN
nan,nan,nan,NaN
nan,nan,nan,NaN
nan,nan,nan,NaN
nan,nan,nan,NaN
nan,nan,nan,NaN
nan,nan,nan,NaN
nan,nan,nan,NaN
nan,nan,nan,NaN
nan,nan,nan,NaN
nan,nan,nan,NaN
nan,nan,nan,NaN
nan,nan,nan,NaN
nan,nan,nan,NaN
nan,nan,nan,NaN
nan,nan,nan,NaN
nan,nan,nan,NaN
nan,nan,nan,NaN
nan,nan,nan,NaN
nan,nan,nan,NaN
nan,nan,nan,NaN
nan,nan,nan,NaN
nan,nan,nan,NaN
nan,nan,nan,NaN
nan,nan,nan,NaN
nan,nan,nan,NaN
nan,nan,nan,NaN
nan,nan,nan,NaN
nan,nan,nan,NaN
nan,nan,nan,NaN
nan,nan,nan,NaN
nan,nan,nan,NaN
-1.10037,-0.631721,2.675,2.96066
-1.09169,-0.631721,2.675,2.95744
-1.083,-0.631721,2.675,2.95425
-1.06589,-0.626761,2.654,2.92791
-1.05727,-0.626761,2.654,2.92479
-1.04866,-0.626761,2.654,2.92168
-1.04004,-0.626761,2.654,2.9186
-1.03143,-0.626761,2.654,2.91554
-1.00701,-0.617079,2.613,2.86751
-0.998533,-0.617079,2.613,2.86455
-0.990052,-0.617079,2.613,2.8616
-0.966921,-0.607869,2.574,2.81601
-0.958566,-0.607869,2.574,2.81315
-0.950212,-0.607869,2.574,2.81032
-0.941857,-0.607869,2.574,2.8075
-0.933502,-0.607869,2.574,2.80471
-0.925148,-0.607869,2.574,2.80194
-0.910026,-0.603382,2.555,2.77853
-0.901733,-0.603382,2.555,2.77583
-0.89344,-0.603382,2.555,2.77314
-0.885147,-0.603382,2.555,2.77048
-0.876854,-0.603382,2.555,2.76785
-0.868562,-0.603382,2.555,2.76523
-0.860269,-0.603382,2.555,2.76264
-0.851976,-0.603382,2.555,2.76006
-0.843683,-0.603382,2.555,2.75752
-0.83539,-0.603382,2.555,2.75499
-0.820946,-0.598895,2.536,2.73202
-0.812715,-0.598895,2.536,2.72956
-0.804484,-0.598895,2.536,2.72712
-0.796253,-0.598895,2.536,2.7247
-0.788022,-0.598895,2.536,2.72231
-0.77979,-0.598895,2.536,2.71993
-0.771559,-0.598895,2.536,2.71759
-0.769047,-0.603382,2.555,2.7356
-0.760754,-0.603382,2.555,2.73328
-0.752461,-0.603382,2.555,2.73099
-0.744168,-0.603382,2.555,2.72871
-0.741347,-0.607869,2.574,2.74674
-0.738403,-0.612356,2.593,2.76475
-0.729987,-0.612356,2.593,2.76252
-0.721571,-0.612356,2.593,2.76031
-0.718655,-0.617079,2.613,2.77939
-0.710174,-0.617079,2.613,2.77721
-0.707064,-0.621802,2.633,2.7963
-0.698518,-0.621802,2.633,2.79415
-0.684731,-0.617079,2.613,2.77081
-0.67625,-0.617079,2.613,2.76873
-0.667768,-0.617079,2.613,2.76667
-0.659287,-0.617079,2.613,2.76464
-0.650806,-0.617079,2.613,2.76263
-0.637409,-0.612356,2.593,2.73951
-0.628992,-0.612356,2.593,2.73756
-0.616029,-0.607869,2.574,2.7156
-0.607674,-0.607869,2.574,2.71372
-0.59932,-0.607869,2.574,2.71186
-0.590965,-0.607869,2.574,2.71002
-0.57831,-0.603382,2.555,2.68822
-0.570017,-0.603382,2.555,2.68645
-0.561724,-0.603382,2.555,2.6847
-0.549316,-0.598895,2.536,2.66303
-0.541085,-0.598895,2.536,2.66134
-0.532853,-0.598895,2.536,2.65968
-0.524622,-0.598895,2.536,2.65804
-0.516391,-0.598895,2.536,2.65643
-0.50816,-0.598895,2.536,2.65484
-0.496183,-0.594408,2.517,2.6334
-0.488013,-0.594408,2.517,2.63188
-0.479844,-0.594408,2.517,2.63037
-0.471674,-0.594408,2.517,2.62889
-0.463505,-0.594408,2.517,2.62744
-0.455335,-0.594408,2.517,2.62601
-0.447166,-0.594408,2.517,2.62461
-0.438996,-0.594408,2.517,2.62323
-0.434079,-0.598895,2.536,2.64167
-0.425848,-0.598895,2.536,2.64033
-0.417616,-0.598895,2.536,2.63901
-0.409385,-0.598895,2.536,2.63772
-0.401154,-0.598895,2.536,2.63646
-0.392923,-0.598895,2.536,2.63522
-0.384691,-0.598895,2.536,2.634
-0.37646,-0.598895,2.536,2.63281
-0.368229,-0.598895,2.536,2.63165
-0.362695,-0.603382,2.555,2.65022
-0.354402,-0.603382,2.555,2.64909
-0.348683,-0.607869,2.574,2.66769
-0.340328,-0.607869,2.574,2.66661
-0.331974,-0.607869,2.574,2.66556
-0.326008,-0.612356,2.593,2.6842
-0.317592,-0.612356,2.593,2.68319
-0.31156,-0.617079,2.613,2.70289
-0.303079,-0.617079,2.613,2.70193
-0.294598,-0.617079,2.613,2.70099
-0.288307,-0.621802,2.633,2.72074
-0.281992,-0.626761,2.654,2.74154
-0.275541,-0.631721,2.675,2.76236
-0.264763,-0.626761,2.654,2.73983
-0.256149,-0.626761,2.654,2.73901
-0.247535,-0.626761,2.654,2.73821
-0.238921,-0.626761,2.654,2.73745
-0.230307,-0.626761,2.654,2.73671
-0.223447,-0.631721,2.675,2.75765
-0.213078,-0.626761,2.654,2.73532
-0.204464,-0.626761,2.654,2.73466
-0.19585,-0.626761,2.654,2.73403
-0.187235,-0.626761,2.654,2.73342
-0.178621,-0.626761,2.654,2.73285
-0.170007,-0.626761,2.654,2.7323
-0.161393,-0.626761,2.654,2.73177
-0.15157,-0.621802,2.633,2.70967
-0.143024,-0.621802,2.633,2.7092
-0.134478,-0.621802,2.633,2.70877
-0.125931,-0.621802,2.633,2.70835
-0.117385,-0.621802,2.633,2.70797
-0.108839,-0.621802,2.633,2.70761
-0.100293,-0.621802,2.633,2.70728
-0.0917472,-0.621802,2.633,2.70698
-0.0832012,-0.621802,2.633,2.7067
-0.0752505,-0.626761,2.654,2.72804
-0.066109,-0.621802,2.633,2.70623
-0.057563,-0.621802,2.633,2.70604
-0.0490169,-0.621802,2.633,2.70587
-0.0401634,-0.617079,2.613,2.68518
-0.0316823,-0.617079,2.613,2.68506
-0.0233787,-0.621802,2.633,2.70553
-0.0148326,-0.621802,2.633,2.70547
-0.00628658,-0.621802,2.633,2.70543
0.00225949,-0.621802,2.633,2.70543
0.0108056,-0.621802,2.633,2.70545
0.0193516,-0.621802,2.633,2.70549
0.0278977,-0.621802,2.633,2.70557
0.0364437,-0.621802,2.633,2.70567
0.0449898,-0.621802,2.633,2.7058
0.0535359,-0.621802,2.633,2.70596
0.0620819,-0.621802,2.633,2.70614
0.0700915,-0.617079,2.613,2.68579
0.0785727,-0.617079,2.613,2.68602
0.0870538,-0.617079,2.613,2.68629
0.0948037,-0.612356,2.593,2.66601
0.102464,-0.607869,2.574,2.64679
0.110818,-0.607869,2.574,2.64712
0.119173,-0.607869,2.574,2.64749
0.127527,-0.607869,2.574,2.64788
0.135882,-0.607869,2.574,2.64829
0.144236,-0.607869,2.574,2.64873
0.151465,-0.603382,2.555,2.62965
0.159758,-0.603382,2.555,2.63014
0.16805,-0.603382,2.555,2.63065
0.176343,-0.603382,2.555,2.6312
0.184636,-0.603382,2.555,2.63176
0.192929,-0.603382,2.555,2.63236
0.201222,-0.603382,2.555,2.63298
0.209515,-0.603382,2.555,2.63363
0.219428,-0.607869,2.574,2.65389
0.227782,-0.607869,2.574,2.65459
0.236137,-0.607869,2.574,2.65532
0.244491,-0.607869,2.574,2.65608
0.252846,-0.607869,2.574,2.65686
0.2612,-0.607869,2.574,2.65767
0.269555,-0.607869,2.574,2.6585
0.27791,-0.607869,2.574,2.65936
0.286264,-0.607869,2.574,2.66025
0.294619,-0.607869,2.574,2.66116
0.302973,-0.607869,2.574,2.6621
0.311328,-0.607869,2.574,2.66306
0.319682,-0.607869,2.574,2.66405
0.328037,-0.607869,2.574,2.66507
0.336391,-0.607869,2.574,2.66611
0.344746,-0.607869,2.574,2.66718
0.353101,-0.607869,2.574,2.66827
0.361455,-0.607869,2.574,2.66939
0.36981,-0.607869,2.574,2.67053
0.378164,-0.607869,2.574,2.6717
0.389372,-0.612356,2.593,2.69263
0.397788,-0.612356,2.593,2.69386
0.406204,-0.612356,2.593,2.69511
0.414621,-0.612356,2.593,2.69639
0.423037,-0.612356,2.593,2.6977
0.431453,-0.612356,2.593,2.69903
0.439869,-0.612356,2.593,2.70039
0.448286,-0.612356,2.593,2.70178
0.456702,-0.612356,2.593,2.70318
0.465118,-0.612356,2.593,2.70462
0.473534,-0.612356,2.593,2.70608
0.481951,-0.612356,2.593,2.70756
0.494149,-0.617079,2.613,2.72997
0.50263,-0.617079,2.613,2.73152
0.511111,-0.617079,2.613,2.73309
0.519592,-0.617079,2.613,2.73469
0.524032,-0.612356,2.593,2.71537
0.532448,-0.612356,2.593,2.71701
0.540864,-0.612356,2.593,2.71867
0.54928,-0.612356,2.593,2.72036
0.557697,-0.612356,2.593,2.72207
0.566113,-0.612356,2.593,2.7238
0.57896,-0.617079,2.613,2.74659
0.587442,-0.617079,2.613,2.74839
0.595923,-0.617079,2.613,2.75021
0.604404,-0.617079,2.613,2.75206
0.612885,-0.617079,2.613,2.75394
0.621366,-0.617079,2.613,2.75584
0.629847,-0.617079,2.613,2.75776
0.638328,-0.617079,2.613,2.75971
0.65176,-0.621802,2.633,2.78283
0.660306,-0.621802,2.633,2.78484
0.668853,-0.621802,2.633,2.78688
0.677399,-0.621802,2.633,2.78894
0.685945,-0.621802,2.633,2.79103
0.694491,-0.621802,2.633,2.79314
0.703037,-0.621802,2.633,2.79528
0.711583,-0.621802,2.633,2.79744
0.720129,-0.621802,2.633,2.79963
0.728675,-0.621802,2.633,2.80184
0.737221,-0.621802,2.633,2.80407
0.745767,-0.621802,2.633,2.80633
0.754313,-0.621802,2.633,2.80861
0.762859,-0.621802,2.633,2.81092
0.771405,-0.621802,2.633,2.81325
0.779951,-0.621802,2.633,2.81561
0.788497,-0.621802,2.633,2.81799
0.797044,-0.621802,2.633,2.82039
0.812015,-0.626761,2.654,2.84533
0.820629,-0.626761,2.654,2.8478
0.829243,-0.626761,2.654,2.8503
0.837857,-0.626761,2.654,2.85281
0.846472,-0.626761,2.654,2.85536
0.855086,-0.626761,2.654,2.85792
0.8637,-0.626761,2.654,2.86051
0.872314,-0.626761,2.654,2.86312
0.880928,-0.626761,2.654,2.86576
0.889543,-0.626761,2.654,2.86842
0.898157,-0.626761,2.654,2.8711
0.906771,-0.626761,2.654,2.87381
0.908142,-0.621802,2.633,2.85378
0.916688,-0.621802,2.633,2.85651
0.925234,-0.621802,2.633,2.85926
0.93378,-0.621802,2.633,2.86204
0.935169,-0.617079,2.613,2.84308
0.94365,-0.617079,2.613,2.84588
nan,nan,nan,NaN
0.95326,-0.612356,2.593,2.82972
0.954629,-0.607869,2.574,2.81181
0.962984,-0.607869,2.574,2.81466
0.971338,-0.607869,2.574,2.81753
nan,nan,nan,NaN
nan,nan,nan,NaN
nan,nan,nan,NaN
nan,nan,nan,NaN
nan,nan,nan,NaN
nan,nan,nan,NaN
nan,nan,nan,NaN
nan,nan,nan,NaN
nan,nan,nan,NaN
nan,nan,nan,NaN
nan,nan,nan,NaN
nan,nan,nan,NaN
nan,nan,nan,NaN
nan,nan,nan,NaN
nan,nan,nan,NaN
nan,nan,nan,NaN
nan,nan,nan,NaN
nan,nan,nan,NaN
nan,nan,nan,NaN
nan,nan,nan,NaN
nan,nan,nan,NaN
nan,nan,nan,NaN
nan,nan,nan,NaN
nan,nan,nan,NaN
nan,nan,nan,NaN
nan,nan,nan,NaN
nan,nan,nan,NaN
nan,nan,nan,NaN
nan,nan,nan,NaN
nan,nan,nan,NaN
nan,nan,nan,NaN
nan,nan,nan,NaN
nan,nan,nan,NaN
nan,nan,nan,NaN
nan,nan,nan,NaN
nan,nan,nan,NaN
nan,nan,nan,NaN
nan,nan,nan,NaN
nan,nan,nan,NaN
nan,nan,nan,NaN
nan,nan,nan,NaN
nan,nan,nan,NaN
nan,nan,nan,NaN
nan,nan,nan,NaN
nan,nan,nan,NaN
nan,nan,nan,NaN
nan,nan,nan,NaN
nan,nan,nan,NaN
nan,nan,nan,NaN
2.00805,-0.878741,3.721,4.3186
2.02013,-0.878741,3.721,4.32423
2.0322,-0.878741,3.721,4.32988
2.02231,-0.869295,3.681,4.28896
2.03425,-0.869295,3.681,4.2946
2.02452,-0.860085,3.642,4.25471
2.03634,-0.860085,3.642,4.26035
2.02679,-0.851111,3.604,4.2215
2.03849,-0.851111,3.604,4.22713
2.05019,-0.851111,3.604,4.23279
2.06189,-0.851111,3.604,4.23846
2.05172,-0.842137,3.566,4.19942
2.06329,-0.842137,3.566,4.20508
2.05334,-0.833399,3.529,4.16709
2.04373,-0.824897,3.493,4.13017
2.05507,-0.824897,3.493,4.1358
2.0457,-0.816632,3.458,4.09994
2.03611,-0.808366,3.423,4.064
2.04722,-0.808366,3.423,4.06958
2.03788,-0.800337,3.389,4.0347
2.02893,-0.792544,3.356,4.00093
2.02037,-0.784987,3.324,3.96826
2.03116,-0.784987,3.324,3.97376
2.02229,-0.77743,3.292,3.94098
1.99469,-0.762788,3.23,3.87215
2.00517,-0.762788,3.23,3.87756
1.97821,-0.748618,3.17,3.81086
1.95212,-0.734921,3.112,3.74639
1.96222,-0.734921,3.112,3.75166
1.93746,-0.721933,3.057,3.69056
1.91299,-0.70918,3.003,3.63049
1.92273,-0.70918,3.003,3.63564
1.91575,-0.70304,2.977,3.60928
1.89243,-0.690996,2.926,3.5525
1.90192,-0.690996,2.926,3.55757
1.86373,-0.673757,2.853,3.47377
1.84214,-0.662657,2.806,3.42144
1.85125,-0.662657,2.806,3.42635
1.81593,-0.646835,2.739,3.34935
1.81017,-0.641639,2.717,3.32724
1.81899,-0.641639,2.717,3.33204
1.79955,-0.631721,2.675,3.28528
1.79404,-0.626761,2.654,3.26422
1.80265,-0.626761,2.654,3.26896
-2.52657,-0.848267,3.642,4.51301
-2.51475,-0.848267,3.642,4.50641
-2.50293,-0.848267,3.642,4.49982
-2.46512,-0.839416,3.604,4.44637
-2.45342,-0.839416,3.604,4.4399
-2.44172,-0.839416,3.604,4.43345
-2.4044,-0.830566,3.566,4.38034
-2.368,-0.821948,3.529,4.32861
-2.35655,-0.821948,3.529,4.32236
-2.34509,-0.821948,3.529,4.31612
-2.30983,-0.813563,3.493,4.26594
-2.2985,-0.813563,3.493,4.25981
-2.28716,-0.813563,3.493,4.25371
-2.27582,-0.813563,3.493,4.24762
-2.26448,-0.813563,3.493,4.24156
-2.23057,-0.805411,3.458,4.19308
-2.21935,-0.805411,3.458,4.18712
-2.20812,-0.805411,3.458,4.18118
-2.1969,-0.805411,3.458,4.17526
-2.18568,-0.805411,3.458,4.16937
-2.17445,-0.805411,3.458,4.1635
-2.16323,-0.805411,3.458,4.15764
-2.152,-0.805411,3.458,4.15182
-2.14078,-0.805411,3.458,4.14601
-2.12956,-0.805411,3.458,4.14022
-2.11833,-0.805411,3.458,4.13446
-2.10711,-0.805411,3.458,4.12872
-2.09589,-0.805411,3.458,4.12301
-2.08466,-0.805411,3.458,4.11731
-2.07344,-0.805411,3.458,4.11164
nan,nan,nan,NaN
nan,nan,nan,NaN
nan,nan,nan,NaN
nan,nan,nan,NaN
nan,nan,nan,NaN
nan,nan,nan,NaN
nan,nan,nan,NaN
nan,nan,nan,NaN
nan,nan,nan,NaN
nan,nan,nan,NaN
nan,nan,nan,NaN
nan,nan,nan,NaN
nan,nan,nan,NaN
nan,nan,nan,NaN
nan,nan,nan,NaN
nan,nan,nan,NaN
nan,nan,nan,NaN
nan,nan,nan,NaN
nan,nan,nan,NaN
nan,nan,nan,NaN
nan,nan,nan,NaN
nan,nan,nan,NaN
nan,nan,nan,NaN
nan,nan,nan,NaN
nan,nan,nan,NaN
nan,nan,nan,NaN
nan,nan,nan,NaN
nan,nan,nan,NaN
nan,nan,nan,NaN
nan,nan,nan,NaN
nan,nan,nan,NaN
nan,nan,nan,NaN
nan,nan,nan,NaN
nan,nan,nan,NaN
nan,nan,nan,NaN
nan,nan,nan,NaN
nan,nan,nan,NaN
nan,nan,nan,NaN
nan,nan,nan,NaN
nan,nan,nan,NaN
nan,nan,nan,NaN
nan,nan,nan,NaN
nan,nan,nan,NaN
nan,nan,nan,NaN
nan,nan,nan,NaN
nan,nan,nan,NaN
nan,nan,nan,NaN
nan,nan,nan,NaN
nan,nan,nan,NaN
nan,nan,nan,NaN
nan,nan,nan,NaN
nan,nan,nan,NaN
nan,nan,nan,NaN
nan,nan,nan,NaN
nan,nan,nan,NaN
nan,nan,nan,NaN
nan,nan,nan,NaN
-1.10037,-0.623041,2.675,2.95882
-1.09169,-0.623041,2.675,2.9556
-1.083,-0.623041,2.675,2.95241
-1.06589,-0.618149,2.654,2.92608
-1.05727,-0.618149,2.654,2.92295
-1.04866,-0.618149,2.654,2.91985
-1.04004,-0.618149,2.654,2.91676
-1.03143,-0.618149,2.654,2.9137
-1.00701,-0.6086,2.613,2.8657
-0.998533,-0.6086,2.613,2.86273
-0.990052,-0.6086,2.613,2.85978
-0.966921,-0.599516,2.574,2.81422
-0.958566,-0.599516,2.574,2.81136
-0.950212,-0.599516,2.574,2.80852
-0.941857,-0.599516,2.574,2.80571
-0.933502,-0.599516,2.574,2.80291
-0.925148,-0.599516,2.574,2.80014
-0.910026,-0.595091,2.555,2.77674
-0.901733,-0.595091,2.555,2.77404
-0.89344,-0.595091,2.555,2.77135
-0.885147,-0.595091,2.555,2.76869
-0.876854,-0.595091,2.555,2.76605
-0.868562,-0.595091,2.555,2.76343
-0.853871,-0.590666,2.536,2.74031
-0.84564,-0.590666,2.536,2.73775
-0.843683,-0.595091,2.555,2.75571
-0.829178,-0.590666,2.536,2.73271
-0.820946,-0.590666,2.536,2.73023
-0.812715,-0.590666,2.536,2.72776
-0.804484,-0.590666,2.536,2.72532
-0.796253,-0.590666,2.536,2.7229
-0.788022,-0.590666,2.536,2.72051
-0.77979,-0.590666,2.536,2.71813
-0.771559,-0.590666,2.536,2.71578
-0.763328,-0.590666,2.536,2.71346
-0.760754,-0.595091,2.555,2.73147
-0.752461,-0.595091,2.555,2.72917
-0.744168,-0.595091,2.555,2.72689
-0.741347,-0.599516,2.574,2.7449
-0.732993,-0.599516,2.574,2.74266
-0.724638,-0.599516,2.574,2.74044
-0.721571,-0.603942,2.593,2.75845
-0.718655,-0.6086,2.613,2.77752
-0.710174,-0.6086,2.613,2.77534
-0.701693,-0.6086,2.613,2.77318
-0.693212,-0.6086,2.613,2.77105
-0.684731,-0.6086,2.613,2.76894
-0.67625,-0.6086,2.613,2.76685
-0.667768,-0.6086,2.613,2.76479
-0.659287,-0.6086,2.613,2.76276
-0.645825,-0.603942,2.593,2.73961
-0.632738,-0.599516,2.574,2.71758
-0.624384,-0.599516,2.574,2.71565
-0.616029,-0.599516,2.574,2.71374
-0.607674,-0.599516,2.574,2.71186
-0.59932,-0.599516,2.574,2.71
-0.586603,-0.595091,2.555,2.68817
-0.57831,-0.595091,2.555,2.68637
-0.570017,-0.595091,2.555,2.6846
-0.557547,-0.590666,2.536,2.6629
-0.549316,-0.590666,2.536,2.66119
-0.541085,-0.590666,2.536,2.6595
-0.532853,-0.590666,2.536,2.65784
-0.520692,-0.58624,2.517,2.6363
-0.512522,-0.58624,2.517,2.6347
-0.504353,-0.58624,2.517,2.63312
-0.496183,-0.58624,2.517,2.63157
-0.488013,-0.58624,2.517,2.63004
-0.479844,-0.58624,2.517,2.62854
-0.471674,-0.58624,2.517,2.62706
-0.463505,-0.58624,2.517,2.62561
-0.455335,-0.58624,2.517,2.62418
-0.447166,-0.58624,2.517,2.62277
-0.438996,-0.58624,2.517,2.62139
-0.430827,-0.58624,2.517,2.62003
-0.425848,-0.590666,2.536,2.63847
-0.417616,-0.590666,2.536,2.63715
-0.409385,-0.590666,2.536,2.63586
-0.401154,-0.590666,2.536,2.6346
-0.392923,-0.590666,2.536,2.63336
-0.384691,-0.590666,2.536,2.63214
-0.37646,-0.590666,2.536,2.63095
-0.368229,-0.590666,2.536,2.62979
-0.362695,-0.595091,2.555,2.64834
-0.354402,-0.595091,2.555,2.64722
-0.348683,-0.599516,2.574,2.6658
-0.340328,-0.599516,2.574,2.66472
-0.331974,-0.599516,2.574,2.66366
-0.328522,-0.6086,2.613,2.70298
-0.320041,-0.6086,2.613,2.70196
-0.31156,-0.6086,2.613,2.70097
-0.303079,-0.6086,2.613,2.7
-0.294598,-0.6086,2.613,2.69906
-0.288307,-0.613258,2.633,2.7188
-0.281992,-0.618149,2.654,2.73959
-0.273378,-0.618149,2.654,2.73872
-0.264763,-0.618149,2.654,2.73787
-0.256149,-0.618149,2.654,2.73705
-0.247535,-0.618149,2.654,2.73626
-0.238921,-0.618149,2.654,2.73549
-0.230307,-0.618149,2.654,2.73475
-0.221692,-0.618149,2.654,2.73404
-0.213078,-0.618149,2.654,2.73335
-0.202846,-0.613258,2.633,2.71107
-0.1943,-0.613258,2.633,2.71045
-0.185754,-0.613258,2.633,2.70985
-0.177208,-0.613258,2.633,2.70928
-0.168662,-0.613258,2.633,2.70873
-0.160116,-0.613258,2.633,2.70821
-0.15157,-0.613258,2.633,2.70772
-0.143024,-0.613258,2.633,2.70726
-0.134478,-0.613258,2.633,2.70682
-0.125931,-0.613258,2.633,2.70641
-0.117385,-0.613258,2.633,2.70602
-0.108839,-0.613258,2.633,2.70566
-0.100293,-0.613258,2.633,2.70533
-0.0917472,-0.613258,2.633,2.70503
-0.0832012,-0.613258,2.633,2.70475
-0.0752505,-0.618149,2.654,2.72608
-0.066109,-0.613258,2.633,2.70428
-0.057563,-0.613258,2.633,2.70409
-0.0490169,-0.613258,2.633,2.70392
-0.0401634,-0.6086,2.613,2.68324
-0.0316823,-0.6086,2.613,2.68313
-0.0233787,-0.613258,2.633,2.70358
-0.0148326,-0.613258,2.633,2.70352
-0.00628658,-0.613258,2.633,2.70348
0.00225949,-0.613258,2.633,2.70348
0.0108056,-0.613258,2.633,2.7035
0.0193516,-0.613258,2.633,2.70354
0.0278977,-0.613258,2.633,2.70362
0.0364437,-0.613258,2.633,2.70372
0.0449898,-0.613258,2.633,2.70385
0.0535359,-0.613258,2.633,2.704
0.0620819,-0.613258,2.633,2.70419
0.0700915,-0.6086,2.613,2.68385
0.0785727,-0.6086,2.613,2.68409
0.0870538,-0.6086,2.613,2.68435
0.0948037,-0.603942,2.593,2.66409
0.102464,-0.599516,2.574,2.64488
0.110818,-0.599516,2.574,2.64522
0.119173,-0.599516,2.574,2.64558
0.127527,-0.599516,2.574,2.64597
0.135882,-0.599516,2.574,2.64639
0.144236,-0.599516,2.574,2.64683
0.151465,-0.595091,2.555,2.62776
0.159758,-0.595091,2.555,2.62825
0.16805,-0.595091,2.555,2.62876
0.176343,-0.595091,2.555,2.62931
0.184636,-0.595091,2.555,2.62988
0.192929,-0.595091,2.555,2.63047
0.201222,-0.595091,2.555,2.63109
0.209515,-0.595091,2.555,2.63174
0.219428,-0.599516,2.574,2.65199
0.227782,-0.599516,2.574,2.65269
0.236137,-0.599516,2.574,2.65342
0.244491,-0.599516,2.574,2.65418
0.252846,-0.599516,2.574,2.65496
0.2612,-0.599516,2.574,2.65577
0.269555,-0.599516,2.574,2.65661
0.27791,-0.599516,2.574,2.65747
0.286264,-0.599516,2.574,2.65835
0.294619,-0.599516,2.574,2.65927
0.302973,-0.599516,2.574,2.6602
0.311328,-0.599516,2.574,2.66117
0.319682,-0.599516,2.574,2.66216
0.328037,-0.599516,2.574,2.66318
0.336391,-0.599516,2.574,2.66422
0.344746,-0.599516,2.574,2.66529
0.353101,-0.599516,2.574,2.66638
0.361455,-0.599516,2.574,2.6675
0.36981,-0.599516,2.574,2.66864
0.378164,-0.599516,2.574,2.66981
0.389372,-0.603942,2.593,2.69073
0.397788,-0.603942,2.593,2.69196
0.406204,-0.603942,2.593,2.69321
0.414621,-0.603942,2.593,2.6945
0.423037,-0.603942,2.593,2.6958
0.431453,-0.603942,2.593,2.69714
0.439869,-0.603942,2.593,2.6985
0.448286,-0.603942,2.593,2.69988
0.456702,-0.603942,2.593,2.70129
0.465118,-0.603942,2.593,2.70273
0.473534,-0.603942,2.593,2.70419
0.481951,-0.603942,2.593,2.70567
0.490367,-0.603942,2.593,2.70719
0.498783,-0.603942,2.593,2.70872
0.507199,-0.603942,2.593,2.71029
0.515615,-0.603942,2.593,2.71187
0.524032,-0.603942,2.593,2.71349
0.532448,-0.603942,2.593,2.71512
0.540864,-0.603942,2.593,2.71679
0.54928,-0.603942,2.593,2.71847
0.557697,-0.603942,2.593,2.72019
0.566113,-0.603942,2.593,2.72193
0.574529,-0.603942,2.593,2.72369
0.582945,-0.603942,2.593,2.72548
0.591362,-0.603942,2.593,2.72729
0.599778,-0.603942,2.593,2.72913
0.612885,-0.6086,2.613,2.75205
0.621366,-0.6086,2.613,2.75395
0.629847,-0.6086,2.613,2.75588
0.638328,-0.6086,2.613,2.75783
0.64681,-0.6086,2.613,2.75981
0.655291,-0.6086,2.613,2.76181
0.663772,-0.6086,2.613,2.76383
0.672253,-0.6086,2.613,2.76588
0.680734,-0.6086,2.613,2.76795
0.689215,-0.6086,2.613,2.77005
0.697697,-0.6086,2.613,2.77217
0.706178,-0.6086,2.613,2.77432
0.714659,-0.6086,2.613,2.77649
0.72314,-0.6086,2.613,2.77869
0.731621,-0.6086,2.613,2.78091
0.740102,-0.6086,2.613,2.78315
0.754313,-0.613258,2.633,2.80674
0.762859,-0.613258,2.633,2.80904
0.771405,-0.613258,2.633,2.81138
0.779951,-0.613258,2.633,2.81373
0.788497,-0.613258,2.633,2.81611
0.797044,-0.613258,2.633,2.81852
0.80559,-0.613258,2.633,2.82095
0.814136,-0.613258,2.633,2.8234
0.822682,-0.613258,2.633,2.82588
0.831228,-0.613258,2.633,2.82838
0.846472,-0.618149,2.654,2.85348
0.855086,-0.618149,2.654,2.85605
0.8637,-0.618149,2.654,2.85864
0.872314,-0.618149,2.654,2.86125
0.880928,-0.618149,2.654,2.86389
0.889543,-0.618149,2.654,2.86655
0.898157,-0.618149,2.654,2.86924
0.906771,-0.618149,2.654,2.87194
0.908142,-0.613258,2.633,2.85193
0.916688,-0.613258,2.633,2.85466
0.925234,-0.613258,2.633,2.85742
0.93378,-0.613258,2.633,2.8602
0.935169,-0.6086,2.613,2.84125
0.94365,-0.6086,2.613,2.84405
0.952131,-0.6086,2.613,2.84688
0.95326,-0.603942,2.593,2.82791
0.961676,-0.603942,2.593,2.83076
nan,nan,nan,NaN
nan,nan,nan,NaN
nan,nan,nan,NaN
nan,nan,nan,NaN
nan,nan,nan,NaN
nan,nan,nan,NaN
nan,nan,nan,NaN
nan,nan,nan,NaN
nan,nan,nan,NaN
nan,nan,nan,NaN
nan,nan,nan,NaN
nan,nan,nan,NaN
nan,nan,nan,NaN
nan,nan,nan,NaN
nan,nan,nan,NaN
nan,nan,nan,NaN
nan,nan,nan,NaN
nan,nan,nan,NaN
nan,nan,nan,NaN
nan,nan,nan,NaN
nan,nan,nan,NaN
nan,nan,nan,NaN
nan,nan,nan,NaN
nan,nan,nan,NaN
nan,nan,nan,NaN
nan,nan,nan,NaN
nan,nan,nan,NaN
nan,nan,nan,NaN
nan,nan,nan,NaN
nan,nan,nan,NaN
nan,nan,nan,NaN
nan,nan,nan,NaN
nan,nan,nan,NaN
nan,nan,nan,NaN
nan,nan,nan,NaN
nan,nan,nan,NaN
nan,nan,nan,NaN
nan,nan,nan,NaN
nan,nan,nan,NaN
nan,nan,nan,NaN
nan,nan,nan,NaN
nan,nan,nan,NaN
nan,nan,nan,NaN
nan,nan,nan,NaN
nan,nan,nan,NaN
nan,nan,nan,NaN
nan,nan,nan,NaN
nan,nan,nan,NaN
nan,nan,nan,NaN
nan,nan,nan,NaN
nan,nan,nan,NaN
2.00805,-0.866667,3.721,4.31616
2.02013,-0.866667,3.721,4.32179
2.0322,-0.866667,3.721,4.32745
2.02231,-0.857351,3.681,4.28655
2.03425,-0.857351,3.681,4.2922
2.02452,-0.848267,3.642,4.25234
2.03634,-0.848267,3.642,4.25798
2.02679,-0.839416,3.604,4.21916
2.017,-0.830566,3.566,4.18025
2.02857,-0.830566,3.566,4.18584
2.04015,-0.830566,3.566,4.19147
2.03043,-0.821948,3.529,4.15356
2.04189,-0.821948,3.529,4.15918
2.03239,-0.813563,3.493,4.12232
2.04373,-0.813563,3.493,4.12793
2.05507,-0.813563,3.493,4.13355
2.0457,-0.805411,3.458,4.09772
2.03611,-0.797259,3.423,4.06181
2.04722,-0.797259,3.423,4.06739
2.03788,-0.78934,3.389,4.03254
2.02893,-0.781654,3.356,3.99878
2.02037,-0.774201,3.324,3.96614
2.03116,-0.774201,3.324,3.97165
2.00264,-0.759294,3.26,3.9006
1.99469,-0.752307,3.23,3.8701
2.00517,-0.752307,3.23,3.87551
1.97821,-0.738332,3.17,3.80885
1.95212,-0.724823,3.112,3.74442
1.96222,-0.724823,3.112,3.7497
1.93746,-0.712013,3.057,3.68863
1.91299,-0.699436,3.003,3.6286
1.92273,-0.699436,3.003,3.63375
1.91575,-0.69338,2.977,3.60741
1.89243,-0.681502,2.926,3.55066
1.90192,-0.681502,2.926,3.55573
1.86373,-0.664499,2.853,3.47198
1.84214,-0.653552,2.806,3.41968
1.85125,-0.653552,2.806,3.4246
1.81593,-0.637947,2.739,3.34764
1.81017,-0.632823,2.717,3.32555
1.81899,-0.632823,2.717,3.33035
1.79955,-0.623041,2.675,3.28362
1.79404,-0.618149,2.654,3.26257
1.80265,-0.618149,2.654,3.26732
-2.52657,-0.836449,3.642,4.51081
-2.51475,-0.836449,3.642,4.5042
-2.50293,-0.836449,3.642,4.49761
-2.46512,-0.827722,3.604,4.44418
-2.45342,-0.827722,3.604,4.4377
-2.44172,-0.827722,3.604,4.43125
-2.4044,-0.818994,3.566,4.37816
-2.368,-0.810497,3.529,4.32645
-2.35655,-0.810497,3.529,4.32019
-2.34509,-0.810497,3.529,4.31396
-2.30983,-0.802229,3.493,4.2638
-2.2985,-0.802229,3.493,4.25766
-2.28716,-0.802229,3.493,4.25155
-2.27582,-0.802229,3.493,4.24547
-2.26448,-0.802229,3.493,4.2394
-2.23057,-0.79419,3.458,4.19094
-2.21935,-0.79419,3.458,4.18497
-2.20812,-0.79419,3.458,4.17903
-2.1969,-0.79419,3.458,4.17311
-2.18568,-0.79419,3.458,4.16721
-2.17445,-0.79419,3.458,4.16134
-2.16323,-0.79419,3.458,4.15549
-2.152,-0.79419,3.458,4.14965
-2.14078,-0.79419,3.458,4.14384
-2.12956,-0.79419,3.458,4.13806
-2.11833,-0.79419,3.458,4.13229
-2.10711,-0.79419,3.458,4.12655
-2.09589,-0.79419,3.458,4.12083
-2.08466,-0.79419,3.458,4.11513
-2.07344,-0.79419,3.458,4.10946
nan,nan,nan,NaN
nan,nan,nan,NaN
nan,nan,nan,NaN
nan,nan,nan,NaN
nan,nan,nan,NaN
nan,nan,nan,NaN
nan,nan,nan,NaN
nan,nan,nan,NaN
nan,nan,nan,NaN
nan,nan,nan,NaN
nan,nan,nan,NaN
nan,nan,nan,NaN
nan,nan,nan,NaN
nan,nan,nan,NaN
nan,nan,nan,NaN
nan,nan,nan,NaN
nan,nan,nan,NaN
nan,nan,nan,NaN
nan,nan,nan,NaN
nan,nan,nan,NaN
nan,nan,nan,NaN
nan,nan,nan,NaN
nan,nan,nan,NaN
nan,nan,nan,NaN
nan,nan,nan,NaN
nan,nan,nan,NaN
nan,nan,nan,NaN
nan,nan,nan,NaN
nan,nan,nan,NaN
nan,nan,nan,NaN
nan,nan,nan,NaN
nan,nan,nan,NaN
nan,nan,nan,NaN
nan,nan,nan,NaN
nan,nan,nan,NaN
nan,nan,nan,NaN
nan,nan,nan,NaN
nan,nan,nan,NaN
nan,nan,nan,NaN
nan,nan,nan,NaN
nan,nan,nan,NaN
nan,nan,nan,NaN
nan,nan,nan,NaN
nan,nan,nan,NaN
nan,nan,nan,NaN
nan,nan,nan,NaN
nan,nan,nan,NaN
nan,nan,nan,NaN
nan,nan,nan,NaN
nan,nan,nan,NaN
nan,nan,nan,NaN
nan,nan,nan,NaN
nan,nan,nan,NaN
nan,nan,nan,NaN
nan,nan,nan,NaN
nan,nan,nan,NaN
nan,nan,nan,NaN
-1.10037,-0.614361,2.675,2.957
-1.09169,-0.614361,2.675,2.95378
-1.083,-0.614361,2.675,2.95059
-1.07432,-0.614361,2.675,2.94741
-1.06564,-0.614361,2.675,2.94426
-1.04866,-0.609538,2.654,2.91804
-1.04004,-0.609538,2.654,2.91495
-1.02327,-0.604715,2.633,2.88885
-1.01472,-0.604715,2.633,2.88583
-1.00618,-0.604715,2.633,2.88284
-0.982474,-0.595528,2.593,2.83612
-0.974058,-0.595528,2.593,2.83321
-0.965642,-0.595528,2.593,2.83033
-0.950212,-0.591164,2.574,2.80675
-0.934905,-0.586801,2.555,2.78324
-0.926612,-0.586801,2.555,2.78046
-0.918319,-0.586801,2.555,2.77771
-0.910026,-0.586801,2.555,2.77498
-0.901733,-0.586801,2.555,2.77227
-0.89344,-0.586801,2.555,2.76958
-0.885147,-0.586801,2.555,2.76692
-0.876854,-0.586801,2.555,2.76428
-0.868562,-0.586801,2.555,2.76166
-0.853871,-0.582437,2.536,2.73854
-0.84564,-0.582437,2.536,2.73599
-0.837409,-0.582437,2.536,2.73346
-0.829178,-0.582437,2.536,2.73095
-0.820946,-0.582437,2.536,2.72846
-0.806626,-0.578073,2.517,2.70557
-0.798457,-0.578073,2.517,2.70314
-0.790287,-0.578073,2.517,2.70074
-0.782118,-0.578073,2.517,2.69836
-0.77979,-0.582437,2.536,2.71636
-0.771559,-0.582437,2.536,2.71401
-0.763328,-0.582437,2.536,2.71168
-0.760754,-0.586801,2.555,2.72967
-0.752461,-0.586801,2.555,2.72737
-0.744168,-0.586801,2.555,2.7251
-0.735875,-0.586801,2.555,2.72284
-0.732993,-0.591164,2.574,2.74084
-0.724638,-0.591164,2.574,2.73862
-0.721571,-0.595528,2.593,2.75662
-0.713155,-0.595528,2.593,2.75443
-0.704738,-0.595528,2.593,2.75226
-0.696322,-0.595528,2.593,2.75012
-0.693212,-0.600121,2.613,2.7692
-0.684731,-0.600121,2.613,2.76709
-0.67625,-0.600121,2.613,2.765
-0.667768,-0.600121,2.613,2.76294
-0.659287,-0.600121,2.613,2.7609
-0.645825,-0.595528,2.593,2.73777
-0.632738,-0.591164,2.574,2.71575
-0.624384,-0.591164,2.574,2.71382
-0.616029,-0.591164,2.574,2.71191
-0.607674,-0.591164,2.574,2.71002
-0.59932,-0.591164,2.574,2.70816
-0.586603,-0.586801,2.555,2.68635
-0.57831,-0.586801,2.555,2.68455
-0.570017,-0.586801,2.555,2.68277
-0.557547,-0.582437,2.536,2.66109
-0.549316,-0.582437,2.536,2.65938
-0.541085,-0.582437,2.536,2.65769
-0.532853,-0.582437,2.536,2.65602
-0.520692,-0.578073,2.517,2.6345
-0.512522,-0.578073,2.517,2.6329
-0.504353,-0.578073,2.517,2.63132
-0.496183,-0.578073,2.517,2.62976
-0.488013,-0.578073,2.517,2.62823
-0.479844,-0.578073,2.517,2.62673
-0.471674,-0.578073,2.517,2.62525
-0.463505,-0.578073,2.517,2.62379
-0.455335,-0.578073,2.517,2.62236
-0.447166,-0.578073,2.517,2.62096
-0.438996,-0.578073,2.517,2.61958
-0.430827,-0.578073,2.517,2.61822
-0.425848,-0.582437,2.536,2.63664
-0.417616,-0.582437,2.536,2.63532
-0.409385,-0.582437,2.536,2.63403
-0.401154,-0.582437,2.536,2.63277
-0.392923,-0.582437,2.536,2.63152
-0.384691,-0.582437,2.536,2.63031
-0.37646,-0.582437,2.536,2.62912
-0.368229,-0.582437,2.536,2.62795
-0.362695,-0.586801,2.555,2.64649
-0.357037,-0.591164,2.574,2.66504
-0.348683,-0.591164,2.574,2.66393
-0.340328,-0.591164,2.574,2.66285
-0.334424,-0.595528,2.593,2.68144
-0.328522,-0.600121,2.613,2.70108
-0.320041,-0.600121,2.613,2.70006
-0.31156,-0.600121,2.613,2.69907
-0.303079,-0.600121,2.613,2.69811
-0.294598,-0.600121,2.613,2.69717
-0.288307,-0.604715,2.633,2.71689
-0.281992,-0.609538,2.654,2.73766
-0.273378,-0.609538,2.654,2.73678
-0.264763,-0.609538,2.654,2.73594
-0.256149,-0.609538,2.654,2.73512
-0.247535,-0.609538,2.654,2.73432
-0.238921,-0.609538,2.654,2.73356
-0.230307,-0.609538,2.654,2.73282
-0.221692,-0.609538,2.654,2.73211
-0.213078,-0.609538,2.654,2.73142
-0.202846,-0.604715,2.633,2.70915
-0.1943,-0.604715,2.633,2.70853
-0.185754,-0.604715,2.633,2.70793
-0.177208,-0.604715,2.633,2.70736
-0.168662,-0.604715,2.633,2.70681
-0.160116,-0.604715,2.633,2.70629
-0.15157,-0.604715,2.633,2.7058
-0.143024,-0.604715,2.633,2.70533
-0.134478,-0.604715,2.633,2.70489
-0.125931,-0.604715,2.633,2.70448
-0.117385,-0.604715,2.633,2.7041
-0.108839,-0.604715,2.633,2.70374
-0.100293,-0.604715,2.633,2.70341
-0.0917472,-0.604715,2.633,2.70311
-0.0832012,-0.604715,2.633,2.70283
-0.0746551,-0.604715,2.633,2.70258
-0.0656069,-0.600121,2.613,2.68183
-0.0571257,-0.600121,2.613,2.68164
-0.0486446,-0.600121,2.613,2.68147
-0.0401634,-0.600121,2.613,2.68133
-0.0316823,-0.600121,2.613,2.68122
-0.0233787,-0.604715,2.633,2.70165
-0.0148326,-0.604715,2.633,2.70159
-0.00628658,-0.604715,2.633,2.70156
0.00225949,-0.604715,2.633,2.70155
0.0108056,-0.604715,2.633,2.70157
0.0193516,-0.604715,2.633,2.70162
0.0278977,-0.604715,2.633,2.70169
0.0364437,-0.604715,2.633,2.7018
0.0449898,-0.604715,2.633,2.70192
0.0535359,-0.604715,2.633,2.70208
0.0620819,-0.604715,2.633,2.70226
0.0700915,-0.600121,2.613,2.68194
0.0779713,-0.595528,2.593,2.66165
0.0863875,-0.595528,2.593,2.66191
0.0948037,-0.595528,2.593,2.6622
0.102464,-0.591164,2.574,2.643
0.110818,-0.591164,2.574,2.64334
0.119173,-0.591164,2.574,2.6437
0.126586,-0.586801,2.555,2.62457
0.134879,-0.586801,2.555,2.62499
0.143172,-0.586801,2.555,2.62543
0.150338,-0.582437,2.536,2.60636
0.15857,-0.582437,2.536,2.60685
0.166801,-0.582437,2.536,2.60736
0.175032,-0.582437,2.536,2.6079
0.183263,-0.582437,2.536,2.60847
0.191494,-0.582437,2.536,2.60906
0.199726,-0.582437,2.536,2.60968
0.207957,-0.582437,2.536,2.61032
0.217808,-0.586801,2.555,2.63055
0.226101,-0.586801,2.555,2.63125
0.234394,-0.586801,2.555,2.63198
0.242687,-0.586801,2.555,2.63273
0.250979,-0.586801,2.555,2.63351
0.259272,-0.586801,2.555,2.63431
0.269555,-0.591164,2.574,2.65473
0.27791,-0.591164,2.574,2.6556
0.286264,-0.591164,2.574,2.65648
0.294619,-0.591164,2.574,2.6574
0.302973,-0.591164,2.574,2.65833
0.311328,-0.591164,2.574,2.6593
0.319682,-0.591164,2.574,2.66029
0.328037,-0.591164,2.574,2.66131
0.336391,-0.591164,2.574,2.66235
0.344746,-0.591164,2.574,2.66342
0.353101,-0.591164,2.574,2.66451
0.361455,-0.591164,2.574,2.66563
0.36981,-0.591164,2.574,2.66678
0.378164,-0.591164,2.574,2.66795
0.386519,-0.591164,2.574,2.66915
0.394873,-0.591164,2.574,2.67037
0.403228,-0.591164,2.574,2.67162
0.411583,-0.591164,2.574,2.67289
0.419937,-0.591164,2.574,2.67419
0.428292,-0.591164,2.574,2.67552
0.436646,-0.591164,2.574,2.67687
0.445001,-0.591164,2.574,2.67824
0.453355,-0.591164,2.574,2.67964
0.46171,-0.591164,2.574,2.68107
0.470064,-0.591164,2.574,2.68252
0.478419,-0.591164,2.574,2.684
0.486774,-0.591164,2.574,2.6855
0.498783,-0.595528,2.593,2.70686
0.507199,-0.595528,2.593,2.70842
0.515615,-0.595528,2.593,2.71001
0.524032,-0.595528,2.593,2.71163
0.532448,-0.595528,2.593,2.71326
0.540864,-0.595528,2.593,2.71493
0.54928,-0.595528,2.593,2.71662
0.557697,-0.595528,2.593,2.71833
0.566113,-0.595528,2.593,2.72007
0.574529,-0.595528,2.593,2.72184
0.582945,-0.595528,2.593,2.72362
0.591362,-0.595528,2.593,2.72544
0.599778,-0.595528,2.593,2.72728
0.608194,-0.595528,2.593,2.72914
0.61661,-0.595528,2.593,2.73103
0.625027,-0.595528,2.593,2.73294
0.633443,-0.595528,2.593,2.73488
0.641859,-0.595528,2.593,2.73684
0.650275,-0.595528,2.593,2.73882
0.658691,-0.595528,2.593,2.74084
0.667108,-0.595528,2.593,2.74287
0.675524,-0.595528,2.593,2.74493
0.68394,-0.595528,2.593,2.74701
0.692356,-0.595528,2.593,2.74912
0.700773,-0.595528,2.593,2.75125
0.709189,-0.595528,2.593,2.75341
0.72314,-0.600121,2.613,2.77684
0.731621,-0.600121,2.613,2.77906
0.740102,-0.600121,2.613,2.78131
0.748583,-0.600121,2.613,2.78358
0.757065,-0.600121,2.613,2.78587
0.765546,-0.600121,2.613,2.78818
0.774027,-0.600121,2.613,2.79053
0.782508,-0.600121,2.613,2.79289
0.790989,-0.600121,2.613,2.79528
0.79947,-0.600121,2.613,2.79769
0.807952,-0.600121,2.613,2.80013
0.822682,-0.604715,2.633,2.82404
0.831228,-0.604715,2.633,2.82654
0.839774,-0.604715,2.633,2.82906
0.84832,-0.604715,2.633,2.83161
0.856866,-0.604715,2.633,2.83418
0.865412,-0.604715,2.633,2.83678
0.880928,-0.609538,2.654,2.86204
0.889543,-0.609538,2.654,2.86471
0.898157,-0.609538,2.654,2.86739
0.906771,-0.609538,2.654,2.8701
0.908142,-0.604715,2.633,2.8501
0.916688,-0.604715,2.633,2.85284
0.925234,-0.604715,2.633,2.8556
0.93378,-0.604715,2.633,2.85838
0.942327,-0.604715,2.633,2.86118
0.94365,-0.600121,2.613,2.84225
0.952131,-0.600121,2.613,2.84508
0.960612,-0.600121,2.613,2.84793
0.969093,-0.600121,2.613,2.8508
nan,nan,nan,NaN
nan,nan,nan,NaN
nan,nan,nan,NaN
nan,nan,nan,NaN
nan,nan,nan,NaN
nan,nan,nan,NaN
nan,nan,nan,NaN
nan,nan,nan,NaN
nan,nan,nan,NaN
nan,nan,nan,NaN
nan,nan,nan,NaN
nan,nan,nan,NaN
nan,nan,nan,NaN
nan,nan,nan,NaN
nan,nan,nan,NaN
nan,nan,nan,NaN
nan,nan,nan,NaN
nan,nan,nan,NaN
nan,nan,nan,NaN
nan,nan,nan,NaN
nan,nan,nan,NaN
nan,nan,nan,NaN
nan,nan,nan,NaN
nan,nan,nan,NaN
nan,nan,nan,NaN
nan,nan,nan,NaN
nan,nan,nan,NaN
nan,nan,nan,NaN
nan,nan,nan,NaN
nan,nan,nan,NaN
nan,nan,nan,NaN
nan,nan,nan,NaN
nan,nan,nan,NaN
nan,nan,nan,NaN
nan,nan,nan,NaN
nan,nan,nan,NaN
nan,nan,nan,NaN
nan,nan,nan,NaN
nan,nan,nan,NaN
nan,nan,nan,NaN
nan,nan,nan,NaN
nan,nan,nan,NaN
nan,nan,nan,NaN
nan,nan,nan,NaN
nan,nan,nan,NaN
nan,nan,nan,NaN
nan,nan,nan,NaN
nan,nan,nan,NaN
nan,nan,nan,NaN
nan,nan,nan,NaN
nan,nan,nan,NaN
2.00805,-0.854593,3.721,4.31375
2.02013,-0.854593,3.721,4.31938
2.0322,-0.854593,3.721,4.32505
2.02231,-0.845406,3.681,4.28418
2.03425,-0.845406,3.681,4.28983
2.02452,-0.836449,3.642,4.25
2.03634,-0.836449,3.642,4.25564
2.02679,-0.827722,3.604,4.21685
2.017,-0.818994,3.566,4.17796
2.02857,-0.818994,3.566,4.18356
2.04015,-0.818994,3.566,4.18919
2.03043,-0.810497,3.529,4.15131
2.04189,-0.810497,3.529,4.15693
2.03239,-0.802229,3.493,4.1201
2.04373,-0.802229,3.493,4.12571
2.05507,-0.802229,3.493,4.13133
2.0457,-0.79419,3.458,4.09553
2.03611,-0.786152,3.423,4.05964
2.04722,-0.786152,3.423,4.06523
2.03788,-0.778343,3.389,4.0304
2.02893,-0.770764,3.356,3.99667
2.02037,-0.763415,3.324,3.96405
2.03116,-0.763415,3.324,3.96956
2.00264,-0.748716,3.26,3.89855
1.99469,-0.741826,3.23,3.86807
2.00517,-0.741826,3.23,3.87349
1.97821,-0.728046,3.17,3.80687
1.95212,-0.714725,3.112,3.74248
1.96222,-0.714725,3.112,3.74776
1.93746,-0.702094,3.057,3.68673
1.91299,-0.689692,3.003,3.62673
1.92273,-0.689692,3.003,3.63189
1.91575,-0.68372,2.977,3.60557
1.89243,-0.672007,2.926,3.54885
1.90192,-0.672007,2.926,3.55393
1.86373,-0.655241,2.853,3.47022
1.84214,-0.644447,2.806,3.41796
1.85125,-0.644447,2.806,3.42287
1.81593,-0.629059,2.739,3.34596
1.81017,-0.624007,2.717,3.32388
1.81899,-0.624007,2.717,3.32869
1.79955,-0.614361,2.675,3.28199
1.79404,-0.609538,2.654,3.26095
1.78839,-0.604715,2.633,3.23986
-2.55363,-0.833462,3.681,4.55691
-2.54168,-0.833462,3.681,4.55023
-2.50293,-0.824632,3.642,4.49543
-2.46512,-0.816027,3.604,4.44202
-2.45342,-0.816027,3.604,4.43554
-2.44172,-0.816027,3.604,4.42908
-2.4044,-0.807423,3.566,4.37601
-2.39283,-0.807423,3.566,4.36966
-2.38126,-0.807423,3.566,4.36333
-2.34509,-0.799046,3.529,4.31182
-2.30983,-0.790895,3.493,4.26168
-2.2985,-0.790895,3.493,4.25554
-2.28716,-0.790895,3.493,4.24943
-2.27582,-0.790895,3.493,4.24334
-2.26448,-0.790895,3.493,4.23727
-2.23057,-0.78297,3.458,4.18882
-2.21935,-0.78297,3.458,4.18286
-2.20812,-0.78297,3.458,4.17691
-2.1969,-0.78297,3.458,4.17099
-2.18568,-0.78297,3.458,4.16509
-2.17445,-0.78297,3.458,4.15921
-2.16323,-0.78297,3.458,4.15336
-2.152,-0.78297,3.458,4.14752
-2.11911,-0.775045,3.423,4.09979
-2.108,-0.775045,3.423,4.09406
-2.09689,-0.775045,3.423,4.08835
-2.08578,-0.775045,3.423,4.08266
-2.07467,-0.775045,3.423,4.07699
-2.06356,-0.775045,3.423,4.07135
-2.05245,-0.775045,3.423,4.06573
nan,nan,nan,NaN
nan,nan,nan,NaN
nan,nan,nan,NaN
nan,nan,nan,NaN
nan,nan,nan,NaN
nan,nan,nan,NaN
nan,nan,nan,NaN
nan,nan,nan,NaN
nan,nan,nan,NaN
nan,nan,nan,NaN
nan,nan,nan,NaN
nan,nan,nan,NaN
nan,nan,nan,NaN
nan,nan,nan,NaN
nan,nan,nan,NaN
nan,nan,nan,NaN
nan,nan,nan,NaN
nan,nan,nan,NaN
nan,nan,nan,NaN
nan,nan,nan,NaN
nan,nan,nan,NaN
nan,nan,nan,NaN
nan,nan,nan,NaN
nan,nan,nan,NaN
nan,nan,nan,NaN
nan,nan,nan,NaN
nan,nan,nan,NaN
nan,nan,nan,NaN
nan,nan,nan,NaN
nan,nan,nan,NaN
nan,nan,nan,NaN
nan,nan,nan,NaN
nan,nan,nan,NaN
nan,nan,nan,NaN
nan,nan,nan,NaN
nan,nan,nan,NaN
nan,nan,nan,NaN
nan,nan,nan,NaN
nan,nan,nan,NaN
nan,nan,nan,NaN
nan,nan,nan,NaN
nan,nan,nan,NaN
nan,nan,nan,NaN
nan,nan,nan,NaN
nan,nan,nan,NaN
nan,nan,nan,NaN
nan,nan,nan,NaN
nan,nan,nan,NaN
nan,nan,nan,NaN
nan,nan,nan,NaN
nan,nan,nan,NaN
nan,nan,nan,NaN
nan,nan,nan,NaN
nan,nan,nan,NaN
nan,nan,nan,NaN
nan,nan,nan,NaN
nan,nan,nan,NaN
-1.10037,-0.605681,2.675,2.95521
-1.09169,-0.605681,2.675,2.95199
-1.083,-0.605681,2.675,2.94879
-1.07432,-0.605681,2.675,2.94561
-1.06564,-0.605681,2.675,2.94246
-1.04866,-0.600926,2.654,2.91625
-1.04004,-0.600926,2.654,2.91316
-1.02327,-0.596171,2.633,2.88707
-1.01472,-0.596171,2.633,2.88405
-1.00618,-0.596171,2.633,2.88106
-0.982474,-0.587114,2.593,2.83436
-0.974058,-0.587114,2.593,2.83146
-0.965642,-0.587114,2.593,2.82857
-0.957226,-0.587114,2.593,2.82571
-0.934905,-0.57851,2.555,2.7815
-0.926612,-0.57851,2.555,2.77872
-0.918319,-0.57851,2.555,2.77597
-0.910026,-0.57851,2.555,2.77324
-0.901733,-0.57851,2.555,2.77053
-0.89344,-0.57851,2.555,2.76784
-0.885147,-0.57851,2.555,2.76517
-0.876854,-0.57851,2.555,2.76253
-0.868562,-0.57851,2.555,2.75991
-0.853871,-0.574208,2.536,2.73681
-0.84564,-0.574208,2.536,2.73425
-0.837409,-0.574208,2.536,2.73171
-0.829178,-0.574208,2.536,2.7292
-0.820946,-0.574208,2.536,2.72671
-0.806626,-0.569906,2.517,2.70384
-0.798457,-0.569906,2.517,2.70141
-0.790287,-0.569906,2.517,2.69901
-0.782118,-0.569906,2.517,2.69663
-0.77979,-0.574208,2.536,2.71461
-0.771559,-0.574208,2.536,2.71225
-0.763328,-0.574208,2.536,2.70992
-0.760754,-0.57851,2.555,2.7279
-0.752461,-0.57851,2.555,2.7256
-0.744168,-0.57851,2.555,2.72332
-0.735875,-0.57851,2.555,2.72107
-0.732993,-0.582812,2.574,2.73906
-0.724638,-0.582812,2.574,2.73683
-0.721571,-0.587114,2.593,2.75482
-0.713155,-0.587114,2.593,2.75262
-0.704738,-0.587114,2.593,2.75046
-0.696322,-0.587114,2.593,2.74831
-0.693212,-0.591643,2.613,2.76737
-0.684731,-0.591643,2.613,2.76526
-0.67625,-0.591643,2.613,2.76317
-0.662657,-0.587114,2.593,2.73998
-0.654241,-0.587114,2.593,2.73795
-0.645825,-0.587114,2.593,2.73595
-0.632738,-0.582812,2.574,2.71395
-0.624384,-0.582812,2.574,2.71201
-0.616029,-0.582812,2.574,2.7101
-0.607674,-0.582812,2.574,2.70821
-0.59932,-0.582812,2.574,2.70635
-0.586603,-0.57851,2.555,2.68455
-0.57831,-0.57851,2.555,2.68275
-0.570017,-0.57851,2.555,2.68097
-0.557547,-0.574208,2.536,2.6593
-0.5452,-0.569906,2.517,2.63767
-0.537031,-0.569906,2.517,2.636
-0.528861,-0.569906,2.517,2.63435
-0.520692,-0.569906,2.517,2.63272
-0.512522,-0.569906,2.517,2.63111
-0.504353,-0.569906,2.517,2.62953
-0.492635,-0.56583,2.499,2.60919
-0.484524,-0.56583,2.499,2.60767
-0.476412,-0.56583,2.499,2.60617
-0.468301,-0.56583,2.499,2.6047
-0.46019,-0.56583,2.499,2.60326
-0.455335,-0.569906,2.517,2.62057
-0.447166,-0.569906,2.517,2.61917
-0.438996,-0.569906,2.517,2.61779
-0.430827,-0.569906,2.517,2.61643
-0.425848,-0.574208,2.536,2.63484
-0.417616,-0.574208,2.536,2.63352
-0.409385,-0.574208,2.536,2.63222
-0.401154,-0.574208,2.536,2.63096
-0.392923,-0.574208,2.536,2.62971
-0.384691,-0.574208,2.536,2.6285
-0.37646,-0.574208,2.536,2.62731
-0.368229,-0.574208,2.536,2.62614
-0.362695,-0.57851,2.555,2.64466
-0.357037,-0.582812,2.574,2.6632
-0.348683,-0.582812,2.574,2.66209
-0.340328,-0.582812,2.574,2.66101
-0.334424,-0.587114,2.593,2.67959
-0.326008,-0.587114,2.593,2.67855
-0.317592,-0.587114,2.593,2.67754
-0.31156,-0.591643,2.613,2.6972
-0.303079,-0.591643,2.613,2.69623
-0.294598,-0.591643,2.613,2.69529
-0.288307,-0.596171,2.633,2.715
-0.281992,-0.600926,2.654,2.73575
-0.273378,-0.600926,2.654,2.73488
-0.264763,-0.600926,2.654,2.73403
-0.256149,-0.600926,2.654,2.73321
-0.247535,-0.600926,2.654,2.73242
-0.238921,-0.600926,2.654,2.73165
-0.230307,-0.600926,2.654,2.73091
-0.221692,-0.600926,2.654,2.7302
-0.211392,-0.596171,2.633,2.70791
-0.202846,-0.596171,2.633,2.70726
-0.1943,-0.596171,2.633,2.70663
-0.185754,-0.596171,2.633,2.70603
-0.177208,-0.596171,2.633,2.70546
-0.168662,-0.596171,2.633,2.70491
-0.160116,-0.596171,2.633,2.70439
-0.15157,-0.596171,2.633,2.7039
-0.141937,-0.591643,2.613,2.6829
-0.133456,-0.591643,2.613,2.68247
-0.124975,-0.591643,2.613,2.68206
-0.116494,-0.591643,2.613,2.68168
-0.108013,-0.591643,2.613,2.68132
-0.0995315,-0.591643,2.613,2.68099
-0.0910503,-0.591643,2.613,2.68069
-0.0825692,-0.591643,2.613,2.68042
-0.074088,-0.591643,2.613,2.68017
-0.0656069,-0.591643,2.613,2.67995
-0.0571257,-0.591643,2.613,2.67975
-0.0486446,-0.591643,2.613,2.67959
-0.0401634,-0.591643,2.613,2.67944
-0.0316823,-0.591643,2.613,2.67933
-0.0233787,-0.596171,2.633,2.69975
-0.0148326,-0.596171,2.633,2.69969
-0.00628658,-0.596171,2.633,2.69966
0.00225949,-0.596171,2.633,2.69965
0.0108056,-0.596171,2.633,2.69967
0.0193516,-0.596171,2.633,2.69972
0.0278977,-0.596171,2.633,2.69979
0.0364437,-0.596171,2.633,2.6999
0.0449898,-0.596171,2.633,2.70002
0.0535359,-0.596171,2.633,2.70018
0.0620819,-0.596171,2.633,2.70036
0.0700915,-0.591643,2.613,2.68006
0.0779713,-0.587114,2.593,2.65978
0.0863875,-0.587114,2.593,2.66004
0.0941091,-0.582812,2.574,2.64083
0.102464,-0.582812,2.574,2.64114
0.11,-0.57851,2.555,2.62198
0.118293,-0.57851,2.555,2.62234
0.126586,-0.57851,2.555,2.62273
0.134879,-0.57851,2.555,2.62315
0.143172,-0.57851,2.555,2.62358
0.150338,-0.574208,2.536,2.60454
0.15857,-0.574208,2.536,2.60503
0.166801,-0.574208,2.536,2.60554
0.175032,-0.574208,2.536,2.60608
0.183263,-0.574208,2.536,2.60664
0.191494,-0.574208,2.536,2.60724
0.199726,-0.574208,2.536,2.60785
0.207957,-0.574208,2.536,2.6085
0.217808,-0.57851,2.555,2.62871
0.226101,-0.57851,2.555,2.62941
0.234394,-0.57851,2.555,2.63014
0.242687,-0.57851,2.555,2.63089
0.250979,-0.57851,2.555,2.63167
0.259272,-0.57851,2.555,2.63247
0.267565,-0.57851,2.555,2.6333
0.27791,-0.582812,2.574,2.65375
0.286264,-0.582812,2.574,2.65464
0.294619,-0.582812,2.574,2.65555
0.302973,-0.582812,2.574,2.65649
0.311328,-0.582812,2.574,2.65746
0.319682,-0.582812,2.574,2.65845
0.328037,-0.582812,2.574,2.65947
0.336391,-0.582812,2.574,2.66051
0.344746,-0.582812,2.574,2.66158
0.353101,-0.582812,2.574,2.66267
0.361455,-0.582812,2.574,2.66379
0.36981,-0.582812,2.574,2.66494
0.378164,-0.582812,2.574,2.66611
0.386519,-0.582812,2.574,2.66731
0.394873,-0.582812,2.574,2.66853
0.403228,-0.582812,2.574,2.66978
0.411583,-0.582812,2.574,2.67106
0.419937,-0.582812,2.574,2.67236
0.428292,-0.582812,2.574,2.67368
0.436646,-0.582812,2.574,2.67503
0.445001,-0.582812,2.574,2.67641
0.453355,-0.582812,2.574,2.67781
0.46171,-0.582812,2.574,2.67924
0.470064,-0.582812,2.574,2.68069
0.478419,-0.582812,2.574,2.68217
0.486774,-0.582812,2.574,2.68367
0.495128,-0.582812,2.574,2.6852
0.503483,-0.582812,2.574,2.68675
0.511837,-0.582812,2.574,2.68833
0.520192,-0.582812,2.574,2.68993
0.528546,-0.582812,2.574,2.69156
0.536901,-0.582812,2.574,2.69322
0.54928,-0.587114,2.593,2.71479
0.557697,-0.587114,2.593,2.7165
0.566113,-0.587114,2.593,2.71824
0.574529,-0.587114,2.593,2.72001
0.582945,-0.587114,2.593,2.7218
0.591362,-0.587114,2.593,2.72361
0.599778,-0.587114,2.593,2.72545
0.608194,-0.587114,2.593,2.72732
0.61661,-0.587114,2.593,2.72921
0.625027,-0.587114,2.593,2.73112
0.633443,-0.587114,2.593,2.73306
0.641859,-0.587114,2.593,2.73502
0.650275,-0.587114,2.593,2.73701
0.658691,-0.587114,2.593,2.73902
0.667108,-0.587114,2.593,2.74106
0.675524,-0.587114,2.593,2.74312
0.68394,-0.587114,2.593,2.7452
0.692356,-0.587114,2.593,2.74731
0.700773,-0.587114,2.593,2.74944
0.709189,-0.587114,2.593,2.7516
0.72314,-0.591643,2.613,2.77502
0.731621,-0.591643,2.613,2.77724
0.740102,-0.591643,2.613,2.77949
0.748583,-0.591643,2.613,2.78176
0.757065,-0.591643,2.613,2.78405
0.765546,-0.591643,2.613,2.78637
0.774027,-0.591643,2.613,2.78871
0.782508,-0.591643,2.613,2.79108
0.790989,-0.591643,2.613,2.79347
0.79947,-0.591643,2.613,2.79588
0.807952,-0.591643,2.613,2.79832
0.822682,-0.596171,2.633,2.82222
0.831228,-0.596171,2.633,2.82472
0.839774,-0.596171,2.633,2.82725
0.84832,-0.596171,2.633,2.8298
0.856866,-0.596171,2.633,2.83237
0.865412,-0.596171,2.633,2.83497
0.880928,-0.600926,2.654,2.86022
0.889543,-0.600926,2.654,2.86289
0.898157,-0.600926,2.654,2.86557
0.906771,-0.600926,2.654,2.86829
0.908142,-0.596171,2.633,2.8483
0.916688,-0.596171,2.633,2.85104
0.925234,-0.596171,2.633,2.8538
0.93378,-0.596171,2.633,2.85658
0.942327,-0.596171,2.633,2.85939
0.94365,-0.591643,2.613,2.84047
0.952131,-0.591643,2.613,2.8433
0.960612,-0.591643,2.613,2.84615
0.969093,-0.591643,2.613,2.84903
nan,nan,nan,NaN
nan,nan,nan,NaN
nan,nan,nan,NaN
nan,nan,nan,NaN
nan,nan,nan,NaN
nan,nan,nan,NaN
nan,nan,nan,NaN
nan,nan,nan,NaN
nan,nan,nan,NaN
nan,nan,nan,NaN
nan,nan,nan,NaN
nan,nan,nan,NaN
nan,nan,nan,NaN
nan,nan,nan,NaN
nan,nan,nan,NaN
nan,nan,nan,NaN
nan,nan,nan,NaN
nan,nan,nan,NaN
nan,nan,nan,NaN
nan,nan,nan,NaN
nan,nan,nan,NaN
nan,nan,nan,NaN
nan,nan,nan,NaN
nan,nan,nan,NaN
nan,nan,nan,NaN
nan,nan,nan,NaN
nan,nan,nan,NaN
nan,nan,nan,NaN
nan,nan,nan,NaN
nan,nan,nan,NaN
nan,nan,nan,NaN
nan,nan,nan,NaN
nan,nan,nan,NaN
nan,nan,nan,NaN
nan,nan,nan,NaN
nan,nan,nan,NaN
nan,nan,nan,NaN
nan,nan,nan,NaN
nan,nan,nan,NaN
nan,nan,nan,NaN
nan,nan,nan,NaN
nan,nan,nan,NaN
nan,nan,nan,NaN
nan,nan,nan,NaN
nan,nan,nan,NaN
nan,nan,nan,NaN
nan,nan,nan,NaN
nan,nan,nan,NaN
nan,nan,nan,NaN
nan,nan,nan,NaN
nan,nan,nan,NaN
2.00805,-0.842519,3.721,4.31137
2.02013,-0.842519,3.721,4.31701
2.0322,-0.842519,3.721,4.32268
2.02231,-0.833462,3.681,4.28184
2.0127,-0.824632,3.642,4.24207
2.02452,-0.824632,3.642,4.24769
2.03634,-0.824632,3.642,4.25334
2.02679,-0.816027,3.604,4.21457
2.017,-0.807423,3.566,4.17571
2.02857,-0.807423,3.566,4.18131
2.04015,-0.807423,3.566,4.18694
2.03043,-0.799046,3.529,4.14909
2.04189,-0.799046,3.529,4.15471
2.03239,-0.790895,3.493,4.11791
2.04373,-0.790895,3.493,4.12352
2.05507,-0.790895,3.493,4.12915
2.0457,-0.78297,3.458,4.09337
2.03611,-0.775045,3.423,4.05751
2.04722,-0.775045,3.423,4.06309
2.03788,-0.767347,3.389,4.02829
2.02893,-0.759875,3.356,3.99458
2.02037,-0.752629,3.324,3.96199
2.03116,-0.752629,3.324,3.9675
2.00264,-0.738138,3.26,3.89654
1.99469,-0.731345,3.23,3.86608
2.00517,-0.731345,3.23,3.8715
1.97821,-0.71776,3.17,3.80492
1.95212,-0.704627,3.112,3.74056
1.96222,-0.704627,3.112,3.74585
1.93746,-0.692174,3.057,3.68485
1.91299,-0.679947,3.003,3.62489
1.92273,-0.679947,3.003,3.63005
1.91575,-0.67406,2.977,3.60375
1.89243,-0.662513,2.926,3.54707
1.90192,-0.662513,2.926,3.55214
1.87941,-0.651418,2.877,3.49767
1.84214,-0.635342,2.806,3.41625
1.85125,-0.635342,2.806,3.42117
1.83052,-0.625153,2.761,3.37116
1.81017,-0.615191,2.717,3.32224
1.81899,-0.615191,2.717,3.32705
1.81368,-0.610436,2.696,3.30613
1.79404,-0.600926,2.654,3.25935
1.78839,-0.596171,2.633,3.23828
-2.55363,-0.821518,3.681,4.55474
-2.54168,-0.821518,3.681,4.54806
-2.52974,-0.821518,3.681,4.54139
-2.49111,-0.812814,3.642,4.4867
-2.47929,-0.812814,3.642,4.48015
-2.44172,-0.804333,3.604,4.42694
-2.4044,-0.795852,3.566,4.37389
-2.39283,-0.795852,3.566,4.36754
-2.38126,-0.795852,3.566,4.36121
-2.34509,-0.787595,3.529,4.30971
-2.33364,-0.787595,3.529,4.30349
-2.32219,-0.787595,3.529,4.29729
-2.31073,-0.787595,3.529,4.29111
-2.27582,-0.77956,3.493,4.24124
-2.26448,-0.77956,3.493,4.23517
-2.23057,-0.771749,3.458,4.18674
-2.21935,-0.771749,3.458,4.18077
-2.20812,-0.771749,3.458,4.17483
-2.1969,-0.771749,3.458,4.1689
-2.18568,-0.771749,3.458,4.163
-2.17445,-0.771749,3.458,4.15711
-2.16323,-0.771749,3.458,4.15126
-2.152,-0.771749,3.458,4.14542
-2.11911,-0.763938,3.423,4.0977
-2.108,-0.763938,3.423,4.09197
-2.09689,-0.763938,3.423,4.08626
-2.08578,-0.763938,3.423,4.08057
-2.07467,-0.763938,3.423,4.0749
-2.06356,-0.763938,3.423,4.06925
-2.05245,-0.763938,3.423,4.06363
nan,nan,nan,NaN
nan,nan,nan,NaN
nan,nan,nan,NaN
nan,nan,nan,NaN
nan,nan,nan,NaN
nan,nan,nan,NaN
nan,nan,nan,NaN
nan,nan,nan,NaN
nan,nan,nan,NaN
nan,nan,nan,NaN
nan,nan,nan,NaN
nan,nan,nan,NaN
nan,nan,nan,NaN
nan,nan,nan,NaN
nan,nan,nan,NaN
nan,nan,nan,NaN
nan,nan,nan,NaN
nan,nan,nan,NaN
nan,nan,nan,NaN
nan,nan,nan,NaN
nan,nan,nan,NaN
nan,nan,nan,NaN
nan,nan,nan,NaN
nan,nan,nan,NaN
nan,nan,nan,NaN
nan,nan,nan,NaN
nan,nan,nan,NaN
nan,nan,nan,NaN
nan,nan,nan,NaN
nan,nan,nan,NaN
nan,nan,nan,NaN
nan,nan,nan,NaN
nan,nan,nan,NaN
nan,nan,nan,NaN
nan,nan,nan,NaN
nan,nan,nan,NaN
nan,nan,nan,NaN
nan,nan,nan,NaN
nan,nan,nan,NaN
nan,nan,nan,NaN
nan,nan,nan,NaN
nan,nan,nan,NaN
nan,nan,nan,NaN
nan,nan,nan,NaN
nan,nan,nan,NaN
nan,nan,nan,NaN
nan,nan,nan,NaN
nan,nan,nan,NaN
nan,nan,nan,NaN
nan,nan,nan,NaN
nan,nan,nan,NaN
nan,nan,nan,NaN
nan,nan,nan,NaN
nan,nan,nan,NaN
nan,nan,nan,NaN
nan,nan,nan,NaN
nan,nan,nan,NaN
-1.10037,-0.597001,2.675,2.95345
-1.08311,-0.592314,2.654,2.92706
-1.0745,-0.592314,2.654,2.92389
-1.06589,-0.592314,2.654,2.92073
-1.05727,-0.592314,2.654,2.9176
-1.04866,-0.592314,2.654,2.91449
-1.04004,-0.592314,2.654,2.9114
-1.02327,-0.587627,2.633,2.88532
-1.00701,-0.583164,2.613,2.86041
-0.998533,-0.583164,2.613,2.85743
-0.975275,-0.57446,2.574,2.81188
-0.966921,-0.57446,2.574,2.80899
-0.958566,-0.57446,2.574,2.80612
-0.950212,-0.57446,2.574,2.80328
-0.934905,-0.570219,2.555,2.77979
-0.926612,-0.570219,2.555,2.77701
-0.918319,-0.570219,2.555,2.77425
-0.910026,-0.570219,2.555,2.77152
-0.901733,-0.570219,2.555,2.76881
-0.89344,-0.570219,2.555,2.76612
-0.878565,-0.565979,2.536,2.7429
-0.870334,-0.565979,2.536,2.74028
-0.862103,-0.565979,2.536,2.73767
-0.853871,-0.565979,2.536,2.73509
-0.839304,-0.561739,2.517,2.71206
-0.831135,-0.561739,2.517,2.70954
-0.822965,-0.561739,2.517,2.70705
-0.814796,-0.561739,2.517,2.70458
-0.806626,-0.561739,2.517,2.70213
-0.798457,-0.561739,2.517,2.6997
-0.790287,-0.561739,2.517,2.69729
-0.782118,-0.561739,2.517,2.69491
-0.773948,-0.561739,2.517,2.69255
-0.765778,-0.561739,2.517,2.69022
-0.763328,-0.565979,2.536,2.70819
-0.755097,-0.565979,2.536,2.70588
-0.746865,-0.565979,2.536,2.7036
-0.744168,-0.570219,2.555,2.72157
-0.735875,-0.570219,2.555,2.71932
-0.732993,-0.57446,2.574,2.73729
-0.724638,-0.57446,2.574,2.73507
-0.716284,-0.57446,2.574,2.73286
-0.713155,-0.5787,2.593,2.75084
-0.704738,-0.5787,2.593,2.74867
-0.696322,-0.5787,2.593,2.74653
-0.687906,-0.5787,2.593,2.74441
-0.67949,-0.5787,2.593,2.74231
-0.67625,-0.583164,2.613,2.76137
-0.662657,-0.5787,2.593,2.73819
-0.654241,-0.5787,2.593,2.73616
-0.641093,-0.57446,2.574,2.71413
-0.632738,-0.57446,2.574,2.71216
-0.624384,-0.57446,2.574,2.71023
-0.616029,-0.57446,2.574,2.70832
-0.607674,-0.57446,2.574,2.70643
-0.59932,-0.57446,2.574,2.70456
-0.586603,-0.570219,2.555,2.68277
-0.57831,-0.570219,2.555,2.68097
-0.570017,-0.570219,2.555,2.6792
-0.557547,-0.565979,2.536,2.65753
-0.5452,-0.561739,2.517,2.63592
-0.537031,-0.561739,2.517,2.63424
-0.528861,-0.561739,2.517,2.63259
-0.520692,-0.561739,2.517,2.63096
-0.512522,-0.561739,2.517,2.62936
-0.504353,-0.561739,2.517,2.62778
-0.492635,-0.557721,2.499,2.60744
-0.484524,-0.557721,2.499,2.60592
-0.476412,-0.557721,2.499,2.60442
-0.468301,-0.557721,2.499,2.60295
-0.46019,-0.557721,2.499,2.60151
-0.455335,-0.561739,2.517,2.61881
-0.447166,-0.561739,2.517,2.6174
-0.438996,-0.561739,2.517,2.61602
-0.430827,-0.561739,2.517,2.61466
-0.425848,-0.565979,2.536,2.63305
-0.417616,-0.565979,2.536,2.63174
-0.409385,-0.565979,2.536,2.63044
-0.401154,-0.565979,2.536,2.62917
-0.392923,-0.565979,2.536,2.62793
-0.384691,-0.565979,2.536,2.62671
-0.37646,-0.565979,2.536,2.62552
-0.368229,-0.565979,2.536,2.62435
-0.362695,-0.570219,2.555,2.64286
-0.357037,-0.57446,2.574,2.66138
-0.348683,-0.57446,2.574,2.66027
-0.340328,-0.57446,2.574,2.65919
-0.334424,-0.5787,2.593,2.67776
-0.326008,-0.5787,2.593,2.67672
-0.317592,-0.5787,2.593,2.67571
-0.31156,-0.583164,2.613,2.69535
-0.303079,-0.583164,2.613,2.69438
-0.294598,-0.583164,2.613,2.69344
-0.288307,-0.587627,2.633,2.71314
-0.279761,-0.587627,2.633,2.71224
-0.271215,-0.587627,2.633,2.71137
-0.262669,-0.587627,2.633,2.71053
-0.254122,-0.587627,2.633,2.70972
-0.245576,-0.587627,2.633,2.70893
-0.23703,-0.587627,2.633,2.70817
-0.230307,-0.592314,2.654,2.72903
-0.221692,-0.592314,2.654,2.72831
-0.211392,-0.587627,2.633,2.70605
-0.202846,-0.587627,2.633,2.70539
-0.1943,-0.587627,2.633,2.70476
-0.185754,-0.587627,2.633,2.70416
-0.177208,-0.587627,2.633,2.70359
-0.168662,-0.587627,2.633,2.70304
-0.160116,-0.587627,2.633,2.70252
-0.150418,-0.583164,2.613,2.68151
-0.141937,-0.583164,2.613,2.68104
-0.133456,-0.583164,2.613,2.68061
-0.124975,-0.583164,2.613,2.6802
-0.116494,-0.583164,2.613,2.67982
-0.108013,-0.583164,2.613,2.67946
-0.0995315,-0.583164,2.613,2.67913
-0.0910503,-0.583164,2.613,2.67883
-0.0825692,-0.583164,2.613,2.67856
-0.074088,-0.583164,2.613,2.67831
-0.0656069,-0.583164,2.613,2.67809
-0.0571257,-0.583164,2.613,2.67789
-0.0486446,-0.583164,2.613,2.67773
-0.0401634,-0.583164,2.613,2.67759
-0.0316823,-0.583164,2.613,2.67747
-0.0233787,-0.587627,2.633,2.69788
-0.0148326,-0.587627,2.633,2.69782
-0.00628658,-0.587627,2.633,2.69778
0.00225949,-0.587627,2.633,2.69778
0.0108056,-0.587627,2.633,2.6978
0.0193516,-0.587627,2.633,2.69785
0.0278977,-0.587627,2.633,2.69792
0.0364437,-0.587627,2.633,2.69802
0.0449898,-0.587627,2.633,2.69815
0.0535359,-0.587627,2.633,2.69831
0.0620819,-0.587627,2.633,2.69849
0.0700915,-0.583164,2.613,2.6782
0.0779713,-0.5787,2.593,2.65794
0.0863875,-0.5787,2.593,2.6582
0.0941091,-0.57446,2.574,2.639
0.102464,-0.57446,2.574,2.63931
0.11,-0.570219,2.555,2.62017
0.118293,-0.570219,2.555,2.62053
0.126586,-0.570219,2.555,2.62092
0.134879,-0.570219,2.555,2.62133
0.143172,-0.570219,2.555,2.62177
0.150338,-0.565979,2.536,2.60274
0.15857,-0.565979,2.536,2.60322
0.166801,-0.565979,2.536,2.60374
0.175032,-0.565979,2.536,2.60428
0.183263,-0.565979,2.536,2.60484
0.191494,-0.565979,2.536,2.60544
0.199726,-0.565979,2.536,2.60605
0.207957,-0.565979,2.536,2.6067
0.217808,-0.570219,2.555,2.6269
0.226101,-0.570219,2.555,2.6276
0.234394,-0.570219,2.555,2.62833
0.242687,-0.570219,2.555,2.62908
0.250979,-0.570219,2.555,2.62986
0.259272,-0.570219,2.555,2.63066
0.267565,-0.570219,2.555,2.63149
0.27791,-0.57446,2.574,2.65193
0.286264,-0.57446,2.574,2.65282
0.294619,-0.57446,2.574,2.65373
0.302973,-0.57446,2.574,2.65467
0.311328,-0.57446,2.574,2.65564
0.319682,-0.57446,2.574,2.65663
0.328037,-0.57446,2.574,2.65765
0.336391,-0.57446,2.574,2.65869
0.344746,-0.57446,2.574,2.65976
0.353101,-0.57446,2.574,2.66086
0.361455,-0.57446,2.574,2.66198
0.36981,-0.57446,2.574,2.66313
0.378164,-0.57446,2.574,2.6643
0.389372,-0.5787,2.593,2.68517
0.397788,-0.5787,2.593,2.68641
0.403228,-0.57446,2.574,2.66797
0.411583,-0.57446,2.574,2.66925
0.419937,-0.57446,2.574,2.67055
0.428292,-0.57446,2.574,2.67187
0.436646,-0.57446,2.574,2.67323
0.445001,-0.57446,2.574,2.6746
0.453355,-0.57446,2.574,2.67601
0.46171,-0.57446,2.574,2.67743
0.470064,-0.57446,2.574,2.67889
0.478419,-0.57446,2.574,2.68037
0.486774,-0.57446,2.574,2.68187
0.495128,-0.57446,2.574,2.6834
0.503483,-0.57446,2.574,2.68495
0.511837,-0.57446,2.574,2.68653
0.520192,-0.57446,2.574,2.68814
0.528546,-0.57446,2.574,2.68977
0.536901,-0.57446,2.574,2.69142
0.545256,-0.57446,2.574,2.6931
0.557697,-0.5787,2.593,2.71469
0.566113,-0.5787,2.593,2.71644
0.574529,-0.5787,2.593,2.7182
0.582945,-0.5787,2.593,2.71999
0.591362,-0.5787,2.593,2.72181
0.595383,-0.57446,2.574,2.70369
0.603738,-0.57446,2.574,2.70555
0.612092,-0.57446,2.574,2.70742
0.620447,-0.57446,2.574,2.70932
0.628801,-0.57446,2.574,2.71125
0.641859,-0.5787,2.593,2.73323
0.650275,-0.5787,2.593,2.73522
0.658691,-0.5787,2.593,2.73723
0.667108,-0.5787,2.593,2.73927
0.675524,-0.5787,2.593,2.74133
0.678929,-0.57446,2.574,2.72331
0.687283,-0.57446,2.574,2.72541
0.695638,-0.57446,2.574,2.72752
0.703992,-0.57446,2.574,2.72967
0.712347,-0.57446,2.574,2.73183
0.720701,-0.57446,2.574,2.73402
0.729056,-0.57446,2.574,2.73624
0.742854,-0.5787,2.593,2.75869
0.75127,-0.5787,2.593,2.76097
0.759686,-0.5787,2.593,2.76327
0.768102,-0.5787,2.593,2.7656
0.776519,-0.5787,2.593,2.76795
0.784935,-0.5787,2.593,2.77032
0.793351,-0.5787,2.593,2.77272
0.801767,-0.5787,2.593,2.77514
0.810184,-0.5787,2.593,2.77758
0.8186,-0.5787,2.593,2.78004
0.827016,-0.5787,2.593,2.78253
0.835432,-0.5787,2.593,2.78505
0.843849,-0.5787,2.593,2.78758
0.858838,-0.583164,2.613,2.81166
0.86732,-0.583164,2.613,2.81427
0.875801,-0.583164,2.613,2.81689
0.884282,-0.583164,2.613,2.81954
0.892763,-0.583164,2.613,2.82221
0.901244,-0.583164,2.613,2.82491
0.909725,-0.583164,2.613,2.82762
0.918206,-0.583164,2.613,2.83036
0.926688,-0.583164,2.613,2.83313
0.935169,-0.583164,2.613,2.83591
0.94365,-0.583164,2.613,2.83872
0.952131,-0.583164,2.613,2.84155
0.95326,-0.5787,2.593,2.82263
0.961676,-0.5787,2.593,2.82548
nan,nan,nan,NaN
nan,nan,nan,NaN
nan,nan,nan,NaN
nan,nan,nan,NaN
nan,nan,nan,NaN
nan,nan,nan,NaN
nan,nan,nan,NaN
nan,nan,nan,NaN
nan,nan,nan,NaN
nan,nan,nan,NaN
nan,nan,nan,NaN
nan,nan,nan,NaN
nan,nan,nan,NaN
nan,nan,nan,NaN
nan,nan,nan,NaN
nan,nan,nan,NaN
nan,nan,nan,NaN
nan,nan,nan,NaN
nan,nan,nan,NaN
nan,nan,nan,NaN
nan,nan,nan,NaN
nan,nan,nan,NaN
nan,nan,nan,NaN
nan,nan,nan,NaN
nan,nan,nan,NaN
nan,nan,nan,NaN
nan,nan,nan,NaN
nan,nan,nan,NaN
nan,nan,nan,NaN
nan,nan,nan,NaN
nan,nan,nan,NaN
nan,nan,nan,NaN
1.4741,-0.688281,3.084,3.4868
1.48411,-0.688281,3.084,3.49104
1.49412,-0.688281,3.084,3.49531
nan,nan,nan,NaN
nan,nan,nan,NaN
nan,nan,nan,NaN
nan,nan,nan,NaN
nan,nan,nan,NaN
nan,nan,nan,NaN
nan,nan,nan,NaN
nan,nan,nan,NaN
nan,nan,nan,NaN
nan,nan,nan,NaN
nan,nan,nan,NaN
nan,nan,nan,NaN
nan,nan,nan,NaN
nan,nan,nan,NaN
nan,nan,nan,NaN
nan,nan,nan,NaN
2.00805,-0.830445,3.721,4.30903
2.02013,-0.830445,3.721,4.31467
2.0322,-0.830445,3.721,4.32034
2.02231,-0.821518,3.681,4.27953
2.0127,-0.812814,3.642,4.23979
2.02452,-0.812814,3.642,4.24541
2.03634,-0.812814,3.642,4.25106
2.02679,-0.804333,3.604,4.21232
2.03849,-0.804333,3.604,4.21796
2.05019,-0.804333,3.604,4.22363
2.04015,-0.795852,3.566,4.18473
2.03043,-0.787595,3.529,4.1469
2.04189,-0.787595,3.529,4.15252
2.03239,-0.77956,3.493,4.11575
2.04373,-0.77956,3.493,4.12136
2.05507,-0.77956,3.493,4.12699
2.0457,-0.771749,3.458,4.09124
2.03611,-0.763938,3.423,4.0554
2.04722,-0.763938,3.423,4.06099
2.03788,-0.75635,3.389,4.02621
2.02893,-0.748985,3.356,3.99253
2.02037,-0.741843,3.324,3.95995
2.03116,-0.741843,3.324,3.96547
2.00264,-0.72756,3.26,3.89455
1.99469,-0.720865,3.23,3.86411
2.00517,-0.720865,3.23,3.86953
1.97821,-0.707474,3.17,3.80299
1.95212,-0.69453,3.112,3.73868
1.96222,-0.69453,3.112,3.74396
1.93746,-0.682255,3.057,3.683
1.91299,-0.670203,3.003,3.62308
1.92273,-0.670203,3.003,3.62824
1.91575,-0.664401,2.977,3.60195
1.89243,-0.653018,2.926,3.54531
1.90192,-0.653018,2.926,3.55038
1.87941,-0.642083,2.877,3.49594
1.85724,-0.63137,2.829,3.44256
1.86642,-0.63137,2.829,3.44752
1.84511,-0.621104,2.783,3.39636
1.82482,-0.611284,2.739,3.3475
1.83371,-0.611284,2.739,3.35236
1.8278,-0.606374,2.717,3.33026
1.80823,-0.597001,2.675,3.28356
1.80265,-0.592314,2.654,3.26253
-2.55363,-0.809573,3.681,4.5526
-2.54168,-0.809573,3.681,4.54591
-2.52974,-0.809573,3.681,4.53924
-2.49111,-0.800996,3.642,4.48457
-2.47929,-0.800996,3.642,4.47802
-2.44172,-0.792639,3.604,4.42483
-2.4044,-0.784281,3.566,4.3718
-2.39283,-0.784281,3.566,4.36544
-2.38126,-0.784281,3.566,4.35911
-2.34509,-0.776144,3.529,4.30763
-2.33364,-0.776144,3.529,4.30141
-2.32219,-0.776144,3.529,4.29521
-2.31073,-0.776144,3.529,4.28902
-2.27582,-0.768226,3.493,4.23917
-2.26448,-0.768226,3.493,4.2331
-2.23057,-0.760528,3.458,4.18469
-2.21935,-0.760528,3.458,4.17872
-2.20812,-0.760528,3.458,4.17277
-2.1969,-0.760528,3.458,4.16684
-2.18568,-0.760528,3.458,4.16093
-2.17445,-0.760528,3.458,4.15505
-2.16323,-0.760528,3.458,4.14918
-2.152,-0.760528,3.458,4.14334
-2.11911,-0.752831,3.423,4.09565
-2.108,-0.752831,3.423,4.08991
-2.09689,-0.752831,3.423,4.08419
-2.08578,-0.752831,3.423,4.0785
-2.07467,-0.752831,3.423,4.07283
-2.06356,-0.752831,3.423,4.06718
-2.05245,-0.752831,3.423,4.06156
nan,nan,nan,NaN
nan,nan,nan,NaN
nan,nan,nan,NaN
nan,nan,nan,NaN
nan,nan,nan,NaN
nan,nan,nan,NaN
nan,nan,nan,NaN
nan,nan,nan,NaN
nan,nan,nan,NaN
nan,nan,nan,NaN
nan,nan,nan,NaN
nan,nan,nan,NaN
nan,nan,nan,NaN
nan,nan,nan,NaN
nan,nan,nan,NaN
nan,nan,nan,NaN
nan,nan,nan,NaN
nan,nan,nan,NaN
nan,nan,nan,NaN
nan,nan,nan,NaN
nan,nan,nan,NaN
nan,nan,nan,NaN
nan,nan,nan,NaN
nan,nan,nan,NaN
nan,nan,nan,NaN
nan,nan,nan,NaN
nan,nan,nan,NaN
nan,nan,nan,NaN
nan,nan,nan,NaN
nan,nan,nan,NaN
nan,nan,nan,NaN
nan,nan,nan,NaN
nan,nan,nan,NaN
nan,nan,nan,NaN
nan,nan,nan,NaN
nan,nan,nan,NaN
nan,nan,nan,NaN
nan,nan,nan,NaN
nan,nan,nan,NaN
nan,nan,nan,NaN
nan,nan,nan,NaN
nan,nan,nan,NaN
nan,nan,nan,NaN
nan,nan,nan,NaN
nan,nan,nan,NaN
nan,nan,nan,NaN
nan,nan,nan,NaN
nan,nan,nan,NaN
nan,nan,nan,NaN
nan,nan,nan,NaN
nan,nan,nan,NaN
nan,nan,nan,NaN
nan,nan,nan,NaN
nan,nan,nan,NaN
nan,nan,nan,NaN
nan,nan,nan,NaN
nan,nan,nan,NaN
-1.08309,-0.579084,2.633,2.90536
-1.06638,-0.574685,2.613,2.88014
-1.0579,-0.574685,2.613,2.87701
-1.04942,-0.574685,2.613,2.8739
-1.04094,-0.574685,2.613,2.87082
-1.03246,-0.574685,2.613,2.86775
-1.02398,-0.574685,2.613,2.86471
-1.00772,-0.570286,2.593,2.83979
-0.991984,-0.566108,2.574,2.81602
-0.98363,-0.566108,2.574,2.81309
-0.975275,-0.566108,2.574,2.81018
-0.959783,-0.561929,2.555,2.78657
-0.951491,-0.561929,2.555,2.78372
-0.943198,-0.561929,2.555,2.7809
-0.927952,-0.55775,2.536,2.75744
-0.919721,-0.55775,2.536,2.75468
-0.91149,-0.55775,2.536,2.75194
-0.896491,-0.553571,2.517,2.72863
-0.888322,-0.553571,2.517,2.72596
-0.880152,-0.553571,2.517,2.72331
-0.871983,-0.553571,2.517,2.72068
-0.863813,-0.553571,2.517,2.71807
-0.855644,-0.553571,2.517,2.71548
-0.847474,-0.553571,2.517,2.71292
-0.839304,-0.553571,2.517,2.71038
-0.831135,-0.553571,2.517,2.70786
-0.822965,-0.553571,2.517,2.70537
-0.808969,-0.549613,2.499,2.68356
-0.800858,-0.549613,2.499,2.68113
-0.792747,-0.549613,2.499,2.67872
-0.784635,-0.549613,2.499,2.67633
-0.782118,-0.553571,2.517,2.69322
-0.773948,-0.553571,2.517,2.69086
-0.765778,-0.553571,2.517,2.68852
-0.757609,-0.553571,2.517,2.68621
-0.755097,-0.55775,2.536,2.70417
-0.746865,-0.55775,2.536,2.70189
-0.738634,-0.55775,2.536,2.69962
-0.735875,-0.561929,2.555,2.71759
-0.727582,-0.561929,2.555,2.71536
-0.719289,-0.561929,2.555,2.71315
-0.716284,-0.566108,2.574,2.73112
-0.707929,-0.566108,2.574,2.72894
-0.699575,-0.566108,2.574,2.72679
-0.696322,-0.570286,2.593,2.74477
-0.687906,-0.570286,2.593,2.74264
-0.67949,-0.570286,2.593,2.74054
-0.671074,-0.570286,2.593,2.73847
-0.657802,-0.566108,2.574,2.71637
-0.649447,-0.566108,2.574,2.71436
-0.641093,-0.566108,2.574,2.71237
-0.632738,-0.566108,2.574,2.71041
-0.624384,-0.566108,2.574,2.70847
-0.611482,-0.561929,2.555,2.68658
-0.603189,-0.561929,2.555,2.6847
-0.594896,-0.561929,2.555,2.68285
-0.586603,-0.561929,2.555,2.68102
-0.57401,-0.55775,2.536,2.6593
-0.565778,-0.55775,2.536,2.65753
-0.557547,-0.55775,2.536,2.65579
-0.5452,-0.553571,2.517,2.63419
-0.537031,-0.553571,2.517,2.63251
-0.528861,-0.553571,2.517,2.63086
-0.520692,-0.553571,2.517,2.62923
-0.512522,-0.553571,2.517,2.62762
-0.504353,-0.553571,2.517,2.62604
-0.496183,-0.553571,2.517,2.62449
-0.488013,-0.553571,2.517,2.62295
-0.479844,-0.553571,2.517,2.62145
-0.471674,-0.553571,2.517,2.61996
-0.463505,-0.553571,2.517,2.61851
-0.455335,-0.553571,2.517,2.61707
-0.447166,-0.553571,2.517,2.61566
-0.438996,-0.553571,2.517,2.61428
-0.430827,-0.553571,2.517,2.61292
-0.425848,-0.55775,2.536,2.6313
-0.417616,-0.55775,2.536,2.62998
-0.409385,-0.55775,2.536,2.62868
-0.401154,-0.55775,2.536,2.62741
-0.392923,-0.55775,2.536,2.62617
-0.387574,-0.561929,2.555,2.64462
-0.379281,-0.561929,2.555,2.64341
-0.373747,-0.566108,2.574,2.66189
-0.365392,-0.566108,2.574,2.66073
-0.357037,-0.566108,2.574,2.65959
-0.351257,-0.570286,2.593,2.67811
-0.34284,-0.570286,2.593,2.67702
-0.334424,-0.570286,2.593,2.67595
-0.326008,-0.570286,2.593,2.67491
-0.317592,-0.570286,2.593,2.6739
-0.31156,-0.574685,2.613,2.69353
-0.305399,-0.579084,2.633,2.71317
-0.296853,-0.579084,2.633,2.71222
-0.288307,-0.579084,2.633,2.7113
-0.279761,-0.579084,2.633,2.7104
-0.271215,-0.579084,2.633,2.70954
-0.262669,-0.579084,2.633,2.70869
-0.254122,-0.579084,2.633,2.70788
-0.245576,-0.579084,2.633,2.70709
-0.23703,-0.579084,2.633,2.70633
-0.230307,-0.583702,2.654,2.72717
-0.221692,-0.583702,2.654,2.72646
-0.211392,-0.579084,2.633,2.7042
-0.202846,-0.579084,2.633,2.70355
-0.1943,-0.579084,2.633,2.70292
-0.185754,-0.579084,2.633,2.70232
-0.177208,-0.579084,2.633,2.70175
-0.168662,-0.579084,2.633,2.7012
-0.160116,-0.579084,2.633,2.70068
-0.150418,-0.574685,2.613,2.67968
-0.141937,-0.574685,2.613,2.67921
-0.133456,-0.574685,2.613,2.67878
-0.124975,-0.574685,2.613,2.67837
-0.116494,-0.574685,2.613,2.67798
-0.108013,-0.574685,2.613,2.67763
-0.0995315,-0.574685,2.613,2.6773
-0.0910503,-0.574685,2.613,2.677
-0.0825692,-0.574685,2.613,2.67672
-0.074088,-0.574685,2.613,2.67648
-0.0656069,-0.574685,2.613,2.67625
-0.0571257,-0.574685,2.613,2.67606
-0.0486446,-0.574685,2.613,2.67589
-0.0401634,-0.574685,2.613,2.67575
-0.0316823,-0.574685,2.613,2.67564
-0.0233787,-0.579084,2.633,2.69603
-0.0148326,-0.579084,2.633,2.69597
-0.00628658,-0.579084,2.633,2.69594
0.00225949,-0.579084,2.633,2.69593
0.0108056,-0.579084,2.633,2.69595
0.0193516,-0.579084,2.633,2.696
0.0278977,-0.579084,2.633,2.69607
0.0364437,-0.579084,2.633,2.69617
0.0446481,-0.574685,2.613,2.67582
0.0531292,-0.574685,2.613,2.67598
0.0616104,-0.574685,2.613,2.67616
0.069555,-0.570286,2.593,2.65588
0.0779713,-0.570286,2.593,2.65612
0.0863875,-0.570286,2.593,2.65638
0.0941091,-0.566108,2.574,2.6372
0.102464,-0.566108,2.574,2.63751
0.11,-0.561929,2.555,2.61838
0.118293,-0.561929,2.555,2.61874
0.126586,-0.561929,2.555,2.61912
0.134879,-0.561929,2.555,2.61954
0.143172,-0.561929,2.555,2.61998
0.150338,-0.55775,2.536,2.60096
0.15857,-0.55775,2.536,2.60145
0.166801,-0.55775,2.536,2.60196
0.175032,-0.55775,2.536,2.6025
0.183263,-0.55775,2.536,2.60307
0.191494,-0.55775,2.536,2.60366
0.199726,-0.55775,2.536,2.60428
0.207957,-0.55775,2.536,2.60492
0.217808,-0.561929,2.555,2.62512
0.226101,-0.561929,2.555,2.62582
0.234394,-0.561929,2.555,2.62654
0.242687,-0.561929,2.555,2.6273
0.250979,-0.561929,2.555,2.62808
0.259272,-0.561929,2.555,2.62888
0.267565,-0.561929,2.555,2.62971
0.275858,-0.561929,2.555,2.63057
0.284151,-0.561929,2.555,2.63145
0.292444,-0.561929,2.555,2.63236
0.300737,-0.561929,2.555,2.63329
0.30903,-0.561929,2.555,2.63425
0.317323,-0.561929,2.555,2.63524
0.328037,-0.566108,2.574,2.65585
0.336391,-0.566108,2.574,2.6569
0.344746,-0.566108,2.574,2.65797
0.353101,-0.566108,2.574,2.65907
0.361455,-0.566108,2.574,2.66019
0.36981,-0.566108,2.574,2.66134
0.378164,-0.566108,2.574,2.66251
0.386519,-0.566108,2.574,2.66371
0.394873,-0.566108,2.574,2.66494
0.403228,-0.566108,2.574,2.66619
0.411583,-0.566108,2.574,2.66746
0.419937,-0.566108,2.574,2.66876
0.428292,-0.566108,2.574,2.67009
0.436646,-0.566108,2.574,2.67144
0.445001,-0.566108,2.574,2.67282
0.453355,-0.566108,2.574,2.67423
0.46171,-0.566108,2.574,2.67566
0.470064,-0.566108,2.574,2.67711
0.478419,-0.566108,2.574,2.67859
0.486774,-0.566108,2.574,2.68009
0.495128,-0.566108,2.574,2.68162
0.503483,-0.566108,2.574,2.68318
0.511837,-0.566108,2.574,2.68476
0.520192,-0.566108,2.574,2.68636
0.528546,-0.566108,2.574,2.68799
0.536901,-0.566108,2.574,2.68965
0.545256,-0.566108,2.574,2.69133
0.55361,-0.566108,2.574,2.69304
0.561965,-0.566108,2.574,2.69477
0.570319,-0.566108,2.574,2.69652
0.578674,-0.566108,2.574,2.6983
0.587028,-0.566108,2.574,2.7001
0.595383,-0.566108,2.574,2.70193
0.603738,-0.566108,2.574,2.70378
0.612092,-0.566108,2.574,2.70566
0.620447,-0.566108,2.574,2.70757
0.628801,-0.566108,2.574,2.70949
0.637156,-0.566108,2.574,2.71144
0.64551,-0.566108,2.574,2.71342
0.653865,-0.566108,2.574,2.71542
0.662219,-0.566108,2.574,2.71744
0.670574,-0.566108,2.574,2.71949
0.678929,-0.566108,2.574,2.72156
0.687283,-0.566108,2.574,2.72366
0.695638,-0.566108,2.574,2.72578
0.703992,-0.566108,2.574,2.72792
0.712347,-0.566108,2.574,2.73009
0.720701,-0.566108,2.574,2.73228
0.729056,-0.566108,2.574,2.7345
0.737411,-0.566108,2.574,2.73674
0.745765,-0.566108,2.574,2.739
0.75412,-0.566108,2.574,2.74129
0.762474,-0.566108,2.574,2.7436
0.770829,-0.566108,2.574,2.74593
0.779183,-0.566108,2.574,2.74829
0.787538,-0.566108,2.574,2.75067
0.795892,-0.566108,2.574,2.75307
0.804247,-0.566108,2.574,2.7555
0.812602,-0.566108,2.574,2.75795
0.820956,-0.566108,2.574,2.76042
0.829311,-0.566108,2.574,2.76292
0.837665,-0.566108,2.574,2.76544
0.84602,-0.566108,2.574,2.76798
0.860681,-0.570286,2.593,2.79099
0.869097,-0.570286,2.593,2.7936
0.877514,-0.570286,2.593,2.79623
0.88593,-0.570286,2.593,2.79888
0.894346,-0.570286,2.593,2.80156
0.902762,-0.570286,2.593,2.80426
0.911178,-0.570286,2.593,2.80698
0.919595,-0.570286,2.593,2.80972
0.928011,-0.570286,2.593,2.81249
0.936427,-0.570286,2.593,2.81527
0.944843,-0.570286,2.593,2.81809
0.95326,-0.570286,2.593,2.82092
0.954629,-0.566108,2.574,2.80308
0.962984,-0.566108,2.574,2.80594
0.971338,-0.566108,2.574,2.80882
nan,nan,nan,NaN
nan,nan,nan,NaN
nan,nan,nan,NaN
nan,nan,nan,NaN
nan,nan,nan,NaN
nan,nan,nan,NaN
nan,nan,nan,NaN
nan,nan,nan,NaN
nan,nan,nan,NaN
nan,nan,nan,NaN
nan,nan,nan,NaN
nan,nan,nan,NaN
nan,nan,nan,NaN
nan,nan,nan,NaN
nan,nan,nan,NaN
nan,nan,nan,NaN
nan,nan,nan,NaN
nan,nan,nan,NaN
nan,nan,nan,NaN
nan,nan,nan,NaN
nan,nan,nan,NaN
nan,nan,nan,NaN
nan,nan,nan,NaN
nan,nan,nan,NaN
nan,nan,nan,NaN
nan,nan,nan,NaN
1.43406,-0.678273,3.084,3.46809
1.44407,-0.678273,3.084,3.47224
1.46728,-0.684432,3.112,3.50798
1.47738,-0.684432,3.112,3.51222
1.4741,-0.678273,3.084,3.48484
1.48411,-0.678273,3.084,3.48908
1.49412,-0.678273,3.084,3.49335
nan,nan,nan,NaN
nan,nan,nan,NaN
nan,nan,nan,NaN
nan,nan,nan,NaN
nan,nan,nan,NaN
nan,nan,nan,NaN
nan,nan,nan,NaN
nan,nan,nan,NaN
nan,nan,nan,NaN
nan,nan,nan,NaN
nan,nan,nan,NaN
nan,nan,nan,NaN
nan,nan,nan,NaN
nan,nan,nan,NaN
nan,nan,nan,NaN
nan,nan,nan,NaN
2.00805,-0.818371,3.721,4.30672
2.02013,-0.818371,3.721,4.31236
2.0322,-0.818371,3.721,4.31803
2.02231,-0.809573,3.681,4.27725
2.0127,-0.800996,3.642,4.23754
2.02452,-0.800996,3.642,4.24316
2.03634,-0.800996,3.642,4.24882
2.02679,-0.792639,3.604,4.2101
2.03849,-0.792639,3.604,4.21575
2.05019,-0.792639,3.604,4.22142
2.04015,-0.784281,3.566,4.18254
2.03043,-0.776144,3.529,4.14474
2.04189,-0.776144,3.529,4.15037
2.03239,-0.768226,3.493,4.11362
2.04373,-0.768226,3.493,4.11923
2.05507,-0.768226,3.493,4.12487
2.0457,-0.760528,3.458,4.08914
2.03611,-0.752831,3.423,4.05332
2.04722,-0.752831,3.423,4.05891
2.03788,-0.745353,3.389,4.02416
2.02893,-0.738095,3.356,3.9905
2.02037,-0.731057,3.324,3.95794
2.03116,-0.731057,3.324,3.96346
2.00264,-0.716982,3.26,3.89258
1.99469,-0.710384,3.23,3.86217
2.00517,-0.710384,3.23,3.86759
1.97821,-0.697188,3.17,3.80109
1.95212,-0.684432,3.112,3.73681
1.96222,-0.684432,3.112,3.7421
1.93746,-0.672335,3.057,3.68118
1.93019,-0.666397,3.03,3.65385
1.94002,-0.666397,3.03,3.65905
1.91575,-0.654741,2.977,3.60018
1.9086,-0.649022,2.951,3.57385
1.91817,-0.649022,2.951,3.57897
1.89509,-0.638026,2.901,3.52339
1.87299,-0.627469,2.853,3.47008
1.88225,-0.627469,2.853,3.47508
1.86035,-0.617132,2.806,3.42278
1.83948,-0.607235,2.761,3.37277
1.84844,-0.607235,2.761,3.37766
1.8426,-0.602397,2.739,3.35562
1.82243,-0.592939,2.696,3.30775
1.80265,-0.583702,2.654,3.26098
-2.55363,-0.797629,3.681,4.55049
-2.54168,-0.797629,3.681,4.5438
-2.52974,-0.797629,3.681,4.53713
-2.49111,-0.789178,3.642,4.48248
-2.47929,-0.789178,3.642,4.47592
-2.44172,-0.780944,3.604,4.42275
-2.4044,-0.77271,3.566,4.36974
-2.39283,-0.77271,3.566,4.36338
-2.38126,-0.77271,3.566,4.35704
-2.34509,-0.764693,3.529,4.30559
-2.33364,-0.764693,3.529,4.29936
-2.32219,-0.764693,3.529,4.29315
-2.31073,-0.764693,3.529,4.28697
-2.27582,-0.756892,3.493,4.23713
-2.26448,-0.756892,3.493,4.23106
-2.25315,-0.756892,3.493,4.225
-2.24181,-0.756892,3.493,4.21896
-2.20812,-0.749308,3.458,4.17074
-2.1969,-0.749308,3.458,4.1648
-2.18568,-0.749308,3.458,4.1589
-2.17445,-0.749308,3.458,4.15301
-2.16323,-0.749308,3.458,4.14714
-2.13022,-0.741724,3.423,4.09938
-2.11911,-0.741724,3.423,4.09362
-2.108,-0.741724,3.423,4.08788
-2.09689,-0.741724,3.423,4.08216
-2.06506,-0.734356,3.389,4.03597
-2.05406,-0.734356,3.389,4.03036
-2.06356,-0.741724,3.423,4.06514
-2.05245,-0.741724,3.423,4.05951
nan,nan,nan,NaN
nan,nan,nan,NaN
nan,nan,nan,NaN
nan,nan,nan,NaN
nan,nan,nan,NaN
nan,nan,nan,NaN
nan,nan,nan,NaN
nan,nan,nan,NaN
nan,nan,nan,NaN
nan,nan,nan,NaN
nan,nan,nan,NaN
nan,nan,nan,NaN
nan,nan,nan,NaN
nan,nan,nan,NaN
nan,nan,nan,NaN
nan,nan,nan,NaN
nan,nan,nan,NaN
nan,nan,nan,NaN
nan,nan,nan,NaN
nan,nan,nan,NaN
nan,nan,nan,NaN
nan,nan,nan,NaN
nan,nan,nan,NaN
nan,nan,nan,NaN
nan,nan,nan,NaN
nan,nan,nan,NaN
nan,nan,nan,NaN
nan,nan,nan,NaN
nan,nan,nan,NaN
nan,nan,nan,NaN
nan,nan,nan,NaN
nan,nan,nan,NaN
nan,nan,nan,NaN
nan,nan,nan,NaN
nan,nan,nan,NaN
nan,nan,nan,NaN
nan,nan,nan,NaN
nan,nan,nan,NaN
nan,nan,nan,NaN
nan,nan,nan,NaN
nan,nan,nan,NaN
nan,nan,nan,NaN
nan,nan,nan,NaN
nan,nan,nan,NaN
nan,nan,nan,NaN
nan,nan,nan,NaN
nan,nan,nan,NaN
nan,nan,nan,NaN
nan,nan,nan,NaN
nan,nan,nan,NaN
nan,nan,nan,NaN
nan,nan,nan,NaN
nan,nan,nan,NaN
nan,nan,nan,NaN
nan,nan,nan,NaN
nan,nan,nan,NaN
nan,nan,nan,NaN
-1.08309,-0.57054,2.633,2.90367
-1.06638,-0.566206,2.613,2.87846
-1.0579,-0.566206,2.613,2.87533
-1.04942,-0.566206,2.613,2.87222
-1.04094,-0.566206,2.613,2.86913
-1.03246,-0.566206,2.613,2.86607
-1.02398,-0.566206,2.613,2.86302
-1.00772,-0.561872,2.593,2.83811
-0.991984,-0.557755,2.574,2.81436
-0.98363,-0.557755,2.574,2.81142
-0.975275,-0.557755,2.574,2.80851
-0.959783,-0.553638,2.555,2.78491
-0.951491,-0.553638,2.555,2.78206
-0.943198,-0.553638,2.555,2.77924
-0.927952,-0.549521,2.536,2.75579
-0.919721,-0.549521,2.536,2.75303
-0.91149,-0.549521,2.536,2.75029
-0.896491,-0.545404,2.517,2.72699
-0.888322,-0.545404,2.517,2.72431
-0.880152,-0.545404,2.517,2.72166
-0.871983,-0.545404,2.517,2.71903
-0.863813,-0.545404,2.517,2.71642
-0.855644,-0.545404,2.517,2.71383
-0.847474,-0.545404,2.517,2.71127
-0.839304,-0.545404,2.517,2.70872
-0.831135,-0.545404,2.517,2.7062
-0.822965,-0.545404,2.517,2.70371
-0.808969,-0.541504,2.499,2.68191
-0.800858,-0.541504,2.499,2.67948
-0.792747,-0.541504,2.499,2.67706
-0.784635,-0.541504,2.499,2.67467
-0.782118,-0.545404,2.517,2.69155
-0.773948,-0.545404,2.517,2.68919
-0.765778,-0.545404,2.517,2.68685
-0.757609,-0.545404,2.517,2.68453
-0.755097,-0.549521,2.536,2.70249
-0.746865,-0.549521,2.536,2.7002
-0.738634,-0.549521,2.536,2.69793
-0.735875,-0.553638,2.555,2.71589
-0.727582,-0.553638,2.555,2.71365
-0.719289,-0.553638,2.555,2.71144
-0.716284,-0.557755,2.574,2.7294
-0.707929,-0.557755,2.574,2.72722
-0.699575,-0.557755,2.574,2.72506
-0.696322,-0.561872,2.593,2.74303
-0.687906,-0.561872,2.593,2.74091
-0.67949,-0.561872,2.593,2.73881
-0.671074,-0.561872,2.593,2.73673
-0.657802,-0.557755,2.574,2.71464
-0.649447,-0.557755,2.574,2.71263
-0.641093,-0.557755,2.574,2.71064
-0.632738,-0.557755,2.574,2.70868
-0.624384,-0.557755,2.574,2.70674
-0.611482,-0.553638,2.555,2.68486
-0.603189,-0.553638,2.555,2.68298
-0.594896,-0.553638,2.555,2.68113
-0.586603,-0.553638,2.555,2.6793
-0.57401,-0.549521,2.536,2.65758
-0.565778,-0.549521,2.536,2.65582
-0.557547,-0.549521,2.536,2.65408
-0.5452,-0.545404,2.517,2.63249
-0.537031,-0.545404,2.517,2.63081
-0.528861,-0.545404,2.517,2.62915
-0.520692,-0.545404,2.517,2.62752
-0.512522,-0.545404,2.517,2.62592
-0.504353,-0.545404,2.517,2.62433
-0.496183,-0.545404,2.517,2.62278
-0.484524,-0.541504,2.499,2.6025
-0.476412,-0.541504,2.499,2.601
-0.468301,-0.541504,2.499,2.59953
-0.46019,-0.541504,2.499,2.59808
-0.452079,-0.541504,2.499,2.59665
-0.443968,-0.541504,2.499,2.59525
-0.435857,-0.541504,2.499,2.59388
-0.430827,-0.545404,2.517,2.6112
-0.422657,-0.545404,2.517,2.60986
-0.414487,-0.545404,2.517,2.60855
-0.406318,-0.545404,2.517,2.60727
-0.401154,-0.549521,2.536,2.62568
-0.392923,-0.549521,2.536,2.62443
-0.384691,-0.549521,2.536,2.62321
-0.37646,-0.549521,2.536,2.62202
-0.370988,-0.553638,2.555,2.64049
-0.362695,-0.553638,2.555,2.63933
-0.354402,-0.553638,2.555,2.63821
-0.348683,-0.557755,2.574,2.65672
-0.340328,-0.557755,2.574,2.65563
-0.331974,-0.557755,2.574,2.65458
-0.326008,-0.561872,2.593,2.67313
-0.317592,-0.561872,2.593,2.67212
-0.31156,-0.566206,2.613,2.69173
-0.303079,-0.566206,2.613,2.69076
-0.294598,-0.566206,2.613,2.68982
-0.286117,-0.566206,2.613,2.68891
-0.277636,-0.566206,2.613,2.68802
-0.269154,-0.566206,2.613,2.68716
-0.260673,-0.566206,2.613,2.68632
-0.252192,-0.566206,2.613,2.68551
-0.245576,-0.57054,2.633,2.70528
-0.23703,-0.57054,2.633,2.70451
-0.226749,-0.566206,2.613,2.68324
-0.218268,-0.566206,2.613,2.68254
-0.209786,-0.566206,2.613,2.68186
-0.201305,-0.566206,2.613,2.68121
-0.1943,-0.57054,2.633,2.7011
-0.185754,-0.57054,2.633,2.7005
-0.177208,-0.57054,2.633,2.69993
-0.168662,-0.57054,2.633,2.69938
-0.160116,-0.57054,2.633,2.69886
-0.150418,-0.566206,2.613,2.67787
-0.141937,-0.566206,2.613,2.67741
-0.133456,-0.566206,2.613,2.67697
-0.124975,-0.566206,2.613,2.67656
-0.116494,-0.566206,2.613,2.67618
-0.108013,-0.566206,2.613,2.67582
-0.0995315,-0.566206,2.613,2.67549
-0.0910503,-0.566206,2.613,2.67519
-0.0825692,-0.566206,2.613,2.67492
-0.074088,-0.566206,2.613,2.67467
-0.0656069,-0.566206,2.613,2.67445
-0.0571257,-0.566206,2.613,2.67425
-0.0486446,-0.566206,2.613,2.67408
-0.0401634,-0.566206,2.613,2.67394
-0.0316823,-0.566206,2.613,2.67383
-0.0232011,-0.566206,2.613,2.67374
-0.01472,-0.566206,2.613,2.67368
-0.00628658,-0.57054,2.633,2.69411
0.00225949,-0.57054,2.633,2.69411
0.0108056,-0.57054,2.633,2.69413
0.0193516,-0.57054,2.633,2.69418
0.0276858,-0.566206,2.613,2.67378
0.0361669,-0.566206,2.613,2.67389
0.0446481,-0.566206,2.613,2.67401
0.0531292,-0.566206,2.613,2.67417
0.0616104,-0.566206,2.613,2.67435
0.069555,-0.561872,2.593,2.65409
0.0779713,-0.561872,2.593,2.65432
0.0863875,-0.561872,2.593,2.65458
0.0941091,-0.557755,2.574,2.63542
0.102464,-0.557755,2.574,2.63573
0.11,-0.553638,2.555,2.61661
0.118293,-0.553638,2.555,2.61697
0.126586,-0.553638,2.555,2.61736
0.134879,-0.553638,2.555,2.61777
0.143172,-0.553638,2.555,2.61821
0.150338,-0.549521,2.536,2.59921
0.15857,-0.549521,2.536,2.59969
0.166801,-0.549521,2.536,2.60021
0.175032,-0.549521,2.536,2.60075
0.183263,-0.549521,2.536,2.60132
0.191494,-0.549521,2.536,2.60191
0.199726,-0.549521,2.536,2.60253
0.207957,-0.549521,2.536,2.60317
0.216188,-0.549521,2.536,2.60384
0.224419,-0.549521,2.536,2.60454
0.232651,-0.549521,2.536,2.60526
0.242687,-0.553638,2.555,2.62554
0.250979,-0.553638,2.555,2.62632
0.259272,-0.553638,2.555,2.62712
0.267565,-0.553638,2.555,2.62795
0.275858,-0.553638,2.555,2.62881
0.284151,-0.553638,2.555,2.62969
0.292444,-0.553638,2.555,2.6306
0.300737,-0.553638,2.555,2.63154
0.30903,-0.553638,2.555,2.6325
0.317323,-0.553638,2.555,2.63348
0.325615,-0.553638,2.555,2.6345
0.333908,-0.553638,2.555,2.63553
0.342201,-0.553638,2.555,2.6366
0.350494,-0.553638,2.555,2.63769
0.358787,-0.553638,2.555,2.6388
0.36708,-0.553638,2.555,2.63994
0.375373,-0.553638,2.555,2.64111
0.383666,-0.553638,2.555,2.6423
0.391959,-0.553638,2.555,2.64352
0.400252,-0.553638,2.555,2.64476
0.408544,-0.553638,2.555,2.64603
0.419937,-0.557755,2.574,2.667
0.428292,-0.557755,2.574,2.66833
0.436646,-0.557755,2.574,2.66969
0.445001,-0.557755,2.574,2.67107
0.453355,-0.557755,2.574,2.67247
0.46171,-0.557755,2.574,2.6739
0.470064,-0.557755,2.574,2.67536
0.478419,-0.557755,2.574,2.67684
0.486774,-0.557755,2.574,2.67834
0.495128,-0.557755,2.574,2.67987
0.503483,-0.557755,2.574,2.68143
0.511837,-0.557755,2.574,2.68301
0.520192,-0.557755,2.574,2.68462
0.528546,-0.557755,2.574,2.68625
0.536901,-0.557755,2.574,2.6879
0.545256,-0.557755,2.574,2.68959
0.55361,-0.557755,2.574,2.69129
0.561965,-0.557755,2.574,2.69302
0.570319,-0.557755,2.574,2.69478
0.578674,-0.557755,2.574,2.69656
0.587028,-0.557755,2.574,2.69836
0.595383,-0.557755,2.574,2.70019
0.603738,-0.557755,2.574,2.70205
0.612092,-0.557755,2.574,2.70393
0.620447,-0.557755,2.574,2.70583
0.628801,-0.557755,2.574,2.70776
0.637156,-0.557755,2.574,2.70971
0.64551,-0.557755,2.574,2.71169
0.653865,-0.557755,2.574,2.71369
0.662219,-0.557755,2.574,2.71571
0.670574,-0.557755,2.574,2.71776
0.678929,-0.557755,2.574,2.71984
0.687283,-0.557755,2.574,2.72193
0.695638,-0.557755,2.574,2.72406
0.703992,-0.557755,2.574,2.7262
0.712347,-0.557755,2.574,2.72837
0.720701,-0.557755,2.574,2.73056
0.729056,-0.557755,2.574,2.73278
0.737411,-0.557755,2.574,2.73502
0.745765,-0.557755,2.574,2.73729
0.75412,-0.557755,2.574,2.73957
0.762474,-0.557755,2.574,2.74189
0.770829,-0.557755,2.574,2.74422
0.779183,-0.557755,2.574,2.74658
0.787538,-0.557755,2.574,2.74896
0.795892,-0.557755,2.574,2.75137
0.804247,-0.557755,2.574,2.75379
0.812602,-0.557755,2.574,2.75625
0.820956,-0.557755,2.574,2.75872
0.829311,-0.557755,2.574,2.76122
0.837665,-0.557755,2.574,2.76374
0.84602,-0.557755,2.574,2.76628
0.860681,-0.561872,2.593,2.78929
0.869097,-0.561872,2.593,2.7919
0.877514,-0.561872,2.593,2.79453
0.88593,-0.561872,2.593,2.79718
0.894346,-0.561872,2.593,2.79986
0.902762,-0.561872,2.593,2.80256
0.911178,-0.561872,2.593,2.80528
0.919595,-0.561872,2.593,2.80803
0.928011,-0.561872,2.593,2.81079
0.936427,-0.561872,2.593,2.81358
0.944843,-0.561872,2.593,2.81639
0.95326,-0.561872,2.593,2.81923
0.954629,-0.557755,2.574,2.80141
0.962984,-0.557755,2.574,2.80427
0.971338,-0.557755,2.574,2.80715
nan,nan,nan,NaN
nan,nan,nan,NaN
nan,nan,nan,NaN
nan,nan,nan,NaN
nan,nan,nan,NaN
nan,nan,nan,NaN
nan,nan,nan,NaN
nan,nan,nan,NaN
nan,nan,nan,NaN
nan,nan,nan,NaN
nan,nan,nan,NaN
nan,nan,nan,NaN
nan,nan,nan,NaN
nan,nan,nan,NaN
nan,nan,nan,NaN
nan,nan,nan,NaN
nan,nan,nan,NaN
nan,nan,nan,NaN
nan,nan,nan,NaN
nan,nan,nan,NaN
nan,nan,nan,NaN
nan,nan,nan,NaN
nan,nan,nan,NaN
nan,nan,nan,NaN
nan,nan,nan,NaN
nan,nan,nan,NaN
1.43406,-0.668266,3.084,3.46615
1.44407,-0.668266,3.084,3.4703
1.46728,-0.674334,3.112,3.50602
1.47738,-0.674334,3.112,3.51026
1.4741,-0.668266,3.084,3.4829
1.48411,-0.668266,3.084,3.48715
1.49412,-0.668266,3.084,3.49142
1.53193,-0.680618,3.141,3.56033
nan,nan,nan,NaN
nan,nan,nan,NaN
nan,nan,nan,NaN
nan,nan,nan,NaN
nan,nan,nan,NaN
nan,nan,nan,NaN
nan,nan,nan,NaN
nan,nan,nan,NaN
nan,nan,nan,NaN
nan,nan,nan,NaN
nan,nan,nan,NaN
nan,nan,nan,NaN
nan,nan,nan,NaN
nan,nan,nan,NaN
nan,nan,nan,NaN
2.00805,-0.806297,3.721,4.30444
1.99841,-0.797629,3.681,4.26376
2.01036,-0.797629,3.681,4.26937
2.02231,-0.797629,3.681,4.27501
2.0127,-0.789178,3.642,4.23532
2.02452,-0.789178,3.642,4.24095
2.03634,-0.789178,3.642,4.24661
2.02679,-0.780944,3.604,4.20792
2.017,-0.77271,3.566,4.16914
2.02857,-0.77271,3.566,4.17475
2.04015,-0.77271,3.566,4.18039
2.03043,-0.764693,3.529,4.14261
2.04189,-0.764693,3.529,4.14824
2.03239,-0.756892,3.493,4.11152
2.04373,-0.756892,3.493,4.11713
2.05507,-0.756892,3.493,4.12277
2.0457,-0.749308,3.458,4.08707
2.03611,-0.741724,3.423,4.05127
2.04722,-0.741724,3.423,4.05687
2.03788,-0.734356,3.389,4.02213
2.02893,-0.727206,3.356,3.9885
2.02037,-0.720272,3.324,3.95597
2.03116,-0.720272,3.324,3.96149
2.00264,-0.706404,3.26,3.89065
1.99469,-0.699903,3.23,3.86025
2.00517,-0.699903,3.23,3.86568
1.97821,-0.686902,3.17,3.79922
1.95212,-0.674334,3.112,3.73498
1.96222,-0.674334,3.112,3.74027
1.93746,-0.662416,3.057,3.67938
1.93019,-0.656565,3.03,3.65207
1.94002,-0.656565,3.03,3.65728
1.91575,-0.645081,2.977,3.59844
1.9086,-0.639447,2.951,3.57212
1.91817,-0.639447,2.951,3.57725
1.89509,-0.628612,2.901,3.52169
1.87299,-0.618211,2.853,3.46842
1.88225,-0.618211,2.853,3.47342
1.86035,-0.608027,2.806,3.42115
1.83948,-0.598276,2.761,3.37116
1.84844,-0.598276,2.761,3.37606
1.8426,-0.593509,2.739,3.35404
1.82243,-0.584191,2.696,3.3062
1.81691,-0.579641,2.675,3.28524
-2.58138,-0.794223,3.721,4.59784
-2.5693,-0.794223,3.721,4.59107
-2.52974,-0.785685,3.681,4.53504
-2.49111,-0.777361,3.642,4.48041
-2.47929,-0.777361,3.642,4.47385
-2.44172,-0.76925,3.604,4.4207
-2.4044,-0.761139,3.566,4.36771
-2.39283,-0.761139,3.566,4.36134
-2.38126,-0.761139,3.566,4.35501
-2.36968,-0.761139,3.566,4.34869
-2.33364,-0.753242,3.529,4.29734
-2.32219,-0.753242,3.529,4.29113
-2.31073,-0.753242,3.529,4.28494
-2.29928,-0.753242,3.529,4.27877
-2.28782,-0.753242,3.529,4.27263
-2.25315,-0.745558,3.493,4.22298
-2.24181,-0.745558,3.493,4.21694
-2.20812,-0.738087,3.458,4.16873
-2.1969,-0.738087,3.458,4.1628
-2.18568,-0.738087,3.458,4.15689
-2.17445,-0.738087,3.458,4.151
-2.16323,-0.738087,3.458,4.14513
-2.13022,-0.730617,3.423,4.09739
-2.11911,-0.730617,3.423,4.09162
-2.108,-0.730617,3.423,4.08588
-2.09689,-0.730617,3.423,4.08016
-2.06506,-0.72336,3.389,4.03399
-2.05406,-0.72336,3.389,4.02837
-2.06356,-0.730617,3.423,4.06313
-2.05245,-0.730617,3.423,4.0575
nan,nan,nan,NaN
nan,nan,nan,NaN
nan,nan,nan,NaN
nan,nan,nan,NaN
nan,nan,nan,NaN
nan,nan,nan,NaN
nan,nan,nan,NaN
nan,nan,nan,NaN
nan,nan,nan,NaN
nan,nan,nan,NaN
nan,nan,nan,NaN
nan,nan,nan,NaN
nan,nan,nan,NaN
nan,nan,nan,NaN
nan,nan,nan,NaN
nan,nan,nan,NaN
nan,nan,nan,NaN
nan,nan,nan,NaN
nan,nan,nan,NaN
nan,nan,nan,NaN
nan,nan,nan,NaN
nan,nan,nan,NaN
nan,nan,nan,NaN
nan,nan,nan,NaN
nan,nan,nan,NaN
nan,nan,nan,NaN
nan,nan,nan,NaN
nan,nan,nan,NaN
nan,nan,nan,NaN
nan,nan,nan,NaN
nan,nan,nan,NaN
nan,nan,nan,NaN
nan,nan,nan,NaN
nan,nan,nan,NaN
nan,nan,nan,NaN
nan,nan,nan,NaN
nan,nan,nan,NaN
nan,nan,nan,NaN
nan,nan,nan,NaN
nan,nan,nan,NaN
nan,nan,nan,NaN
nan,nan,nan,NaN
nan,nan,nan,NaN
nan,nan,nan,NaN
nan,nan,nan,NaN
nan,nan,nan,NaN
nan,nan,nan,NaN
nan,nan,nan,NaN
nan,nan,nan,NaN
nan,nan,nan,NaN
nan,nan,nan,NaN
nan,nan,nan,NaN
nan,nan,nan,NaN
nan,nan,nan,NaN
nan,nan,nan,NaN
nan,nan,nan,NaN
nan,nan,nan,NaN
-1.05882,-0.549403,2.574,2.83697
-1.05047,-0.549403,2.574,2.83387
-1.04211,-0.549403,2.574,2.83078
-1.03376,-0.549403,2.574,2.82772
-1.0254,-0.549403,2.574,2.82467
-1.01705,-0.549403,2.574,2.82165
-1.00869,-0.549403,2.574,2.81865
-0.992955,-0.545348,2.555,2.79489
-0.984662,-0.545348,2.555,2.79195
-0.976369,-0.545348,2.555,2.78904
-0.960877,-0.541292,2.536,2.76543
-0.945509,-0.537237,2.517,2.74188
-0.937339,-0.537237,2.517,2.73907
-0.92917,-0.537237,2.517,2.73629
-0.914414,-0.533395,2.499,2.71398
-0.906302,-0.533395,2.499,2.71125
-0.898191,-0.533395,2.499,2.70855
-0.89008,-0.533395,2.499,2.70587
-0.881969,-0.533395,2.499,2.70322
-0.880152,-0.537237,2.517,2.72003
-0.865747,-0.533395,2.499,2.69797
-0.857636,-0.533395,2.499,2.69538
-0.849525,-0.533395,2.499,2.69281
-0.841413,-0.533395,2.499,2.69026
-0.833302,-0.533395,2.499,2.68773
-0.825191,-0.533395,2.499,2.68523
-0.81708,-0.533395,2.499,2.68275
-0.808969,-0.533395,2.499,2.68029
-0.800858,-0.533395,2.499,2.67785
-0.792747,-0.533395,2.499,2.67544
-0.784635,-0.533395,2.499,2.67304
-0.776524,-0.533395,2.499,2.67067
-0.768413,-0.533395,2.499,2.66833
-0.760302,-0.533395,2.499,2.666
-0.757609,-0.537237,2.517,2.68289
-0.749439,-0.537237,2.517,2.68059
-0.74127,-0.537237,2.517,2.67832
-0.7331,-0.537237,2.517,2.67607
-0.730403,-0.541292,2.536,2.69403
-0.722172,-0.541292,2.536,2.69181
-0.71394,-0.541292,2.536,2.68961
-0.710996,-0.545348,2.555,2.70757
-0.707929,-0.549403,2.574,2.72552
-0.699575,-0.549403,2.574,2.72337
-0.69122,-0.549403,2.574,2.72123
-0.682866,-0.549403,2.574,2.71912
-0.674511,-0.549403,2.574,2.71704
-0.661239,-0.545348,2.555,2.69493
-0.652946,-0.545348,2.555,2.69291
-0.644653,-0.545348,2.555,2.69091
-0.63636,-0.545348,2.555,2.68894
-0.628067,-0.545348,2.555,2.68699
-0.619775,-0.545348,2.555,2.68506
-0.611482,-0.545348,2.555,2.68316
-0.603189,-0.545348,2.555,2.68128
-0.594896,-0.545348,2.555,2.67943
-0.582241,-0.541292,2.536,2.65769
-0.57401,-0.541292,2.536,2.6559
-0.565778,-0.541292,2.536,2.65413
-0.55337,-0.537237,2.517,2.63251
-0.5452,-0.537237,2.517,2.63081
-0.53319,-0.533395,2.499,2.61033
-0.525079,-0.533395,2.499,2.60868
-0.516968,-0.533395,2.499,2.60706
-0.508857,-0.533395,2.499,2.60546
-0.500746,-0.533395,2.499,2.60389
-0.492635,-0.533395,2.499,2.60235
-0.484524,-0.533395,2.499,2.60082
-0.476412,-0.533395,2.499,2.59932
-0.468301,-0.533395,2.499,2.59785
-0.46019,-0.533395,2.499,2.5964
-0.452079,-0.533395,2.499,2.59497
-0.443968,-0.533395,2.499,2.59357
-0.435857,-0.533395,2.499,2.5922
-0.430827,-0.537237,2.517,2.60951
-0.422657,-0.537237,2.517,2.60817
-0.414487,-0.537237,2.517,2.60686
-0.406318,-0.537237,2.517,2.60557
-0.401154,-0.541292,2.536,2.62397
-0.392923,-0.541292,2.536,2.62272
-0.384691,-0.541292,2.536,2.6215
-0.37646,-0.541292,2.536,2.62031
-0.370988,-0.545348,2.555,2.63876
-0.362695,-0.545348,2.555,2.63761
-0.354402,-0.545348,2.555,2.63648
-0.348683,-0.549403,2.574,2.65498
-0.340328,-0.549403,2.574,2.65389
-0.331974,-0.549403,2.574,2.65283
-0.323619,-0.549403,2.574,2.6518
-0.315265,-0.549403,2.574,2.65079
-0.30691,-0.549403,2.574,2.64981
-0.300759,-0.553459,2.593,2.66841
-0.292343,-0.553459,2.593,2.66748
-0.283927,-0.553459,2.593,2.66657
-0.275511,-0.553459,2.593,2.66568
-0.267094,-0.553459,2.593,2.66483
-0.258678,-0.553459,2.593,2.664
-0.250262,-0.553459,2.593,2.66319
-0.243711,-0.557728,2.613,2.68295
-0.233429,-0.553459,2.593,2.66166
-0.225013,-0.553459,2.593,2.66094
-0.216597,-0.553459,2.593,2.66024
-0.208181,-0.553459,2.593,2.65957
-0.199764,-0.553459,2.593,2.65892
-0.191348,-0.553459,2.593,2.6583
-0.182932,-0.553459,2.593,2.65771
-0.174516,-0.553459,2.593,2.65715
-0.1661,-0.553459,2.593,2.65661
-0.157683,-0.553459,2.593,2.65609
-0.149267,-0.553459,2.593,2.65561
-0.140851,-0.553459,2.593,2.65515
-0.133456,-0.557728,2.613,2.67519
-0.124975,-0.557728,2.613,2.67478
-0.116494,-0.557728,2.613,2.6744
-0.108013,-0.557728,2.613,2.67404
-0.0987696,-0.553459,2.593,2.65325
-0.0903534,-0.553459,2.593,2.65295
-0.0825692,-0.557728,2.613,2.67313
-0.074088,-0.557728,2.613,2.67289
-0.0656069,-0.557728,2.613,2.67266
-0.0566885,-0.553459,2.593,2.65201
-0.0482722,-0.553459,2.593,2.65185
-0.039856,-0.553459,2.593,2.65171
-0.0316823,-0.557728,2.613,2.67205
-0.0232011,-0.557728,2.613,2.67196
-0.01472,-0.557728,2.613,2.6719
-0.00623883,-0.557728,2.613,2.67187
0.00224232,-0.557728,2.613,2.67186
0.0107235,-0.557728,2.613,2.67188
0.0190576,-0.553459,2.593,2.65148
0.0274739,-0.553459,2.593,2.65155
0.0358901,-0.553459,2.593,2.65165
0.0443063,-0.553459,2.593,2.65178
0.0523362,-0.549403,2.574,2.6325
0.0606908,-0.549403,2.574,2.63268
0.0690454,-0.549403,2.574,2.63289
0.0773999,-0.549403,2.574,2.63312
0.0857545,-0.549403,2.574,2.63338
0.0941091,-0.549403,2.574,2.63366
0.101707,-0.545348,2.555,2.61453
0.11,-0.545348,2.555,2.61487
0.118293,-0.545348,2.555,2.61523
0.126586,-0.545348,2.555,2.61562
0.133876,-0.541292,2.536,2.59658
0.142107,-0.541292,2.536,2.59702
0.150338,-0.541292,2.536,2.59748
0.15857,-0.541292,2.536,2.59797
0.166801,-0.541292,2.536,2.59848
0.175032,-0.541292,2.536,2.59902
0.183263,-0.541292,2.536,2.59959
0.191494,-0.541292,2.536,2.60019
0.199726,-0.541292,2.536,2.6008
0.207957,-0.541292,2.536,2.60145
0.216188,-0.541292,2.536,2.60212
0.224419,-0.541292,2.536,2.60282
0.232651,-0.541292,2.536,2.60354
0.242687,-0.545348,2.555,2.6238
0.250979,-0.545348,2.555,2.62458
0.259272,-0.545348,2.555,2.62539
0.267565,-0.545348,2.555,2.62622
0.275858,-0.545348,2.555,2.62708
0.284151,-0.545348,2.555,2.62796
0.292444,-0.545348,2.555,2.62887
0.300737,-0.545348,2.555,2.6298
0.30903,-0.545348,2.555,2.63077
0.317323,-0.545348,2.555,2.63175
0.325615,-0.545348,2.555,2.63277
0.333908,-0.545348,2.555,2.6338
0.342201,-0.545348,2.555,2.63487
0.350494,-0.545348,2.555,2.63596
0.358787,-0.545348,2.555,2.63707
0.36708,-0.545348,2.555,2.63821
0.375373,-0.545348,2.555,2.63938
0.383666,-0.545348,2.555,2.64057
0.391959,-0.545348,2.555,2.64179
0.400252,-0.545348,2.555,2.64303
0.408544,-0.545348,2.555,2.6443
0.419937,-0.549403,2.574,2.66527
0.428292,-0.549403,2.574,2.6666
0.436646,-0.549403,2.574,2.66795
0.445001,-0.549403,2.574,2.66933
0.453355,-0.549403,2.574,2.67074
0.46171,-0.549403,2.574,2.67217
0.470064,-0.549403,2.574,2.67363
0.478419,-0.549403,2.574,2.67511
0.486774,-0.549403,2.574,2.67662
0.495128,-0.549403,2.574,2.67815
0.503483,-0.549403,2.574,2.6797
0.511837,-0.549403,2.574,2.68129
0.520192,-0.549403,2.574,2.68289
0.528546,-0.549403,2.574,2.68453
0.536901,-0.549403,2.574,2.68618
0.545256,-0.549403,2.574,2.68787
0.55361,-0.549403,2.574,2.68957
0.561965,-0.549403,2.574,2.69131
0.570319,-0.549403,2.574,2.69306
0.578674,-0.549403,2.574,2.69484
0.587028,-0.549403,2.574,2.69665
0.595383,-0.549403,2.574,2.69848
0.603738,-0.549403,2.574,2.70034
0.612092,-0.549403,2.574,2.70222
0.620447,-0.549403,2.574,2.70412
0.628801,-0.549403,2.574,2.70605
0.637156,-0.549403,2.574,2.708
0.64551,-0.549403,2.574,2.70998
0.653865,-0.549403,2.574,2.71198
0.662219,-0.549403,2.574,2.71401
0.670574,-0.549403,2.574,2.71606
0.678929,-0.549403,2.574,2.71814
0.687283,-0.549403,2.574,2.72024
0.695638,-0.549403,2.574,2.72236
0.703992,-0.549403,2.574,2.7245
0.712347,-0.549403,2.574,2.72668
0.720701,-0.549403,2.574,2.72887
0.729056,-0.549403,2.574,2.73109
0.737411,-0.549403,2.574,2.73333
0.745765,-0.549403,2.574,2.7356
0.75412,-0.549403,2.574,2.73789
0.756846,-0.545348,2.555,2.71997
0.765139,-0.545348,2.555,2.72229
0.773432,-0.545348,2.555,2.72463
0.781725,-0.545348,2.555,2.727
0.790018,-0.545348,2.555,2.72939
0.798311,-0.545348,2.555,2.7318
0.806603,-0.545348,2.555,2.73423
0.814896,-0.545348,2.555,2.73669
0.823189,-0.545348,2.555,2.73917
0.831482,-0.545348,2.555,2.74168
0.839775,-0.545348,2.555,2.7442
0.854374,-0.549403,2.574,2.76718
0.856361,-0.545348,2.555,2.74932
0.864654,-0.545348,2.555,2.75192
0.872947,-0.545348,2.555,2.75454
0.881239,-0.545348,2.555,2.75717
0.902762,-0.553459,2.593,2.80088
0.904502,-0.549403,2.574,2.78306
0.912856,-0.549403,2.574,2.78579
0.921211,-0.549403,2.574,2.78854
0.929566,-0.549403,2.574,2.79131
0.944843,-0.553459,2.593,2.81473
0.95326,-0.553459,2.593,2.81756
0.954629,-0.549403,2.574,2.79976
0.962984,-0.549403,2.574,2.80262
0.971338,-0.549403,2.574,2.8055
nan,nan,nan,NaN
nan,nan,nan,NaN
nan,nan,nan,NaN
nan,nan,nan,NaN
nan,nan,nan,NaN
nan,nan,nan,NaN
nan,nan,nan,NaN
nan,nan,nan,NaN
nan,nan,nan,NaN
nan,nan,nan,NaN
nan,nan,nan,NaN
nan,nan,nan,NaN
nan,nan,nan,NaN
nan,nan,nan,NaN
nan,nan,nan,NaN
nan,nan,nan,NaN
nan,nan,nan,NaN
nan,nan,nan,NaN
nan,nan,nan,NaN
nan,nan,nan,NaN
nan,nan,nan,NaN
nan,nan,nan,NaN
nan,nan,nan,NaN
nan,nan,nan,NaN
nan,nan,nan,NaN
nan,nan,nan,NaN
1.43406,-0.658259,3.084,3.46423
1.44407,-0.658259,3.084,3.46839
1.46728,-0.664236,3.112,3.50409
1.47738,-0.664236,3.112,3.50834
1.4741,-0.658259,3.084,3.481
1.48411,-0.658259,3.084,3.48525
1.49412,-0.658259,3.084,3.48952
1.53193,-0.670426,3.141,3.55839
1.55636,-0.676615,3.17,3.59569
1.56665,-0.676615,3.17,3.60015
1.57694,-0.676615,3.17,3.60464
nan,nan,nan,NaN
nan,nan,nan,NaN
nan,nan,nan,NaN
nan,nan,nan,NaN
nan,nan,nan,NaN
nan,nan,nan,NaN
nan,nan,nan,NaN
nan,nan,nan,NaN
nan,nan,nan,NaN
nan,nan,nan,NaN
nan,nan,nan,NaN
nan,nan,nan,NaN
2.00805,-0.794223,3.721,4.3022
1.99841,-0.785685,3.681,4.26154
2.01036,-0.785685,3.681,4.26715
2.02231,-0.785685,3.681,4.2728
2.0127,-0.777361,3.642,4.23313
2.02452,-0.777361,3.642,4.23877
2.03634,-0.777361,3.642,4.24443
2.02679,-0.76925,3.604,4.20576
2.017,-0.761139,3.566,4.16701
2.02857,-0.761139,3.566,4.17262
2.04015,-0.761139,3.566,4.17826
2.03043,-0.753242,3.529,4.14052
2.04189,-0.753242,3.529,4.14614
2.03239,-0.745558,3.493,4.10944
2.04373,-0.745558,3.493,4.11506
2.05507,-0.745558,3.493,4.12071
2.0457,-0.738087,3.458,4.08502
2.03611,-0.730617,3.423,4.04925
2.04722,-0.730617,3.423,4.05485
2.03788,-0.72336,3.389,4.02014
2.02893,-0.716316,3.356,3.98653
2.02037,-0.709486,3.324,3.95402
2.03116,-0.709486,3.324,3.95954
2.00264,-0.695825,3.26,3.88874
1.99469,-0.689422,3.23,3.85837
2.00517,-0.689422,3.23,3.8638
1.97821,-0.676615,3.17,3.79737
1.95212,-0.664236,3.112,3.73317
1.96222,-0.664236,3.112,3.73846
1.95458,-0.658259,3.084,3.71009
1.93019,-0.646733,3.03,3.65031
1.94002,-0.646733,3.03,3.65552
1.93248,-0.64097,3.003,3.62813
1.9086,-0.629871,2.951,3.57042
1.91817,-0.629871,2.951,3.57555
1.91142,-0.624535,2.926,3.55036
1.87299,-0.608954,2.853,3.46678
1.88225,-0.608954,2.853,3.47179
1.8756,-0.603831,2.829,3.44757
1.85414,-0.594013,2.783,3.39644
1.84844,-0.589317,2.761,3.37449
1.8574,-0.589317,2.761,3.3794
1.85149,-0.584621,2.739,3.35737
1.83118,-0.575443,2.696,3.3095
-2.58138,-0.782149,3.721,4.59577
-2.5693,-0.782149,3.721,4.589
-2.52974,-0.773741,3.681,4.53299
-2.51779,-0.773741,3.681,4.52633
-2.50584,-0.773741,3.681,4.5197
-2.44172,-0.757555,3.604,4.41868
-2.4044,-0.749568,3.566,4.3657
-2.39283,-0.749568,3.566,4.35934
-2.38126,-0.749568,3.566,4.353
-2.36968,-0.749568,3.566,4.34668
-2.33364,-0.741791,3.529,4.29534
-2.32219,-0.741791,3.529,4.28913
-2.31073,-0.741791,3.529,4.28294
-2.29928,-0.741791,3.529,4.27677
-2.28782,-0.741791,3.529,4.27062
-2.25315,-0.734223,3.493,4.221
-2.24181,-0.734223,3.493,4.21495
-2.20812,-0.726866,3.458,4.16676
-2.1969,-0.726866,3.458,4.16083
-2.18568,-0.726866,3.458,4.15491
-2.17445,-0.726866,3.458,4.14902
-2.16323,-0.726866,3.458,4.14315
-2.13022,-0.71951,3.423,4.09542
-2.11911,-0.71951,3.423,4.08965
-2.108,-0.71951,3.423,4.08391
-2.07606,-0.712363,3.389,4.03768
-2.06506,-0.712363,3.389,4.03203
-2.05406,-0.712363,3.389,4.02641
-2.04306,-0.712363,3.389,4.02081
-2.03206,-0.712363,3.389,4.01523
nan,nan,nan,NaN
nan,nan,nan,NaN
nan,nan,nan,NaN
nan,nan,nan,NaN
nan,nan,nan,NaN
nan,nan,nan,NaN
nan,nan,nan,NaN
nan,nan,nan,NaN
nan,nan,nan,NaN
nan,nan,nan,NaN
nan,nan,nan,NaN
nan,nan,nan,NaN
nan,nan,nan,NaN
nan,nan,nan,NaN
nan,nan,nan,NaN
nan,nan,nan,NaN
nan,nan,nan,NaN
nan,nan,nan,NaN
nan,nan,nan,NaN
nan,nan,nan,NaN
nan,nan,nan,NaN
nan,nan,nan,NaN
nan,nan,nan,NaN
nan,nan,nan,NaN
nan,nan,nan,NaN
nan,nan,nan,NaN
nan,nan,nan,NaN
nan,nan,nan,NaN
nan,nan,nan,NaN
nan,nan,nan,NaN
nan,nan,nan,NaN
nan,nan,nan,NaN
nan,nan,nan,NaN
nan,nan,nan,NaN
nan,nan,nan,NaN
nan,nan,nan,NaN
nan,nan,nan,NaN
nan,nan,nan,NaN
nan,nan,nan,NaN
nan,nan,nan,NaN
nan,nan,nan,NaN
nan,nan,nan,NaN
nan,nan,nan,NaN
nan,nan,nan,NaN
nan,nan,nan,NaN
nan,nan,nan,NaN
nan,nan,nan,NaN
nan,nan,nan,NaN
nan,nan,nan,NaN
nan,nan,nan,NaN
nan,nan,nan,NaN
nan,nan,nan,NaN
nan,nan,nan,NaN
nan,nan,nan,NaN
nan,nan,nan,NaN
nan,nan,nan,NaN
nan,nan,nan,NaN
-1.05101,-0.537057,2.555,2.81444
-1.03496,-0.533063,2.536,2.79045
-1.02673,-0.533063,2.536,2.7874
-1.0185,-0.533063,2.536,2.78438
-1.01026,-0.533063,2.536,2.78138
-1.00203,-0.533063,2.536,2.7784
-0.993802,-0.533063,2.536,2.77544
-0.985571,-0.533063,2.536,2.77251
-0.970017,-0.52907,2.517,2.74884
-0.961848,-0.52907,2.517,2.74597
-0.946858,-0.525286,2.499,2.7235
-0.938747,-0.525286,2.499,2.72069
-0.930636,-0.525286,2.499,2.71791
-0.922525,-0.525286,2.499,2.71514
-0.907827,-0.521502,2.481,2.69286
-0.899774,-0.521502,2.481,2.69015
-0.891722,-0.521502,2.481,2.68747
-0.883669,-0.521502,2.481,2.68481
-0.875616,-0.521502,2.481,2.68217
-0.867564,-0.521502,2.481,2.67955
-0.859511,-0.521502,2.481,2.67695
-0.851458,-0.521502,2.481,2.67438
-0.843405,-0.521502,2.481,2.67183
-0.835353,-0.521502,2.481,2.6693
-0.8273,-0.521502,2.481,2.66679
-0.819247,-0.521502,2.481,2.6643
-0.811195,-0.521502,2.481,2.66183
-0.803142,-0.521502,2.481,2.65939
-0.795089,-0.521502,2.481,2.65697
-0.787037,-0.521502,2.481,2.65457
-0.778984,-0.521502,2.481,2.6522
-0.770931,-0.521502,2.481,2.64984
-0.768413,-0.525286,2.499,2.66672
-0.760302,-0.525286,2.499,2.66439
-0.752191,-0.525286,2.499,2.66209
-0.74408,-0.525286,2.499,2.65981
-0.735969,-0.525286,2.499,2.65755
-0.7331,-0.52907,2.517,2.67444
-0.724931,-0.52907,2.517,2.67221
-0.722172,-0.533063,2.536,2.69016
-0.71394,-0.533063,2.536,2.68797
-0.705709,-0.533063,2.536,2.68579
-0.697478,-0.533063,2.536,2.68364
-0.689247,-0.533063,2.536,2.68151
-0.681016,-0.533063,2.536,2.67941
-0.672784,-0.533063,2.536,2.67733
-0.664553,-0.533063,2.536,2.67527
-0.661239,-0.537057,2.555,2.69327
-0.652946,-0.537057,2.555,2.69124
-0.644653,-0.537057,2.555,2.68924
-0.631628,-0.533063,2.536,2.66728
-0.623397,-0.533063,2.536,2.66535
-0.615166,-0.533063,2.536,2.66343
-0.606935,-0.533063,2.536,2.66155
-0.598703,-0.533063,2.536,2.65968
-0.590472,-0.533063,2.536,2.65784
-0.582241,-0.533063,2.536,2.65602
-0.569709,-0.52907,2.517,2.63434
-0.561539,-0.52907,2.517,2.63259
-0.55337,-0.52907,2.517,2.63086
-0.541301,-0.525286,2.499,2.61035
-0.53319,-0.525286,2.499,2.60868
-0.525079,-0.525286,2.499,2.60704
-0.516968,-0.525286,2.499,2.60541
-0.505192,-0.521502,2.481,2.58506
-0.497139,-0.521502,2.481,2.5835
-0.489086,-0.521502,2.481,2.58196
-0.481034,-0.521502,2.481,2.58045
-0.472981,-0.521502,2.481,2.57896
-0.464928,-0.521502,2.481,2.5775
-0.456875,-0.521502,2.481,2.57606
-0.452079,-0.525286,2.499,2.59332
-0.443968,-0.525286,2.499,2.59192
-0.435857,-0.525286,2.499,2.59054
-0.427746,-0.525286,2.499,2.58919
-0.419634,-0.525286,2.499,2.58786
-0.411523,-0.525286,2.499,2.58656
-0.406318,-0.52907,2.517,2.6039
-0.398148,-0.52907,2.517,2.60264
-0.389979,-0.52907,2.517,2.6014
-0.381809,-0.52907,2.517,2.60019
-0.37646,-0.533063,2.536,2.61862
-0.370988,-0.537057,2.555,2.63706
-0.362695,-0.537057,2.555,2.63591
-0.357037,-0.541051,2.574,2.65437
-0.348683,-0.541051,2.574,2.65326
-0.340328,-0.541051,2.574,2.65218
-0.331974,-0.541051,2.574,2.65112
-0.323619,-0.541051,2.574,2.65008
-0.315265,-0.541051,2.574,2.64908
-0.30691,-0.541051,2.574,2.64809
-0.300759,-0.545045,2.593,2.66668
-0.292343,-0.545045,2.593,2.66574
-0.283927,-0.545045,2.593,2.66483
-0.275511,-0.545045,2.593,2.66395
-0.267094,-0.545045,2.593,2.66309
-0.258678,-0.545045,2.593,2.66226
-0.250262,-0.545045,2.593,2.66146
-0.243711,-0.549249,2.613,2.6812
-0.233429,-0.545045,2.593,2.65993
-0.225013,-0.545045,2.593,2.6592
-0.216597,-0.545045,2.593,2.6585
-0.208181,-0.545045,2.593,2.65783
-0.199764,-0.545045,2.593,2.65718
-0.191348,-0.545045,2.593,2.65656
-0.182932,-0.545045,2.593,2.65597
-0.174516,-0.545045,2.593,2.65541
-0.1661,-0.545045,2.593,2.65487
-0.157683,-0.545045,2.593,2.65435
-0.149267,-0.545045,2.593,2.65387
-0.140851,-0.545045,2.593,2.65341
-0.133456,-0.549249,2.613,2.67343
-0.124975,-0.549249,2.613,2.67302
-0.116494,-0.549249,2.613,2.67264
-0.108013,-0.549249,2.613,2.67229
-0.0987696,-0.545045,2.593,2.65151
-0.0903534,-0.545045,2.593,2.65121
-0.0825692,-0.549249,2.613,2.67138
-0.074088,-0.549249,2.613,2.67113
-0.0656069,-0.549249,2.613,2.67091
-0.0566885,-0.545045,2.593,2.65027
-0.0482722,-0.545045,2.593,2.6501
-0.039856,-0.545045,2.593,2.64996
-0.0316823,-0.549249,2.613,2.67029
-0.0232011,-0.549249,2.613,2.6702
-0.01472,-0.549249,2.613,2.67014
-0.00623883,-0.549249,2.613,2.67011
0.00224232,-0.549249,2.613,2.6701
0.0107235,-0.549249,2.613,2.67012
0.0190576,-0.545045,2.593,2.64973
0.0274739,-0.545045,2.593,2.64981
0.0358901,-0.545045,2.593,2.64991
0.0443063,-0.545045,2.593,2.65004
0.0523362,-0.541051,2.574,2.63077
0.0606908,-0.541051,2.574,2.63095
0.0690454,-0.541051,2.574,2.63116
0.0773999,-0.541051,2.574,2.63139
0.0857545,-0.541051,2.574,2.63165
0.0941091,-0.541051,2.574,2.63193
0.101707,-0.537057,2.555,2.61281
0.11,-0.537057,2.555,2.61315
0.118293,-0.537057,2.555,2.61351
0.126586,-0.537057,2.555,2.6139
0.133876,-0.533063,2.536,2.59487
0.142107,-0.533063,2.536,2.59531
0.150338,-0.533063,2.536,2.59578
0.15857,-0.533063,2.536,2.59627
0.166801,-0.533063,2.536,2.59678
0.175032,-0.533063,2.536,2.59732
0.183263,-0.533063,2.536,2.59789
0.191494,-0.533063,2.536,2.59848
0.199726,-0.533063,2.536,2.5991
0.207957,-0.533063,2.536,2.59975
0.216188,-0.533063,2.536,2.60042
0.224419,-0.533063,2.536,2.60112
0.232651,-0.533063,2.536,2.60184
0.240882,-0.533063,2.536,2.60259
0.250979,-0.537057,2.555,2.62287
0.259272,-0.537057,2.555,2.62368
0.267565,-0.537057,2.555,2.62451
0.275858,-0.537057,2.555,2.62537
0.284151,-0.537057,2.555,2.62625
0.292444,-0.537057,2.555,2.62716
0.300737,-0.537057,2.555,2.6281
0.30903,-0.537057,2.555,2.62906
0.317323,-0.537057,2.555,2.63005
0.325615,-0.537057,2.555,2.63106
0.333908,-0.537057,2.555,2.6321
0.342201,-0.537057,2.555,2.63316
0.350494,-0.537057,2.555,2.63426
0.358787,-0.537057,2.555,2.63537
0.36708,-0.537057,2.555,2.63651
0.375373,-0.537057,2.555,2.63768
0.383666,-0.537057,2.555,2.63887
0.391959,-0.537057,2.555,2.64009
0.400252,-0.537057,2.555,2.64134
0.408544,-0.537057,2.555,2.64261
0.416837,-0.537057,2.555,2.6439
0.42513,-0.537057,2.555,2.64522
0.433423,-0.537057,2.555,2.64657
0.441716,-0.537057,2.555,2.64794
0.450009,-0.537057,2.555,2.64933
0.458302,-0.537057,2.555,2.65075
0.466595,-0.537057,2.555,2.6522
0.474888,-0.537057,2.555,2.65367
0.48318,-0.537057,2.555,2.65517
0.495128,-0.541051,2.574,2.67645
0.503483,-0.541051,2.574,2.678
0.511837,-0.541051,2.574,2.67959
0.520192,-0.541051,2.574,2.6812
0.528546,-0.541051,2.574,2.68283
0.536901,-0.541051,2.574,2.68449
0.545256,-0.541051,2.574,2.68617
0.55361,-0.541051,2.574,2.68788
0.557817,-0.537057,2.555,2.66976
0.566109,-0.537057,2.555,2.6715
0.578674,-0.541051,2.574,2.69315
0.587028,-0.541051,2.574,2.69496
0.595383,-0.541051,2.574,2.69679
0.603738,-0.541051,2.574,2.69865
0.612092,-0.541051,2.574,2.70053
0.620447,-0.541051,2.574,2.70244
0.628801,-0.541051,2.574,2.70437
0.637156,-0.541051,2.574,2.70632
0.640746,-0.537057,2.555,2.68831
0.649038,-0.537057,2.555,2.6903
0.657331,-0.537057,2.555,2.69231
0.665624,-0.537057,2.555,2.69435
0.673917,-0.537057,2.555,2.69641
0.68221,-0.537057,2.555,2.69849
0.690503,-0.537057,2.555,2.7006
0.698796,-0.537057,2.555,2.70273
0.707089,-0.537057,2.555,2.70489
0.715382,-0.537057,2.555,2.70707
0.723674,-0.537057,2.555,2.70927
0.737411,-0.541051,2.574,2.73166
0.745765,-0.541051,2.574,2.73393
0.75412,-0.541051,2.574,2.73622
0.756846,-0.537057,2.555,2.71832
0.765139,-0.537057,2.555,2.72064
0.76768,-0.533063,2.536,2.70274
0.775912,-0.533063,2.536,2.70509
0.784143,-0.533063,2.536,2.70746
0.792374,-0.533063,2.536,2.70985
0.800605,-0.533063,2.536,2.71227
0.808836,-0.533063,2.536,2.71471
0.817068,-0.533063,2.536,2.71718
0.825299,-0.533063,2.536,2.71966
0.83353,-0.533063,2.536,2.72217
0.848068,-0.537057,2.555,2.74512
0.849993,-0.533063,2.536,2.72726
0.858224,-0.533063,2.536,2.72984
0.866455,-0.533063,2.536,2.73243
0.874686,-0.533063,2.536,2.73506
0.882918,-0.533063,2.536,2.7377
0.904502,-0.541051,2.574,2.78143
0.912856,-0.541051,2.574,2.78416
0.921211,-0.541051,2.574,2.78691
0.929566,-0.541051,2.574,2.78968
nan,nan,nan,NaN
nan,nan,nan,NaN
nan,nan,nan,NaN
nan,nan,nan,NaN
nan,nan,nan,NaN
nan,nan,nan,NaN
nan,nan,nan,NaN
nan,nan,nan,NaN
nan,nan,nan,NaN
nan,nan,nan,NaN
nan,nan,nan,NaN
nan,nan,nan,NaN
nan,nan,nan,NaN
nan,nan,nan,NaN
nan,nan,nan,NaN
nan,nan,nan,NaN
nan,nan,nan,NaN
nan,nan,nan,NaN
nan,nan,nan,NaN
nan,nan,nan,NaN
nan,nan,nan,NaN
nan,nan,nan,NaN
nan,nan,nan,NaN
nan,nan,nan,NaN
nan,nan,nan,NaN
nan,nan,nan,NaN
nan,nan,nan,NaN
nan,nan,nan,NaN
nan,nan,nan,NaN
nan,nan,nan,NaN
nan,nan,nan,NaN
nan,nan,nan,NaN
nan,nan,nan,NaN
nan,nan,nan,NaN
nan,nan,nan,NaN
1.50135,-0.660234,3.141,3.54342
1.51154,-0.660234,3.141,3.54775
1.52174,-0.660234,3.141,3.55211
1.53193,-0.660234,3.141,3.55649
1.55636,-0.666329,3.17,3.59377
1.56665,-0.666329,3.17,3.59824
1.57694,-0.666329,3.17,3.60273
1.58723,-0.666329,3.17,3.60724
1.59752,-0.666329,3.17,3.61178
1.60781,-0.666329,3.17,3.61634
nan,nan,nan,NaN
nan,nan,nan,NaN
nan,nan,nan,NaN
nan,nan,nan,NaN
nan,nan,nan,NaN
nan,nan,nan,NaN
nan,nan,nan,NaN
nan,nan,nan,NaN
nan,nan,nan,NaN
2.00805,-0.782149,3.721,4.29998
1.99841,-0.773741,3.681,4.25935
2.01036,-0.773741,3.681,4.26497
2.02231,-0.773741,3.681,4.27062
2.0127,-0.765543,3.642,4.23098
2.02452,-0.765543,3.642,4.23662
2.03634,-0.765543,3.642,4.24228
2.02679,-0.757555,3.604,4.20364
2.017,-0.749568,3.566,4.16491
2.02857,-0.749568,3.566,4.17053
2.04015,-0.749568,3.566,4.17617
2.03043,-0.741791,3.529,4.13845
2.04189,-0.741791,3.529,4.14408
2.03239,-0.734223,3.493,4.1074
2.04373,-0.734223,3.493,4.11302
2.05507,-0.734223,3.493,4.11867
2.0457,-0.726866,3.458,4.08301
2.03611,-0.71951,3.423,4.04726
2.04722,-0.71951,3.423,4.05287
2.03788,-0.712363,3.389,4.01818
2.02893,-0.705426,3.356,3.98459
2.02037,-0.6987,3.324,3.9521
2.03116,-0.6987,3.324,3.95762
2.00264,-0.685247,3.26,3.88686
1.99469,-0.678941,3.23,3.85651
2.00517,-0.678941,3.23,3.86194
1.97821,-0.666329,3.17,3.79555
1.95212,-0.654138,3.112,3.73138
1.96222,-0.654138,3.112,3.73668
1.95458,-0.648252,3.084,3.70832
1.94739,-0.642577,3.057,3.6811
1.95731,-0.642577,3.057,3.68636
1.94986,-0.636902,3.03,3.65903
1.94223,-0.631226,3.003,3.63163
1.95198,-0.631226,3.003,3.63685
1.92775,-0.620296,2.951,3.57902
1.88875,-0.604741,2.877,3.49431
1.89809,-0.604741,2.877,3.49937
1.89151,-0.599696,2.853,3.47521
1.86946,-0.589817,2.806,3.42292
1.86317,-0.584982,2.783,3.39981
1.8722,-0.584982,2.783,3.40477
1.86637,-0.580358,2.761,3.38279
1.84544,-0.571109,2.717,3.33375
-2.58138,-0.770075,3.721,4.59373
-2.5693,-0.770075,3.721,4.58696
-2.52974,-0.761797,3.681,4.53097
-2.49111,-0.753725,3.642,4.47637
-2.45342,-0.745861,3.604,4.42317
-2.44172,-0.745861,3.604,4.41669
-2.4044,-0.737997,3.566,4.36373
-2.39283,-0.737997,3.566,4.35737
-2.38126,-0.737997,3.566,4.35102
-2.36968,-0.737997,3.566,4.3447
-2.33364,-0.73034,3.529,4.29338
-2.32219,-0.73034,3.529,4.28717
-2.31073,-0.73034,3.529,4.28097
-2.29928,-0.73034,3.529,4.2748
-2.28782,-0.73034,3.529,4.26865
-2.25315,-0.722889,3.493,4.21904
-2.24181,-0.722889,3.493,4.213
-2.20812,-0.715646,3.458,4.16482
-2.1969,-0.715646,3.458,4.15888
-2.18568,-0.715646,3.458,4.15296
-2.17445,-0.715646,3.458,4.14707
-2.16323,-0.715646,3.458,4.14119
-2.13022,-0.708402,3.423,4.09348
-2.11911,-0.708402,3.423,4.08771
-2.108,-0.708402,3.423,4.08196
-2.07606,-0.701366,3.389,4.03575
-2.06506,-0.701366,3.389,4.0301
-2.05406,-0.701366,3.389,4.02448
-2.04306,-0.701366,3.389,4.01887
-2.03206,-0.701366,3.389,4.01329
nan,nan,nan,NaN
nan,nan,nan,NaN
nan,nan,nan,NaN
nan,nan,nan,NaN
nan,nan,nan,NaN
nan,nan,nan,NaN
nan,nan,nan,NaN
nan,nan,nan,NaN
nan,nan,nan,NaN
nan,nan,nan,NaN
nan,nan,nan,NaN
nan,nan,nan,NaN
nan,nan,nan,NaN
nan,nan,nan,NaN
nan,nan,nan,NaN
nan,nan,nan,NaN
nan,nan,nan,NaN
nan,nan,nan,NaN
nan,nan,nan,NaN
nan,nan,nan,NaN
nan,nan,nan,NaN
nan,nan,nan,NaN
nan,nan,nan,NaN
nan,nan,nan,NaN
nan,nan,nan,NaN
nan,nan,nan,NaN
nan,nan,nan,NaN
nan,nan,nan,NaN
nan,nan,nan,NaN
nan,nan,nan,NaN
nan,nan,nan,NaN
nan,nan,nan,NaN
nan,nan,nan,NaN
nan,nan,nan,NaN
nan,nan,nan,NaN
nan,nan,nan,NaN
nan,nan,nan,NaN
nan,nan,nan,NaN
nan,nan,nan,NaN
nan,nan,nan,NaN
nan,nan,nan,NaN
nan,nan,nan,NaN
nan,nan,nan,NaN
nan,nan,nan,NaN
nan,nan,nan,NaN
nan,nan,nan,NaN
nan,nan,nan,NaN
nan,nan,nan,NaN
nan,nan,nan,NaN
nan,nan,nan,NaN
nan,nan,nan,NaN
nan,nan,nan,NaN
nan,nan,nan,NaN
nan,nan,nan,NaN
nan,nan,nan,NaN
nan,nan,nan,NaN
nan,nan,nan,NaN
-1.02797,-0.517177,2.499,2.75122
-1.01986,-0.517177,2.499,2.7482
-1.01903,-0.520902,2.517,2.76497
-1.01087,-0.520902,2.517,2.76197
-1.0027,-0.520902,2.517,2.75899
-0.994526,-0.520902,2.517,2.75603
-0.986356,-0.520902,2.517,2.75309
-0.978187,-0.520902,2.517,2.75018
-0.96308,-0.517177,2.499,2.72764
-0.954969,-0.517177,2.499,2.72478
-0.940038,-0.513452,2.481,2.70234
-0.931985,-0.513452,2.481,2.69955
-0.923933,-0.513452,2.481,2.69678
-0.91588,-0.513452,2.481,2.69404
-0.907827,-0.513452,2.481,2.69131
-0.893246,-0.509727,2.463,2.6691
-0.885252,-0.509727,2.463,2.66643
-0.877258,-0.509727,2.463,2.66379
-0.875616,-0.513452,2.481,2.68062
-0.867564,-0.513452,2.481,2.678
-0.859511,-0.513452,2.481,2.6754
-0.851458,-0.513452,2.481,2.67282
-0.843405,-0.513452,2.481,2.67027
-0.835353,-0.513452,2.481,2.66773
-0.8273,-0.513452,2.481,2.66522
-0.819247,-0.513452,2.481,2.66274
-0.811195,-0.513452,2.481,2.66027
-0.803142,-0.513452,2.481,2.65782
-0.795089,-0.513452,2.481,2.6554
-0.787037,-0.513452,2.481,2.653
-0.778984,-0.513452,2.481,2.65062
-0.770931,-0.513452,2.481,2.64827
-0.768413,-0.517177,2.499,2.66513
-0.760302,-0.517177,2.499,2.66281
-0.752191,-0.517177,2.499,2.6605
-0.74408,-0.517177,2.499,2.65822
-0.735969,-0.517177,2.499,2.65596
-0.7331,-0.520902,2.517,2.67284
-0.724931,-0.520902,2.517,2.67061
-0.722172,-0.524835,2.536,2.68855
-0.71394,-0.524835,2.536,2.68635
-0.705709,-0.524835,2.536,2.68417
-0.697478,-0.524835,2.536,2.68202
-0.689247,-0.524835,2.536,2.67989
-0.681016,-0.524835,2.536,2.67778
-0.672784,-0.524835,2.536,2.6757
-0.664553,-0.524835,2.536,2.67365
-0.661239,-0.528767,2.555,2.69163
-0.652946,-0.528767,2.555,2.6896
-0.644653,-0.528767,2.555,2.6876
-0.631628,-0.524835,2.536,2.66565
-0.623397,-0.524835,2.536,2.66371
-0.615166,-0.524835,2.536,2.6618
-0.606935,-0.524835,2.536,2.65991
-0.598703,-0.524835,2.536,2.65804
-0.590472,-0.524835,2.536,2.6562
-0.582241,-0.524835,2.536,2.65438
-0.569709,-0.520902,2.517,2.63272
-0.561539,-0.520902,2.517,2.63096
-0.55337,-0.520902,2.517,2.62923
-0.541301,-0.517177,2.499,2.60873
-0.53319,-0.517177,2.499,2.60706
-0.525079,-0.517177,2.499,2.60541
-0.516968,-0.517177,2.499,2.60379
-0.505192,-0.513452,2.481,2.58345
-0.497139,-0.513452,2.481,2.58189
-0.489086,-0.513452,2.481,2.58035
-0.481034,-0.513452,2.481,2.57883
-0.472981,-0.513452,2.481,2.57734
-0.464928,-0.513452,2.481,2.57588
-0.456875,-0.513452,2.481,2.57444
-0.452079,-0.517177,2.499,2.59169
-0.443968,-0.517177,2.499,2.59029
-0.435857,-0.517177,2.499,2.58891
-0.427746,-0.517177,2.499,2.58755
-0.419634,-0.517177,2.499,2.58623
-0.411523,-0.517177,2.499,2.58492
-0.406318,-0.520902,2.517,2.60225
-0.398148,-0.520902,2.517,2.60099
-0.389979,-0.520902,2.517,2.59975
-0.381809,-0.520902,2.517,2.59854
-0.37646,-0.524835,2.536,2.61696
-0.368229,-0.524835,2.536,2.61579
-0.359998,-0.524835,2.536,2.61464
-0.351766,-0.524835,2.536,2.61352
-0.346109,-0.528767,2.555,2.632
-0.337816,-0.528767,2.555,2.63092
-0.329523,-0.528767,2.555,2.62987
-0.32123,-0.528767,2.555,2.62884
-0.312937,-0.528767,2.555,2.62784
-0.304645,-0.528767,2.555,2.62687
-0.296352,-0.528767,2.555,2.62592
-0.288059,-0.528767,2.555,2.62499
-0.281846,-0.532699,2.574,2.64361
-0.273492,-0.532699,2.574,2.64273
-0.265137,-0.532699,2.574,2.64188
-0.256783,-0.532699,2.574,2.64106
-0.248428,-0.532699,2.574,2.64026
-0.240074,-0.532699,2.574,2.63948
-0.231719,-0.532699,2.574,2.63874
-0.223364,-0.532699,2.574,2.63802
-0.21501,-0.532699,2.574,2.63732
-0.206655,-0.532699,2.574,2.63666
-0.198301,-0.532699,2.574,2.63601
-0.189946,-0.532699,2.574,2.6354
-0.181592,-0.532699,2.574,2.63481
-0.173237,-0.532699,2.574,2.63425
-0.164882,-0.532699,2.574,2.63371
-0.156528,-0.532699,2.574,2.6332
-0.148173,-0.532699,2.574,2.63272
-0.139819,-0.532699,2.574,2.63226
-0.131464,-0.532699,2.574,2.63183
-0.12311,-0.532699,2.574,2.63143
-0.114755,-0.532699,2.574,2.63105
-0.1064,-0.532699,2.574,2.6307
-0.0980459,-0.532699,2.574,2.63037
-0.0896914,-0.532699,2.574,2.63007
-0.0819372,-0.536631,2.593,2.64921
-0.073521,-0.536631,2.593,2.64897
-0.0651047,-0.536631,2.593,2.64875
-0.0562731,-0.532699,2.574,2.62915
-0.0479185,-0.532699,2.574,2.62898
-0.039564,-0.532699,2.574,2.62884
-0.0314398,-0.536631,2.593,2.64813
-0.0230235,-0.536631,2.593,2.64805
-0.0146073,-0.536631,2.593,2.64799
-0.00619107,-0.536631,2.593,2.64795
0.00222516,-0.536631,2.593,2.64795
0.0106414,-0.536631,2.593,2.64797
0.0190576,-0.536631,2.593,2.64802
0.0272725,-0.532699,2.574,2.62869
0.0356271,-0.532699,2.574,2.62879
0.0439817,-0.532699,2.574,2.62891
0.0523362,-0.532699,2.574,2.62907
0.0606908,-0.532699,2.574,2.62924
0.0685357,-0.528767,2.555,2.61004
0.0768286,-0.528767,2.555,2.61027
0.0851215,-0.528767,2.555,2.61053
0.0934144,-0.528767,2.555,2.61081
0.100951,-0.524835,2.536,2.59171
0.109182,-0.524835,2.536,2.59204
0.117413,-0.524835,2.536,2.5924
0.125645,-0.524835,2.536,2.59278
0.133876,-0.524835,2.536,2.5932
0.142107,-0.524835,2.536,2.59363
0.150338,-0.524835,2.536,2.5941
0.15857,-0.524835,2.536,2.59459
0.166801,-0.524835,2.536,2.5951
0.175032,-0.524835,2.536,2.59565
0.183263,-0.524835,2.536,2.59622
0.191494,-0.524835,2.536,2.59681
0.199726,-0.524835,2.536,2.59743
0.207957,-0.524835,2.536,2.59807
0.216188,-0.524835,2.536,2.59875
0.224419,-0.524835,2.536,2.59944
0.232651,-0.524835,2.536,2.60017
0.240882,-0.524835,2.536,2.60092
0.250979,-0.528767,2.555,2.62118
0.259272,-0.528767,2.555,2.62199
0.265575,-0.524835,2.536,2.60332
0.273807,-0.524835,2.536,2.60417
0.282038,-0.524835,2.536,2.60505
0.290269,-0.524835,2.536,2.60596
0.300737,-0.528767,2.555,2.62642
0.30903,-0.528767,2.555,2.62738
0.314963,-0.524835,2.536,2.60882
0.323194,-0.524835,2.536,2.60983
0.331425,-0.524835,2.536,2.61086
0.339657,-0.524835,2.536,2.61192
0.350494,-0.528767,2.555,2.63258
0.358787,-0.528767,2.555,2.63369
0.36708,-0.528767,2.555,2.63484
0.375373,-0.528767,2.555,2.63601
0.383666,-0.528767,2.555,2.6372
0.391959,-0.528767,2.555,2.63842
0.400252,-0.528767,2.555,2.63966
0.408544,-0.528767,2.555,2.64093
0.416837,-0.528767,2.555,2.64223
0.42513,-0.528767,2.555,2.64355
0.433423,-0.528767,2.555,2.6449
0.441716,-0.528767,2.555,2.64627
0.450009,-0.528767,2.555,2.64766
0.458302,-0.528767,2.555,2.64909
0.466595,-0.528767,2.555,2.65053
0.474888,-0.528767,2.555,2.65201
0.48318,-0.528767,2.555,2.6535
0.491473,-0.528767,2.555,2.65503
0.499766,-0.528767,2.555,2.65657
0.508059,-0.528767,2.555,2.65815
0.516352,-0.528767,2.555,2.65974
0.524645,-0.528767,2.555,2.66137
0.532938,-0.528767,2.555,2.66301
0.541231,-0.528767,2.555,2.66469
0.549524,-0.528767,2.555,2.66638
0.557817,-0.528767,2.555,2.6681
0.566109,-0.528767,2.555,2.66985
0.578674,-0.532699,2.574,2.69149
0.587028,-0.532699,2.574,2.6933
0.595383,-0.532699,2.574,2.69513
0.603738,-0.532699,2.574,2.69699
0.612092,-0.532699,2.574,2.69887
0.620447,-0.532699,2.574,2.70078
0.628801,-0.532699,2.574,2.70271
0.637156,-0.532699,2.574,2.70466
0.640746,-0.528767,2.555,2.68667
0.649038,-0.528767,2.555,2.68866
0.657331,-0.528767,2.555,2.69067
0.665624,-0.528767,2.555,2.69271
0.673917,-0.528767,2.555,2.69477
0.68221,-0.528767,2.555,2.69686
0.690503,-0.528767,2.555,2.69897
0.698796,-0.528767,2.555,2.7011
0.707089,-0.528767,2.555,2.70326
0.715382,-0.528767,2.555,2.70544
0.723674,-0.528767,2.555,2.70764
0.731967,-0.528767,2.555,2.70987
0.74026,-0.528767,2.555,2.71212
0.748553,-0.528767,2.555,2.7144
0.756846,-0.528767,2.555,2.7167
0.765139,-0.528767,2.555,2.71902
0.76768,-0.524835,2.536,2.70113
0.775912,-0.524835,2.536,2.70348
0.784143,-0.524835,2.536,2.70585
0.792374,-0.524835,2.536,2.70825
0.800605,-0.524835,2.536,2.71067
0.802777,-0.520902,2.517,2.69278
0.810946,-0.520902,2.517,2.69523
0.819116,-0.520902,2.517,2.6977
0.83353,-0.524835,2.536,2.72057
0.848068,-0.528767,2.555,2.74351
0.849993,-0.524835,2.536,2.72566
0.858224,-0.524835,2.536,2.72824
0.866455,-0.524835,2.536,2.73084
0.874686,-0.524835,2.536,2.73346
0.882918,-0.524835,2.536,2.73611
nan,nan,nan,NaN
nan,nan,nan,NaN
nan,nan,nan,NaN
nan,nan,nan,NaN
nan,nan,nan,NaN
nan,nan,nan,NaN
nan,nan,nan,NaN
nan,nan,nan,NaN
nan,nan,nan,NaN
nan,nan,nan,NaN
nan,nan,nan,NaN
nan,nan,nan,NaN
nan,nan,nan,NaN
nan,nan,nan,NaN
nan,nan,nan,NaN
nan,nan,nan,NaN
nan,nan,nan,NaN
nan,nan,nan,NaN
nan,nan,nan,NaN
nan,nan,nan,NaN
nan,nan,nan,NaN
nan,nan,nan,NaN
nan,nan,nan,NaN
nan,nan,nan,NaN
nan,nan,nan,NaN
nan,nan,nan,NaN
nan,nan,nan,NaN
nan,nan,nan,NaN
nan,nan,nan,NaN
nan,nan,nan,NaN
nan,nan,nan,NaN
nan,nan,nan,NaN
nan,nan,nan,NaN
nan,nan,nan,NaN
nan,nan,nan,NaN
nan,nan,nan,NaN
nan,nan,nan,NaN
nan,nan,nan,NaN
nan,nan,nan,NaN
1.50135,-0.650042,3.141,3.54154
1.51154,-0.650042,3.141,3.54587
1.52174,-0.650042,3.141,3.55023
1.54608,-0.656043,3.17,3.58743
1.55636,-0.656043,3.17,3.59187
1.56665,-0.656043,3.17,3.59634
1.57694,-0.656043,3.17,3.60084
1.58723,-0.656043,3.17,3.60536
1.59752,-0.656043,3.17,3.6099
1.60781,-0.656043,3.17,3.61446
nan,nan,nan,NaN
nan,nan,nan,NaN
nan,nan,nan,NaN
nan,nan,nan,NaN
nan,nan,nan,NaN
nan,nan,nan,NaN
nan,nan,nan,NaN
nan,nan,nan,NaN
nan,nan,nan,NaN
2.00805,-0.770075,3.721,4.2978
1.99841,-0.761797,3.681,4.2572
2.01036,-0.761797,3.681,4.26282
2.02231,-0.761797,3.681,4.26847
2.0127,-0.753725,3.642,4.22886
2.02452,-0.753725,3.642,4.2345
2.03634,-0.753725,3.642,4.24016
2.02679,-0.745861,3.604,4.20155
2.017,-0.737997,3.566,4.16284
2.02857,-0.737997,3.566,4.16846
2.04015,-0.737997,3.566,4.17411
2.03043,-0.73034,3.529,4.13641
2.04189,-0.73034,3.529,4.14205
2.03239,-0.722889,3.493,4.10539
2.04373,-0.722889,3.493,4.11102
2.05507,-0.722889,3.493,4.11666
2.0457,-0.715646,3.458,4.08103
2.03611,-0.708402,3.423,4.0453
2.04722,-0.708402,3.423,4.05091
2.03788,-0.701366,3.389,4.01624
2.02893,-0.694537,3.356,3.98267
2.02037,-0.687914,3.324,3.9502
2.03116,-0.687914,3.324,3.95573
2.00264,-0.674669,3.26,3.88501
1.99469,-0.66846,3.23,3.85468
2.00517,-0.66846,3.23,3.86011
1.97821,-0.656043,3.17,3.79376
1.95212,-0.64404,3.112,3.72963
1.96222,-0.64404,3.112,3.73492
1.95458,-0.638245,3.084,3.70659
1.94739,-0.632657,3.057,3.67938
1.95731,-0.632657,3.057,3.68464
1.94986,-0.62707,3.03,3.65733
1.94223,-0.621482,3.003,3.62995
1.95198,-0.621482,3.003,3.63517
1.92775,-0.61072,2.951,3.57738
1.88875,-0.595406,2.877,3.49271
1.89809,-0.595406,2.877,3.49777
1.89151,-0.590439,2.853,3.47362
1.86946,-0.580712,2.806,3.42137
1.86317,-0.575952,2.783,3.39827
1.8722,-0.575952,2.783,3.40323
1.86637,-0.571399,2.761,3.38126
1.84544,-0.562293,2.717,3.33225
-2.55363,-0.749852,3.681,4.54236
-2.54168,-0.749852,3.681,4.53566
-2.50293,-0.741908,3.642,4.48099
-2.49111,-0.741908,3.642,4.4744
-2.45342,-0.734167,3.604,4.42121
-2.44172,-0.734167,3.604,4.41473
-2.4044,-0.726426,3.566,4.36179
-2.39283,-0.726426,3.566,4.35542
-2.38126,-0.726426,3.566,4.34907
-2.36968,-0.726426,3.566,4.34275
-2.35811,-0.726426,3.566,4.33644
-2.34653,-0.726426,3.566,4.33016
-2.33496,-0.726426,3.566,4.3239
-2.29928,-0.718889,3.529,4.27286
-2.28782,-0.718889,3.529,4.26671
-2.27637,-0.718889,3.529,4.26058
-2.24181,-0.711555,3.493,4.21107
-2.23047,-0.711555,3.493,4.20504
-2.21914,-0.711555,3.493,4.19904
-2.18568,-0.704425,3.458,4.15104
-2.17445,-0.704425,3.458,4.14514
-2.16323,-0.704425,3.458,4.13927
-2.13022,-0.697295,3.423,4.09158
-2.11911,-0.697295,3.423,4.0858
-2.108,-0.697295,3.423,4.08005
-2.09689,-0.697295,3.423,4.07432
-2.06506,-0.690369,3.389,4.0282
-2.03406,-0.683647,3.356,3.98341
-2.02317,-0.683647,3.356,3.97785
-2.01228,-0.683647,3.356,3.97233
nan,nan,nan,NaN
nan,nan,nan,NaN
nan,nan,nan,NaN
nan,nan,nan,NaN
nan,nan,nan,NaN
nan,nan,nan,NaN
nan,nan,nan,NaN
nan,nan,nan,NaN
nan,nan,nan,NaN
nan,nan,nan,NaN
nan,nan,nan,NaN
nan,nan,nan,NaN
nan,nan,nan,NaN
nan,nan,nan,NaN
nan,nan,nan,NaN
nan,nan,nan,NaN
nan,nan,nan,NaN
nan,nan,nan,NaN
nan,nan,nan,NaN
nan,nan,nan,NaN
nan,nan,nan,NaN
nan,nan,nan,NaN
nan,nan,nan,NaN
nan,nan,nan,NaN
nan,nan,nan,NaN
nan,nan,nan,NaN
nan,nan,nan,NaN
nan,nan,nan,NaN
nan,nan,nan,NaN
nan,nan,nan,NaN
nan,nan,nan,NaN
nan,nan,nan,NaN
nan,nan,nan,NaN
nan,nan,nan,NaN
nan,nan,nan,NaN
nan,nan,nan,NaN
nan,nan,nan,NaN
nan,nan,nan,NaN
nan,nan,nan,NaN
nan,nan,nan,NaN
nan,nan,nan,NaN
nan,nan,nan,NaN
nan,nan,nan,NaN
nan,nan,nan,NaN
nan,nan,nan,NaN
nan,nan,nan,NaN
nan,nan,nan,NaN
nan,nan,nan,NaN
nan,nan,nan,NaN
nan,nan,nan,NaN
nan,nan,nan,NaN
nan,nan,nan,NaN
nan,nan,nan,NaN
nan,nan,nan,NaN
nan,nan,nan,NaN
nan,nan,nan,NaN
nan,nan,nan,NaN
-1.02797,-0.509068,2.499,2.7497
-1.01986,-0.509068,2.499,2.74668
-1.01903,-0.512735,2.517,2.76344
-1.01087,-0.512735,2.517,2.76044
-1.0027,-0.512735,2.517,2.75746
-0.994526,-0.512735,2.517,2.7545
-0.986356,-0.512735,2.517,2.75156
-0.978187,-0.512735,2.517,2.74864
-0.96308,-0.509068,2.499,2.72611
-0.954969,-0.509068,2.499,2.72326
-0.940038,-0.505402,2.481,2.70083
-0.931985,-0.505402,2.481,2.69803
-0.923933,-0.505402,2.481,2.69526
-0.91588,-0.505402,2.481,2.69251
-0.907827,-0.505402,2.481,2.68979
-0.893246,-0.501735,2.463,2.66758
-0.885252,-0.501735,2.463,2.66492
-0.877258,-0.501735,2.463,2.66227
-0.869264,-0.501735,2.463,2.65965
-0.861269,-0.501735,2.463,2.65705
-0.853275,-0.501735,2.463,2.65447
-0.845281,-0.501735,2.463,2.65191
-0.837286,-0.501735,2.463,2.64937
-0.829292,-0.501735,2.463,2.64685
-0.821298,-0.501735,2.463,2.64436
-0.813304,-0.501735,2.463,2.64189
-0.805309,-0.501735,2.463,2.63944
-0.797315,-0.501735,2.463,2.63701
-0.789321,-0.501735,2.463,2.6346
-0.781326,-0.501735,2.463,2.63222
-0.773332,-0.501735,2.463,2.62986
-0.765338,-0.501735,2.463,2.62752
-0.762878,-0.505402,2.481,2.64439
-0.754826,-0.505402,2.481,2.64207
-0.746773,-0.505402,2.481,2.63978
-0.74408,-0.509068,2.499,2.65665
-0.735969,-0.509068,2.499,2.65439
-0.727858,-0.509068,2.499,2.65216
-0.719746,-0.509068,2.499,2.64994
-0.716761,-0.512735,2.517,2.66682
-0.708592,-0.512735,2.517,2.66464
-0.700422,-0.512735,2.517,2.66248
-0.692252,-0.512735,2.517,2.66034
-0.684083,-0.512735,2.517,2.65822
-0.675913,-0.512735,2.517,2.65613
-0.672784,-0.516606,2.536,2.6741
-0.664553,-0.516606,2.536,2.67204
-0.656322,-0.516606,2.536,2.67001
-0.648091,-0.516606,2.536,2.668
-0.639859,-0.516606,2.536,2.66601
-0.631628,-0.516606,2.536,2.66404
-0.618726,-0.512735,2.517,2.64216
-0.610557,-0.512735,2.517,2.64026
-0.602387,-0.512735,2.517,2.63838
-0.594218,-0.512735,2.517,2.63653
-0.586048,-0.512735,2.517,2.6347
-0.577879,-0.512735,2.517,2.63289
-0.569709,-0.512735,2.517,2.63111
-0.561539,-0.512735,2.517,2.62936
-0.549413,-0.509068,2.499,2.60883
-0.541301,-0.509068,2.499,2.60714
-0.52935,-0.505402,2.481,2.5867
-0.521297,-0.505402,2.481,2.58506
-0.513244,-0.505402,2.481,2.58345
-0.505192,-0.505402,2.481,2.58186
-0.497139,-0.505402,2.481,2.5803
-0.485538,-0.501735,2.463,2.56005
-0.477544,-0.501735,2.463,2.55855
-0.469549,-0.501735,2.463,2.55707
-0.461555,-0.501735,2.463,2.55561
-0.453561,-0.501735,2.463,2.55418
-0.448823,-0.505402,2.481,2.57143
-0.44077,-0.505402,2.481,2.57003
-0.432717,-0.505402,2.481,2.56866
-0.424665,-0.505402,2.481,2.56732
-0.419634,-0.509068,2.499,2.58462
-0.411523,-0.509068,2.499,2.58331
-0.403412,-0.509068,2.499,2.58203
-0.395301,-0.509068,2.499,2.58078
-0.38719,-0.509068,2.499,2.57955
-0.381809,-0.512735,2.517,2.59691
-0.37364,-0.512735,2.517,2.59573
-0.36547,-0.512735,2.517,2.59456
-0.357301,-0.512735,2.517,2.59342
-0.351766,-0.516606,2.536,2.61188
-0.343535,-0.516606,2.536,2.61078
-0.335304,-0.516606,2.536,2.60971
-0.327073,-0.516606,2.536,2.60867
-0.318842,-0.516606,2.536,2.60765
-0.31061,-0.516606,2.536,2.60666
-0.302379,-0.516606,2.536,2.60569
-0.294148,-0.516606,2.536,2.60475
-0.285917,-0.516606,2.536,2.60383
-0.277685,-0.516606,2.536,2.60294
-0.269454,-0.516606,2.536,2.60207
-0.261223,-0.516606,2.536,2.60123
-0.252992,-0.516606,2.536,2.60042
-0.244761,-0.516606,2.536,2.59963
-0.236529,-0.516606,2.536,2.59887
-0.228298,-0.516606,2.536,2.59813
-0.220067,-0.516606,2.536,2.59742
-0.211836,-0.516606,2.536,2.59674
-0.203604,-0.516606,2.536,2.59608
-0.195373,-0.516606,2.536,2.59545
-0.187142,-0.516606,2.536,2.59484
-0.180251,-0.520476,2.555,2.6137
-0.171958,-0.520476,2.555,2.61314
-0.163665,-0.520476,2.555,2.61261
-0.155372,-0.520476,2.555,2.6121
-0.14708,-0.520476,2.555,2.61162
-0.138787,-0.520476,2.555,2.61117
-0.130494,-0.520476,2.555,2.61074
-0.122201,-0.520476,2.555,2.61034
-0.113908,-0.520476,2.555,2.60996
-0.105615,-0.520476,2.555,2.60961
-0.0973222,-0.520476,2.555,2.60929
-0.0890293,-0.520476,2.555,2.60899
-0.0813368,-0.524347,2.574,2.62812
-0.0729822,-0.524347,2.574,2.62788
-0.0646277,-0.524347,2.574,2.62766
-0.0562731,-0.524347,2.574,2.62747
-0.0479185,-0.524347,2.574,2.6273
-0.039564,-0.524347,2.574,2.62716
-0.0312094,-0.524347,2.574,2.62705
-0.0228548,-0.524347,2.574,2.62696
-0.0145003,-0.524347,2.574,2.6269
-0.00614571,-0.524347,2.574,2.62687
0.00219255,-0.520476,2.555,2.60747
0.0104854,-0.520476,2.555,2.6075
0.0187783,-0.520476,2.555,2.60754
0.0270712,-0.520476,2.555,2.60761
0.0353641,-0.520476,2.555,2.60771
0.043657,-0.520476,2.555,2.60784
0.0515636,-0.516606,2.536,2.5886
0.0597948,-0.516606,2.536,2.58877
0.0680261,-0.516606,2.536,2.58898
0.0762573,-0.516606,2.536,2.58921
0.0844885,-0.516606,2.536,2.58946
0.0927197,-0.516606,2.536,2.58974
0.100951,-0.516606,2.536,2.59005
0.109182,-0.516606,2.536,2.59039
0.117413,-0.516606,2.536,2.59075
0.124703,-0.512735,2.517,2.57172
0.132873,-0.512735,2.517,2.57213
0.141042,-0.512735,2.517,2.57256
0.149212,-0.512735,2.517,2.57302
0.157382,-0.512735,2.517,2.57351
0.165551,-0.512735,2.517,2.57402
0.173721,-0.512735,2.517,2.57456
0.18189,-0.512735,2.517,2.57513
0.19006,-0.512735,2.517,2.57572
0.199726,-0.516606,2.536,2.59578
0.207957,-0.516606,2.536,2.59643
0.216188,-0.516606,2.536,2.5971
0.224419,-0.516606,2.536,2.5978
0.232651,-0.516606,2.536,2.59852
0.240882,-0.516606,2.536,2.59927
0.249113,-0.516606,2.536,2.60005
0.257344,-0.516606,2.536,2.60085
0.265575,-0.516606,2.536,2.60167
0.273807,-0.516606,2.536,2.60253
0.282038,-0.516606,2.536,2.60341
0.290269,-0.516606,2.536,2.60431
0.2985,-0.516606,2.536,2.60524
0.30903,-0.520476,2.555,2.62572
0.314963,-0.516606,2.536,2.60718
0.323194,-0.516606,2.536,2.60819
0.331425,-0.516606,2.536,2.60922
0.339657,-0.516606,2.536,2.61028
0.350494,-0.520476,2.555,2.63093
0.358787,-0.520476,2.555,2.63204
0.36708,-0.520476,2.555,2.63319
0.375373,-0.520476,2.555,2.63435
0.383666,-0.520476,2.555,2.63555
0.391959,-0.520476,2.555,2.63677
0.400252,-0.520476,2.555,2.63801
0.408544,-0.520476,2.555,2.63929
0.416837,-0.520476,2.555,2.64058
0.42513,-0.520476,2.555,2.6419
0.433423,-0.520476,2.555,2.64325
0.441716,-0.520476,2.555,2.64462
0.450009,-0.520476,2.555,2.64602
0.458302,-0.520476,2.555,2.64744
0.466595,-0.520476,2.555,2.64889
0.474888,-0.520476,2.555,2.65037
0.48318,-0.520476,2.555,2.65186
0.491473,-0.520476,2.555,2.65339
0.499766,-0.520476,2.555,2.65494
0.508059,-0.520476,2.555,2.65651
0.516352,-0.520476,2.555,2.65811
0.524645,-0.520476,2.555,2.65973
0.532938,-0.520476,2.555,2.66138
0.541231,-0.520476,2.555,2.66305
0.549524,-0.520476,2.555,2.66475
0.557817,-0.520476,2.555,2.66647
0.566109,-0.520476,2.555,2.66822
0.578674,-0.524347,2.574,2.68985
0.587028,-0.524347,2.574,2.69166
0.595383,-0.524347,2.574,2.69349
0.603738,-0.524347,2.574,2.69535
0.612092,-0.524347,2.574,2.69723
0.620447,-0.524347,2.574,2.69914
0.628801,-0.524347,2.574,2.70108
0.637156,-0.524347,2.574,2.70303
0.640746,-0.520476,2.555,2.68505
0.649038,-0.520476,2.555,2.68704
0.657331,-0.520476,2.555,2.68905
0.665624,-0.520476,2.555,2.69109
0.673917,-0.520476,2.555,2.69316
0.68221,-0.520476,2.555,2.69524
0.690503,-0.520476,2.555,2.69735
0.698796,-0.520476,2.555,2.69949
0.707089,-0.520476,2.555,2.70165
0.715382,-0.520476,2.555,2.70383
0.723674,-0.520476,2.555,2.70603
0.731967,-0.520476,2.555,2.70826
0.74026,-0.520476,2.555,2.71052
0.748553,-0.520476,2.555,2.71279
0.756846,-0.520476,2.555,2.71509
0.765139,-0.520476,2.555,2.71742
0.76768,-0.516606,2.536,2.69954
0.775912,-0.516606,2.536,2.70189
0.784143,-0.516606,2.536,2.70427
0.792374,-0.516606,2.536,2.70666
0.800605,-0.516606,2.536,2.70909
0.802777,-0.512735,2.517,2.69121
0.810946,-0.512735,2.517,2.69366
0.819116,-0.512735,2.517,2.69613
0.827285,-0.512735,2.517,2.69863
0.841761,-0.516606,2.536,2.72153
0.843624,-0.512735,2.517,2.70368
0.851794,-0.512735,2.517,2.70624
0.859963,-0.512735,2.517,2.70882
0.868133,-0.512735,2.517,2.71143
0.876303,-0.512735,2.517,2.71405
0.884472,-0.512735,2.517,2.7167
0.892642,-0.512735,2.517,2.71937
0.900811,-0.512735,2.517,2.72207
nan,nan,nan,NaN
nan,nan,nan,NaN
nan,nan,nan,NaN
nan,nan,nan,NaN
nan,nan,nan,NaN
nan,nan,nan,NaN
nan,nan,nan,NaN
nan,nan,nan,NaN
nan,nan,nan,NaN
nan,nan,nan,NaN
nan,nan,nan,NaN
nan,nan,nan,NaN
nan,nan,nan,NaN
nan,nan,nan,NaN
nan,nan,nan,NaN
nan,nan,nan,NaN
nan,nan,nan,NaN
nan,nan,nan,NaN
nan,nan,nan,NaN
nan,nan,nan,NaN
nan,nan,nan,NaN
nan,nan,nan,NaN
nan,nan,nan,NaN
nan,nan,nan,NaN
nan,nan,nan,NaN
nan,nan,nan,NaN
nan,nan,nan,NaN
nan,nan,nan,NaN
nan,nan,nan,NaN
nan,nan,nan,NaN
nan,nan,nan,NaN
nan,nan,nan,NaN
1.44708,-0.633942,3.112,3.49005
1.45718,-0.633942,3.112,3.49425
nan,nan,nan,NaN
1.49115,-0.63985,3.141,3.53537
1.50135,-0.63985,3.141,3.53968
1.51154,-0.63985,3.141,3.54402
1.52174,-0.63985,3.141,3.54838
1.54608,-0.645757,3.17,3.58556
1.55636,-0.645757,3.17,3.59001
1.56665,-0.645757,3.17,3.59448
1.57694,-0.645757,3.17,3.59898
1.58723,-0.645757,3.17,3.6035
1.59752,-0.645757,3.17,3.60804
1.60781,-0.645757,3.17,3.61261
1.6181,-0.645757,3.17,3.6172
nan,nan,nan,NaN
nan,nan,nan,NaN
nan,nan,nan,NaN
nan,nan,nan,NaN
nan,nan,nan,NaN
nan,nan,nan,NaN
nan,nan,nan,NaN
nan,nan,nan,NaN
2.00805,-0.758001,3.721,4.29566
1.99841,-0.749852,3.681,4.25508
2.01036,-0.749852,3.681,4.2607
2.02231,-0.749852,3.681,4.26635
2.03425,-0.749852,3.681,4.27203
2.02452,-0.741908,3.642,4.23241
2.03634,-0.741908,3.642,4.23808
2.02679,-0.734167,3.604,4.19949
2.017,-0.726426,3.566,4.16081
2.02857,-0.726426,3.566,4.16643
2.04015,-0.726426,3.566,4.17208
2.03043,-0.718889,3.529,4.1344
2.04189,-0.718889,3.529,4.14004
2.03239,-0.711555,3.493,4.10341
2.04373,-0.711555,3.493,4.10904
2.05507,-0.711555,3.493,4.11469
2.0457,-0.704425,3.458,4.07908
2.03611,-0.697295,3.423,4.04337
2.02688,-0.690369,3.389,4.00876
2.03788,-0.690369,3.389,4.01434
2.02893,-0.683647,3.356,3.98079
2.02037,-0.677128,3.324,3.94834
2.03116,-0.677128,3.324,3.95387
2.02229,-0.67061,3.292,3.92131
2.01322,-0.664091,3.26,3.88866
2.0238,-0.664091,3.26,3.89415
1.97821,-0.645757,3.17,3.792
1.95212,-0.633942,3.112,3.7279
1.96222,-0.633942,3.112,3.73319
1.95458,-0.628238,3.084,3.70488
1.94739,-0.622738,3.057,3.67769
1.95731,-0.622738,3.057,3.68295
1.94986,-0.617238,3.03,3.65566
1.94223,-0.611738,3.003,3.62829
1.95198,-0.611738,3.003,3.63352
1.92775,-0.601145,2.951,3.57575
1.90451,-0.590959,2.901,3.52025
1.91392,-0.590959,2.901,3.52536
1.90743,-0.58607,2.877,3.50127
1.90077,-0.581181,2.853,3.47711
1.89397,-0.576292,2.829,3.45289
1.90315,-0.576292,2.829,3.45794
1.88124,-0.566922,2.783,3.40669
1.87533,-0.56244,2.761,3.38472
-2.55363,-0.737908,3.681,4.54041
-2.54168,-0.737908,3.681,4.5337
-2.50293,-0.73009,3.642,4.47905
-2.49111,-0.73009,3.642,4.47245
-2.45342,-0.722472,3.604,4.41928
-2.44172,-0.722472,3.604,4.4128
-2.43003,-0.722472,3.604,4.40634
-2.39283,-0.714855,3.566,4.35351
-2.38126,-0.714855,3.566,4.34715
-2.36968,-0.714855,3.566,4.34083
-2.35811,-0.714855,3.566,4.33452
-2.34653,-0.714855,3.566,4.32823
-2.33496,-0.714855,3.566,4.32197
-2.32338,-0.714855,3.566,4.31573
-2.31181,-0.714855,3.566,4.30951
-2.27637,-0.707438,3.529,4.25866
-2.26491,-0.707438,3.529,4.25255
-2.23047,-0.700221,3.493,4.20314
-2.21914,-0.700221,3.493,4.19713
-2.2078,-0.700221,3.493,4.19115
-2.19646,-0.700221,3.493,4.18519
-2.18512,-0.700221,3.493,4.17925
-2.152,-0.693205,3.458,4.13152
-2.11911,-0.686188,3.423,4.08392
-2.108,-0.686188,3.423,4.07817
-2.09689,-0.686188,3.423,4.07244
-2.06506,-0.679373,3.389,4.02633
-2.03406,-0.672757,3.356,3.98155
-2.02317,-0.672757,3.356,3.976
-2.01228,-0.672757,3.356,3.97047
nan,nan,nan,NaN
nan,nan,nan,NaN
nan,nan,nan,NaN
nan,nan,nan,NaN
nan,nan,nan,NaN
nan,nan,nan,NaN
nan,nan,nan,NaN
nan,nan,nan,NaN
nan,nan,nan,NaN
nan,nan,nan,NaN
nan,nan,nan,NaN
nan,nan,nan,NaN
nan,nan,nan,NaN
nan,nan,nan,NaN
nan,nan,nan,NaN
nan,nan,nan,NaN
nan,nan,nan,NaN
nan,nan,nan,NaN
nan,nan,nan,NaN
nan,nan,nan,NaN
nan,nan,nan,NaN
nan,nan,nan,NaN
nan,nan,nan,NaN
nan,nan,nan,NaN
nan,nan,nan,NaN
nan,nan,nan,NaN
nan,nan,nan,NaN
nan,nan,nan,NaN
nan,nan,nan,NaN
nan,nan,nan,NaN
nan,nan,nan,NaN
nan,nan,nan,NaN
nan,nan,nan,NaN
nan,nan,nan,NaN
nan,nan,nan,NaN
nan,nan,nan,NaN
nan,nan,nan,NaN
nan,nan,nan,NaN
nan,nan,nan,NaN
nan,nan,nan,NaN
nan,nan,nan,NaN
nan,nan,nan,NaN
nan,nan,nan,NaN
nan,nan,nan,NaN
nan,nan,nan,NaN
nan,nan,nan,NaN
nan,nan,nan,NaN
nan,nan,nan,NaN
nan,nan,nan,NaN
nan,nan,nan,NaN
nan,nan,nan,NaN
nan,nan,nan,NaN
nan,nan,nan,NaN
nan,nan,nan,NaN
-1.03714,-0.493743,2.463,2.71769
-1.02915,-0.493743,2.463,2.71465
-1.02116,-0.493743,2.463,2.71162
-1.01316,-0.493743,2.463,2.70862
-1.01251,-0.497351,2.481,2.72542
-1.00446,-0.497351,2.481,2.72244
-0.996407,-0.497351,2.481,2.71948
-0.988354,-0.497351,2.481,2.71654
-0.980302,-0.497351,2.481,2.71362
-0.972249,-0.497351,2.481,2.71072
-0.964196,-0.497351,2.481,2.70784
-0.949206,-0.493743,2.463,2.68536
-0.941212,-0.493743,2.463,2.68254
-0.933218,-0.493743,2.463,2.67975
-0.925224,-0.493743,2.463,2.67697
-0.917229,-0.493743,2.463,2.67422
-0.90259,-0.490135,2.445,2.65197
-0.894654,-0.490135,2.445,2.64928
-0.886718,-0.490135,2.445,2.64661
-0.878783,-0.490135,2.445,2.64396
-0.870847,-0.490135,2.445,2.64133
-0.862911,-0.490135,2.445,2.63873
-0.854975,-0.490135,2.445,2.63614
-0.847039,-0.490135,2.445,2.63358
-0.839103,-0.490135,2.445,2.63104
-0.831167,-0.490135,2.445,2.62852
-0.823232,-0.490135,2.445,2.62602
-0.815296,-0.490135,2.445,2.62354
-0.80736,-0.490135,2.445,2.62109
-0.799424,-0.490135,2.445,2.61865
-0.791488,-0.490135,2.445,2.61624
-0.783552,-0.490135,2.445,2.61385
-0.781326,-0.493743,2.463,2.63071
-0.773332,-0.493743,2.463,2.62834
-0.765338,-0.493743,2.463,2.626
-0.757344,-0.493743,2.463,2.62368
-0.749349,-0.493743,2.463,2.62139
-0.741355,-0.493743,2.463,2.61911
-0.73872,-0.497351,2.481,2.63599
-0.730668,-0.497351,2.481,2.63374
-0.722615,-0.497351,2.481,2.63152
-0.719746,-0.50096,2.499,2.6484
-0.711635,-0.50096,2.499,2.6462
-0.703524,-0.50096,2.499,2.64403
-0.695413,-0.50096,2.499,2.64189
-0.687302,-0.50096,2.499,2.63976
-0.679191,-0.50096,2.499,2.63766
-0.675913,-0.504568,2.517,2.65457
-0.667744,-0.504568,2.517,2.6525
-0.659574,-0.504568,2.517,2.65046
-0.651405,-0.504568,2.517,2.64843
-0.643235,-0.504568,2.517,2.64644
-0.635065,-0.504568,2.517,2.64446
-0.626896,-0.504568,2.517,2.64251
-0.618726,-0.504568,2.517,2.64059
-0.610557,-0.504568,2.517,2.63868
-0.602387,-0.504568,2.517,2.63681
-0.589968,-0.50096,2.499,2.61611
-0.581857,-0.50096,2.499,2.61429
-0.573746,-0.50096,2.499,2.6125
-0.565635,-0.50096,2.499,2.61073
-0.557524,-0.50096,2.499,2.60898
-0.549413,-0.50096,2.499,2.60726
-0.537403,-0.497351,2.481,2.5868
-0.52935,-0.497351,2.481,2.58514
-0.521297,-0.497351,2.481,2.5835
-0.509521,-0.493743,2.463,2.56315
-0.501526,-0.493743,2.463,2.56158
-0.493532,-0.493743,2.463,2.56002
-0.485538,-0.493743,2.463,2.5585
-0.477544,-0.493743,2.463,2.55699
-0.469549,-0.493743,2.463,2.55551
-0.461555,-0.493743,2.463,2.55405
-0.453561,-0.493743,2.463,2.55262
-0.445566,-0.493743,2.463,2.55121
-0.437572,-0.493743,2.463,2.54983
-0.429578,-0.493743,2.463,2.54847
-0.424665,-0.497351,2.481,2.56575
-0.416612,-0.497351,2.481,2.56443
-0.408559,-0.497351,2.481,2.56313
-0.400506,-0.497351,2.481,2.56186
-0.395301,-0.50096,2.499,2.57919
-0.38719,-0.50096,2.499,2.57796
-0.379079,-0.50096,2.499,2.57675
-0.370968,-0.50096,2.499,2.57557
-0.362857,-0.50096,2.499,2.57442
-0.354745,-0.50096,2.499,2.57329
-0.346634,-0.50096,2.499,2.57218
-0.338523,-0.50096,2.499,2.5711
-0.330412,-0.50096,2.499,2.57005
-0.322301,-0.50096,2.499,2.56902
-0.31419,-0.50096,2.499,2.56801
-0.306079,-0.50096,2.499,2.56703
-0.297967,-0.50096,2.499,2.56608
-0.289856,-0.50096,2.499,2.56515
-0.281745,-0.50096,2.499,2.56424
-0.273634,-0.50096,2.499,2.56336
-0.265523,-0.50096,2.499,2.56251
-0.257412,-0.50096,2.499,2.56168
-0.249301,-0.50096,2.499,2.56088
-0.24119,-0.50096,2.499,2.5601
-0.233078,-0.50096,2.499,2.55935
-0.224967,-0.50096,2.499,2.55863
-0.216856,-0.50096,2.499,2.55793
-0.211836,-0.508377,2.536,2.59511
-0.203604,-0.508377,2.536,2.59446
-0.195373,-0.508377,2.536,2.59382
-0.187142,-0.508377,2.536,2.59322
-0.180251,-0.512186,2.555,2.61206
-0.171958,-0.512186,2.555,2.6115
-0.163665,-0.512186,2.555,2.61097
-0.155372,-0.512186,2.555,2.61046
-0.14708,-0.512186,2.555,2.60998
-0.138787,-0.512186,2.555,2.60952
-0.130494,-0.512186,2.555,2.6091
-0.122201,-0.512186,2.555,2.6087
-0.113908,-0.512186,2.555,2.60832
-0.105615,-0.512186,2.555,2.60797
-0.0973222,-0.512186,2.555,2.60765
-0.0890293,-0.512186,2.555,2.60735
-0.0813368,-0.515994,2.574,2.62647
-0.0729822,-0.515994,2.574,2.62622
-0.0646277,-0.515994,2.574,2.62601
-0.0562731,-0.515994,2.574,2.62581
-0.0479185,-0.515994,2.574,2.62565
-0.039564,-0.515994,2.574,2.62551
-0.0312094,-0.515994,2.574,2.6254
-0.0228548,-0.515994,2.574,2.62531
-0.0145003,-0.515994,2.574,2.62525
-0.00614571,-0.515994,2.574,2.62522
0.00219255,-0.512186,2.555,2.60583
0.0104854,-0.512186,2.555,2.60585
0.0187783,-0.512186,2.555,2.6059
0.0270712,-0.512186,2.555,2.60597
0.0353641,-0.512186,2.555,2.60607
0.043657,-0.512186,2.555,2.6062
0.0515636,-0.508377,2.536,2.58697
0.0597948,-0.508377,2.536,2.58714
0.0680261,-0.508377,2.536,2.58735
0.0762573,-0.508377,2.536,2.58758
0.0844885,-0.508377,2.536,2.58783
0.0927197,-0.508377,2.536,2.58812
0.100951,-0.508377,2.536,2.58842
0.109182,-0.508377,2.536,2.58876
0.117413,-0.508377,2.536,2.58912
0.124703,-0.504568,2.517,2.5701
0.132873,-0.504568,2.517,2.57051
0.141042,-0.504568,2.517,2.57095
0.149212,-0.504568,2.517,2.57141
0.157382,-0.504568,2.517,2.5719
0.165551,-0.504568,2.517,2.57241
0.173721,-0.504568,2.517,2.57295
0.18189,-0.504568,2.517,2.57351
0.19006,-0.504568,2.517,2.5741
0.199726,-0.508377,2.536,2.59415
0.207957,-0.508377,2.536,2.5948
0.216188,-0.508377,2.536,2.59547
0.224419,-0.508377,2.536,2.59617
0.232651,-0.508377,2.536,2.5969
0.240882,-0.508377,2.536,2.59765
0.249113,-0.508377,2.536,2.59842
0.257344,-0.508377,2.536,2.59922
0.265575,-0.508377,2.536,2.60005
0.273807,-0.508377,2.536,2.60091
0.282038,-0.508377,2.536,2.60179
0.290269,-0.508377,2.536,2.60269
0.2985,-0.508377,2.536,2.60362
0.306732,-0.508377,2.536,2.60458
0.314963,-0.508377,2.536,2.60556
0.323194,-0.508377,2.536,2.60657
0.331425,-0.508377,2.536,2.6076
0.339657,-0.508377,2.536,2.60866
0.347888,-0.508377,2.536,2.60975
0.356119,-0.508377,2.536,2.61085
0.36435,-0.508377,2.536,2.61199
0.372581,-0.508377,2.536,2.61315
0.380813,-0.508377,2.536,2.61434
0.389044,-0.508377,2.536,2.61555
0.397275,-0.508377,2.536,2.61679
0.405506,-0.508377,2.536,2.61805
0.413738,-0.508377,2.536,2.61934
0.421969,-0.508377,2.536,2.62065
0.4302,-0.508377,2.536,2.62199
0.438431,-0.508377,2.536,2.62335
0.446662,-0.508377,2.536,2.62474
0.458302,-0.512186,2.555,2.64583
0.466595,-0.512186,2.555,2.64728
0.474888,-0.512186,2.555,2.64875
0.48318,-0.512186,2.555,2.65025
0.491473,-0.512186,2.555,2.65177
0.499766,-0.512186,2.555,2.65332
0.508059,-0.512186,2.555,2.6549
0.516352,-0.512186,2.555,2.6565
0.524645,-0.512186,2.555,2.65812
0.532938,-0.512186,2.555,2.65977
0.541231,-0.512186,2.555,2.66145
0.549524,-0.512186,2.555,2.66314
0.557817,-0.512186,2.555,2.66487
0.566109,-0.512186,2.555,2.66662
0.578674,-0.515994,2.574,2.68823
0.587028,-0.515994,2.574,2.69004
0.595383,-0.515994,2.574,2.69188
0.603738,-0.515994,2.574,2.69374
0.612092,-0.515994,2.574,2.69562
0.620447,-0.515994,2.574,2.69753
0.62416,-0.512186,2.555,2.67954
0.632453,-0.512186,2.555,2.68148
0.640746,-0.512186,2.555,2.68345
0.649038,-0.512186,2.555,2.68544
0.657331,-0.512186,2.555,2.68746
0.665624,-0.512186,2.555,2.6895
0.673917,-0.512186,2.555,2.69157
0.68221,-0.512186,2.555,2.69365
0.690503,-0.512186,2.555,2.69577
0.698796,-0.512186,2.555,2.6979
0.707089,-0.512186,2.555,2.70006
0.715382,-0.512186,2.555,2.70225
0.723674,-0.512186,2.555,2.70445
0.731967,-0.512186,2.555,2.70668
0.74026,-0.512186,2.555,2.70894
0.742987,-0.508377,2.536,2.69105
0.751218,-0.508377,2.536,2.69334
0.759449,-0.508377,2.536,2.69565
0.76768,-0.508377,2.536,2.69798
0.775912,-0.508377,2.536,2.70033
0.778268,-0.504568,2.517,2.68246
0.786437,-0.504568,2.517,2.68484
0.794607,-0.504568,2.517,2.68724
0.802777,-0.504568,2.517,2.68967
0.810946,-0.504568,2.517,2.69212
0.819116,-0.504568,2.517,2.69459
0.827285,-0.504568,2.517,2.69709
0.835455,-0.504568,2.517,2.6996
0.837591,-0.50096,2.499,2.68282
0.845702,-0.50096,2.499,2.68536
0.853814,-0.50096,2.499,2.68793
0.861925,-0.50096,2.499,2.69052
0.863769,-0.497351,2.481,2.67373
0.871822,-0.497351,2.481,2.67634
0.886258,-0.50096,2.499,2.69841
0.894369,-0.50096,2.499,2.70108
0.89598,-0.497351,2.481,2.68431
0.904033,-0.497351,2.481,2.687
0.912085,-0.497351,2.481,2.68972
nan,nan,nan,NaN
nan,nan,nan,NaN
nan,nan,nan,NaN
nan,nan,nan,NaN
nan,nan,nan,NaN
nan,nan,nan,NaN
nan,nan,nan,NaN
nan,nan,nan,NaN
nan,nan,nan,NaN
nan,nan,nan,NaN
nan,nan,nan,NaN
nan,nan,nan,NaN
nan,nan,nan,NaN
nan,nan,nan,NaN
nan,nan,nan,NaN
nan,nan,nan,NaN
nan,nan,nan,NaN
nan,nan,nan,NaN
nan,nan,nan,NaN
nan,nan,nan,NaN
nan,nan,nan,NaN
nan,nan,nan,NaN
nan,nan,nan,NaN
nan,nan,nan,NaN
nan,nan,nan,NaN
nan,nan,nan,NaN
nan,nan,nan,NaN
nan,nan,nan,NaN
nan,nan,nan,NaN
1.44708,-0.623844,3.112,3.48823
1.45718,-0.623844,3.112,3.49244
1.46728,-0.623844,3.112,3.49666
1.47738,-0.623844,3.112,3.50091
1.50135,-0.629658,3.141,3.53785
1.51154,-0.629658,3.141,3.54219
1.52174,-0.629658,3.141,3.54655
1.54608,-0.635471,3.17,3.58372
1.55636,-0.635471,3.17,3.58817
1.56665,-0.635471,3.17,3.59265
1.57694,-0.635471,3.17,3.59715
1.58723,-0.635471,3.17,3.60167
1.59752,-0.635471,3.17,3.60622
1.60781,-0.635471,3.17,3.61079
1.6181,-0.635471,3.17,3.61538
nan,nan,nan,NaN
nan,nan,nan,NaN
nan,nan,nan,NaN
nan,nan,nan,NaN
nan,nan,nan,NaN
nan,nan,nan,NaN
nan,nan,nan,NaN
nan,nan,nan,NaN
2.00805,-0.745927,3.721,4.29354
2.02013,-0.745927,3.721,4.2992
2.0322,-0.745927,3.721,4.30489
2.02231,-0.737908,3.681,4.26427
2.03425,-0.737908,3.681,4.26995
2.0462,-0.737908,3.681,4.27565
2.05815,-0.737908,3.681,4.28138
2.02679,-0.722472,3.604,4.19746
2.03849,-0.722472,3.604,4.20312
2.05019,-0.722472,3.604,4.20881
2.04015,-0.714855,3.566,4.17008
2.03043,-0.707438,3.529,4.13243
2.04189,-0.707438,3.529,4.13807
2.03239,-0.700221,3.493,4.10146
2.04373,-0.700221,3.493,4.10709
2.05507,-0.700221,3.493,4.11274
2.0457,-0.693205,3.458,4.07715
2.03611,-0.686188,3.423,4.04147
2.02688,-0.679373,3.389,4.00688
2.03788,-0.679373,3.389,4.01246
2.02893,-0.672757,3.356,3.97893
2.02037,-0.666342,3.324,3.9465
2.03116,-0.666342,3.324,3.95204
2.02229,-0.659928,3.292,3.91949
2.01322,-0.653513,3.26,3.88686
2.0238,-0.653513,3.26,3.89236
1.99631,-0.641284,3.199,3.82493
1.97031,-0.629658,3.141,3.76091
1.98051,-0.629658,3.141,3.76627
1.95458,-0.618231,3.084,3.70319
1.94739,-0.612819,3.057,3.67602
1.95731,-0.612819,3.057,3.68128
1.94986,-0.607406,3.03,3.65401
1.94223,-0.601993,3.003,3.62666
1.95198,-0.601993,3.003,3.63189
1.94474,-0.596781,2.977,3.60565
1.92092,-0.586558,2.926,3.54901
1.93042,-0.586558,2.926,3.55416
1.90743,-0.576735,2.877,3.49972
1.90077,-0.571924,2.853,3.47558
1.89397,-0.567113,2.829,3.45137
1.90315,-0.567113,2.829,3.45642
1.88124,-0.557891,2.783,3.4052
1.87533,-0.553481,2.761,3.38324
-2.55363,-0.725964,3.681,4.53848
-2.54168,-0.725964,3.681,4.53177
-2.50293,-0.718272,3.642,4.47714
-2.46512,-0.710778,3.604,4.42389
-2.45342,-0.710778,3.604,4.41739
-2.44172,-0.710778,3.604,4.4109
-2.43003,-0.710778,3.604,4.40444
-2.39283,-0.703284,3.566,4.35162
-2.38126,-0.703284,3.566,4.34527
-2.36968,-0.703284,3.566,4.33893
-2.35811,-0.703284,3.566,4.33262
-2.34653,-0.703284,3.566,4.32634
-2.33496,-0.703284,3.566,4.32007
-2.32338,-0.703284,3.566,4.31382
-2.31181,-0.703284,3.566,4.3076
-2.27637,-0.695987,3.529,4.25677
-2.26491,-0.695987,3.529,4.25066
-2.23047,-0.688887,3.493,4.20126
-2.21914,-0.688887,3.493,4.19526
-2.2078,-0.688887,3.493,4.18927
-2.19646,-0.688887,3.493,4.18331
-2.18512,-0.688887,3.493,4.17736
-2.152,-0.681984,3.458,4.12965
-2.11911,-0.675081,3.423,4.08207
-2.108,-0.675081,3.423,4.07631
-2.09689,-0.675081,3.423,4.07058
-2.06506,-0.668376,3.389,4.02449
-2.03406,-0.661868,3.356,3.97973
-2.02317,-0.661868,3.356,3.97417
-2.01228,-0.661868,3.356,3.96864
nan,nan,nan,NaN
nan,nan,nan,NaN
nan,nan,nan,NaN
nan,nan,nan,NaN
nan,nan,nan,NaN
nan,nan,nan,NaN
nan,nan,nan,NaN
nan,nan,nan,NaN
nan,nan,nan,NaN
nan,nan,nan,NaN
nan,nan,nan,NaN
nan,nan,nan,NaN
nan,nan,nan,NaN
nan,nan,nan,NaN
nan,nan,nan,NaN
nan,nan,nan,NaN
nan,nan,nan,NaN
nan,nan,nan,NaN
nan,nan,nan,NaN
nan,nan,nan,NaN
nan,nan,nan,NaN
nan,nan,nan,NaN
nan,nan,nan,NaN
nan,nan,nan,NaN
nan,nan,nan,NaN
nan,nan,nan,NaN
nan,nan,nan,NaN
nan,nan,nan,NaN
nan,nan,nan,NaN
nan,nan,nan,NaN
nan,nan,nan,NaN
nan,nan,nan,NaN
nan,nan,nan,NaN
nan,nan,nan,NaN
nan,nan,nan,NaN
nan,nan,nan,NaN
nan,nan,nan,NaN
nan,nan,nan,NaN
nan,nan,nan,NaN
nan,nan,nan,NaN
nan,nan,nan,NaN
nan,nan,nan,NaN
nan,nan,nan,NaN
nan,nan,nan,NaN
-1.0935,-0.475495,2.411,2.68975
-1.07802,-0.472143,2.394,2.66764
-1.07025,-0.472143,2.394,2.66451
-1.06248,-0.472143,2.394,2.66139
-1.05471,-0.472143,2.394,2.6583
-1.04694,-0.472143,2.394,2.65523
-1.03917,-0.472143,2.394,2.65217
-1.0314,-0.472143,2.394,2.64914
-1.02363,-0.472143,2.394,2.64612
-1.02307,-0.475495,2.411,2.6619
-1.01525,-0.475495,2.411,2.6589
-1.01452,-0.478848,2.428,2.67465
-1.01369,-0.482201,2.445,2.69037
-1.00576,-0.482201,2.445,2.68739
-0.990883,-0.478848,2.428,2.66577
-0.983002,-0.478848,2.428,2.66285
-0.975121,-0.478848,2.428,2.65995
-0.967241,-0.478848,2.428,2.65707
-0.966077,-0.482201,2.445,2.6728
-0.958141,-0.482201,2.445,2.66994
-0.950205,-0.482201,2.445,2.6671
-0.935718,-0.478848,2.428,2.64576
-0.927837,-0.478848,2.428,2.64298
-0.919957,-0.478848,2.428,2.64023
-0.912076,-0.478848,2.428,2.63749
-0.904195,-0.478848,2.428,2.63478
-0.896315,-0.478848,2.428,2.63208
-0.888434,-0.478848,2.428,2.62941
-0.880553,-0.478848,2.428,2.62676
-0.872672,-0.478848,2.428,2.62413
-0.864792,-0.478848,2.428,2.62152
-0.856911,-0.478848,2.428,2.61893
-0.84903,-0.478848,2.428,2.61636
-0.84115,-0.478848,2.428,2.61381
-0.833269,-0.478848,2.428,2.61129
-0.825388,-0.478848,2.428,2.60878
-0.817508,-0.478848,2.428,2.6063
-0.815296,-0.482201,2.445,2.62207
-0.80736,-0.482201,2.445,2.61961
-0.793866,-0.478848,2.428,2.59898
-0.785985,-0.478848,2.428,2.59658
-0.778104,-0.478848,2.428,2.59421
-0.770224,-0.478848,2.428,2.59186
-0.762343,-0.478848,2.428,2.58953
-0.759745,-0.482201,2.445,2.60533
-0.751809,-0.482201,2.445,2.60303
-0.743873,-0.482201,2.445,2.60075
-0.741355,-0.485751,2.463,2.61762
-0.733361,-0.485751,2.463,2.61537
-0.725366,-0.485751,2.463,2.61314
-0.717372,-0.485751,2.463,2.61093
-0.719746,-0.492851,2.499,2.64687
-0.711635,-0.492851,2.499,2.64468
-0.703524,-0.492851,2.499,2.64251
-0.695413,-0.492851,2.499,2.64036
-0.687302,-0.492851,2.499,2.63824
-0.679191,-0.492851,2.499,2.63613
-0.675913,-0.496401,2.517,2.65303
-0.667744,-0.496401,2.517,2.65096
-0.659574,-0.496401,2.517,2.64891
-0.651405,-0.496401,2.517,2.64689
-0.643235,-0.496401,2.517,2.64489
-0.635065,-0.496401,2.517,2.64292
-0.626896,-0.496401,2.517,2.64097
-0.618726,-0.496401,2.517,2.63904
-0.610557,-0.496401,2.517,2.63714
-0.602387,-0.496401,2.517,2.63526
-0.589968,-0.492851,2.499,2.61457
-0.581857,-0.492851,2.499,2.61275
-0.573746,-0.492851,2.499,2.61096
-0.565635,-0.492851,2.499,2.60918
-0.557524,-0.492851,2.499,2.60744
-0.549413,-0.492851,2.499,2.60572
-0.537403,-0.489301,2.481,2.58526
-0.52935,-0.489301,2.481,2.5836
-0.521297,-0.489301,2.481,2.58196
-0.509521,-0.485751,2.463,2.56163
-0.501526,-0.485751,2.463,2.56005
-0.493532,-0.485751,2.463,2.5585
-0.485538,-0.485751,2.463,2.55697
-0.477544,-0.485751,2.463,2.55546
-0.469549,-0.485751,2.463,2.55398
-0.461555,-0.485751,2.463,2.55252
-0.453561,-0.485751,2.463,2.55109
-0.445566,-0.485751,2.463,2.54968
-0.437572,-0.485751,2.463,2.54829
-0.429578,-0.485751,2.463,2.54693
-0.424665,-0.489301,2.481,2.5642
-0.416612,-0.489301,2.481,2.56288
-0.408559,-0.489301,2.481,2.56158
-0.400506,-0.489301,2.481,2.56031
-0.395301,-0.492851,2.499,2.57763
-0.38719,-0.492851,2.499,2.5764
-0.379079,-0.492851,2.499,2.57519
-0.370968,-0.492851,2.499,2.57401
-0.362857,-0.492851,2.499,2.57285
-0.354745,-0.492851,2.499,2.57172
-0.346634,-0.492851,2.499,2.57061
-0.338523,-0.492851,2.499,2.56953
-0.330412,-0.492851,2.499,2.56848
-0.322301,-0.492851,2.499,2.56745
-0.31419,-0.492851,2.499,2.56644
-0.306079,-0.492851,2.499,2.56546
-0.297967,-0.492851,2.499,2.56451
-0.289856,-0.492851,2.499,2.56358
-0.281745,-0.492851,2.499,2.56267
-0.273634,-0.492851,2.499,2.56179
-0.265523,-0.492851,2.499,2.56094
-0.257412,-0.492851,2.499,2.56011
-0.249301,-0.492851,2.499,2.55931
-0.24119,-0.492851,2.499,2.55853
-0.233078,-0.492851,2.499,2.55778
-0.224967,-0.492851,2.499,2.55705
-0.216856,-0.492851,2.499,2.55635
-0.208745,-0.492851,2.499,2.55568
-0.200634,-0.492851,2.499,2.55503
-0.192523,-0.492851,2.499,2.5544
-0.184412,-0.492851,2.499,2.5538
-0.17757,-0.496401,2.517,2.57162
-0.169401,-0.496401,2.517,2.57107
-0.161231,-0.496401,2.517,2.57054
-0.153062,-0.496401,2.517,2.57004
-0.144892,-0.496401,2.517,2.56957
-0.137755,-0.500148,2.536,2.58852
-0.129523,-0.500148,2.536,2.58809
-0.121292,-0.500148,2.536,2.58769
-0.113061,-0.500148,2.536,2.58732
-0.10483,-0.500148,2.536,2.58697
-0.0965985,-0.500148,2.536,2.58665
-0.0890293,-0.503895,2.555,2.60574
-0.0807364,-0.503895,2.555,2.60547
-0.0724435,-0.503895,2.555,2.60522
-0.0641506,-0.503895,2.555,2.60501
-0.0558577,-0.503895,2.555,2.60481
-0.0475648,-0.503895,2.555,2.60465
-0.0392719,-0.503895,2.555,2.60451
-0.030979,-0.503895,2.555,2.6044
-0.0226861,-0.503895,2.555,2.60431
-0.0143932,-0.503895,2.555,2.60425
-0.00610034,-0.503895,2.555,2.60422
0.00219255,-0.503895,2.555,2.60422
0.0104854,-0.503895,2.555,2.60424
0.0187783,-0.503895,2.555,2.60428
0.0268699,-0.500148,2.536,2.58499
0.0351011,-0.500148,2.536,2.58509
0.0433324,-0.500148,2.536,2.58521
0.0511773,-0.496401,2.517,2.56599
0.0593468,-0.496401,2.517,2.56617
0.0675164,-0.496401,2.517,2.56637
0.075686,-0.496401,2.517,2.5666
0.0838555,-0.496401,2.517,2.56685
0.0920251,-0.496401,2.517,2.56713
0.100195,-0.496401,2.517,2.56744
0.108364,-0.496401,2.517,2.56777
0.116534,-0.496401,2.517,2.56813
0.124703,-0.496401,2.517,2.56851
0.132873,-0.496401,2.517,2.56892
0.141042,-0.496401,2.517,2.56936
0.149212,-0.496401,2.517,2.56982
0.157382,-0.496401,2.517,2.57031
0.165551,-0.496401,2.517,2.57082
0.173721,-0.496401,2.517,2.57136
0.18189,-0.496401,2.517,2.57192
0.19006,-0.496401,2.517,2.57251
0.198229,-0.496401,2.517,2.57313
0.206399,-0.496401,2.517,2.57377
0.214568,-0.496401,2.517,2.57444
0.222738,-0.496401,2.517,2.57513
0.230908,-0.496401,2.517,2.57585
0.240882,-0.500148,2.536,2.59605
0.249113,-0.500148,2.536,2.59683
0.255416,-0.496401,2.517,2.57817
0.263586,-0.496401,2.517,2.57899
0.273807,-0.500148,2.536,2.59931
0.282038,-0.500148,2.536,2.60019
0.290269,-0.500148,2.536,2.6011
0.2985,-0.500148,2.536,2.60203
0.306732,-0.500148,2.536,2.60298
0.312603,-0.496401,2.517,2.58446
0.320773,-0.496401,2.517,2.58546
0.328942,-0.496401,2.517,2.58649
0.337112,-0.496401,2.517,2.58754
0.345281,-0.496401,2.517,2.58861
0.353451,-0.496401,2.517,2.58972
0.36162,-0.496401,2.517,2.59084
0.36979,-0.496401,2.517,2.592
0.37796,-0.496401,2.517,2.59318
0.386129,-0.496401,2.517,2.59438
0.397275,-0.500148,2.536,2.6152
0.405506,-0.500148,2.536,2.61646
0.413738,-0.500148,2.536,2.61775
0.421969,-0.500148,2.536,2.61907
0.4302,-0.500148,2.536,2.6204
0.438431,-0.500148,2.536,2.62177
0.446662,-0.500148,2.536,2.62316
0.454894,-0.500148,2.536,2.62457
0.463125,-0.500148,2.536,2.62601
0.471356,-0.500148,2.536,2.62747
0.48318,-0.503895,2.555,2.64866
0.491473,-0.503895,2.555,2.65019
0.499766,-0.503895,2.555,2.65174
0.508059,-0.503895,2.555,2.65331
0.516352,-0.503895,2.555,2.65491
0.528546,-0.507642,2.574,2.67629
0.536901,-0.507642,2.574,2.67795
0.545256,-0.507642,2.574,2.67964
0.55361,-0.507642,2.574,2.68135
0.561965,-0.507642,2.574,2.68309
0.570319,-0.507642,2.574,2.68485
0.578674,-0.507642,2.574,2.68664
0.587028,-0.507642,2.574,2.68845
0.595383,-0.507642,2.574,2.69029
0.603738,-0.507642,2.574,2.69215
0.612092,-0.507642,2.574,2.69404
0.620447,-0.507642,2.574,2.69595
0.62416,-0.503895,2.555,2.67797
0.632453,-0.503895,2.555,2.67991
0.640746,-0.503895,2.555,2.68188
0.649038,-0.503895,2.555,2.68388
0.657331,-0.503895,2.555,2.68589
0.665624,-0.503895,2.555,2.68793
0.673917,-0.503895,2.555,2.69
0.68221,-0.503895,2.555,2.69209
0.690503,-0.503895,2.555,2.6942
0.698796,-0.503895,2.555,2.69634
0.707089,-0.503895,2.555,2.6985
0.715382,-0.503895,2.555,2.70069
0.723674,-0.503895,2.555,2.70289
0.731967,-0.503895,2.555,2.70513
0.74026,-0.503895,2.555,2.70738
0.742987,-0.500148,2.536,2.68951
0.751218,-0.500148,2.536,2.6918
0.759449,-0.500148,2.536,2.69411
0.76768,-0.500148,2.536,2.69644
0.775912,-0.500148,2.536,2.69879
0.778268,-0.496401,2.517,2.68093
0.786437,-0.496401,2.517,2.68332
0.794607,-0.496401,2.517,2.68572
0.802777,-0.496401,2.517,2.68815
0.810946,-0.496401,2.517,2.6906
0.813258,-0.492851,2.499,2.67382
0.821369,-0.492851,2.499,2.67629
0.82948,-0.492851,2.499,2.67879
0.837591,-0.492851,2.499,2.68132
0.839611,-0.489301,2.481,2.66453
0.847664,-0.489301,2.481,2.66708
0.855716,-0.489301,2.481,2.66965
0.857502,-0.485751,2.463,2.65285
0.865497,-0.485751,2.463,2.65545
0.879874,-0.489301,2.481,2.67749
0.881485,-0.485751,2.463,2.6607
0.889479,-0.485751,2.463,2.66336
0.904033,-0.489301,2.481,2.68553
0.905468,-0.485751,2.463,2.66874
0.913462,-0.485751,2.463,2.67147
nan,nan,nan,NaN
nan,nan,nan,NaN
nan,nan,nan,NaN
nan,nan,nan,NaN
nan,nan,nan,NaN
nan,nan,nan,NaN
nan,nan,nan,NaN
nan,nan,nan,NaN
nan,nan,nan,NaN
nan,nan,nan,NaN
nan,nan,nan,NaN
nan,nan,nan,NaN
nan,nan,nan,NaN
nan,nan,nan,NaN
nan,nan,nan,NaN
nan,nan,nan,NaN
nan,nan,nan,NaN
nan,nan,nan,NaN
nan,nan,nan,NaN
nan,nan,nan,NaN
nan,nan,nan,NaN
nan,nan,nan,NaN
nan,nan,nan,NaN
nan,nan,nan,NaN
nan,nan,nan,NaN
nan,nan,nan,NaN
nan,nan,nan,NaN
nan,nan,nan,NaN
1.44708,-0.613746,3.112,3.48644
1.45718,-0.613746,3.112,3.49065
1.46728,-0.613746,3.112,3.49487
1.47738,-0.613746,3.112,3.49913
1.50135,-0.619465,3.141,3.53605
1.51154,-0.619465,3.141,3.54039
1.53579,-0.625185,3.17,3.57748
1.54608,-0.625185,3.17,3.58191
1.55636,-0.625185,3.17,3.58637
1.56665,-0.625185,3.17,3.59084
1.57694,-0.625185,3.17,3.59534
1.58723,-0.625185,3.17,3.59987
1.59752,-0.625185,3.17,3.60442
1.60781,-0.625185,3.17,3.60899
1.6181,-0.625185,3.17,3.61359
nan,nan,nan,NaN
nan,nan,nan,NaN
nan,nan,nan,NaN
nan,nan,nan,NaN
nan,nan,nan,NaN
nan,nan,nan,NaN
nan,nan,nan,NaN
nan,nan,nan,NaN
2.00805,-0.733853,3.721,4.29146
2.02013,-0.733853,3.721,4.29713
2.0322,-0.733853,3.721,4.30282
2.04428,-0.733853,3.721,4.30853
2.05636,-0.733853,3.721,4.31428
2.0462,-0.725964,3.681,4.27361
2.05815,-0.725964,3.681,4.27934
2.02679,-0.710778,3.604,4.19546
2.03849,-0.710778,3.604,4.20113
2.05019,-0.710778,3.604,4.20681
2.04015,-0.703284,3.566,4.16811
2.03043,-0.695987,3.529,4.13048
2.04189,-0.695987,3.529,4.13613
2.05334,-0.695987,3.529,4.14179
2.04373,-0.688887,3.493,4.10517
2.05507,-0.688887,3.493,4.11083
2.0457,-0.681984,3.458,4.07526
2.03611,-0.675081,3.423,4.0396
2.02688,-0.668376,3.389,4.00503
2.03788,-0.668376,3.389,4.01061
2.02893,-0.661868,3.356,3.9771
2.02037,-0.655557,3.324,3.9447
2.03116,-0.655557,3.324,3.95023
2.02229,-0.649246,3.292,3.91771
2.01322,-0.642935,3.26,3.8851
2.0238,-0.642935,3.26,3.89059
1.99631,-0.630904,3.199,3.82321
1.97031,-0.619465,3.141,3.75922
1.98051,-0.619465,3.141,3.76458
1.95458,-0.608224,3.084,3.70154
1.94739,-0.602899,3.057,3.67438
1.95731,-0.602899,3.057,3.67965
1.94986,-0.597574,3.03,3.65239
1.94223,-0.592249,3.003,3.62505
1.95198,-0.592249,3.003,3.63029
1.92775,-0.581994,2.951,3.57258
1.90451,-0.572133,2.901,3.51714
1.91392,-0.572133,2.901,3.52225
1.90743,-0.5674,2.877,3.49819
1.90077,-0.562666,2.853,3.47407
1.89397,-0.557933,2.829,3.44988
1.90315,-0.557933,2.829,3.45493
1.88124,-0.548861,2.783,3.40373
1.87533,-0.544522,2.761,3.38179
-2.55363,-0.71402,3.681,4.53659
-2.54168,-0.71402,3.681,4.52987
-2.47682,-0.699084,3.604,4.42856
-2.46512,-0.699084,3.604,4.42203
-2.42755,-0.691712,3.566,4.36896
-2.41598,-0.691712,3.566,4.36254
-2.4044,-0.691712,3.566,4.35614
-2.39283,-0.691712,3.566,4.34977
-2.38126,-0.691712,3.566,4.34341
-2.36968,-0.691712,3.566,4.33707
-2.35811,-0.691712,3.566,4.33076
-2.34653,-0.691712,3.566,4.32447
-2.33496,-0.691712,3.566,4.3182
-2.32338,-0.691712,3.566,4.31195
-2.31181,-0.691712,3.566,4.30573
-2.27637,-0.684536,3.529,4.25491
-2.26491,-0.684536,3.529,4.2488
-2.25346,-0.684536,3.529,4.2427
-2.24201,-0.684536,3.529,4.23663
-2.2078,-0.677552,3.493,4.18742
-2.19646,-0.677552,3.493,4.18146
-2.18512,-0.677552,3.493,4.17551
-2.152,-0.670763,3.458,4.12781
-2.11911,-0.663974,3.423,4.08025
-2.108,-0.663974,3.423,4.07449
-2.09689,-0.663974,3.423,4.06875
-2.06506,-0.657379,3.389,4.02268
-2.03406,-0.650978,3.356,3.97793
-2.02317,-0.650978,3.356,3.97237
-2.01228,-0.650978,3.356,3.96683
nan,nan,nan,NaN
nan,nan,nan,NaN
nan,nan,nan,NaN
nan,nan,nan,NaN
nan,nan,nan,NaN
nan,nan,nan,NaN
nan,nan,nan,NaN
nan,nan,nan,NaN
nan,nan,nan,NaN
nan,nan,nan,NaN
nan,nan,nan,NaN
nan,nan,nan,NaN
nan,nan,nan,NaN
nan,nan,nan,NaN
nan,nan,nan,NaN
nan,nan,nan,NaN
nan,nan,nan,NaN
nan,nan,nan,NaN
nan,nan,nan,NaN
nan,nan,nan,NaN
nan,nan,nan,NaN
nan,nan,nan,NaN
nan,nan,nan,NaN
nan,nan,nan,NaN
nan,nan,nan,NaN
nan,nan,nan,NaN
nan,nan,nan,NaN
nan,nan,nan,NaN
nan,nan,nan,NaN
nan,nan,nan,NaN
nan,nan,nan,NaN
nan,nan,nan,NaN
nan,nan,nan,NaN
nan,nan,nan,NaN
nan,nan,nan,NaN
nan,nan,nan,NaN
nan,nan,nan,NaN
nan,nan,nan,NaN
nan,nan,nan,NaN
nan,nan,nan,NaN
nan,nan,nan,NaN
nan,nan,nan,NaN
nan,nan,nan,NaN
nan,nan,nan,NaN
-1.0935,-0.467672,2.411,2.68838
-1.07802,-0.464375,2.394,2.66627
-1.07025,-0.464375,2.394,2.66314
-1.06248,-0.464375,2.394,2.66003
-1.05471,-0.464375,2.394,2.65693
-1.04694,-0.464375,2.394,2.65386
-1.03917,-0.464375,2.394,2.6508
-1.0314,-0.464375,2.394,2.64777
-1.02363,-0.464375,2.394,2.64475
-1.02307,-0.467672,2.411,2.66051
-1.01525,-0.467672,2.411,2.65751
-1.01452,-0.47097,2.428,2.67325
-1.01369,-0.474267,2.445,2.68896
-1.00576,-0.474267,2.445,2.68598
-0.990883,-0.47097,2.428,2.66437
-0.983002,-0.47097,2.428,2.66145
-0.975121,-0.47097,2.428,2.65854
-0.967241,-0.47097,2.428,2.65566
-0.966077,-0.474267,2.445,2.67138
-0.958141,-0.474267,2.445,2.66852
-0.950205,-0.474267,2.445,2.66568
-0.935718,-0.47097,2.428,2.64435
-0.927837,-0.47097,2.428,2.64157
-0.919957,-0.47097,2.428,2.63881
-0.912076,-0.47097,2.428,2.63607
-0.904195,-0.47097,2.428,2.63336
-0.896315,-0.47097,2.428,2.63066
-0.888434,-0.47097,2.428,2.62799
-0.880553,-0.47097,2.428,2.62533
-0.872672,-0.47097,2.428,2.6227
-0.864792,-0.47097,2.428,2.62009
-0.856911,-0.47097,2.428,2.6175
-0.84903,-0.47097,2.428,2.61493
-0.84115,-0.47097,2.428,2.61238
-0.833269,-0.47097,2.428,2.60985
-0.825388,-0.47097,2.428,2.60735
-0.817508,-0.47097,2.428,2.60486
-0.815296,-0.474267,2.445,2.62062
-0.80736,-0.474267,2.445,2.61816
-0.793866,-0.47097,2.428,2.59754
-0.785985,-0.47097,2.428,2.59514
-0.778104,-0.47097,2.428,2.59277
-0.770224,-0.47097,2.428,2.59041
-0.762343,-0.47097,2.428,2.58808
-0.759745,-0.474267,2.445,2.60388
-0.751809,-0.474267,2.445,2.60157
-0.743873,-0.474267,2.445,2.59929
-0.741355,-0.477759,2.463,2.61615
-0.733361,-0.477759,2.463,2.61389
-0.725366,-0.477759,2.463,2.61166
-0.717372,-0.477759,2.463,2.60945
-0.714562,-0.48125,2.481,2.62632
-0.706509,-0.48125,2.481,2.62414
-0.698457,-0.48125,2.481,2.62199
-0.695413,-0.484742,2.499,2.63886
-0.687302,-0.484742,2.499,2.63673
-0.679191,-0.484742,2.499,2.63463
-0.67108,-0.484742,2.499,2.63255
-0.662968,-0.484742,2.499,2.63049
-0.654857,-0.484742,2.499,2.62846
-0.646746,-0.484742,2.499,2.62645
-0.638635,-0.484742,2.499,2.62447
-0.630524,-0.484742,2.499,2.62251
-0.622413,-0.484742,2.499,2.62057
-0.614302,-0.484742,2.499,2.61865
-0.606191,-0.484742,2.499,2.61676
-0.598079,-0.484742,2.499,2.61489
-0.589968,-0.484742,2.499,2.61305
-0.581857,-0.484742,2.499,2.61123
-0.573746,-0.484742,2.499,2.60944
-0.561561,-0.48125,2.481,2.58888
-0.553508,-0.48125,2.481,2.58715
-0.545455,-0.48125,2.481,2.58544
-0.537403,-0.48125,2.481,2.58375
-0.52935,-0.48125,2.481,2.58209
-0.521297,-0.48125,2.481,2.58045
-0.509521,-0.477759,2.463,2.56012
-0.501526,-0.477759,2.463,2.55854
-0.493532,-0.477759,2.463,2.55699
-0.485538,-0.477759,2.463,2.55546
-0.477544,-0.477759,2.463,2.55395
-0.469549,-0.477759,2.463,2.55247
-0.461555,-0.477759,2.463,2.55101
-0.453561,-0.477759,2.463,2.54958
-0.445566,-0.477759,2.463,2.54817
-0.437572,-0.477759,2.463,2.54678
-0.429578,-0.477759,2.463,2.54542
-0.421584,-0.477759,2.463,2.54408
-0.416612,-0.48125,2.481,2.56135
-0.408559,-0.48125,2.481,2.56006
-0.400506,-0.48125,2.481,2.55878
-0.392454,-0.48125,2.481,2.55753
-0.384401,-0.48125,2.481,2.55631
-0.376348,-0.48125,2.481,2.55511
-0.368296,-0.48125,2.481,2.55394
-0.360243,-0.48125,2.481,2.55279
-0.35219,-0.48125,2.481,2.55167
-0.344137,-0.48125,2.481,2.55057
-0.336085,-0.48125,2.481,2.54949
-0.328032,-0.48125,2.481,2.54844
-0.319979,-0.48125,2.481,2.54742
-0.311927,-0.48125,2.481,2.54642
-0.303874,-0.48125,2.481,2.54545
-0.295821,-0.48125,2.481,2.5445
-0.287769,-0.48125,2.481,2.54358
-0.279716,-0.48125,2.481,2.54268
-0.269692,-0.477759,2.463,2.52336
-0.261698,-0.477759,2.463,2.52252
-0.253704,-0.477759,2.463,2.5217
-0.245709,-0.477759,2.463,2.52091
-0.237715,-0.477759,2.463,2.52014
-0.229721,-0.477759,2.463,2.5194
-0.221726,-0.477759,2.463,2.51869
-0.215294,-0.48125,2.481,2.5364
-0.207241,-0.48125,2.481,2.53573
-0.199189,-0.48125,2.481,2.53508
-0.191136,-0.48125,2.481,2.53446
-0.183083,-0.48125,2.481,2.53387
-0.1763,-0.484742,2.499,2.55168
-0.168189,-0.484742,2.499,2.55113
-0.160078,-0.484742,2.499,2.55061
-0.151967,-0.484742,2.499,2.55011
-0.143856,-0.484742,2.499,2.54964
-0.135745,-0.484742,2.499,2.5492
-0.128553,-0.488233,2.517,2.56714
-0.120383,-0.488233,2.517,2.56674
-0.112214,-0.488233,2.517,2.56637
-0.104044,-0.488233,2.517,2.56603
-0.0958747,-0.488233,2.517,2.56571
-0.0883672,-0.491919,2.536,2.58478
-0.080136,-0.491919,2.536,2.58451
-0.0719048,-0.491919,2.536,2.58427
-0.0636736,-0.491919,2.536,2.58405
-0.0554423,-0.491919,2.536,2.58386
-0.0472111,-0.491919,2.536,2.5837
-0.0389799,-0.491919,2.536,2.58356
-0.0307487,-0.491919,2.536,2.58345
-0.0225174,-0.491919,2.536,2.58337
-0.0142862,-0.491919,2.536,2.58331
-0.00605498,-0.491919,2.536,2.58328
0.00217625,-0.491919,2.536,2.58327
0.0104075,-0.491919,2.536,2.58329
0.0186387,-0.491919,2.536,2.58334
0.0268699,-0.491919,2.536,2.58341
0.0351011,-0.491919,2.536,2.58351
0.0430077,-0.488233,2.517,2.56428
0.0511773,-0.488233,2.517,2.56443
0.0593468,-0.488233,2.517,2.5646
0.0675164,-0.488233,2.517,2.5648
0.075686,-0.488233,2.517,2.56503
0.0838555,-0.488233,2.517,2.56529
0.0920251,-0.488233,2.517,2.56557
0.0994781,-0.484742,2.499,2.54752
0.107589,-0.484742,2.499,2.54785
0.1157,-0.484742,2.499,2.54821
0.123811,-0.484742,2.499,2.54859
0.131923,-0.484742,2.499,2.549
0.140034,-0.484742,2.499,2.54943
0.148145,-0.484742,2.499,2.54989
0.156256,-0.484742,2.499,2.55037
0.164367,-0.484742,2.499,2.55088
0.172478,-0.484742,2.499,2.55142
0.180589,-0.484742,2.499,2.55198
0.19006,-0.488233,2.517,2.57095
0.198229,-0.488233,2.517,2.57157
0.206399,-0.488233,2.517,2.57221
0.214568,-0.488233,2.517,2.57288
0.222738,-0.488233,2.517,2.57357
0.230908,-0.488233,2.517,2.57429
0.239077,-0.488233,2.517,2.57504
0.247247,-0.488233,2.517,2.57581
0.255416,-0.488233,2.517,2.57661
0.263586,-0.488233,2.517,2.57743
0.271755,-0.488233,2.517,2.57828
0.279925,-0.488233,2.517,2.57915
0.288094,-0.488233,2.517,2.58005
0.296264,-0.488233,2.517,2.58098
0.304434,-0.488233,2.517,2.58193
0.312603,-0.488233,2.517,2.5829
0.320773,-0.488233,2.517,2.5839
0.328942,-0.488233,2.517,2.58493
0.337112,-0.488233,2.517,2.58598
0.345281,-0.488233,2.517,2.58706
0.353451,-0.488233,2.517,2.58816
0.36162,-0.488233,2.517,2.58929
0.36979,-0.488233,2.517,2.59045
0.37796,-0.488233,2.517,2.59162
0.386129,-0.488233,2.517,2.59283
0.394299,-0.488233,2.517,2.59406
0.402468,-0.488233,2.517,2.59531
0.413738,-0.491919,2.536,2.61619
0.421969,-0.491919,2.536,2.61751
0.4302,-0.491919,2.536,2.61885
0.438431,-0.491919,2.536,2.62021
0.446662,-0.491919,2.536,2.6216
0.454894,-0.491919,2.536,2.62302
0.463125,-0.491919,2.536,2.62446
0.471356,-0.491919,2.536,2.62592
0.48318,-0.495604,2.555,2.6471
0.491473,-0.495604,2.555,2.64862
0.499766,-0.495604,2.555,2.65017
0.508059,-0.495604,2.555,2.65175
0.516352,-0.495604,2.555,2.65335
0.528546,-0.49929,2.574,2.67472
0.536901,-0.49929,2.574,2.67638
0.545256,-0.49929,2.574,2.67807
0.55361,-0.49929,2.574,2.67979
0.561965,-0.49929,2.574,2.68152
0.570319,-0.49929,2.574,2.68329
0.578674,-0.49929,2.574,2.68508
0.587028,-0.49929,2.574,2.68689
0.595383,-0.49929,2.574,2.68873
0.603738,-0.49929,2.574,2.69059
0.612092,-0.49929,2.574,2.69248
0.620447,-0.49929,2.574,2.69439
0.62416,-0.495604,2.555,2.67642
0.632453,-0.495604,2.555,2.67837
0.640746,-0.495604,2.555,2.68034
0.649038,-0.495604,2.555,2.68233
0.662219,-0.49929,2.574,2.70431
0.670574,-0.49929,2.574,2.70637
0.673917,-0.495604,2.555,2.68846
0.68221,-0.495604,2.555,2.69055
0.690503,-0.495604,2.555,2.69266
0.698796,-0.495604,2.555,2.6948
0.707089,-0.495604,2.555,2.69697
0.720701,-0.49929,2.574,2.71922
0.723674,-0.495604,2.555,2.70136
0.731967,-0.495604,2.555,2.70359
0.74026,-0.495604,2.555,2.70585
0.748553,-0.495604,2.555,2.70813
0.751218,-0.491919,2.536,2.69028
0.759449,-0.491919,2.536,2.69259
0.76768,-0.491919,2.536,2.69492
0.775912,-0.491919,2.536,2.69728
0.778268,-0.488233,2.517,2.67943
0.786437,-0.488233,2.517,2.68182
0.794607,-0.488233,2.517,2.68422
0.802777,-0.488233,2.517,2.68665
0.810946,-0.488233,2.517,2.68911
0.813258,-0.484742,2.499,2.67233
0.821369,-0.484742,2.499,2.67481
0.82948,-0.484742,2.499,2.67731
0.837591,-0.484742,2.499,2.67984
0.839611,-0.48125,2.481,2.66306
0.847664,-0.48125,2.481,2.66561
0.855716,-0.48125,2.481,2.66819
0.857502,-0.477759,2.463,2.6514
0.865497,-0.477759,2.463,2.654
0.879874,-0.48125,2.481,2.67603
0.881485,-0.477759,2.463,2.65926
0.889479,-0.477759,2.463,2.66192
0.904033,-0.48125,2.481,2.68407
0.905468,-0.477759,2.463,2.6673
0.913462,-0.477759,2.463,2.67003
nan,nan,nan,NaN
nan,nan,nan,NaN
nan,nan,nan,NaN
nan,nan,nan,NaN
nan,nan,nan,NaN
nan,nan,nan,NaN
nan,nan,nan,NaN
nan,nan,nan,NaN
nan,nan,nan,NaN
nan,nan,nan,NaN
nan,nan,nan,NaN
nan,nan,nan,NaN
nan,nan,nan,NaN
nan,nan,nan,NaN
nan,nan,nan,NaN
nan,nan,nan,NaN
nan,nan,nan,NaN
nan,nan,nan,NaN
nan,nan,nan,NaN
nan,nan,nan,NaN
nan,nan,nan,NaN
nan,nan,nan,NaN
nan,nan,nan,NaN
nan,nan,nan,NaN
nan,nan,nan,NaN
nan,nan,nan,NaN
1.41404,-0.598217,3.084,3.44506
1.42405,-0.598217,3.084,3.44918
1.43406,-0.598217,3.084,3.45333
1.45718,-0.603648,3.112,3.48888
1.46728,-0.603648,3.112,3.49312
1.47738,-0.603648,3.112,3.49737
1.48749,-0.603648,3.112,3.50165
1.51154,-0.609273,3.141,3.53862
1.53579,-0.614899,3.17,3.5757
1.54608,-0.614899,3.17,3.58013
1.55636,-0.614899,3.17,3.58459
1.56665,-0.614899,3.17,3.58907
1.57694,-0.614899,3.17,3.59357
1.58723,-0.614899,3.17,3.5981
1.59752,-0.614899,3.17,3.60265
1.60781,-0.614899,3.17,3.60722
1.6181,-0.614899,3.17,3.61182
nan,nan,nan,NaN
nan,nan,nan,NaN
nan,nan,nan,NaN
nan,nan,nan,NaN
nan,nan,nan,NaN
nan,nan,nan,NaN
nan,nan,nan,NaN
nan,nan,nan,NaN
2.00805,-0.721779,3.721,4.28941
2.02013,-0.721779,3.721,4.29508
2.0322,-0.721779,3.721,4.30077
2.04428,-0.721779,3.721,4.30649
2.05636,-0.721779,3.721,4.31224
2.0462,-0.71402,3.681,4.27159
2.05815,-0.71402,3.681,4.27733
2.02679,-0.699084,3.604,4.1935
2.03849,-0.699084,3.604,4.19916
2.05019,-0.699084,3.604,4.20485
2.04015,-0.691712,3.566,4.16618
2.03043,-0.684536,3.529,4.12857
2.04189,-0.684536,3.529,4.13421
2.05334,-0.684536,3.529,4.13988
2.04373,-0.677552,3.493,4.10329
2.05507,-0.677552,3.493,4.10895
2.0457,-0.670763,3.458,4.0734
2.03611,-0.663974,3.423,4.03776
2.02688,-0.657379,3.389,4.00321
2.03788,-0.657379,3.389,4.00879
2.02893,-0.650978,3.356,3.97531
2.02037,-0.644771,3.324,3.94292
2.03116,-0.644771,3.324,3.94846
2.02229,-0.638564,3.292,3.91595
2.01322,-0.632356,3.26,3.88336
2.0238,-0.632356,3.26,3.88886
1.99631,-0.620524,3.199,3.82151
1.97031,-0.609273,3.141,3.75756
1.98051,-0.609273,3.141,3.76291
1.95458,-0.598217,3.084,3.6999
1.94739,-0.59298,3.057,3.67276
1.95731,-0.59298,3.057,3.67803
1.94986,-0.587742,3.03,3.65079
1.94223,-0.582505,3.003,3.62348
1.95198,-0.582505,3.003,3.62871
1.92775,-0.572418,2.951,3.57104
1.90451,-0.56272,2.901,3.51562
1.89809,-0.558064,2.877,3.49161
1.90743,-0.558064,2.877,3.49669
1.90077,-0.553409,2.853,3.47258
1.87857,-0.544292,2.806,3.42037
1.88768,-0.544292,2.806,3.42538
1.88124,-0.539831,2.783,3.40229
1.87533,-0.535563,2.761,3.38036
-2.55363,-0.702075,3.681,4.53472
-2.54168,-0.702075,3.681,4.528
-2.47682,-0.687389,3.604,4.42673
-2.46512,-0.687389,3.604,4.4202
-2.42755,-0.680141,3.566,4.36715
-2.41598,-0.680141,3.566,4.36072
-2.4044,-0.680141,3.566,4.35432
-2.39283,-0.680141,3.566,4.34794
-2.38126,-0.680141,3.566,4.34158
-2.36968,-0.680141,3.566,4.33524
-2.35811,-0.680141,3.566,4.32893
-2.37154,-0.687389,3.604,4.3687
-2.33496,-0.680141,3.566,4.31636
-2.32338,-0.680141,3.566,4.31011
-2.31181,-0.680141,3.566,4.30388
-2.30024,-0.680141,3.566,4.29768
-2.26491,-0.673084,3.529,4.24697
-2.25346,-0.673084,3.529,4.24087
-2.24201,-0.673084,3.529,4.23479
-2.2078,-0.666218,3.493,4.1856
-2.19646,-0.666218,3.493,4.17963
-2.18512,-0.666218,3.493,4.17369
-2.152,-0.659543,3.458,4.126
-2.11911,-0.652867,3.423,4.07846
-2.108,-0.652867,3.423,4.07269
-2.09689,-0.652867,3.423,4.06695
-2.06506,-0.646382,3.389,4.0209
-2.03406,-0.640088,3.356,3.97616
-2.02317,-0.640088,3.356,3.9706
-2.01228,-0.640088,3.356,3.96506
nan,nan,nan,NaN
nan,nan,nan,NaN
nan,nan,nan,NaN
nan,nan,nan,NaN
nan,nan,nan,NaN
nan,nan,nan,NaN
nan,nan,nan,NaN
nan,nan,nan,NaN
nan,nan,nan,NaN
nan,nan,nan,NaN
nan,nan,nan,NaN
nan,nan,nan,NaN
nan,nan,nan,NaN
nan,nan,nan,NaN
nan,nan,nan,NaN
nan,nan,nan,NaN
nan,nan,nan,NaN
nan,nan,nan,NaN
nan,nan,nan,NaN
nan,nan,nan,NaN
nan,nan,nan,NaN
nan,nan,nan,NaN
nan,nan,nan,NaN
nan,nan,nan,NaN
nan,nan,nan,NaN
nan,nan,nan,NaN
nan,nan,nan,NaN
nan,nan,nan,NaN
nan,nan,nan,NaN
nan,nan,nan,NaN
nan,nan,nan,NaN
nan,nan,nan,NaN
nan,nan,nan,NaN
nan,nan,nan,NaN
nan,nan,nan,NaN
nan,nan,nan,NaN
nan,nan,nan,NaN
nan,nan,nan,NaN
nan,nan,nan,NaN
nan,nan,nan,NaN
-1.11687,-0.456606,2.394,2.68088
-1.1091,-0.456606,2.394,2.67765
-1.10133,-0.456606,2.394,2.67445
-1.09356,-0.456606,2.394,2.67126
-1.08579,-0.456606,2.394,2.66808
-1.07802,-0.456606,2.394,2.66493
-1.07025,-0.456606,2.394,2.6618
-1.05494,-0.453364,2.377,2.6398
-1.04722,-0.453364,2.377,2.63673
-1.04694,-0.456606,2.394,2.65251
-1.03917,-0.456606,2.394,2.64945
-1.0314,-0.456606,2.394,2.64641
-1.02363,-0.456606,2.394,2.6434
-1.01586,-0.456606,2.394,2.6404
-1.00809,-0.456606,2.394,2.63742
-1.00032,-0.456606,2.394,2.63446
-0.992548,-0.456606,2.394,2.63152
-0.984778,-0.456606,2.394,2.6286
-0.977007,-0.456606,2.394,2.62569
-0.969237,-0.456606,2.394,2.62281
-0.961466,-0.456606,2.394,2.61995
-0.960468,-0.459849,2.411,2.63569
-0.952643,-0.459849,2.411,2.63285
-0.944817,-0.459849,2.411,2.63003
-0.936992,-0.459849,2.411,2.62723
-0.922615,-0.456606,2.394,2.60594
-0.914845,-0.456606,2.394,2.6032
-0.907074,-0.456606,2.394,2.60048
-0.899304,-0.456606,2.394,2.59778
-0.891534,-0.456606,2.394,2.5951
-0.883763,-0.456606,2.394,2.59244
-0.875993,-0.456606,2.394,2.5898
-0.868223,-0.456606,2.394,2.58719
-0.860452,-0.456606,2.394,2.58459
-0.852682,-0.456606,2.394,2.58201
-0.844912,-0.456606,2.394,2.57946
-0.843086,-0.459849,2.411,2.59522
-0.83526,-0.459849,2.411,2.59269
-0.827435,-0.459849,2.411,2.59018
-0.819609,-0.459849,2.411,2.58769
-0.811784,-0.459849,2.411,2.58522
-0.803958,-0.459849,2.411,2.58278
-0.796133,-0.459849,2.411,2.58035
-0.788307,-0.459849,2.411,2.57795
-0.780482,-0.459849,2.411,2.57556
-0.772656,-0.459849,2.411,2.5732
-0.764831,-0.459849,2.411,2.57087
-0.757005,-0.459849,2.411,2.56855
-0.754462,-0.463091,2.428,2.58435
-0.746581,-0.463091,2.428,2.58206
-0.738701,-0.463091,2.428,2.57979
-0.735937,-0.466334,2.445,2.59559
-0.728001,-0.466334,2.445,2.59335
-0.720065,-0.466334,2.445,2.59114
-0.717372,-0.469767,2.463,2.608
-0.709378,-0.469767,2.463,2.60581
-0.706509,-0.4732,2.481,2.62268
-0.698457,-0.4732,2.481,2.62052
-0.690404,-0.4732,2.481,2.61838
-0.687302,-0.476633,2.499,2.63525
-0.679191,-0.476633,2.499,2.63315
-0.67108,-0.476633,2.499,2.63107
-0.662968,-0.476633,2.499,2.62901
-0.654857,-0.476633,2.499,2.62698
-0.646746,-0.476633,2.499,2.62497
-0.638635,-0.476633,2.499,2.62298
-0.630524,-0.476633,2.499,2.62102
-0.61793,-0.4732,2.481,2.60021
-0.609877,-0.4732,2.481,2.59831
-0.601824,-0.4732,2.481,2.59643
-0.593771,-0.4732,2.481,2.59458
-0.585719,-0.4732,2.481,2.59275
-0.577666,-0.4732,2.481,2.59094
-0.569613,-0.4732,2.481,2.58916
-0.557486,-0.469767,2.463,2.56863
-0.549492,-0.469767,2.463,2.5669
-0.541498,-0.469767,2.463,2.5652
-0.533504,-0.469767,2.463,2.56353
-0.525509,-0.469767,2.463,2.56188
-0.517515,-0.469767,2.463,2.56025
-0.509521,-0.469767,2.463,2.55864
-0.497861,-0.466334,2.445,2.53838
-0.489925,-0.466334,2.445,2.53683
-0.481989,-0.466334,2.445,2.53531
-0.474054,-0.466334,2.445,2.53382
-0.466118,-0.466334,2.445,2.53234
-0.458182,-0.466334,2.445,2.53089
-0.450246,-0.466334,2.445,2.52947
-0.44231,-0.466334,2.445,2.52807
-0.434374,-0.466334,2.445,2.52669
-0.426438,-0.466334,2.445,2.52534
-0.421584,-0.469767,2.463,2.54259
-0.413589,-0.469767,2.463,2.54128
-0.405595,-0.469767,2.463,2.53999
-0.397601,-0.469767,2.463,2.53873
-0.389606,-0.469767,2.463,2.53749
-0.381612,-0.469767,2.463,2.53627
-0.373618,-0.469767,2.463,2.53508
-0.368296,-0.4732,2.481,2.55243
-0.360243,-0.4732,2.481,2.55129
-0.35219,-0.4732,2.481,2.55016
-0.344137,-0.4732,2.481,2.54906
-0.336085,-0.4732,2.481,2.54799
-0.325652,-0.469767,2.463,2.52846
-0.317658,-0.469767,2.463,2.52744
-0.309664,-0.469767,2.463,2.52645
-0.301669,-0.469767,2.463,2.52548
-0.293675,-0.469767,2.463,2.52454
-0.285681,-0.469767,2.463,2.52362
-0.277686,-0.469767,2.463,2.52273
-0.267721,-0.466334,2.445,2.50343
-0.259785,-0.466334,2.445,2.50259
-0.251849,-0.466334,2.445,2.50178
-0.243914,-0.466334,2.445,2.501
-0.235978,-0.466334,2.445,2.50024
-0.228042,-0.466334,2.445,2.4995
-0.220106,-0.466334,2.445,2.49879
-0.213732,-0.469767,2.463,2.51649
-0.205738,-0.469767,2.463,2.51583
-0.197744,-0.469767,2.463,2.51518
-0.189749,-0.469767,2.463,2.51457
-0.181755,-0.469767,2.463,2.51398
-0.175031,-0.4732,2.481,2.53178
-0.166978,-0.4732,2.481,2.53124
-0.158925,-0.4732,2.481,2.53072
-0.150872,-0.4732,2.481,2.53023
-0.14282,-0.4732,2.481,2.52976
-0.134767,-0.4732,2.481,2.52932
-0.127634,-0.476633,2.499,2.54725
-0.119523,-0.476633,2.499,2.54685
-0.111411,-0.476633,2.499,2.54649
-0.1033,-0.476633,2.499,2.54614
-0.0951891,-0.476633,2.499,2.54583
-0.0877052,-0.480066,2.517,2.56387
-0.0795356,-0.480066,2.517,2.56361
-0.0719048,-0.48369,2.536,2.58272
-0.0636736,-0.48369,2.536,2.5825
-0.0554423,-0.48369,2.536,2.58231
-0.0472111,-0.48369,2.536,2.58215
-0.0389799,-0.48369,2.536,2.58201
-0.0307487,-0.48369,2.536,2.5819
-0.0225174,-0.48369,2.536,2.58181
-0.0142862,-0.48369,2.536,2.58175
-0.00605498,-0.48369,2.536,2.58172
0.00217625,-0.48369,2.536,2.58172
0.0104075,-0.48369,2.536,2.58174
0.0186387,-0.48369,2.536,2.58178
0.0268699,-0.48369,2.536,2.58185
0.0351011,-0.48369,2.536,2.58195
0.0430077,-0.480066,2.517,2.56273
0.0511773,-0.480066,2.517,2.56288
0.0593468,-0.480066,2.517,2.56306
0.0675164,-0.480066,2.517,2.56326
0.075686,-0.480066,2.517,2.56349
0.0838555,-0.480066,2.517,2.56374
0.0920251,-0.480066,2.517,2.56402
0.0994781,-0.476633,2.499,2.54599
0.107589,-0.476633,2.499,2.54632
0.1157,-0.476633,2.499,2.54668
0.123811,-0.476633,2.499,2.54706
0.131923,-0.476633,2.499,2.54747
0.140034,-0.476633,2.499,2.5479
0.148145,-0.476633,2.499,2.54836
0.156256,-0.476633,2.499,2.54884
0.164367,-0.476633,2.499,2.54935
0.172478,-0.476633,2.499,2.54989
0.180589,-0.476633,2.499,2.55045
0.19006,-0.480066,2.517,2.56941
0.198229,-0.480066,2.517,2.57003
0.206399,-0.480066,2.517,2.57067
0.214568,-0.480066,2.517,2.57134
0.222738,-0.480066,2.517,2.57204
0.230908,-0.480066,2.517,2.57276
0.239077,-0.480066,2.517,2.5735
0.247247,-0.480066,2.517,2.57427
0.255416,-0.480066,2.517,2.57507
0.263586,-0.480066,2.517,2.57589
0.271755,-0.480066,2.517,2.57674
0.279925,-0.480066,2.517,2.57762
0.288094,-0.480066,2.517,2.57852
0.296264,-0.480066,2.517,2.57944
0.304434,-0.480066,2.517,2.58039
0.312603,-0.480066,2.517,2.58137
0.320773,-0.480066,2.517,2.58237
0.328942,-0.480066,2.517,2.5834
0.337112,-0.480066,2.517,2.58445
0.345281,-0.480066,2.517,2.58553
0.353451,-0.480066,2.517,2.58664
0.36162,-0.480066,2.517,2.58776
0.36979,-0.480066,2.517,2.58892
0.37796,-0.480066,2.517,2.5901
0.386129,-0.480066,2.517,2.5913
0.394299,-0.480066,2.517,2.59253
0.402468,-0.480066,2.517,2.59379
0.413738,-0.48369,2.536,2.61466
0.421969,-0.48369,2.536,2.61597
0.4302,-0.48369,2.536,2.61731
0.438431,-0.48369,2.536,2.61868
0.446662,-0.48369,2.536,2.62007
0.454894,-0.48369,2.536,2.62148
0.463125,-0.48369,2.536,2.62293
0.471356,-0.48369,2.536,2.62439
0.48318,-0.487314,2.555,2.64556
0.491473,-0.487314,2.555,2.64708
0.499766,-0.487314,2.555,2.64863
0.508059,-0.487314,2.555,2.65021
0.516352,-0.487314,2.555,2.65181
0.528546,-0.490938,2.574,2.67317
0.536901,-0.490938,2.574,2.67484
0.545256,-0.490938,2.574,2.67653
0.55361,-0.490938,2.574,2.67824
0.561965,-0.490938,2.574,2.67998
0.570319,-0.490938,2.574,2.68175
0.578674,-0.490938,2.574,2.68354
0.587028,-0.490938,2.574,2.68535
0.595383,-0.490938,2.574,2.68719
0.603738,-0.490938,2.574,2.68905
0.612092,-0.490938,2.574,2.69094
0.620447,-0.490938,2.574,2.69285
0.62416,-0.487314,2.555,2.6749
0.632453,-0.487314,2.555,2.67684
0.640746,-0.487314,2.555,2.67882
0.649038,-0.487314,2.555,2.68081
0.662219,-0.490938,2.574,2.70278
0.670574,-0.490938,2.574,2.70484
0.673917,-0.487314,2.555,2.68694
0.68221,-0.487314,2.555,2.68904
0.690503,-0.487314,2.555,2.69115
0.698796,-0.487314,2.555,2.69329
0.707089,-0.487314,2.555,2.69545
0.720701,-0.490938,2.574,2.7177
0.723674,-0.487314,2.555,2.69985
0.731967,-0.487314,2.555,2.70209
0.74026,-0.487314,2.555,2.70435
0.748553,-0.487314,2.555,2.70663
0.751218,-0.48369,2.536,2.68879
0.759449,-0.48369,2.536,2.6911
0.76768,-0.48369,2.536,2.69343
0.775912,-0.48369,2.536,2.69579
0.778268,-0.480066,2.517,2.67796
0.786437,-0.480066,2.517,2.68034
0.794607,-0.480066,2.517,2.68275
0.802777,-0.480066,2.517,2.68518
0.810946,-0.480066,2.517,2.68764
0.813258,-0.476633,2.499,2.67087
0.821369,-0.476633,2.499,2.67336
0.82948,-0.476633,2.499,2.67586
0.837591,-0.476633,2.499,2.67838
0.839611,-0.4732,2.481,2.66162
0.847664,-0.4732,2.481,2.66417
0.855716,-0.4732,2.481,2.66675
0.857502,-0.469767,2.463,2.64997
0.865497,-0.469767,2.463,2.65257
0.873491,-0.469767,2.463,2.65519
0.881485,-0.469767,2.463,2.65783
0.889479,-0.469767,2.463,2.66049
0.904033,-0.4732,2.481,2.68264
0.905468,-0.469767,2.463,2.66588
0.913462,-0.469767,2.463,2.66861
0.921457,-0.469767,2.463,2.67135
0.929451,-0.469767,2.463,2.67412
0.937445,-0.469767,2.463,2.67691
nan,nan,nan,NaN
nan,nan,nan,NaN
nan,nan,nan,NaN
nan,nan,nan,NaN
nan,nan,nan,NaN
nan,nan,nan,NaN
nan,nan,nan,NaN
nan,nan,nan,NaN
nan,nan,nan,NaN
nan,nan,nan,NaN
nan,nan,nan,NaN
nan,nan,nan,NaN
nan,nan,nan,NaN
nan,nan,nan,NaN
nan,nan,nan,NaN
nan,nan,nan,NaN
nan,nan,nan,NaN
nan,nan,nan,NaN
nan,nan,nan,NaN
nan,nan,nan,NaN
nan,nan,nan,NaN
nan,nan,nan,NaN
nan,nan,nan,NaN
1.41404,-0.58821,3.084,3.44334
1.42405,-0.58821,3.084,3.44746
1.43406,-0.58821,3.084,3.45161
1.45718,-0.59355,3.112,3.48715
1.46728,-0.59355,3.112,3.49138
1.47738,-0.59355,3.112,3.49564
1.48749,-0.59355,3.112,3.49992
1.51154,-0.599081,3.141,3.53688
1.53579,-0.604613,3.17,3.57395
1.54608,-0.604613,3.17,3.57838
1.55636,-0.604613,3.17,3.58284
1.56665,-0.604613,3.17,3.58732
1.57694,-0.604613,3.17,3.59182
1.58723,-0.604613,3.17,3.59635
1.59752,-0.604613,3.17,3.60091
1.60781,-0.604613,3.17,3.60548
1.6181,-0.604613,3.17,3.61008
1.62839,-0.604613,3.17,3.61471
1.63868,-0.604613,3.17,3.61935
nan,nan,nan,NaN
nan,nan,nan,NaN
nan,nan,nan,NaN
nan,nan,nan,NaN
nan,nan,nan,NaN
nan,nan,nan,NaN
1.98646,-0.702075,3.681,4.24131
1.99841,-0.702075,3.681,4.24692
2.0322,-0.709705,3.721,4.29876
2.04428,-0.709705,3.721,4.30449
2.05636,-0.709705,3.721,4.31024
2.0462,-0.702075,3.681,4.26961
2.05815,-0.702075,3.681,4.27535
2.04816,-0.694637,3.642,4.23576
2.03849,-0.687389,3.604,4.19723
2.05019,-0.687389,3.604,4.20293
2.06189,-0.687389,3.604,4.20865
2.05172,-0.680141,3.566,4.16995
2.06329,-0.680141,3.566,4.17566
2.05334,-0.673084,3.529,4.13801
2.06479,-0.673084,3.529,4.1437
2.07625,-0.673084,3.529,4.14942
2.06641,-0.666218,3.493,4.11278
2.05692,-0.659543,3.458,4.07722
2.04722,-0.652867,3.423,4.04157
2.05833,-0.652867,3.423,4.04721
2.04888,-0.646382,3.389,4.01261
2.03982,-0.640088,3.356,3.97911
2.05072,-0.640088,3.356,3.98471
2.02229,-0.627882,3.292,3.91423
2.01322,-0.621778,3.26,3.88166
2.0238,-0.621778,3.26,3.88715
1.99631,-0.610144,3.199,3.81983
1.97031,-0.599081,3.141,3.75592
1.98051,-0.599081,3.141,3.76127
1.95458,-0.58821,3.084,3.6983
1.94739,-0.58306,3.057,3.67118
1.95731,-0.58306,3.057,3.67645
1.94986,-0.57791,3.03,3.64922
1.94223,-0.572761,3.003,3.62192
1.95198,-0.572761,3.003,3.62716
1.92775,-0.562843,2.951,3.56951
1.90451,-0.553306,2.901,3.51413
1.89809,-0.548729,2.877,3.49012
1.90743,-0.548729,2.877,3.49521
1.90077,-0.544151,2.853,3.47112
1.87857,-0.535187,2.806,3.41893
1.88768,-0.535187,2.806,3.42394
1.88124,-0.5308,2.783,3.40087
1.87533,-0.526604,2.761,3.37895
-2.55363,-0.690131,3.681,4.53289
-2.54168,-0.690131,3.681,4.52617
-2.47682,-0.675695,3.604,4.42493
-2.46512,-0.675695,3.604,4.41839
-2.42755,-0.66857,3.566,4.36536
-2.41598,-0.66857,3.566,4.35893
-2.4044,-0.66857,3.566,4.35253
-2.39283,-0.66857,3.566,4.34615
-2.38126,-0.66857,3.566,4.33978
-2.36968,-0.66857,3.566,4.33344
-2.35811,-0.66857,3.566,4.32713
-2.34653,-0.66857,3.566,4.32083
-2.33496,-0.66857,3.566,4.31455
-2.32338,-0.66857,3.566,4.3083
-2.31181,-0.66857,3.566,4.30207
-2.30024,-0.66857,3.566,4.29586
-2.26491,-0.661633,3.529,4.24517
-2.25346,-0.661633,3.529,4.23907
-2.24201,-0.661633,3.529,4.23299
-2.2078,-0.654884,3.493,4.18381
-2.19646,-0.654884,3.493,4.17784
-2.18512,-0.654884,3.493,4.17189
-2.152,-0.648322,3.458,4.12422
-2.11911,-0.64176,3.423,4.07669
-2.108,-0.64176,3.423,4.07093
-2.09689,-0.64176,3.423,4.06519
-2.06506,-0.635386,3.389,4.01915
-2.03406,-0.629199,3.356,3.97442
-2.02317,-0.629199,3.356,3.96886
-2.01228,-0.629199,3.356,3.96332
nan,nan,nan,NaN
nan,nan,nan,NaN
nan,nan,nan,NaN
nan,nan,nan,NaN
nan,nan,nan,NaN
nan,nan,nan,NaN
nan,nan,nan,NaN
nan,nan,nan,NaN
nan,nan,nan,NaN
nan,nan,nan,NaN
nan,nan,nan,NaN
nan,nan,nan,NaN
nan,nan,nan,NaN
nan,nan,nan,NaN
nan,nan,nan,NaN
nan,nan,nan,NaN
nan,nan,nan,NaN
nan,nan,nan,NaN
nan,nan,nan,NaN
nan,nan,nan,NaN
nan,nan,nan,NaN
nan,nan,nan,NaN
nan,nan,nan,NaN
nan,nan,nan,NaN
nan,nan,nan,NaN
nan,nan,nan,NaN
nan,nan,nan,NaN
nan,nan,nan,NaN
nan,nan,nan,NaN
nan,nan,nan,NaN
nan,nan,nan,NaN
nan,nan,nan,NaN
nan,nan,nan,NaN
nan,nan,nan,NaN
nan,nan,nan,NaN
nan,nan,nan,NaN
nan,nan,nan,NaN
-1.13209,-0.445651,2.377,2.67027
-1.12437,-0.445651,2.377,2.66701
-1.11666,-0.445651,2.377,2.66377
-1.10894,-0.445651,2.377,2.66054
-1.10123,-0.445651,2.377,2.65734
-1.10133,-0.448838,2.394,2.67313
-1.09356,-0.448838,2.394,2.66994
-1.08579,-0.448838,2.394,2.66677
-1.07037,-0.445651,2.377,2.6447
-1.06265,-0.445651,2.377,2.64158
-1.05494,-0.445651,2.377,2.63849
-1.04722,-0.445651,2.377,2.63541
-1.03951,-0.445651,2.377,2.63236
-1.03179,-0.445651,2.377,2.62932
-1.02408,-0.445651,2.377,2.6263
-1.01636,-0.445651,2.377,2.6233
-1.00865,-0.445651,2.377,2.62032
-1.00093,-0.445651,2.377,2.61736
-0.993215,-0.445651,2.377,2.61442
-0.9855,-0.445651,2.377,2.6115
-0.977785,-0.445651,2.377,2.6086
-0.970069,-0.445651,2.377,2.60572
-0.962354,-0.445651,2.377,2.60286
-0.954639,-0.445651,2.377,2.60001
-0.946924,-0.445651,2.377,2.59719
-0.939209,-0.445651,2.377,2.59439
-0.931494,-0.445651,2.377,2.5916
-0.923778,-0.445651,2.377,2.58884
-0.916063,-0.445651,2.377,2.5861
-0.908348,-0.445651,2.377,2.58338
-0.894571,-0.442651,2.361,2.5633
-0.886907,-0.442651,2.361,2.56064
-0.879244,-0.442651,2.361,2.55799
-0.871581,-0.442651,2.361,2.55537
-0.863918,-0.442651,2.361,2.55277
-0.862057,-0.445651,2.377,2.56747
-0.854342,-0.445651,2.377,2.56488
-0.846627,-0.445651,2.377,2.56233
-0.838912,-0.445651,2.377,2.55979
-0.831197,-0.445651,2.377,2.55727
-0.823481,-0.445651,2.377,2.55477
-0.815766,-0.445651,2.377,2.55229
-0.81383,-0.448838,2.394,2.56808
-0.80606,-0.448838,2.394,2.56562
-0.79829,-0.448838,2.394,2.56319
-0.790519,-0.448838,2.394,2.56078
-0.782749,-0.448838,2.394,2.5584
-0.774979,-0.448838,2.394,2.55603
-0.767208,-0.448838,2.394,2.55368
-0.764831,-0.452026,2.411,2.56948
-0.757005,-0.452026,2.411,2.56716
-0.74918,-0.452026,2.411,2.56486
-0.741354,-0.452026,2.411,2.56259
-0.733529,-0.452026,2.411,2.56033
-0.73082,-0.455213,2.428,2.57614
-0.722939,-0.455213,2.428,2.57392
-0.715059,-0.455213,2.428,2.57171
-0.712129,-0.4584,2.445,2.58752
-0.704194,-0.4584,2.445,2.58535
-0.701384,-0.461775,2.463,2.60222
-0.693389,-0.461775,2.463,2.60008
-0.685395,-0.461775,2.463,2.59796
-0.682351,-0.465149,2.481,2.61483
-0.674299,-0.465149,2.481,2.61274
-0.666246,-0.465149,2.481,2.61067
-0.658193,-0.465149,2.481,2.60863
-0.65014,-0.465149,2.481,2.60661
-0.642088,-0.465149,2.481,2.60461
-0.634035,-0.465149,2.481,2.60264
-0.625982,-0.465149,2.481,2.60069
-0.61793,-0.465149,2.481,2.59876
-0.609877,-0.465149,2.481,2.59686
-0.601824,-0.465149,2.481,2.59498
-0.593771,-0.465149,2.481,2.59312
-0.585719,-0.465149,2.481,2.59129
-0.577666,-0.465149,2.481,2.58948
-0.569613,-0.465149,2.481,2.5877
-0.557486,-0.461775,2.463,2.56718
-0.549492,-0.461775,2.463,2.56545
-0.541498,-0.461775,2.463,2.56375
-0.533504,-0.461775,2.463,2.56208
-0.525509,-0.461775,2.463,2.56042
-0.517515,-0.461775,2.463,2.55879
-0.509521,-0.461775,2.463,2.55719
-0.497861,-0.4584,2.445,2.53693
-0.489925,-0.4584,2.445,2.53539
-0.481989,-0.4584,2.445,2.53386
-0.474054,-0.4584,2.445,2.53237
-0.466118,-0.4584,2.445,2.53089
-0.458182,-0.4584,2.445,2.52944
-0.450246,-0.4584,2.445,2.52802
-0.44231,-0.4584,2.445,2.52662
-0.434374,-0.4584,2.445,2.52524
-0.426438,-0.4584,2.445,2.52389
-0.421584,-0.461775,2.463,2.54113
-0.413589,-0.461775,2.463,2.53982
-0.405595,-0.461775,2.463,2.53853
-0.397601,-0.461775,2.463,2.53726
-0.389606,-0.461775,2.463,2.53602
-0.381612,-0.461775,2.463,2.5348
-0.373618,-0.461775,2.463,2.53361
-0.368296,-0.465149,2.481,2.55095
-0.360243,-0.465149,2.481,2.5498
-0.35219,-0.465149,2.481,2.54868
-0.344137,-0.465149,2.481,2.54758
-0.336085,-0.465149,2.481,2.5465
-0.325652,-0.461775,2.463,2.52699
-0.317658,-0.461775,2.463,2.52597
-0.309664,-0.461775,2.463,2.52497
-0.301669,-0.461775,2.463,2.52401
-0.293675,-0.461775,2.463,2.52306
-0.285681,-0.461775,2.463,2.52215
-0.277686,-0.461775,2.463,2.52125
-0.267721,-0.4584,2.445,2.50197
-0.259785,-0.4584,2.445,2.50113
-0.251849,-0.4584,2.445,2.50032
-0.243914,-0.4584,2.445,2.49953
-0.235978,-0.4584,2.445,2.49877
-0.228042,-0.4584,2.445,2.49803
-0.220106,-0.4584,2.445,2.49732
-0.213732,-0.461775,2.463,2.51501
-0.205738,-0.461775,2.463,2.51435
-0.197744,-0.461775,2.463,2.5137
-0.189749,-0.461775,2.463,2.51309
-0.181755,-0.461775,2.463,2.5125
-0.175031,-0.465149,2.481,2.53029
-0.166978,-0.465149,2.481,2.52974
-0.158925,-0.465149,2.481,2.52923
-0.150872,-0.465149,2.481,2.52873
-0.14282,-0.465149,2.481,2.52826
-0.134767,-0.465149,2.481,2.52782
-0.127634,-0.468524,2.499,2.54574
-0.119523,-0.468524,2.499,2.54535
-0.111411,-0.468524,2.499,2.54498
-0.1033,-0.468524,2.499,2.54464
-0.0951891,-0.468524,2.499,2.54432
-0.0877052,-0.471899,2.517,2.56236
-0.0795356,-0.471899,2.517,2.56209
-0.0713661,-0.471899,2.517,2.56185
-0.0631965,-0.471899,2.517,2.56163
-0.055027,-0.471899,2.517,2.56145
-0.0468574,-0.471899,2.517,2.56128
-0.0386878,-0.471899,2.517,2.56115
-0.0305183,-0.471899,2.517,2.56104
-0.0223487,-0.471899,2.517,2.56095
-0.0141792,-0.471899,2.517,2.56089
-0.00600962,-0.471899,2.517,2.56086
0.00214449,-0.468524,2.499,2.54254
0.0102556,-0.468524,2.499,2.54256
0.0183668,-0.468524,2.499,2.54261
0.0264779,-0.468524,2.499,2.54268
0.034589,-0.468524,2.499,2.54278
0.0427002,-0.468524,2.499,2.5429
0.0508113,-0.468524,2.499,2.54305
0.0589224,-0.468524,2.499,2.54322
0.0670336,-0.468524,2.499,2.54342
0.0751447,-0.468524,2.499,2.54365
0.0832558,-0.468524,2.499,2.5439
0.091367,-0.468524,2.499,2.54418
0.0994781,-0.468524,2.499,2.54449
0.107589,-0.468524,2.499,2.54482
0.1157,-0.468524,2.499,2.54517
0.123811,-0.468524,2.499,2.54555
0.131923,-0.468524,2.499,2.54596
0.140034,-0.468524,2.499,2.54639
0.148145,-0.468524,2.499,2.54685
0.156256,-0.468524,2.499,2.54734
0.164367,-0.468524,2.499,2.54785
0.172478,-0.468524,2.499,2.54838
0.180589,-0.468524,2.499,2.54895
0.188701,-0.468524,2.499,2.54953
0.196812,-0.468524,2.499,2.55015
0.204923,-0.468524,2.499,2.55079
0.213034,-0.468524,2.499,2.55145
0.221145,-0.468524,2.499,2.55214
0.229256,-0.468524,2.499,2.55286
0.237367,-0.468524,2.499,2.5536
0.245479,-0.468524,2.499,2.55436
0.25359,-0.468524,2.499,2.55516
0.261701,-0.468524,2.499,2.55597
0.269812,-0.468524,2.499,2.55682
0.277923,-0.468524,2.499,2.55769
0.286034,-0.468524,2.499,2.55858
0.294145,-0.468524,2.499,2.5595
0.302256,-0.468524,2.499,2.56044
0.310368,-0.468524,2.499,2.56141
0.318479,-0.468524,2.499,2.56241
0.32659,-0.468524,2.499,2.56343
0.334701,-0.468524,2.499,2.56448
0.342812,-0.468524,2.499,2.56555
0.350923,-0.468524,2.499,2.56664
0.359034,-0.468524,2.499,2.56777
0.367146,-0.468524,2.499,2.56891
0.375257,-0.468524,2.499,2.57008
0.383368,-0.468524,2.499,2.57128
0.391479,-0.468524,2.499,2.5725
0.402468,-0.471899,2.517,2.59229
0.410638,-0.471899,2.517,2.59357
0.418807,-0.471899,2.517,2.59488
0.4302,-0.475461,2.536,2.6158
0.438431,-0.475461,2.536,2.61717
0.446662,-0.475461,2.536,2.61856
0.454894,-0.475461,2.536,2.61998
0.463125,-0.475461,2.536,2.62142
0.471356,-0.475461,2.536,2.62289
0.48318,-0.479023,2.555,2.64404
0.491473,-0.479023,2.555,2.64557
0.499766,-0.479023,2.555,2.64712
0.508059,-0.479023,2.555,2.6487
0.516352,-0.479023,2.555,2.6503
0.528546,-0.482586,2.574,2.67165
0.536901,-0.482586,2.574,2.67332
0.545256,-0.482586,2.574,2.67501
0.55361,-0.482586,2.574,2.67672
0.561965,-0.482586,2.574,2.67846
0.566109,-0.479023,2.555,2.66045
0.574402,-0.479023,2.555,2.66222
0.587028,-0.482586,2.574,2.68383
0.595383,-0.482586,2.574,2.68567
0.603738,-0.482586,2.574,2.68754
0.612092,-0.482586,2.574,2.68943
0.620447,-0.482586,2.574,2.69134
0.628801,-0.482586,2.574,2.69328
0.637156,-0.482586,2.574,2.69524
0.64551,-0.482586,2.574,2.69723
0.653865,-0.482586,2.574,2.69924
0.662219,-0.482586,2.574,2.70128
0.670574,-0.482586,2.574,2.70334
0.678929,-0.482586,2.574,2.70542
0.687283,-0.482586,2.574,2.70753
0.695638,-0.482586,2.574,2.70966
0.703992,-0.482586,2.574,2.71182
0.712347,-0.482586,2.574,2.714
0.720701,-0.482586,2.574,2.71621
0.729056,-0.482586,2.574,2.71843
0.731967,-0.479023,2.555,2.7006
0.74026,-0.479023,2.555,2.70286
0.748553,-0.479023,2.555,2.70515
0.756846,-0.479023,2.555,2.70745
0.765139,-0.479023,2.555,2.70978
0.76768,-0.475461,2.536,2.69197
0.775912,-0.475461,2.536,2.69433
0.778268,-0.471899,2.517,2.67651
0.786437,-0.471899,2.517,2.67889
0.794607,-0.471899,2.517,2.6813
0.802777,-0.471899,2.517,2.68373
0.810946,-0.471899,2.517,2.68619
0.813258,-0.468524,2.499,2.66944
0.821369,-0.468524,2.499,2.67192
0.82948,-0.468524,2.499,2.67443
0.837591,-0.468524,2.499,2.67695
0.839611,-0.465149,2.481,2.6602
0.847664,-0.465149,2.481,2.66275
0.855716,-0.465149,2.481,2.66533
0.863769,-0.465149,2.481,2.66792
0.865497,-0.461775,2.463,2.65117
0.873491,-0.461775,2.463,2.65379
0.881485,-0.461775,2.463,2.65643
0.889479,-0.461775,2.463,2.65909
0.904033,-0.465149,2.481,2.68123
0.905468,-0.461775,2.463,2.66448
0.913462,-0.461775,2.463,2.66721
0.921457,-0.461775,2.463,2.66996
0.929451,-0.461775,2.463,2.67273
0.937445,-0.461775,2.463,2.67552
0.952349,-0.465149,2.481,2.69791
0.960401,-0.465149,2.481,2.70076
nan,nan,nan,NaN
nan,nan,nan,NaN
nan,nan,nan,NaN
nan,nan,nan,NaN
nan,nan,nan,NaN
nan,nan,nan,NaN
nan,nan,nan,NaN
nan,nan,nan,NaN
nan,nan,nan,NaN
nan,nan,nan,NaN
nan,nan,nan,NaN
nan,nan,nan,NaN
nan,nan,nan,NaN
nan,nan,nan,NaN
nan,nan,nan,NaN
nan,nan,nan,NaN
nan,nan,nan,NaN
nan,nan,nan,NaN
nan,nan,nan,NaN
nan,nan,nan,NaN
nan,nan,nan,NaN
1.41404,-0.578203,3.084,3.44164
1.42405,-0.578203,3.084,3.44577
1.43406,-0.578203,3.084,3.44991
1.45718,-0.583452,3.112,3.48545
1.46728,-0.583452,3.112,3.48968
1.47738,-0.583452,3.112,3.49394
1.50135,-0.588889,3.141,3.53082
1.51154,-0.588889,3.141,3.53517
1.53579,-0.594326,3.17,3.57222
1.54608,-0.594326,3.17,3.57666
1.55636,-0.594326,3.17,3.58112
1.56665,-0.594326,3.17,3.5856
1.57694,-0.594326,3.17,3.59011
1.58723,-0.594326,3.17,3.59464
1.59752,-0.594326,3.17,3.59919
1.60781,-0.594326,3.17,3.60377
1.6181,-0.594326,3.17,3.60837
1.62839,-0.594326,3.17,3.613
1.63868,-0.594326,3.17,3.61765
nan,nan,nan,NaN
nan,nan,nan,NaN
nan,nan,nan,NaN
nan,nan,nan,NaN
nan,nan,nan,NaN
nan,nan,nan,NaN
1.98646,-0.690131,3.681,4.23935
1.99841,-0.690131,3.681,4.24496
2.0322,-0.69763,3.721,4.29679
2.04428,-0.69763,3.721,4.30251
2.05636,-0.69763,3.721,4.30826
2.06844,-0.69763,3.721,4.31404
2.08051,-0.69763,3.721,4.31985
2.04816,-0.682819,3.642,4.23384
2.05998,-0.682819,3.642,4.23957
2.07181,-0.682819,3.642,4.24533
2.06189,-0.675695,3.604,4.20675
2.05172,-0.66857,3.566,4.16808
2.06329,-0.66857,3.566,4.17379
2.05334,-0.661633,3.529,4.13616
2.06479,-0.661633,3.529,4.14186
2.07625,-0.661633,3.529,4.14758
2.06641,-0.654884,3.493,4.11096
2.05692,-0.648322,3.458,4.07542
2.04722,-0.64176,3.423,4.03979
2.05833,-0.64176,3.423,4.04543
2.04888,-0.635386,3.389,4.01085
2.03982,-0.629199,3.356,3.97737
2.05072,-0.629199,3.356,3.98297
2.02229,-0.6172,3.292,3.91253
2.01322,-0.6112,3.26,3.87998
2.0238,-0.6112,3.26,3.88548
1.99631,-0.599763,3.199,3.81819
1.97031,-0.588889,3.141,3.7543
1.98051,-0.588889,3.141,3.75967
1.95458,-0.578203,3.084,3.69672
1.94739,-0.573141,3.057,3.66961
1.95731,-0.573141,3.057,3.67489
1.94986,-0.568079,3.03,3.64768
1.92541,-0.558142,2.977,3.58905
1.93508,-0.558142,2.977,3.59424
1.92775,-0.553267,2.951,3.56802
1.88875,-0.539393,2.877,3.4836
1.89809,-0.539393,2.877,3.48867
1.89151,-0.534894,2.853,3.46461
1.88479,-0.530394,2.829,3.44049
1.87857,-0.526082,2.806,3.41752
1.88768,-0.526082,2.806,3.42253
1.88124,-0.52177,2.783,3.39947
1.87533,-0.517645,2.761,3.37756
-2.52657,-0.671001,3.642,4.48308
-2.51475,-0.671001,3.642,4.47643
-2.47682,-0.664,3.604,4.42316
-2.43913,-0.656999,3.566,4.37005
-2.42755,-0.656999,3.566,4.3636
-2.41598,-0.656999,3.566,4.35717
-2.4044,-0.656999,3.566,4.35077
-2.39283,-0.656999,3.566,4.34438
-2.38126,-0.656999,3.566,4.33802
-2.36968,-0.656999,3.566,4.33167
-2.35811,-0.656999,3.566,4.32535
-2.34653,-0.656999,3.566,4.31905
-2.33496,-0.656999,3.566,4.31278
-2.32338,-0.656999,3.566,4.30652
-2.28782,-0.650182,3.529,4.25567
-2.27637,-0.650182,3.529,4.24952
-2.26491,-0.650182,3.529,4.2434
-2.25346,-0.650182,3.529,4.23729
-2.24201,-0.650182,3.529,4.23121
-2.2078,-0.64355,3.493,4.18205
-2.19646,-0.64355,3.493,4.17608
-2.18512,-0.64355,3.493,4.17013
-2.152,-0.637101,3.458,4.12247
-2.11911,-0.630653,3.423,4.07496
-2.108,-0.630653,3.423,4.06919
-2.09689,-0.630653,3.423,4.06345
-2.06506,-0.624389,3.389,4.01742
-2.03406,-0.618309,3.356,3.97271
-2.02317,-0.618309,3.356,3.96715
-2.01228,-0.618309,3.356,3.9616
nan,nan,nan,NaN
nan,nan,nan,NaN
nan,nan,nan,NaN
nan,nan,nan,NaN
nan,nan,nan,NaN
nan,nan,nan,NaN
nan,nan,nan,NaN
nan,nan,nan,NaN
nan,nan,nan,NaN
nan,nan,nan,NaN
nan,nan,nan,NaN
nan,nan,nan,NaN
nan,nan,nan,NaN
nan,nan,nan,NaN
nan,nan,nan,NaN
nan,nan,nan,NaN
nan,nan,nan,NaN
nan,nan,nan,NaN
nan,nan,nan,NaN
nan,nan,nan,NaN
nan,nan,nan,NaN
nan,nan,nan,NaN
nan,nan,nan,NaN
nan,nan,nan,NaN
nan,nan,nan,NaN
nan,nan,nan,NaN
nan,nan,nan,NaN
nan,nan,nan,NaN
nan,nan,nan,NaN
nan,nan,nan,NaN
nan,nan,nan,NaN
nan,nan,nan,NaN
nan,nan,nan,NaN
nan,nan,nan,NaN
nan,nan,nan,NaN
-1.13979,-0.43499,2.361,2.65757
-1.13213,-0.43499,2.361,2.65429
-1.12447,-0.43499,2.361,2.65103
-1.12437,-0.437938,2.377,2.66573
-1.11666,-0.437938,2.377,2.66249
-1.10894,-0.437938,2.377,2.65926
-1.10123,-0.437938,2.377,2.65605
-1.09351,-0.437938,2.377,2.65286
-1.0858,-0.437938,2.377,2.64969
-1.07808,-0.437938,2.377,2.64654
-1.07037,-0.437938,2.377,2.64341
-1.06265,-0.437938,2.377,2.64029
-1.05494,-0.437938,2.377,2.6372
-1.04017,-0.43499,2.361,2.61639
-1.03251,-0.43499,2.361,2.61335
-1.02485,-0.43499,2.361,2.61033
-1.02408,-0.437938,2.377,2.625
-1.01636,-0.437938,2.377,2.622
-1.00865,-0.437938,2.377,2.61902
-1.00093,-0.437938,2.377,2.61606
-0.993215,-0.437938,2.377,2.61312
-0.9855,-0.437938,2.377,2.6102
-0.977785,-0.437938,2.377,2.60729
-0.970069,-0.437938,2.377,2.60441
-0.962354,-0.437938,2.377,2.60155
-0.954639,-0.437938,2.377,2.5987
-0.946924,-0.437938,2.377,2.59588
-0.939209,-0.437938,2.377,2.59307
-0.931494,-0.437938,2.377,2.59029
-0.923778,-0.437938,2.377,2.58753
-0.916063,-0.437938,2.377,2.58478
-0.908348,-0.437938,2.377,2.58206
-0.894571,-0.43499,2.361,2.56199
-0.886907,-0.43499,2.361,2.55932
-0.879244,-0.43499,2.361,2.55668
-0.871581,-0.43499,2.361,2.55405
-0.863918,-0.43499,2.361,2.55145
-0.862057,-0.437938,2.377,2.56614
-0.854342,-0.437938,2.377,2.56356
-0.846627,-0.437938,2.377,2.561
-0.838912,-0.437938,2.377,2.55845
-0.831197,-0.437938,2.377,2.55594
-0.823481,-0.437938,2.377,2.55344
-0.815766,-0.437938,2.377,2.55096
-0.81383,-0.44107,2.394,2.56673
-0.80606,-0.44107,2.394,2.56428
-0.79829,-0.44107,2.394,2.56184
-0.790519,-0.44107,2.394,2.55943
-0.782749,-0.44107,2.394,2.55704
-0.774979,-0.44107,2.394,2.55468
-0.767208,-0.44107,2.394,2.55233
-0.764831,-0.444202,2.411,2.56811
-0.757005,-0.444202,2.411,2.56579
-0.74918,-0.444202,2.411,2.5635
-0.741354,-0.444202,2.411,2.56122
-0.733529,-0.444202,2.411,2.55896
-0.73082,-0.447334,2.428,2.57476
-0.722939,-0.447334,2.428,2.57253
-0.715059,-0.447334,2.428,2.57033
-0.712129,-0.450466,2.445,2.58613
-0.704194,-0.450466,2.445,2.58396
-0.701384,-0.453783,2.463,2.60081
-0.693389,-0.453783,2.463,2.59867
-0.685395,-0.453783,2.463,2.59655
-0.682351,-0.457099,2.481,2.61341
-0.674299,-0.457099,2.481,2.61132
-0.666246,-0.457099,2.481,2.60925
-0.658193,-0.457099,2.481,2.60721
-0.65014,-0.457099,2.481,2.60518
-0.642088,-0.457099,2.481,2.60319
-0.634035,-0.457099,2.481,2.60121
-0.625982,-0.457099,2.481,2.59926
-0.61793,-0.457099,2.481,2.59733
-0.609877,-0.457099,2.481,2.59543
-0.601824,-0.457099,2.481,2.59355
-0.593771,-0.457099,2.481,2.59169
-0.581469,-0.453783,2.463,2.57107
-0.573475,-0.453783,2.463,2.56927
-0.565481,-0.453783,2.463,2.5675
-0.557486,-0.453783,2.463,2.56575
-0.549492,-0.453783,2.463,2.56403
-0.541498,-0.453783,2.463,2.56232
-0.529605,-0.450466,2.445,2.54193
-0.521669,-0.450466,2.445,2.54029
-0.513733,-0.450466,2.445,2.53867
-0.505797,-0.450466,2.445,2.53708
-0.497861,-0.450466,2.445,2.53551
-0.489925,-0.450466,2.445,2.53396
-0.481989,-0.450466,2.445,2.53244
-0.474054,-0.450466,2.445,2.53094
-0.466118,-0.450466,2.445,2.52947
-0.458182,-0.450466,2.445,2.52802
-0.450246,-0.450466,2.445,2.52659
-0.44231,-0.450466,2.445,2.52519
-0.434374,-0.450466,2.445,2.52381
-0.426438,-0.450466,2.445,2.52246
-0.418503,-0.450466,2.445,2.52113
-0.410567,-0.450466,2.445,2.51982
-0.402631,-0.450466,2.445,2.51854
-0.397601,-0.453783,2.463,2.53582
-0.389606,-0.453783,2.463,2.53458
-0.381612,-0.453783,2.463,2.53336
-0.373618,-0.453783,2.463,2.53217
-0.365624,-0.453783,2.463,2.531
-0.357629,-0.453783,2.463,2.52986
-0.349635,-0.453783,2.463,2.52874
-0.341641,-0.453783,2.463,2.52765
-0.333646,-0.453783,2.463,2.52658
-0.325652,-0.453783,2.463,2.52554
-0.317658,-0.453783,2.463,2.52452
-0.309664,-0.453783,2.463,2.52353
-0.301669,-0.453783,2.463,2.52256
-0.293675,-0.453783,2.463,2.52161
-0.285681,-0.453783,2.463,2.52069
-0.275657,-0.450466,2.445,2.50139
-0.267721,-0.450466,2.445,2.50052
-0.259785,-0.450466,2.445,2.49969
-0.251849,-0.450466,2.445,2.49887
-0.243914,-0.450466,2.445,2.49809
-0.235978,-0.450466,2.445,2.49732
-0.228042,-0.450466,2.445,2.49659
-0.220106,-0.450466,2.445,2.49588
-0.21217,-0.450466,2.445,2.49519
-0.204234,-0.450466,2.445,2.49453
-0.196298,-0.450466,2.445,2.49389
-0.188363,-0.450466,2.445,2.49328
-0.180427,-0.450466,2.445,2.49269
-0.173761,-0.453783,2.463,2.51047
-0.165766,-0.453783,2.463,2.50993
-0.157772,-0.453783,2.463,2.50942
-0.150872,-0.457099,2.481,2.52726
-0.14282,-0.457099,2.481,2.5268
-0.134767,-0.457099,2.481,2.52635
-0.126714,-0.457099,2.481,2.52594
-0.118662,-0.457099,2.481,2.52555
-0.111411,-0.460415,2.499,2.5435
-0.1033,-0.460415,2.499,2.54316
-0.0951891,-0.460415,2.499,2.54284
-0.087078,-0.460415,2.499,2.54255
-0.0789668,-0.460415,2.499,2.54229
-0.0708557,-0.460415,2.499,2.54205
-0.0627446,-0.460415,2.499,2.54183
-0.0546334,-0.460415,2.499,2.54165
-0.0465223,-0.460415,2.499,2.54149
-0.0384112,-0.460415,2.499,2.54135
-0.0303,-0.460415,2.499,2.54124
-0.0221889,-0.460415,2.499,2.54116
-0.0140778,-0.460415,2.499,2.5411
-0.00596664,-0.460415,2.499,2.54107
0.00214449,-0.460415,2.499,2.54106
0.0102556,-0.460415,2.499,2.54108
0.0183668,-0.460415,2.499,2.54113
0.0264779,-0.460415,2.499,2.5412
0.034589,-0.460415,2.499,2.5413
0.0423926,-0.457099,2.481,2.52311
0.0504453,-0.457099,2.481,2.52326
0.058498,-0.457099,2.481,2.52343
0.0665507,-0.457099,2.481,2.52363
0.0746034,-0.457099,2.481,2.52386
0.0826561,-0.457099,2.481,2.52411
0.0907089,-0.457099,2.481,2.52439
0.0987616,-0.457099,2.481,2.52469
0.106814,-0.457099,2.481,2.52502
0.114867,-0.457099,2.481,2.52537
0.12292,-0.457099,2.481,2.52575
0.130972,-0.457099,2.481,2.52615
0.139025,-0.457099,2.481,2.52658
0.147078,-0.457099,2.481,2.52704
0.155131,-0.457099,2.481,2.52752
0.163183,-0.457099,2.481,2.52803
0.171236,-0.457099,2.481,2.52856
0.179289,-0.457099,2.481,2.52912
0.187341,-0.457099,2.481,2.5297
0.195394,-0.457099,2.481,2.53031
0.203447,-0.457099,2.481,2.53095
0.2115,-0.457099,2.481,2.53161
0.221145,-0.460415,2.499,2.55066
0.229256,-0.460415,2.499,2.55138
0.237367,-0.460415,2.499,2.55212
0.245479,-0.460415,2.499,2.55289
0.25359,-0.460415,2.499,2.55368
0.261701,-0.460415,2.499,2.5545
0.269812,-0.460415,2.499,2.55534
0.277923,-0.460415,2.499,2.55621
0.283974,-0.457099,2.481,2.53869
0.292027,-0.457099,2.481,2.5396
0.300079,-0.457099,2.481,2.54054
0.308132,-0.457099,2.481,2.5415
0.316185,-0.457099,2.481,2.54249
0.324237,-0.457099,2.481,2.54351
0.33229,-0.457099,2.481,2.54455
0.342812,-0.460415,2.499,2.56408
0.350923,-0.460415,2.499,2.56518
0.359034,-0.460415,2.499,2.5663
0.367146,-0.460415,2.499,2.56745
0.375257,-0.460415,2.499,2.56862
0.383368,-0.460415,2.499,2.56982
0.391479,-0.460415,2.499,2.57104
0.402468,-0.463732,2.517,2.59081
0.410638,-0.463732,2.517,2.5921
0.418807,-0.463732,2.517,2.5934
0.4302,-0.467232,2.536,2.61432
0.438431,-0.467232,2.536,2.61569
0.446662,-0.467232,2.536,2.61708
0.454894,-0.467232,2.536,2.6185
0.463125,-0.467232,2.536,2.61994
0.471356,-0.467232,2.536,2.62141
0.48318,-0.470733,2.555,2.64255
0.491473,-0.470733,2.555,2.64408
0.499766,-0.470733,2.555,2.64563
0.508059,-0.470733,2.555,2.64721
0.516352,-0.470733,2.555,2.64882
0.528546,-0.474233,2.574,2.67016
0.536901,-0.474233,2.574,2.67182
0.541231,-0.470733,2.555,2.65378
0.549524,-0.470733,2.555,2.65548
0.557817,-0.470733,2.555,2.65721
0.566109,-0.470733,2.555,2.65896
0.574402,-0.470733,2.555,2.66074
0.587028,-0.474233,2.574,2.68235
0.595383,-0.474233,2.574,2.68419
0.603738,-0.474233,2.574,2.68605
0.612092,-0.474233,2.574,2.68794
0.620447,-0.474233,2.574,2.68986
0.628801,-0.474233,2.574,2.6918
0.637156,-0.474233,2.574,2.69376
0.64551,-0.474233,2.574,2.69575
0.653865,-0.474233,2.574,2.69776
0.662219,-0.474233,2.574,2.6998
0.670574,-0.474233,2.574,2.70186
0.678929,-0.474233,2.574,2.70394
0.687283,-0.474233,2.574,2.70605
0.695638,-0.474233,2.574,2.70819
0.703992,-0.474233,2.574,2.71035
0.712347,-0.474233,2.574,2.71253
0.720701,-0.474233,2.574,2.71473
0.729056,-0.474233,2.574,2.71696
0.737411,-0.474233,2.574,2.71922
0.745765,-0.474233,2.574,2.7215
0.75412,-0.474233,2.574,2.7238
0.762474,-0.474233,2.574,2.72612
0.770829,-0.474233,2.574,2.72847
0.76768,-0.467232,2.536,2.69053
0.775912,-0.467232,2.536,2.69289
0.784143,-0.467232,2.536,2.69527
0.792374,-0.467232,2.536,2.69768
0.800605,-0.467232,2.536,2.70011
0.802777,-0.463732,2.517,2.68231
0.810946,-0.463732,2.517,2.68477
0.819116,-0.463732,2.517,2.68725
0.821369,-0.460415,2.499,2.67051
0.82948,-0.460415,2.499,2.67302
0.837591,-0.460415,2.499,2.67555
0.845702,-0.460415,2.499,2.6781
0.853814,-0.460415,2.499,2.68067
0.855716,-0.457099,2.481,2.66394
0.863769,-0.457099,2.481,2.66653
0.871822,-0.457099,2.481,2.66915
0.879874,-0.457099,2.481,2.67179
0.887927,-0.457099,2.481,2.67446
0.89598,-0.457099,2.481,2.67714
0.904033,-0.457099,2.481,2.67985
0.912085,-0.457099,2.481,2.68257
0.913462,-0.453783,2.463,2.66584
0.921457,-0.453783,2.463,2.66859
0.929451,-0.453783,2.463,2.67136
0.944296,-0.457099,2.481,2.6937
0.952349,-0.457099,2.481,2.69653
0.960401,-0.457099,2.481,2.69938
nan,nan,nan,NaN
nan,nan,nan,NaN
nan,nan,nan,NaN
nan,nan,nan,NaN
nan,nan,nan,NaN
nan,nan,nan,NaN
nan,nan,nan,NaN
nan,nan,nan,NaN
nan,nan,nan,NaN
nan,nan,nan,NaN
nan,nan,nan,NaN
nan,nan,nan,NaN
nan,nan,nan,NaN
nan,nan,nan,NaN
nan,nan,nan,NaN
nan,nan,nan,NaN
nan,nan,nan,NaN
nan,nan,nan,NaN
nan,nan,nan,NaN
nan,nan,nan,NaN
nan,nan,nan,NaN
1.41404,-0.568196,3.084,3.43997
1.42405,-0.568196,3.084,3.4441
1.43406,-0.568196,3.084,3.44825
1.45718,-0.573354,3.112,3.48377
1.46728,-0.573354,3.112,3.48801
1.47738,-0.573354,3.112,3.49227
1.48749,-0.573354,3.112,3.49655
1.51154,-0.578697,3.141,3.53349
1.53579,-0.58404,3.17,3.57052
1.54608,-0.58404,3.17,3.57496
1.55636,-0.58404,3.17,3.57942
1.56665,-0.58404,3.17,3.58391
1.56252,-0.578697,3.141,3.55559
1.57271,-0.578697,3.141,3.56008
1.58291,-0.578697,3.141,3.5646
1.5931,-0.578697,3.141,3.56914
1.6033,-0.578697,3.141,3.5737
1.62839,-0.58404,3.17,3.61132
1.63868,-0.58404,3.17,3.61597
1.68018,-0.595095,3.23,3.68918
1.73986,-0.612413,3.324,3.80147
nan,nan,nan,NaN
nan,nan,nan,NaN
1.92151,-0.664,3.604,4.13787
1.93321,-0.664,3.604,4.14331
1.94491,-0.664,3.604,4.14878
1.97724,-0.671001,3.642,4.19808
2.01036,-0.678187,3.681,4.24867
2.02231,-0.678187,3.681,4.25434
2.03425,-0.678187,3.681,4.26003
2.06844,-0.685556,3.721,4.31211
2.08051,-0.685556,3.721,4.31791
2.04816,-0.671001,3.642,4.23195
2.05998,-0.671001,3.642,4.23768
2.07181,-0.671001,3.642,4.24344
2.06189,-0.664,3.604,4.20489
2.05172,-0.656999,3.566,4.16624
2.06329,-0.656999,3.566,4.17195
2.05334,-0.650182,3.529,4.13434
2.06479,-0.650182,3.529,4.14004
2.07625,-0.650182,3.529,4.14577
2.06641,-0.64355,3.493,4.10917
2.05692,-0.637101,3.458,4.07365
2.04722,-0.630653,3.423,4.03804
2.05833,-0.630653,3.423,4.04368
2.04888,-0.624389,3.389,4.00913
2.03982,-0.618309,3.356,3.97567
2.05072,-0.618309,3.356,3.98127
2.02229,-0.606518,3.292,3.91086
2.01322,-0.600622,3.26,3.87832
2.0238,-0.600622,3.26,3.88383
1.99631,-0.589383,3.199,3.81657
1.95212,-0.573354,3.112,3.71807
1.96222,-0.573354,3.112,3.72338
1.95458,-0.568196,3.084,3.69517
1.94739,-0.563221,3.057,3.66808
1.95731,-0.563221,3.057,3.67335
1.93248,-0.553272,3.003,3.61367
1.92541,-0.548482,2.977,3.58756
1.93508,-0.548482,2.977,3.59275
1.91142,-0.539086,2.926,3.53633
1.88875,-0.530058,2.877,3.48216
1.88225,-0.525636,2.853,3.45815
1.89151,-0.525636,2.853,3.4632
1.88479,-0.521214,2.829,3.43909
1.87857,-0.516977,2.806,3.41613
1.88768,-0.516977,2.806,3.42114
1.86637,-0.508686,2.761,3.37123
1.87533,-0.508686,2.761,3.3762
-2.52657,-0.659184,3.642,4.48132
-2.51475,-0.659184,3.642,4.47467
-2.47682,-0.652306,3.604,4.42142
-2.43913,-0.645428,3.566,4.36833
-2.42755,-0.645428,3.566,4.36187
-2.41598,-0.645428,3.566,4.35544
-2.4044,-0.645428,3.566,4.34903
-2.39283,-0.645428,3.566,4.34265
-2.38126,-0.645428,3.566,4.33628
-2.36968,-0.645428,3.566,4.32993
-2.35811,-0.645428,3.566,4.32361
-2.34653,-0.645428,3.566,4.31731
-2.33496,-0.645428,3.566,4.31103
-2.29928,-0.638731,3.529,4.26011
-2.28782,-0.638731,3.529,4.25393
-2.27637,-0.638731,3.529,4.24779
-2.24181,-0.632216,3.493,4.19839
-2.23047,-0.632216,3.493,4.19235
-2.24201,-0.638731,3.529,4.22947
-2.2078,-0.632216,3.493,4.18033
-2.19646,-0.632216,3.493,4.17435
-2.18512,-0.632216,3.493,4.16839
-2.152,-0.625881,3.458,4.12075
-2.11911,-0.619546,3.423,4.07325
-2.108,-0.619546,3.423,4.06749
-2.09689,-0.619546,3.423,4.06174
-2.06506,-0.613392,3.389,4.01573
-2.03406,-0.607419,3.356,3.97103
-2.02317,-0.607419,3.356,3.96547
-2.01228,-0.607419,3.356,3.95992
nan,nan,nan,NaN
nan,nan,nan,NaN
nan,nan,nan,NaN
nan,nan,nan,NaN
nan,nan,nan,NaN
nan,nan,nan,NaN
nan,nan,nan,NaN
nan,nan,nan,NaN
nan,nan,nan,NaN
nan,nan,nan,NaN
nan,nan,nan,NaN
nan,nan,nan,NaN
nan,nan,nan,NaN
nan,nan,nan,NaN
nan,nan,nan,NaN
nan,nan,nan,NaN
nan,nan,nan,NaN
nan,nan,nan,NaN
nan,nan,nan,NaN
nan,nan,nan,NaN
nan,nan,nan,NaN
nan,nan,nan,NaN
nan,nan,nan,NaN
nan,nan,nan,NaN
nan,nan,nan,NaN
nan,nan,nan,NaN
nan,nan,nan,NaN
nan,nan,nan,NaN
nan,nan,nan,NaN
nan,nan,nan,NaN
nan,nan,nan,NaN
nan,nan,nan,NaN
nan,nan,nan,NaN
nan,nan,nan,NaN
nan,nan,nan,NaN
-1.13979,-0.427329,2.361,2.65632
-1.13213,-0.427329,2.361,2.65305
-1.12447,-0.427329,2.361,2.64978
-1.12437,-0.430225,2.377,2.66448
-1.11666,-0.430225,2.377,2.66123
-1.10894,-0.430225,2.377,2.658
-1.10123,-0.430225,2.377,2.65479
-1.09351,-0.430225,2.377,2.6516
-1.0858,-0.430225,2.377,2.64843
-1.07808,-0.430225,2.377,2.64528
-1.07037,-0.430225,2.377,2.64214
-1.06265,-0.430225,2.377,2.63902
-1.05494,-0.430225,2.377,2.63593
-1.04017,-0.427329,2.361,2.61513
-1.03251,-0.427329,2.361,2.61209
-1.02485,-0.427329,2.361,2.60907
-1.01718,-0.427329,2.361,2.60607
-1.00952,-0.427329,2.361,2.60309
-1.00186,-0.427329,2.361,2.60012
-0.994193,-0.427329,2.361,2.59718
-0.986529,-0.427329,2.361,2.59426
-0.978866,-0.427329,2.361,2.59135
-0.971203,-0.427329,2.361,2.58847
-0.96354,-0.427329,2.361,2.5856
-0.955876,-0.427329,2.361,2.58276
-0.948213,-0.427329,2.361,2.57993
-0.934176,-0.424433,2.345,2.55966
-0.926565,-0.424433,2.345,2.55689
-0.918953,-0.424433,2.345,2.55414
-0.911342,-0.424433,2.345,2.55141
-0.903731,-0.424433,2.345,2.54871
-0.89612,-0.424433,2.345,2.54602
-0.888508,-0.424433,2.345,2.54335
-0.880897,-0.424433,2.345,2.5407
-0.873286,-0.424433,2.345,2.53807
-0.865674,-0.424433,2.345,2.53546
-0.858063,-0.424433,2.345,2.53287
-0.850452,-0.424433,2.345,2.5303
-0.842841,-0.424433,2.345,2.52776
-0.840928,-0.427329,2.361,2.54246
-0.833265,-0.427329,2.361,2.53993
-0.825602,-0.427329,2.361,2.53743
-0.817938,-0.427329,2.361,2.53495
-0.810275,-0.427329,2.361,2.53248
-0.808051,-0.430225,2.377,2.54719
-0.800336,-0.430225,2.377,2.54475
-0.792621,-0.430225,2.377,2.54234
-0.784906,-0.430225,2.377,2.53994
-0.777191,-0.430225,2.377,2.53757
-0.774979,-0.433302,2.394,2.55335
-0.767208,-0.433302,2.394,2.551
-0.759438,-0.433302,2.394,2.54867
-0.751668,-0.433302,2.394,2.54637
-0.743897,-0.433302,2.394,2.54409
-0.741354,-0.436379,2.411,2.55987
-0.733529,-0.436379,2.411,2.55762
-0.725703,-0.436379,2.411,2.55539
-0.722939,-0.439456,2.428,2.57118
-0.715059,-0.439456,2.428,2.56897
-0.707178,-0.439456,2.428,2.56679
-0.704194,-0.442533,2.445,2.58259
-0.696258,-0.442533,2.445,2.58043
-0.688322,-0.442533,2.445,2.5783
-0.685395,-0.445791,2.463,2.59516
-0.677401,-0.445791,2.463,2.59306
-0.669406,-0.445791,2.463,2.59099
-0.666246,-0.449049,2.481,2.60785
-0.658193,-0.449049,2.481,2.60581
-0.65014,-0.449049,2.481,2.60378
-0.642088,-0.449049,2.481,2.60178
-0.634035,-0.449049,2.481,2.59981
-0.625982,-0.449049,2.481,2.59786
-0.61793,-0.449049,2.481,2.59593
-0.609877,-0.449049,2.481,2.59402
-0.601824,-0.449049,2.481,2.59214
-0.593771,-0.449049,2.481,2.59028
-0.581469,-0.445791,2.463,2.56967
-0.573475,-0.445791,2.463,2.56787
-0.565481,-0.445791,2.463,2.5661
-0.557486,-0.445791,2.463,2.56435
-0.549492,-0.445791,2.463,2.56262
-0.541498,-0.445791,2.463,2.56092
-0.529605,-0.442533,2.445,2.54054
-0.521669,-0.442533,2.445,2.5389
-0.513733,-0.442533,2.445,2.53728
-0.505797,-0.442533,2.445,2.53568
-0.497861,-0.442533,2.445,2.53411
-0.489925,-0.442533,2.445,2.53257
-0.478638,-0.439456,2.428,2.51344
-0.470758,-0.439456,2.428,2.51196
-0.466118,-0.442533,2.445,2.52807
-0.458182,-0.442533,2.445,2.52662
-0.450246,-0.442533,2.445,2.52519
-0.44231,-0.442533,2.445,2.52379
-0.434374,-0.442533,2.445,2.52241
-0.426438,-0.442533,2.445,2.52105
-0.418503,-0.442533,2.445,2.51972
-0.410567,-0.442533,2.445,2.51842
-0.402631,-0.442533,2.445,2.51714
-0.394695,-0.442533,2.445,2.51588
-0.386759,-0.442533,2.445,2.51465
-0.378823,-0.442533,2.445,2.51344
-0.370887,-0.442533,2.445,2.51225
-0.362952,-0.442533,2.445,2.51109
-0.357629,-0.445791,2.463,2.52844
-0.349635,-0.445791,2.463,2.52732
-0.341641,-0.445791,2.463,2.52623
-0.333646,-0.445791,2.463,2.52516
-0.323272,-0.442533,2.445,2.50567
-0.315336,-0.442533,2.445,2.50466
-0.3074,-0.442533,2.445,2.50367
-0.299465,-0.442533,2.445,2.50271
-0.291529,-0.442533,2.445,2.50177
-0.283593,-0.442533,2.445,2.50086
-0.275657,-0.442533,2.445,2.49997
-0.267721,-0.442533,2.445,2.49911
-0.259785,-0.442533,2.445,2.49827
-0.251849,-0.442533,2.445,2.49746
-0.243914,-0.442533,2.445,2.49667
-0.235978,-0.442533,2.445,2.49591
-0.228042,-0.442533,2.445,2.49517
-0.220106,-0.442533,2.445,2.49446
-0.21217,-0.442533,2.445,2.49377
-0.204234,-0.442533,2.445,2.49311
-0.196298,-0.442533,2.445,2.49247
-0.188363,-0.442533,2.445,2.49186
-0.180427,-0.442533,2.445,2.49127
-0.172491,-0.442533,2.445,2.49071
-0.164555,-0.442533,2.445,2.49017
-0.156619,-0.442533,2.445,2.48966
-0.149778,-0.445791,2.463,2.5075
-0.141784,-0.445791,2.463,2.50703
-0.133789,-0.445791,2.463,2.50659
-0.125795,-0.445791,2.463,2.50618
-0.117801,-0.445791,2.463,2.50579
-0.109806,-0.445791,2.463,2.50543
-0.101812,-0.445791,2.463,2.50509
-0.0938178,-0.445791,2.463,2.50478
-0.087078,-0.452306,2.499,2.5411
-0.0789668,-0.452306,2.499,2.54083
-0.0708557,-0.452306,2.499,2.54059
-0.0627446,-0.452306,2.499,2.54038
-0.0542399,-0.449049,2.481,2.52189
-0.0461872,-0.449049,2.481,2.52173
-0.0381345,-0.449049,2.481,2.5216
-0.0303,-0.452306,2.499,2.53978
-0.0221889,-0.452306,2.499,2.5397
-0.0140778,-0.452306,2.499,2.53964
-0.00592366,-0.449049,2.481,2.52132
0.00212905,-0.449049,2.481,2.52131
0.0101818,-0.449049,2.481,2.52133
0.0182345,-0.449049,2.481,2.52138
0.0262872,-0.449049,2.481,2.52145
0.0343399,-0.449049,2.481,2.52154
0.0423926,-0.449049,2.481,2.52167
0.0504453,-0.449049,2.481,2.52182
0.058498,-0.449049,2.481,2.52199
0.0665507,-0.449049,2.481,2.52219
0.0746034,-0.449049,2.481,2.52241
0.0826561,-0.449049,2.481,2.52267
0.0907089,-0.449049,2.481,2.52294
0.0987616,-0.449049,2.481,2.52324
0.106814,-0.449049,2.481,2.52357
0.114867,-0.449049,2.481,2.52393
0.12292,-0.449049,2.481,2.52431
0.130972,-0.449049,2.481,2.52471
0.139025,-0.449049,2.481,2.52514
0.147078,-0.449049,2.481,2.5256
0.155131,-0.449049,2.481,2.52608
0.163183,-0.449049,2.481,2.52659
0.171236,-0.449049,2.481,2.52712
0.179289,-0.449049,2.481,2.52768
0.187341,-0.449049,2.481,2.52826
0.195394,-0.449049,2.481,2.52887
0.203447,-0.449049,2.481,2.52951
0.2115,-0.449049,2.481,2.53017
0.221145,-0.452306,2.499,2.54921
0.229256,-0.452306,2.499,2.54993
0.237367,-0.452306,2.499,2.55067
0.245479,-0.452306,2.499,2.55144
0.25359,-0.452306,2.499,2.55223
0.261701,-0.452306,2.499,2.55305
0.269812,-0.452306,2.499,2.5539
0.277923,-0.452306,2.499,2.55476
0.283974,-0.449049,2.481,2.53725
0.292027,-0.449049,2.481,2.53817
0.300079,-0.449049,2.481,2.5391
0.308132,-0.449049,2.481,2.54007
0.316185,-0.449049,2.481,2.54106
0.324237,-0.449049,2.481,2.54207
0.33229,-0.449049,2.481,2.54311
0.342812,-0.452306,2.499,2.56264
0.350923,-0.452306,2.499,2.56373
0.359034,-0.452306,2.499,2.56486
0.367146,-0.452306,2.499,2.566
0.375257,-0.452306,2.499,2.56718
0.386129,-0.455564,2.517,2.58688
0.394299,-0.455564,2.517,2.58811
0.402468,-0.455564,2.517,2.58936
0.410638,-0.455564,2.517,2.59065
0.418807,-0.455564,2.517,2.59195
0.4302,-0.459003,2.536,2.61286
0.438431,-0.459003,2.536,2.61423
0.446662,-0.459003,2.536,2.61562
0.458302,-0.462442,2.555,2.63665
0.466595,-0.462442,2.555,2.6381
0.474888,-0.462442,2.555,2.63958
0.48318,-0.462442,2.555,2.64109
0.491473,-0.462442,2.555,2.64262
0.499766,-0.462442,2.555,2.64417
0.508059,-0.462442,2.555,2.64575
0.520192,-0.465881,2.574,2.66704
0.528546,-0.465881,2.574,2.66869
0.536901,-0.465881,2.574,2.67035
0.541231,-0.462442,2.555,2.65232
0.549524,-0.462442,2.555,2.65403
0.557817,-0.462442,2.555,2.65576
0.566109,-0.462442,2.555,2.65751
0.574402,-0.462442,2.555,2.65929
0.587028,-0.465881,2.574,2.68088
0.595383,-0.465881,2.574,2.68272
0.603738,-0.465881,2.574,2.68459
0.612092,-0.465881,2.574,2.68648
0.620447,-0.465881,2.574,2.6884
0.628801,-0.465881,2.574,2.69034
0.637156,-0.465881,2.574,2.6923
0.64551,-0.465881,2.574,2.69429
0.653865,-0.465881,2.574,2.69631
0.662219,-0.465881,2.574,2.69834
0.670574,-0.465881,2.574,2.70041
0.678929,-0.465881,2.574,2.70249
0.687283,-0.465881,2.574,2.7046
0.695638,-0.465881,2.574,2.70674
0.703992,-0.465881,2.574,2.7089
0.712347,-0.465881,2.574,2.71108
0.720701,-0.465881,2.574,2.71329
0.729056,-0.465881,2.574,2.71552
0.737411,-0.465881,2.574,2.71777
0.745765,-0.465881,2.574,2.72005
0.75412,-0.465881,2.574,2.72236
0.762474,-0.465881,2.574,2.72468
0.770829,-0.465881,2.574,2.72703
0.76768,-0.459003,2.536,2.68911
0.775912,-0.459003,2.536,2.69147
0.784143,-0.459003,2.536,2.69386
0.792374,-0.459003,2.536,2.69626
0.800605,-0.459003,2.536,2.69869
0.802777,-0.455564,2.517,2.68091
0.810946,-0.455564,2.517,2.68337
0.819116,-0.455564,2.517,2.68585
0.821369,-0.452306,2.499,2.66913
0.82948,-0.452306,2.499,2.67163
0.837591,-0.452306,2.499,2.67416
0.845702,-0.452306,2.499,2.67671
0.853814,-0.452306,2.499,2.67929
0.855716,-0.449049,2.481,2.66257
0.863769,-0.449049,2.481,2.66516
0.871822,-0.449049,2.481,2.66779
0.879874,-0.449049,2.481,2.67043
0.887927,-0.449049,2.481,2.67309
0.89598,-0.449049,2.481,2.67578
0.904033,-0.449049,2.481,2.67848
0.912085,-0.449049,2.481,2.68121
0.913462,-0.445791,2.463,2.66449
0.921457,-0.445791,2.463,2.66724
0.929451,-0.445791,2.463,2.67001
0.937445,-0.445791,2.463,2.67281
0.945439,-0.445791,2.463,2.67562
0.953434,-0.445791,2.463,2.67846
0.968454,-0.449049,2.481,2.70091
nan,nan,nan,NaN
nan,nan,nan,NaN
nan,nan,nan,NaN
nan,nan,nan,NaN
nan,nan,nan,NaN
nan,nan,nan,NaN
nan,nan,nan,NaN
nan,nan,nan,NaN
nan,nan,nan,NaN
nan,nan,nan,NaN
nan,nan,nan,NaN
nan,nan,nan,NaN
nan,nan,nan,NaN
nan,nan,nan,NaN
nan,nan,nan,NaN
nan,nan,nan,NaN
nan,nan,nan,NaN
nan,nan,nan,NaN
nan,nan,nan,NaN
1.39174,-0.553302,3.057,3.40416
1.40166,-0.553302,3.057,3.40823
1.42405,-0.558189,3.084,3.44246
1.43406,-0.558189,3.084,3.44662
1.44407,-0.558189,3.084,3.45079
1.45408,-0.558189,3.084,3.45499
1.46409,-0.558189,3.084,3.45922
1.48749,-0.563256,3.112,3.49491
1.49759,-0.563256,3.112,3.49922
1.52174,-0.568505,3.141,3.53621
1.53193,-0.568505,3.141,3.54061
1.54213,-0.568505,3.141,3.54503
1.55232,-0.568505,3.141,3.54948
1.56252,-0.568505,3.141,3.55395
1.57271,-0.568505,3.141,3.55844
1.58291,-0.568505,3.141,3.56296
1.5931,-0.568505,3.141,3.5675
1.6033,-0.568505,3.141,3.57206
1.62839,-0.573754,3.17,3.60967
1.63868,-0.573754,3.17,3.61433
1.66405,-0.579003,3.199,3.65211
1.72311,-0.595836,3.292,3.76316
1.78488,-0.613392,3.389,3.8791
1.79588,-0.613392,3.389,3.88417
1.86233,-0.632216,3.493,4.00862
1.91283,-0.645428,3.566,4.09779
1.9244,-0.645428,3.566,4.1032
1.95661,-0.652306,3.604,4.15242
2.01036,-0.666243,3.681,4.24678
2.02231,-0.666243,3.681,4.25245
2.03425,-0.666243,3.681,4.25815
2.06844,-0.673482,3.721,4.3102
2.08051,-0.673482,3.721,4.31601
2.04816,-0.659184,3.642,4.23009
2.03849,-0.652306,3.604,4.19163
2.05019,-0.652306,3.604,4.19733
2.06189,-0.652306,3.604,4.20306
2.05172,-0.645428,3.566,4.16443
2.06329,-0.645428,3.566,4.17015
2.07487,-0.645428,3.566,4.17588
2.06479,-0.638731,3.529,4.13826
2.07625,-0.638731,3.529,4.14399
2.06641,-0.632216,3.493,4.10741
2.05692,-0.625881,3.458,4.07191
2.04722,-0.619546,3.423,4.03632
2.05833,-0.619546,3.423,4.04196
2.04888,-0.613392,3.389,4.00743
2.03982,-0.607419,3.356,3.97399
2.05072,-0.607419,3.356,3.97959
2.02229,-0.595836,3.292,3.90921
2.01322,-0.590044,3.26,3.8767
2.0238,-0.590044,3.26,3.8822
1.99631,-0.579003,3.199,3.81498
1.95212,-0.563256,3.112,3.71653
1.96222,-0.563256,3.112,3.72184
1.93746,-0.553302,3.057,3.66131
1.93019,-0.548415,3.03,3.63418
1.94002,-0.548415,3.03,3.63942
1.93248,-0.543528,3.003,3.61219
1.9086,-0.534116,2.951,3.55477
1.91817,-0.534116,2.951,3.55993
1.89509,-0.525066,2.901,3.50469
1.87299,-0.516379,2.853,3.45172
1.88225,-0.516379,2.853,3.45675
1.8756,-0.512035,2.829,3.43268
1.85414,-0.503709,2.783,3.38181
1.86317,-0.503709,2.783,3.38677
1.8722,-0.503709,2.783,3.39175
1.86637,-0.499727,2.761,3.36989
1.86038,-0.495745,2.739,3.34797
-2.52657,-0.647366,3.642,4.4796
-2.51475,-0.647366,3.642,4.47294
-2.47682,-0.640612,3.604,4.41971
-2.43913,-0.633857,3.566,4.36663
-2.42755,-0.633857,3.566,4.36018
-2.41598,-0.633857,3.566,4.35374
-2.4044,-0.633857,3.566,4.34733
-2.39283,-0.633857,3.566,4.34094
-2.38126,-0.633857,3.566,4.33457
-2.36968,-0.633857,3.566,4.32822
-2.35811,-0.633857,3.566,4.3219
-2.34653,-0.633857,3.566,4.31559
-2.33496,-0.633857,3.566,4.30931
-2.29928,-0.62728,3.529,4.2584
-2.28782,-0.62728,3.529,4.25223
-2.27637,-0.62728,3.529,4.24608
-2.24181,-0.620881,3.493,4.1967
-2.23047,-0.620881,3.493,4.19065
-2.21914,-0.620881,3.493,4.18463
-2.18568,-0.61466,3.458,4.13676
-2.17445,-0.61466,3.458,4.13084
-2.16323,-0.61466,3.458,4.12494
-2.152,-0.61466,3.458,4.11906
-2.11911,-0.608439,3.423,4.07158
-2.108,-0.608439,3.423,4.06581
-2.07606,-0.602395,3.389,4.01973
-2.06506,-0.602395,3.389,4.01406
-2.03406,-0.59653,3.356,3.96938
-2.02317,-0.59653,3.356,3.96381
-2.01228,-0.59653,3.356,3.95826
nan,nan,nan,NaN
nan,nan,nan,NaN
nan,nan,nan,NaN
nan,nan,nan,NaN
nan,nan,nan,NaN
nan,nan,nan,NaN
nan,nan,nan,NaN
nan,nan,nan,NaN
nan,nan,nan,NaN
nan,nan,nan,NaN
nan,nan,nan,NaN
nan,nan,nan,NaN
nan,nan,nan,NaN
nan,nan,nan,NaN
nan,nan,nan,NaN
nan,nan,nan,NaN
nan,nan,nan,NaN
nan,nan,nan,NaN
nan,nan,nan,NaN
nan,nan,nan,NaN
nan,nan,nan,NaN
nan,nan,nan,NaN
nan,nan,nan,NaN
nan,nan,nan,NaN
nan,nan,nan,NaN
nan,nan,nan,NaN
nan,nan,nan,NaN
nan,nan,nan,NaN
nan,nan,nan,NaN
nan,nan,nan,NaN
nan,nan,nan,NaN
nan,nan,nan,NaN
nan,nan,nan,NaN
nan,nan,nan,NaN
nan,nan,nan,NaN
-1.13979,-0.419668,2.361,2.6551
-1.13213,-0.419668,2.361,2.65182
-1.12447,-0.419668,2.361,2.64856
-1.1168,-0.419668,2.361,2.64532
-1.10914,-0.419668,2.361,2.64209
-1.10148,-0.419668,2.361,2.63888
-1.10123,-0.422512,2.377,2.65355
-1.09351,-0.422512,2.377,2.65036
-1.0858,-0.422512,2.377,2.64719
-1.07808,-0.422512,2.377,2.64403
-1.06316,-0.419668,2.361,2.62312
-1.0555,-0.419668,2.361,2.62002
-1.04784,-0.419668,2.361,2.61695
-1.04017,-0.419668,2.361,2.61389
-1.03251,-0.419668,2.361,2.61085
-1.02485,-0.419668,2.361,2.60782
-1.01718,-0.419668,2.361,2.60482
-1.00952,-0.419668,2.361,2.60184
-1.00186,-0.419668,2.361,2.59888
-0.994193,-0.419668,2.361,2.59593
-0.979844,-0.416824,2.345,2.57543
-0.972232,-0.416824,2.345,2.57255
-0.964621,-0.416824,2.345,2.56968
-0.95701,-0.416824,2.345,2.56683
-0.949399,-0.416824,2.345,2.56401
-0.941787,-0.416824,2.345,2.5612
-0.934176,-0.416824,2.345,2.55841
-0.926565,-0.416824,2.345,2.55564
-0.918953,-0.416824,2.345,2.55289
-0.911342,-0.416824,2.345,2.55016
-0.903731,-0.416824,2.345,2.54745
-0.89612,-0.416824,2.345,2.54476
-0.888508,-0.416824,2.345,2.54209
-0.880897,-0.416824,2.345,2.53944
-0.873286,-0.416824,2.345,2.53681
-0.865674,-0.416824,2.345,2.5342
-0.858063,-0.416824,2.345,2.53161
-0.850452,-0.416824,2.345,2.52904
-0.842841,-0.416824,2.345,2.52649
-0.835229,-0.416824,2.345,2.52396
-0.827618,-0.416824,2.345,2.52145
-0.820007,-0.416824,2.345,2.51896
-0.812395,-0.416824,2.345,2.5165
-0.810275,-0.419668,2.361,2.5312
-0.802612,-0.419668,2.361,2.52876
-0.794949,-0.419668,2.361,2.52634
-0.787286,-0.419668,2.361,2.52394
-0.784906,-0.422512,2.377,2.53865
-0.777191,-0.422512,2.377,2.53627
-0.769475,-0.422512,2.377,2.53392
-0.76176,-0.422512,2.377,2.53159
-0.754045,-0.422512,2.377,2.52927
-0.74633,-0.422512,2.377,2.52699
-0.738615,-0.422512,2.377,2.52472
-0.736127,-0.425534,2.394,2.54051
-0.728357,-0.425534,2.394,2.53827
-0.720586,-0.425534,2.394,2.53605
-0.717878,-0.428556,2.411,2.55185
-0.710052,-0.428556,2.411,2.54966
-0.702227,-0.428556,2.411,2.54749
-0.699297,-0.431577,2.428,2.56329
-0.696258,-0.434599,2.445,2.57908
-0.688322,-0.434599,2.445,2.57695
-0.680386,-0.434599,2.445,2.57485
-0.677401,-0.437799,2.463,2.5917
-0.669406,-0.437799,2.463,2.58962
-0.661412,-0.437799,2.463,2.58757
-0.653418,-0.437799,2.463,2.58554
-0.645424,-0.437799,2.463,2.58353
-0.642088,-0.440998,2.481,2.60041
-0.634035,-0.440998,2.481,2.59843
-0.625982,-0.440998,2.481,2.59648
-0.61793,-0.440998,2.481,2.59455
-0.609877,-0.440998,2.481,2.59264
-0.601824,-0.440998,2.481,2.59076
-0.589464,-0.437799,2.463,2.57012
-0.581469,-0.437799,2.463,2.5683
-0.573475,-0.437799,2.463,2.5665
-0.561348,-0.434599,2.445,2.54598
-0.553412,-0.434599,2.445,2.54424
-0.549492,-0.437799,2.463,2.56125
-0.541498,-0.437799,2.463,2.55954
-0.529605,-0.434599,2.445,2.53917
-0.521669,-0.434599,2.445,2.53753
-0.513733,-0.434599,2.445,2.53591
-0.505797,-0.434599,2.445,2.53431
-0.497861,-0.434599,2.445,2.53274
-0.489925,-0.434599,2.445,2.53119
-0.478638,-0.431577,2.428,2.51208
-0.470758,-0.431577,2.428,2.51059
-0.466118,-0.434599,2.445,2.52669
-0.458182,-0.434599,2.445,2.52524
-0.450246,-0.434599,2.445,2.52381
-0.44231,-0.434599,2.445,2.52241
-0.434374,-0.434599,2.445,2.52103
-0.426438,-0.434599,2.445,2.51967
-0.418503,-0.434599,2.445,2.51834
-0.410567,-0.434599,2.445,2.51704
-0.402631,-0.434599,2.445,2.51575
-0.394695,-0.434599,2.445,2.5145
-0.386759,-0.434599,2.445,2.51326
-0.378823,-0.434599,2.445,2.51205
-0.370887,-0.434599,2.445,2.51087
-0.362952,-0.434599,2.445,2.50971
-0.357629,-0.437799,2.463,2.52704
-0.349635,-0.437799,2.463,2.52592
-0.341641,-0.437799,2.463,2.52483
-0.333646,-0.437799,2.463,2.52376
-0.323272,-0.434599,2.445,2.50428
-0.315336,-0.434599,2.445,2.50327
-0.3074,-0.434599,2.445,2.50228
-0.299465,-0.434599,2.445,2.50132
-0.291529,-0.434599,2.445,2.50038
-0.283593,-0.434599,2.445,2.49947
-0.275657,-0.434599,2.445,2.49858
-0.267721,-0.434599,2.445,2.49771
-0.259785,-0.434599,2.445,2.49688
-0.251849,-0.434599,2.445,2.49606
-0.243914,-0.434599,2.445,2.49527
-0.235978,-0.434599,2.445,2.49451
-0.228042,-0.434599,2.445,2.49377
-0.220106,-0.434599,2.445,2.49306
-0.21217,-0.434599,2.445,2.49237
-0.204234,-0.434599,2.445,2.49171
-0.196298,-0.434599,2.445,2.49107
-0.188363,-0.434599,2.445,2.49046
-0.180427,-0.434599,2.445,2.48987
-0.172491,-0.434599,2.445,2.48931
-0.164555,-0.434599,2.445,2.48877
-0.156619,-0.434599,2.445,2.48826
-0.149778,-0.437799,2.463,2.50609
-0.141784,-0.437799,2.463,2.50562
-0.133789,-0.437799,2.463,2.50518
-0.125795,-0.437799,2.463,2.50477
-0.117801,-0.437799,2.463,2.50438
-0.109806,-0.437799,2.463,2.50402
-0.101812,-0.437799,2.463,2.50368
-0.0938178,-0.437799,2.463,2.50337
-0.087078,-0.444198,2.499,2.53966
-0.0789668,-0.444198,2.499,2.5394
-0.0708557,-0.444198,2.499,2.53916
-0.0627446,-0.444198,2.499,2.53895
-0.0542399,-0.440998,2.481,2.52047
-0.0461872,-0.440998,2.481,2.52031
-0.0381345,-0.440998,2.481,2.52018
-0.0303,-0.444198,2.499,2.53835
-0.0221889,-0.444198,2.499,2.53827
-0.0140778,-0.444198,2.499,2.53821
-0.00592366,-0.440998,2.481,2.5199
0.00212905,-0.440998,2.481,2.51989
0.0101818,-0.440998,2.481,2.51991
0.0182345,-0.440998,2.481,2.51996
0.0262872,-0.440998,2.481,2.52003
0.0343399,-0.440998,2.481,2.52012
0.0423926,-0.440998,2.481,2.52025
0.0504453,-0.440998,2.481,2.52039
0.058498,-0.440998,2.481,2.52057
0.0665507,-0.440998,2.481,2.52077
0.0746034,-0.440998,2.481,2.52099
0.0826561,-0.440998,2.481,2.52124
0.0900507,-0.437799,2.463,2.50323
0.098045,-0.437799,2.463,2.50353
0.106039,-0.437799,2.463,2.50385
0.114034,-0.437799,2.463,2.5042
0.122028,-0.437799,2.463,2.50458
0.130022,-0.437799,2.463,2.50498
0.138016,-0.437799,2.463,2.50541
0.146011,-0.437799,2.463,2.50586
0.154005,-0.437799,2.463,2.50634
0.163183,-0.440998,2.481,2.52517
0.171236,-0.440998,2.481,2.5257
0.179289,-0.440998,2.481,2.52626
0.187341,-0.440998,2.481,2.52684
0.195394,-0.440998,2.481,2.52745
0.203447,-0.440998,2.481,2.52809
0.2115,-0.440998,2.481,2.52875
0.219552,-0.440998,2.481,2.52944
0.227605,-0.440998,2.481,2.53015
0.235658,-0.440998,2.481,2.53088
0.24371,-0.440998,2.481,2.53165
0.251763,-0.440998,2.481,2.53243
0.259816,-0.440998,2.481,2.53325
0.267868,-0.440998,2.481,2.53409
0.275921,-0.440998,2.481,2.53495
0.283974,-0.440998,2.481,2.53584
0.292027,-0.440998,2.481,2.53675
0.300079,-0.440998,2.481,2.53769
0.308132,-0.440998,2.481,2.53866
0.316185,-0.440998,2.481,2.53965
0.324237,-0.440998,2.481,2.54066
0.33229,-0.440998,2.481,2.5417
0.340343,-0.440998,2.481,2.54277
0.350923,-0.444198,2.499,2.56232
0.359034,-0.444198,2.499,2.56344
0.367146,-0.444198,2.499,2.56459
0.375257,-0.444198,2.499,2.56576
0.383368,-0.444198,2.499,2.56696
0.391479,-0.444198,2.499,2.56818
0.402468,-0.447397,2.517,2.58794
0.410638,-0.447397,2.517,2.58922
0.418807,-0.447397,2.517,2.59053
0.4302,-0.450774,2.536,2.61143
0.438431,-0.450774,2.536,2.6128
0.446662,-0.450774,2.536,2.61419
0.454894,-0.450774,2.536,2.61561
0.463125,-0.450774,2.536,2.61706
0.471356,-0.450774,2.536,2.61852
0.48318,-0.454152,2.555,2.63965
0.491473,-0.454152,2.555,2.64118
0.499766,-0.454152,2.555,2.64273
0.508059,-0.454152,2.555,2.64432
0.516352,-0.454152,2.555,2.64592
0.524645,-0.454152,2.555,2.64755
0.532938,-0.454152,2.555,2.64921
0.541231,-0.454152,2.555,2.65089
0.549524,-0.454152,2.555,2.65259
0.557817,-0.454152,2.555,2.65432
0.566109,-0.454152,2.555,2.65608
0.574402,-0.454152,2.555,2.65786
0.582695,-0.454152,2.555,2.65966
0.590988,-0.454152,2.555,2.66149
0.599281,-0.454152,2.555,2.66335
0.607574,-0.454152,2.555,2.66523
0.615867,-0.454152,2.555,2.66713
0.62416,-0.454152,2.555,2.66905
0.637156,-0.457529,2.574,2.69087
0.64551,-0.457529,2.574,2.69286
0.653865,-0.457529,2.574,2.69487
0.662219,-0.457529,2.574,2.69691
0.670574,-0.457529,2.574,2.69898
0.678929,-0.457529,2.574,2.70107
0.687283,-0.457529,2.574,2.70318
0.695638,-0.457529,2.574,2.70531
0.703992,-0.457529,2.574,2.70747
0.712347,-0.457529,2.574,2.70966
0.720701,-0.457529,2.574,2.71187
0.729056,-0.457529,2.574,2.7141
0.737411,-0.457529,2.574,2.71635
0.745765,-0.457529,2.574,2.71863
0.75412,-0.457529,2.574,2.72094
0.762474,-0.457529,2.574,2.72327
0.770829,-0.457529,2.574,2.72562
0.773432,-0.454152,2.555,2.70785
0.781725,-0.454152,2.555,2.71023
0.790018,-0.454152,2.555,2.71264
0.798311,-0.454152,2.555,2.71507
0.800605,-0.450774,2.536,2.69731
0.808836,-0.450774,2.536,2.69976
0.817068,-0.450774,2.536,2.70224
0.825299,-0.450774,2.536,2.70474
0.827285,-0.447397,2.517,2.68698
0.835455,-0.447397,2.517,2.68951
0.843624,-0.447397,2.517,2.69205
0.851794,-0.447397,2.517,2.69463
0.859963,-0.447397,2.517,2.69722
0.861925,-0.444198,2.499,2.68053
0.870036,-0.444198,2.499,2.68315
0.878147,-0.444198,2.499,2.68579
0.886258,-0.444198,2.499,2.68845
0.894369,-0.444198,2.499,2.69114
0.89598,-0.440998,2.481,2.67444
0.904033,-0.440998,2.481,2.67715
0.912085,-0.440998,2.481,2.67988
0.920138,-0.440998,2.481,2.68263
0.928191,-0.440998,2.481,2.6854
0.929451,-0.437799,2.463,2.66869
0.937445,-0.437799,2.463,2.67149
0.945439,-0.437799,2.463,2.6743
0.953434,-0.437799,2.463,2.67714
0.968454,-0.440998,2.481,2.69958
0.976507,-0.440998,2.481,2.70248
nan,nan,nan,NaN
nan,nan,nan,NaN
nan,nan,nan,NaN
nan,nan,nan,NaN
nan,nan,nan,NaN
nan,nan,nan,NaN
nan,nan,nan,NaN
nan,nan,nan,NaN
nan,nan,nan,NaN
nan,nan,nan,NaN
nan,nan,nan,NaN
nan,nan,nan,NaN
nan,nan,nan,NaN
nan,nan,nan,NaN
nan,nan,nan,NaN
nan,nan,nan,NaN
1.3719,-0.543382,3.057,3.3945
1.38182,-0.543382,3.057,3.39852
1.39174,-0.543382,3.057,3.40257
1.40166,-0.543382,3.057,3.40664
1.42405,-0.548182,3.084,3.44086
1.43406,-0.548182,3.084,3.44501
1.44407,-0.548182,3.084,3.44919
1.45408,-0.548182,3.084,3.45339
1.46409,-0.548182,3.084,3.45762
1.48749,-0.553158,3.112,3.4933
1.49759,-0.553158,3.112,3.49761
1.52174,-0.558313,3.141,3.53458
1.53193,-0.558313,3.141,3.53898
1.54213,-0.558313,3.141,3.54341
1.55232,-0.558313,3.141,3.54786
1.56252,-0.558313,3.141,3.55233
1.57271,-0.558313,3.141,3.55683
1.58291,-0.558313,3.141,3.56135
1.5931,-0.558313,3.141,3.56589
1.6033,-0.558313,3.141,3.57046
1.62839,-0.563468,3.17,3.60805
1.63868,-0.563468,3.17,3.61271
1.66405,-0.568623,3.199,3.65048
1.72311,-0.585154,3.292,3.76149
1.78488,-0.602395,3.389,3.87737
1.79588,-0.602395,3.389,3.88245
1.86233,-0.620881,3.493,4.00685
1.91283,-0.633857,3.566,4.09598
1.9244,-0.633857,3.566,4.1014
1.95661,-0.640612,3.604,4.1506
2.01036,-0.654298,3.681,4.24493
2.02231,-0.654298,3.681,4.2506
2.03425,-0.654298,3.681,4.2563
2.06844,-0.661408,3.721,4.30833
2.08051,-0.661408,3.721,4.31414
2.04816,-0.647366,3.642,4.22826
2.03849,-0.640612,3.604,4.18983
2.05019,-0.640612,3.604,4.19553
2.06189,-0.640612,3.604,4.20126
2.07358,-0.640612,3.604,4.20701
2.08528,-0.640612,3.604,4.21279
2.07487,-0.633857,3.566,4.17411
2.06479,-0.62728,3.529,4.13651
2.07625,-0.62728,3.529,4.14224
2.0877,-0.62728,3.529,4.14799
2.05692,-0.61466,3.458,4.0702
2.04722,-0.608439,3.423,4.03463
2.05833,-0.608439,3.423,4.04028
2.04888,-0.602395,3.389,4.00576
2.03982,-0.59653,3.356,3.97234
2.05072,-0.59653,3.356,3.97794
2.04195,-0.590842,3.324,3.94558
2.01322,-0.579466,3.26,3.8751
2.0238,-0.579466,3.26,3.88061
1.99631,-0.568623,3.199,3.81342
1.95212,-0.553158,3.112,3.71501
1.96222,-0.553158,3.112,3.72033
1.93746,-0.543382,3.057,3.65982
1.93019,-0.538583,3.03,3.63271
1.94002,-0.538583,3.03,3.63795
1.93248,-0.533784,3.003,3.61074
1.9086,-0.524541,2.951,3.55335
1.91817,-0.524541,2.951,3.5585
1.89509,-0.515653,2.901,3.50329
1.87299,-0.507121,2.853,3.45035
1.88225,-0.507121,2.853,3.45538
1.8756,-0.502855,2.829,3.43132
1.85414,-0.494679,2.783,3.38048
1.86317,-0.494679,2.783,3.38544
1.8722,-0.494679,2.783,3.39042
1.86637,-0.490768,2.761,3.36857
1.86038,-0.486858,2.739,3.34667
-2.52657,-0.635548,3.642,4.47791
-2.51475,-0.635548,3.642,4.47125
-2.47682,-0.628917,3.604,4.41803
-2.43913,-0.622286,3.566,4.36497
-2.42755,-0.622286,3.566,4.35851
-2.41598,-0.622286,3.566,4.35207
-2.4044,-0.622286,3.566,4.34566
-2.39283,-0.622286,3.566,4.33927
-2.38126,-0.622286,3.566,4.33289
-2.36968,-0.622286,3.566,4.32654
-2.33364,-0.615829,3.529,4.27539
-2.32219,-0.615829,3.529,4.26915
-2.31073,-0.615829,3.529,4.26293
-2.29928,-0.615829,3.529,4.25673
-2.28782,-0.615829,3.529,4.25056
-2.27637,-0.615829,3.529,4.2444
-2.24181,-0.609547,3.493,4.19503
-2.20812,-0.603439,3.458,4.14701
-2.1969,-0.603439,3.458,4.14105
-2.18568,-0.603439,3.458,4.1351
-2.15244,-0.597332,3.423,4.08739
-2.14133,-0.597332,3.423,4.08155
-2.13022,-0.597332,3.423,4.07573
-2.11911,-0.597332,3.423,4.06993
-2.108,-0.597332,3.423,4.06416
-2.07606,-0.591399,3.389,4.0181
-2.06506,-0.591399,3.389,4.01243
-2.03406,-0.58564,3.356,3.96776
-2.02317,-0.58564,3.356,3.96219
-2.01228,-0.58564,3.356,3.95664
nan,nan,nan,NaN
nan,nan,nan,NaN
nan,nan,nan,NaN
nan,nan,nan,NaN
nan,nan,nan,NaN
nan,nan,nan,NaN
nan,nan,nan,NaN
nan,nan,nan,NaN
nan,nan,nan,NaN
nan,nan,nan,NaN
nan,nan,nan,NaN
nan,nan,nan,NaN
nan,nan,nan,NaN
nan,nan,nan,NaN
nan,nan,nan,NaN
nan,nan,nan,NaN
nan,nan,nan,NaN
nan,nan,nan,NaN
nan,nan,nan,NaN
nan,nan,nan,NaN
nan,nan,nan,NaN
nan,nan,nan,NaN
nan,nan,nan,NaN
nan,nan,nan,NaN
nan,nan,nan,NaN
nan,nan,nan,NaN
nan,nan,nan,NaN
nan,nan,nan,NaN
nan,nan,nan,NaN
nan,nan,nan,NaN
nan,nan,nan,NaN
nan,nan,nan,NaN
nan,nan,nan,NaN
nan,nan,nan,NaN
-1.13968,-0.409215,2.345,2.6392
-1.13207,-0.409215,2.345,2.63592
-1.13213,-0.412007,2.361,2.65062
-1.12447,-0.412007,2.361,2.64736
-1.1168,-0.412007,2.361,2.64411
-1.10914,-0.412007,2.361,2.64088
-1.10148,-0.412007,2.361,2.63767
-1.09381,-0.412007,2.361,2.63448
-1.09351,-0.414799,2.377,2.64914
-1.0858,-0.414799,2.377,2.64597
-1.07082,-0.412007,2.361,2.62502
-1.06316,-0.412007,2.361,2.6219
-1.0555,-0.412007,2.361,2.61881
-1.04784,-0.412007,2.361,2.61573
-1.04017,-0.412007,2.361,2.61267
-1.03251,-0.412007,2.361,2.60963
-1.02485,-0.412007,2.361,2.6066
-1.01029,-0.409215,2.345,2.58596
-1.00268,-0.409215,2.345,2.58299
-0.995066,-0.409215,2.345,2.58005
-0.987455,-0.409215,2.345,2.57712
-0.979844,-0.409215,2.345,2.57421
-0.972232,-0.409215,2.345,2.57133
-0.964621,-0.409215,2.345,2.56846
-0.95701,-0.409215,2.345,2.56561
-0.949399,-0.409215,2.345,2.56278
-0.935362,-0.406423,2.329,2.5425
-0.927802,-0.406423,2.329,2.53973
-0.920243,-0.406423,2.329,2.53698
-0.912683,-0.406423,2.329,2.53425
-0.905124,-0.406423,2.329,2.53154
-0.897565,-0.406423,2.329,2.52884
-0.890005,-0.406423,2.329,2.52617
-0.882446,-0.406423,2.329,2.52352
-0.874887,-0.406423,2.329,2.52088
-0.873286,-0.409215,2.345,2.53557
-0.865674,-0.409215,2.345,2.53296
-0.858063,-0.409215,2.345,2.53037
-0.850452,-0.409215,2.345,2.5278
-0.842841,-0.409215,2.345,2.52524
-0.835229,-0.409215,2.345,2.52271
-0.827618,-0.409215,2.345,2.52021
-0.820007,-0.409215,2.345,2.51772
-0.812395,-0.409215,2.345,2.51525
-0.810275,-0.412007,2.361,2.52994
-0.802612,-0.412007,2.361,2.5275
-0.794949,-0.412007,2.361,2.52508
-0.787286,-0.412007,2.361,2.52268
-0.784906,-0.414799,2.377,2.53737
-0.777191,-0.414799,2.377,2.535
-0.769475,-0.414799,2.377,2.53264
-0.76176,-0.414799,2.377,2.53031
-0.754045,-0.414799,2.377,2.528
-0.74633,-0.414799,2.377,2.52571
-0.738615,-0.414799,2.377,2.52344
-0.736127,-0.417766,2.394,2.53922
-0.728357,-0.417766,2.394,2.53698
-0.720586,-0.417766,2.394,2.53476
-0.717878,-0.420732,2.411,2.55055
-0.710052,-0.420732,2.411,2.54835
-0.702227,-0.420732,2.411,2.54619
-0.699297,-0.423699,2.428,2.56198
-0.696258,-0.426666,2.445,2.57776
-0.688322,-0.426666,2.445,2.57563
-0.680386,-0.426666,2.445,2.57352
-0.677401,-0.429807,2.463,2.59036
-0.669406,-0.429807,2.463,2.58828
-0.661412,-0.429807,2.463,2.58623
-0.653418,-0.429807,2.463,2.58419
-0.645424,-0.429807,2.463,2.58218
-0.642088,-0.432948,2.481,2.59905
-0.634035,-0.432948,2.481,2.59708
-0.625982,-0.432948,2.481,2.59512
-0.61793,-0.432948,2.481,2.59319
-0.609877,-0.432948,2.481,2.59128
-0.601824,-0.432948,2.481,2.5894
-0.589464,-0.429807,2.463,2.56877
-0.581469,-0.429807,2.463,2.56695
-0.573475,-0.429807,2.463,2.56515
-0.561348,-0.426666,2.445,2.54464
-0.553412,-0.426666,2.445,2.5429
-0.549492,-0.429807,2.463,2.55989
-0.541498,-0.429807,2.463,2.55819
-0.533504,-0.429807,2.463,2.55651
-0.521669,-0.426666,2.445,2.53618
-0.513733,-0.426666,2.445,2.53456
-0.505797,-0.426666,2.445,2.53296
-0.497861,-0.426666,2.445,2.53139
-0.489925,-0.426666,2.445,2.52984
-0.481989,-0.426666,2.445,2.52832
-0.474054,-0.426666,2.445,2.52682
-0.466118,-0.426666,2.445,2.52534
-0.458182,-0.426666,2.445,2.52389
-0.450246,-0.426666,2.445,2.52246
-0.44231,-0.426666,2.445,2.52105
-0.434374,-0.426666,2.445,2.51967
-0.426438,-0.426666,2.445,2.51832
-0.418503,-0.426666,2.445,2.51698
-0.410567,-0.426666,2.445,2.51568
-0.402631,-0.426666,2.445,2.51439
-0.394695,-0.426666,2.445,2.51314
-0.386759,-0.426666,2.445,2.5119
-0.378823,-0.426666,2.445,2.51069
-0.370887,-0.426666,2.445,2.50951
-0.362952,-0.426666,2.445,2.50835
-0.355016,-0.426666,2.445,2.50721
-0.34708,-0.426666,2.445,2.5061
-0.339144,-0.426666,2.445,2.50501
-0.331208,-0.426666,2.445,2.50395
-0.323272,-0.426666,2.445,2.50291
-0.315336,-0.426666,2.445,2.5019
-0.3074,-0.426666,2.445,2.50091
-0.299465,-0.426666,2.445,2.49995
-0.291529,-0.426666,2.445,2.49901
-0.283593,-0.426666,2.445,2.4981
-0.275657,-0.426666,2.445,2.49721
-0.267721,-0.426666,2.445,2.49635
-0.259785,-0.426666,2.445,2.49551
-0.251849,-0.426666,2.445,2.49469
-0.243914,-0.426666,2.445,2.49391
-0.235978,-0.426666,2.445,2.49314
-0.228042,-0.426666,2.445,2.4924
-0.220106,-0.426666,2.445,2.49169
-0.21217,-0.426666,2.445,2.491
-0.204234,-0.426666,2.445,2.49034
-0.196298,-0.426666,2.445,2.4897
-0.188363,-0.426666,2.445,2.48909
-0.180427,-0.426666,2.445,2.4885
-0.172491,-0.426666,2.445,2.48794
-0.164555,-0.426666,2.445,2.4874
-0.156619,-0.426666,2.445,2.48689
-0.149778,-0.429807,2.463,2.5047
-0.141784,-0.429807,2.463,2.50424
-0.133789,-0.429807,2.463,2.5038
-0.125795,-0.429807,2.463,2.50338
-0.117801,-0.429807,2.463,2.50299
-0.109806,-0.429807,2.463,2.50263
-0.101812,-0.429807,2.463,2.50229
-0.0938178,-0.429807,2.463,2.50198
-0.0858236,-0.429807,2.463,2.50169
-0.078398,-0.432948,2.481,2.51971
-0.0703453,-0.432948,2.481,2.51947
-0.0622926,-0.432948,2.481,2.51926
-0.0542399,-0.432948,2.481,2.51908
-0.0461872,-0.432948,2.481,2.51892
-0.0381345,-0.432948,2.481,2.51878
-0.0300818,-0.432948,2.481,2.51867
-0.0220291,-0.432948,2.481,2.51859
-0.0139764,-0.432948,2.481,2.51853
-0.00592366,-0.432948,2.481,2.5185
0.00212905,-0.432948,2.481,2.51849
0.0101818,-0.432948,2.481,2.51851
0.0182345,-0.432948,2.481,2.51856
0.0260965,-0.429807,2.463,2.50036
0.0340907,-0.429807,2.463,2.50045
0.042085,-0.429807,2.463,2.50057
0.0500793,-0.429807,2.463,2.50072
0.0580736,-0.429807,2.463,2.5009
0.0660679,-0.429807,2.463,2.50109
0.0740622,-0.429807,2.463,2.50132
0.0820565,-0.429807,2.463,2.50157
0.0900507,-0.429807,2.463,2.50184
0.098045,-0.429807,2.463,2.50214
0.106039,-0.429807,2.463,2.50247
0.114034,-0.429807,2.463,2.50282
0.122028,-0.429807,2.463,2.5032
0.130022,-0.429807,2.463,2.5036
0.138016,-0.429807,2.463,2.50403
0.146011,-0.429807,2.463,2.50448
0.154005,-0.429807,2.463,2.50496
0.161999,-0.429807,2.463,2.50546
0.169994,-0.429807,2.463,2.50599
0.177988,-0.429807,2.463,2.50655
0.185982,-0.429807,2.463,2.50713
0.193976,-0.429807,2.463,2.50773
0.201971,-0.429807,2.463,2.50836
0.209965,-0.429807,2.463,2.50902
0.217959,-0.429807,2.463,2.5097
0.225954,-0.429807,2.463,2.51041
0.235658,-0.432948,2.481,2.52949
0.24371,-0.432948,2.481,2.53026
0.251763,-0.432948,2.481,2.53105
0.259816,-0.432948,2.481,2.53186
0.267868,-0.432948,2.481,2.5327
0.275921,-0.432948,2.481,2.53356
0.283974,-0.432948,2.481,2.53445
0.292027,-0.432948,2.481,2.53537
0.300079,-0.432948,2.481,2.53631
0.305896,-0.429807,2.463,2.51886
0.313891,-0.429807,2.463,2.51985
0.324237,-0.432948,2.481,2.53928
0.33229,-0.432948,2.481,2.54032
0.340343,-0.432948,2.481,2.54139
0.348396,-0.432948,2.481,2.54248
0.356448,-0.432948,2.481,2.54359
0.364501,-0.432948,2.481,2.54473
0.372554,-0.432948,2.481,2.5459
0.383368,-0.436089,2.499,2.56557
0.391479,-0.436089,2.499,2.56679
0.39959,-0.436089,2.499,2.56804
0.410638,-0.43923,2.517,2.58782
0.418807,-0.43923,2.517,2.58913
0.426977,-0.43923,2.517,2.59047
0.438431,-0.442546,2.536,2.61139
0.446662,-0.442546,2.536,2.61279
0.454894,-0.442546,2.536,2.61421
0.463125,-0.442546,2.536,2.61565
0.471356,-0.442546,2.536,2.61712
0.48318,-0.445861,2.555,2.63823
0.491473,-0.445861,2.555,2.63977
0.499766,-0.445861,2.555,2.64132
0.508059,-0.445861,2.555,2.6429
0.512512,-0.442546,2.536,2.62485
0.520743,-0.442546,2.536,2.62646
0.528975,-0.442546,2.536,2.62811
0.541231,-0.445861,2.555,2.64948
0.549524,-0.445861,2.555,2.65119
0.557817,-0.445861,2.555,2.65292
0.566109,-0.445861,2.555,2.65467
0.574402,-0.445861,2.555,2.65646
0.582695,-0.445861,2.555,2.65826
0.590988,-0.445861,2.555,2.66009
0.599281,-0.445861,2.555,2.66195
0.607574,-0.445861,2.555,2.66383
0.615867,-0.445861,2.555,2.66573
0.62416,-0.445861,2.555,2.66766
0.632453,-0.445861,2.555,2.66961
0.640746,-0.445861,2.555,2.67159
0.649038,-0.445861,2.555,2.67359
0.657331,-0.445861,2.555,2.67561
0.665624,-0.445861,2.555,2.67766
0.673917,-0.445861,2.555,2.67974
0.687283,-0.449177,2.574,2.70178
0.695638,-0.449177,2.574,2.70391
0.703992,-0.449177,2.574,2.70607
0.712347,-0.449177,2.574,2.70826
0.720701,-0.449177,2.574,2.71047
0.729056,-0.449177,2.574,2.7127
0.737411,-0.449177,2.574,2.71496
0.745765,-0.449177,2.574,2.71724
0.75412,-0.449177,2.574,2.71955
0.762474,-0.449177,2.574,2.72187
0.770829,-0.449177,2.574,2.72423
0.773432,-0.445861,2.555,2.70648
0.781725,-0.445861,2.555,2.70886
0.790018,-0.445861,2.555,2.71126
0.798311,-0.445861,2.555,2.71369
0.806603,-0.445861,2.555,2.71614
0.814896,-0.445861,2.555,2.71862
0.823189,-0.445861,2.555,2.72111
0.825299,-0.442546,2.536,2.70338
0.83353,-0.442546,2.536,2.7059
0.841761,-0.442546,2.536,2.70845
0.843624,-0.43923,2.517,2.69071
0.851794,-0.43923,2.517,2.69328
0.859963,-0.43923,2.517,2.69588
0.868133,-0.43923,2.517,2.69849
0.870036,-0.436089,2.499,2.68182
0.878147,-0.436089,2.499,2.68446
0.886258,-0.436089,2.499,2.68712
0.894369,-0.436089,2.499,2.68981
0.89598,-0.432948,2.481,2.67312
0.904033,-0.432948,2.481,2.67583
0.912085,-0.432948,2.481,2.67856
0.920138,-0.432948,2.481,2.68132
0.928191,-0.432948,2.481,2.68409
0.929451,-0.429807,2.463,2.66739
0.937445,-0.429807,2.463,2.67019
0.952349,-0.432948,2.481,2.69254
0.960401,-0.432948,2.481,2.6954
0.968454,-0.432948,2.481,2.69828
0.976507,-0.432948,2.481,2.70118
nan,nan,nan,NaN
nan,nan,nan,NaN
nan,nan,nan,NaN
nan,nan,nan,NaN
nan,nan,nan,NaN
nan,nan,nan,NaN
nan,nan,nan,NaN
nan,nan,nan,NaN
nan,nan,nan,NaN
nan,nan,nan,NaN
nan,nan,nan,NaN
nan,nan,nan,NaN
nan,nan,nan,NaN
nan,nan,nan,NaN
nan,nan,nan,NaN
nan,nan,nan,NaN
1.3719,-0.533463,3.057,3.39292
1.38182,-0.533463,3.057,3.39695
1.39174,-0.533463,3.057,3.401
1.40166,-0.533463,3.057,3.40507
1.42405,-0.538174,3.084,3.43928
1.43406,-0.538174,3.084,3.44343
1.44407,-0.538174,3.084,3.44761
1.46728,-0.543061,3.112,3.48316
1.47738,-0.543061,3.112,3.48742
1.48749,-0.543061,3.112,3.49171
1.49759,-0.543061,3.112,3.49603
1.52174,-0.548121,3.141,3.53299
1.53193,-0.548121,3.141,3.53739
1.54213,-0.548121,3.141,3.54182
1.55232,-0.548121,3.141,3.54627
1.56252,-0.548121,3.141,3.55074
1.57271,-0.548121,3.141,3.55524
1.58291,-0.548121,3.141,3.55976
1.5931,-0.548121,3.141,3.56431
1.6033,-0.548121,3.141,3.56888
1.62839,-0.553182,3.17,3.60646
1.63868,-0.553182,3.17,3.61112
1.66405,-0.558243,3.199,3.64888
1.72311,-0.574472,3.292,3.75984
1.7675,-0.58564,3.356,3.83794
1.7784,-0.58564,3.356,3.84297
1.84367,-0.603439,3.458,3.96498
1.89298,-0.615829,3.529,4.05172
1.90444,-0.615829,3.529,4.05709
1.93598,-0.622286,3.566,4.10507
1.98906,-0.635548,3.642,4.19815
2.02231,-0.642354,3.681,4.24878
2.03425,-0.642354,3.681,4.25448
2.0462,-0.642354,3.681,4.2602
2.08051,-0.649334,3.721,4.31231
2.04816,-0.635548,3.642,4.22647
2.03849,-0.628917,3.604,4.18805
2.05019,-0.628917,3.604,4.19376
2.06189,-0.628917,3.604,4.19949
2.07358,-0.628917,3.604,4.20525
2.08528,-0.628917,3.604,4.21103
2.07487,-0.622286,3.566,4.17237
2.06479,-0.615829,3.529,4.13479
2.07625,-0.615829,3.529,4.14052
2.0877,-0.615829,3.529,4.14627
2.05692,-0.603439,3.458,4.06852
2.04722,-0.597332,3.423,4.03297
2.05833,-0.597332,3.423,4.03862
2.04888,-0.591399,3.389,4.00412
2.03982,-0.58564,3.356,3.97072
2.05072,-0.58564,3.356,3.97632
2.04195,-0.580056,3.324,3.94398
2.01322,-0.568887,3.26,3.87354
2.0238,-0.568887,3.26,3.87905
1.97821,-0.553182,3.17,3.77733
1.95212,-0.543061,3.112,3.71352
1.96222,-0.543061,3.112,3.71884
1.93746,-0.533463,3.057,3.65836
1.91299,-0.52404,3.003,3.59891
1.92273,-0.52404,3.003,3.6041
1.89902,-0.514965,2.951,3.54681
1.89243,-0.510603,2.926,3.52186
1.90192,-0.510603,2.926,3.52697
1.87941,-0.502052,2.877,3.47295
1.85724,-0.493676,2.829,3.41998
1.86642,-0.493676,2.829,3.42498
1.86035,-0.489662,2.806,3.40211
1.85414,-0.485648,2.783,3.37917
1.84844,-0.481809,2.761,3.35738
1.8574,-0.481809,2.761,3.36232
1.85149,-0.47797,2.739,3.34045
1.83118,-0.470466,2.696,3.29287
-2.55363,-0.63041,3.681,4.52418
-2.54168,-0.63041,3.681,4.51745
-2.47682,-0.617223,3.604,4.41638
-2.43913,-0.610715,3.566,4.36333
-2.42755,-0.610715,3.566,4.35687
-2.41598,-0.610715,3.566,4.35043
-2.4044,-0.610715,3.566,4.34402
-2.368,-0.604378,3.529,4.29262
-2.35655,-0.604378,3.529,4.28631
-2.34509,-0.604378,3.529,4.28002
-2.33364,-0.604378,3.529,4.27376
-2.32219,-0.604378,3.529,4.26751
-2.31073,-0.604378,3.529,4.26129
-2.29928,-0.604378,3.529,4.25509
-2.26448,-0.598213,3.493,4.20557
-2.25315,-0.598213,3.493,4.19947
-2.21935,-0.592219,3.458,4.15138
-2.20812,-0.592219,3.458,4.14539
-2.1969,-0.592219,3.458,4.13943
-2.16355,-0.586225,3.423,4.09164
-2.15244,-0.586225,3.423,4.08578
-2.14133,-0.586225,3.423,4.07994
-2.10906,-0.580402,3.389,4.03365
-2.09806,-0.580402,3.389,4.02791
-2.08706,-0.580402,3.389,4.02219
-2.07606,-0.580402,3.389,4.01649
-2.04496,-0.57475,3.356,3.97177
-2.01467,-0.56927,3.324,3.92835
-2.00388,-0.56927,3.324,3.92283
-1.99309,-0.56927,3.324,3.91733
nan,nan,nan,NaN
nan,nan,nan,NaN
nan,nan,nan,NaN
nan,nan,nan,NaN
nan,nan,nan,NaN
nan,nan,nan,NaN
nan,nan,nan,NaN
nan,nan,nan,NaN
nan,nan,nan,NaN
nan,nan,nan,NaN
nan,nan,nan,NaN
nan,nan,nan,NaN
nan,nan,nan,NaN
nan,nan,nan,NaN
nan,nan,nan,NaN
nan,nan,nan,NaN
nan,nan,nan,NaN
nan,nan,nan,NaN
nan,nan,nan,NaN
nan,nan,nan,NaN
nan,nan,nan,NaN
nan,nan,nan,NaN
nan,nan,nan,NaN
nan,nan,nan,NaN
nan,nan,nan,NaN
nan,nan,nan,NaN
nan,nan,nan,NaN
nan,nan,nan,NaN
nan,nan,nan,NaN
nan,nan,nan,NaN
nan,nan,nan,NaN
nan,nan,nan,NaN
nan,nan,nan,NaN
nan,nan,nan,NaN
-1.13968,-0.401606,2.345,2.63803
-1.13207,-0.401606,2.345,2.63475
-1.13213,-0.404346,2.361,2.64944
-1.12447,-0.404346,2.361,2.64618
-1.1168,-0.404346,2.361,2.64293
-1.10914,-0.404346,2.361,2.6397
-1.10148,-0.404346,2.361,2.63649
-1.09381,-0.404346,2.361,2.6333
-1.09351,-0.407086,2.377,2.64795
-1.0858,-0.407086,2.377,2.64477
-1.07082,-0.404346,2.361,2.62383
-1.06316,-0.404346,2.361,2.62071
-1.0555,-0.404346,2.361,2.61761
-1.04784,-0.404346,2.361,2.61453
-1.04017,-0.404346,2.361,2.61147
-1.03251,-0.404346,2.361,2.60843
-1.02485,-0.404346,2.361,2.6054
-1.01029,-0.401606,2.345,2.58476
-1.00268,-0.401606,2.345,2.5818
-0.995066,-0.401606,2.345,2.57885
-0.987455,-0.401606,2.345,2.57592
-0.979844,-0.401606,2.345,2.57301
-0.972232,-0.401606,2.345,2.57013
-0.964621,-0.401606,2.345,2.56726
-0.95701,-0.401606,2.345,2.56441
-0.949399,-0.401606,2.345,2.56158
-0.935362,-0.398866,2.329,2.54131
-0.927802,-0.398866,2.329,2.53853
-0.920243,-0.398866,2.329,2.53578
-0.912683,-0.398866,2.329,2.53305
-0.905124,-0.398866,2.329,2.53033
-0.897565,-0.398866,2.329,2.52764
-0.890005,-0.398866,2.329,2.52496
-0.882446,-0.398866,2.329,2.52231
-0.874887,-0.398866,2.329,2.51967
-0.867327,-0.398866,2.329,2.51706
-0.859768,-0.398866,2.329,2.51447
-0.852209,-0.398866,2.329,2.51189
-0.844649,-0.398866,2.329,2.50934
-0.842841,-0.401606,2.345,2.52402
-0.835229,-0.401606,2.345,2.52149
-0.827618,-0.401606,2.345,2.51898
-0.820007,-0.401606,2.345,2.51649
-0.812395,-0.401606,2.345,2.51402
-0.804784,-0.401606,2.345,2.51157
-0.802612,-0.404346,2.361,2.52626
-0.794949,-0.404346,2.361,2.52384
-0.787286,-0.404346,2.361,2.52144
-0.779622,-0.404346,2.361,2.51905
-0.771959,-0.404346,2.361,2.51669
-0.764296,-0.404346,2.361,2.51435
-0.756633,-0.404346,2.361,2.51203
-0.754045,-0.407086,2.377,2.52674
-0.74633,-0.407086,2.377,2.52445
-0.738615,-0.407086,2.377,2.52218
-0.736127,-0.409998,2.394,2.53796
-0.728357,-0.409998,2.394,2.53571
-0.720586,-0.409998,2.394,2.53349
-0.717878,-0.412909,2.411,2.54927
-0.710052,-0.412909,2.411,2.54707
-0.702227,-0.412909,2.411,2.5449
-0.699297,-0.41582,2.428,2.56069
-0.691417,-0.41582,2.428,2.55854
-0.683536,-0.41582,2.428,2.55643
-0.680386,-0.418732,2.445,2.57221
-0.67245,-0.418732,2.445,2.57013
-0.664514,-0.418732,2.445,2.56806
-0.661412,-0.421815,2.463,2.58491
-0.653418,-0.421815,2.463,2.58288
-0.645424,-0.421815,2.463,2.58087
-0.637429,-0.421815,2.463,2.57888
-0.629435,-0.421815,2.463,2.57691
-0.621441,-0.421815,2.463,2.57497
-0.613446,-0.421815,2.463,2.57306
-0.605452,-0.421815,2.463,2.57116
-0.597458,-0.421815,2.463,2.56929
-0.589464,-0.421815,2.463,2.56744
-0.581469,-0.421815,2.463,2.56562
-0.573475,-0.421815,2.463,2.56382
-0.561348,-0.418732,2.445,2.54332
-0.553412,-0.418732,2.445,2.54158
-0.549492,-0.421815,2.463,2.55856
-0.541498,-0.421815,2.463,2.55686
-0.533504,-0.421815,2.463,2.55518
-0.521669,-0.418732,2.445,2.53486
-0.513733,-0.418732,2.445,2.53324
-0.505797,-0.418732,2.445,2.53164
-0.497861,-0.418732,2.445,2.53006
-0.489925,-0.418732,2.445,2.52852
-0.481989,-0.418732,2.445,2.52699
-0.474054,-0.418732,2.445,2.52549
-0.466118,-0.418732,2.445,2.52401
-0.458182,-0.418732,2.445,2.52256
-0.450246,-0.418732,2.445,2.52113
-0.44231,-0.418732,2.445,2.51972
-0.434374,-0.418732,2.445,2.51834
-0.426438,-0.418732,2.445,2.51698
-0.418503,-0.418732,2.445,2.51565
-0.410567,-0.418732,2.445,2.51434
-0.402631,-0.418732,2.445,2.51306
-0.394695,-0.418732,2.445,2.5118
-0.386759,-0.418732,2.445,2.51057
-0.378823,-0.418732,2.445,2.50936
-0.370887,-0.418732,2.445,2.50817
-0.362952,-0.418732,2.445,2.50701
-0.355016,-0.418732,2.445,2.50587
-0.34708,-0.418732,2.445,2.50476
-0.339144,-0.418732,2.445,2.50367
-0.331208,-0.418732,2.445,2.50261
-0.323272,-0.418732,2.445,2.50157
-0.315336,-0.418732,2.445,2.50056
-0.3074,-0.418732,2.445,2.49957
-0.297382,-0.41582,2.428,2.48124
-0.289502,-0.41582,2.428,2.4803
-0.281621,-0.41582,2.428,2.4794
-0.27374,-0.41582,2.428,2.47851
-0.26586,-0.41582,2.428,2.47765
-0.257979,-0.41582,2.428,2.47682
-0.250098,-0.41582,2.428,2.47601
-0.242218,-0.41582,2.428,2.47523
-0.234337,-0.41582,2.428,2.47447
-0.228042,-0.418732,2.445,2.49106
-0.220106,-0.418732,2.445,2.49034
-0.21217,-0.418732,2.445,2.48965
-0.204234,-0.418732,2.445,2.48899
-0.196298,-0.418732,2.445,2.48835
-0.188363,-0.418732,2.445,2.48774
-0.180427,-0.418732,2.445,2.48715
-0.172491,-0.418732,2.445,2.48659
-0.164555,-0.418732,2.445,2.48605
-0.156619,-0.418732,2.445,2.48554
-0.148683,-0.418732,2.445,2.48505
-0.140747,-0.418732,2.445,2.48459
-0.133789,-0.421815,2.463,2.50244
-0.125795,-0.421815,2.463,2.50202
-0.117801,-0.421815,2.463,2.50163
-0.109806,-0.421815,2.463,2.50127
-0.101812,-0.421815,2.463,2.50093
-0.0938178,-0.421815,2.463,2.50062
-0.0858236,-0.421815,2.463,2.50033
-0.078398,-0.424897,2.481,2.51834
-0.0703453,-0.424897,2.481,2.5181
-0.0622926,-0.424897,2.481,2.51789
-0.0538464,-0.421815,2.463,2.49944
-0.0458521,-0.421815,2.463,2.49928
-0.0378578,-0.421815,2.463,2.49915
-0.0298635,-0.421815,2.463,2.49904
-0.0220291,-0.424897,2.481,2.51722
-0.0139764,-0.424897,2.481,2.51716
-0.00592366,-0.424897,2.481,2.51713
0.00212905,-0.424897,2.481,2.51712
0.0101818,-0.424897,2.481,2.51714
0.0182345,-0.424897,2.481,2.51719
0.0260965,-0.421815,2.463,2.499
0.0340907,-0.421815,2.463,2.49909
0.042085,-0.421815,2.463,2.49921
0.0500793,-0.421815,2.463,2.49936
0.0580736,-0.421815,2.463,2.49953
0.0660679,-0.421815,2.463,2.49973
0.0740622,-0.421815,2.463,2.49996
0.0820565,-0.421815,2.463,2.50021
0.0900507,-0.421815,2.463,2.50048
0.098045,-0.421815,2.463,2.50078
0.106039,-0.421815,2.463,2.50111
0.114034,-0.421815,2.463,2.50146
0.122028,-0.421815,2.463,2.50184
0.130022,-0.421815,2.463,2.50224
0.138016,-0.421815,2.463,2.50267
0.146011,-0.421815,2.463,2.50312
0.154005,-0.421815,2.463,2.5036
0.161999,-0.421815,2.463,2.5041
0.169994,-0.421815,2.463,2.50463
0.177988,-0.421815,2.463,2.50519
0.185982,-0.421815,2.463,2.50577
0.193976,-0.421815,2.463,2.50638
0.201971,-0.421815,2.463,2.50701
0.209965,-0.421815,2.463,2.50766
0.217959,-0.421815,2.463,2.50835
0.225954,-0.421815,2.463,2.50905
0.235658,-0.424897,2.481,2.52813
0.24371,-0.424897,2.481,2.52889
0.251763,-0.424897,2.481,2.52968
0.259816,-0.424897,2.481,2.53049
0.267868,-0.424897,2.481,2.53133
0.275921,-0.424897,2.481,2.5322
0.283974,-0.424897,2.481,2.53309
0.292027,-0.424897,2.481,2.534
0.300079,-0.424897,2.481,2.53495
0.305896,-0.421815,2.463,2.51751
0.313891,-0.421815,2.463,2.5185
0.324237,-0.424897,2.481,2.53792
0.33229,-0.424897,2.481,2.53896
0.340343,-0.424897,2.481,2.54003
0.348396,-0.424897,2.481,2.54112
0.356448,-0.424897,2.481,2.54223
0.364501,-0.424897,2.481,2.54338
0.372554,-0.424897,2.481,2.54454
0.383368,-0.42798,2.499,2.5642
0.391479,-0.42798,2.499,2.56543
0.39959,-0.42798,2.499,2.56668
0.410638,-0.431063,2.517,2.58645
0.418807,-0.431063,2.517,2.58776
0.426977,-0.431063,2.517,2.5891
0.438431,-0.434317,2.536,2.61001
0.446662,-0.434317,2.536,2.6114
0.458302,-0.437571,2.555,2.6324
0.466595,-0.437571,2.555,2.63386
0.474888,-0.437571,2.555,2.63534
0.48318,-0.437571,2.555,2.63685
0.491473,-0.437571,2.555,2.63838
0.499766,-0.437571,2.555,2.63994
0.508059,-0.437571,2.555,2.64152
0.512512,-0.434317,2.536,2.62347
0.520743,-0.434317,2.536,2.62509
0.528975,-0.434317,2.536,2.62674
0.541231,-0.437571,2.555,2.6481
0.549524,-0.437571,2.555,2.64981
0.557817,-0.437571,2.555,2.65154
0.566109,-0.437571,2.555,2.65329
0.574402,-0.437571,2.555,2.65508
0.582695,-0.437571,2.555,2.65688
0.590988,-0.437571,2.555,2.65871
0.599281,-0.437571,2.555,2.66057
0.607574,-0.437571,2.555,2.66245
0.615867,-0.437571,2.555,2.66435
0.62416,-0.437571,2.555,2.66628
0.632453,-0.437571,2.555,2.66824
0.640746,-0.437571,2.555,2.67021
0.649038,-0.437571,2.555,2.67222
0.657331,-0.437571,2.555,2.67424
0.665624,-0.437571,2.555,2.67629
0.673917,-0.437571,2.555,2.67837
0.687283,-0.440824,2.574,2.7004
0.695638,-0.440824,2.574,2.70254
0.703992,-0.440824,2.574,2.7047
0.712347,-0.440824,2.574,2.70689
0.720701,-0.440824,2.574,2.7091
0.729056,-0.440824,2.574,2.71133
0.737411,-0.440824,2.574,2.71359
0.745765,-0.440824,2.574,2.71587
0.75412,-0.440824,2.574,2.71818
0.762474,-0.440824,2.574,2.72051
0.770829,-0.440824,2.574,2.72286
0.773432,-0.437571,2.555,2.70512
0.781725,-0.437571,2.555,2.70751
0.790018,-0.437571,2.555,2.70991
0.798311,-0.437571,2.555,2.71234
0.806603,-0.437571,2.555,2.71479
0.814896,-0.437571,2.555,2.71727
0.823189,-0.437571,2.555,2.71977
0.825299,-0.434317,2.536,2.70204
0.83353,-0.434317,2.536,2.70457
0.841761,-0.434317,2.536,2.70712
0.843624,-0.431063,2.517,2.68939
0.851794,-0.431063,2.517,2.69196
0.859963,-0.431063,2.517,2.69456
0.868133,-0.431063,2.517,2.69718
0.870036,-0.42798,2.499,2.68051
0.878147,-0.42798,2.499,2.68315
0.886258,-0.42798,2.499,2.68582
0.894369,-0.42798,2.499,2.68851
0.89598,-0.424897,2.481,2.67183
0.904033,-0.424897,2.481,2.67454
0.912085,-0.424897,2.481,2.67727
0.920138,-0.424897,2.481,2.68003
0.928191,-0.424897,2.481,2.6828
0.929451,-0.421815,2.463,2.66612
0.937445,-0.421815,2.463,2.66891
0.952349,-0.424897,2.481,2.69126
0.960401,-0.424897,2.481,2.69412
0.961428,-0.421815,2.463,2.67743
0.969422,-0.421815,2.463,2.68031
0.98456,-0.424897,2.481,2.70282
0.992612,-0.424897,2.481,2.70577
nan,nan,nan,NaN
nan,nan,nan,NaN
nan,nan,nan,NaN
nan,nan,nan,NaN
nan,nan,nan,NaN
nan,nan,nan,NaN
nan,nan,nan,NaN
nan,nan,nan,NaN
nan,nan,nan,NaN
nan,nan,nan,NaN
nan,nan,nan,NaN
nan,nan,nan,NaN
nan,nan,nan,NaN
nan,nan,nan,NaN
1.3719,-0.523543,3.057,3.39138
1.38182,-0.523543,3.057,3.3954
1.39174,-0.523543,3.057,3.39945
1.40166,-0.523543,3.057,3.40353
1.42405,-0.528167,3.084,3.43772
1.43406,-0.528167,3.084,3.44188
1.44407,-0.528167,3.084,3.44606
1.46728,-0.532963,3.112,3.4816
1.47738,-0.532963,3.112,3.48587
1.48749,-0.532963,3.112,3.49016
1.49759,-0.532963,3.112,3.49448
1.52174,-0.537929,3.141,3.53142
1.53193,-0.537929,3.141,3.53583
1.54213,-0.537929,3.141,3.54025
1.55232,-0.537929,3.141,3.54471
1.56252,-0.537929,3.141,3.54918
1.57271,-0.537929,3.141,3.55368
1.58291,-0.537929,3.141,3.55821
1.5931,-0.537929,3.141,3.56275
1.6033,-0.537929,3.141,3.56732
1.62839,-0.542896,3.17,3.6049
1.63868,-0.542896,3.17,3.60956
1.66405,-0.547862,3.199,3.6473
1.72311,-0.56379,3.292,3.75822
1.75065,-0.56927,3.324,3.79971
1.76144,-0.56927,3.324,3.8047
1.82501,-0.586225,3.423,3.92317
1.8549,-0.592219,3.458,3.96852
1.86612,-0.592219,3.458,3.97378
1.91589,-0.604378,3.529,4.06076
1.9683,-0.617223,3.604,4.15259
2.00088,-0.623731,3.642,4.20199
2.0127,-0.623731,3.642,4.20763
2.0462,-0.63041,3.681,4.25842
2.05815,-0.63041,3.681,4.26417
2.04816,-0.623731,3.642,4.22471
2.03849,-0.617223,3.604,4.18631
2.05019,-0.617223,3.604,4.19202
2.06189,-0.617223,3.604,4.19776
2.07358,-0.617223,3.604,4.20351
2.08528,-0.617223,3.604,4.2093
2.07487,-0.610715,3.566,4.17066
2.08644,-0.610715,3.566,4.17643
2.07625,-0.604378,3.529,4.13883
2.0877,-0.604378,3.529,4.14459
2.07774,-0.598213,3.493,4.10803
2.04722,-0.586225,3.423,4.03134
2.05833,-0.586225,3.423,4.03699
2.04888,-0.580402,3.389,4.00251
2.03982,-0.57475,3.356,3.96912
2.05072,-0.57475,3.356,3.97473
2.04195,-0.56927,3.324,3.94241
2.01322,-0.558309,3.26,3.872
2.0238,-0.558309,3.26,3.87751
1.97821,-0.542896,3.17,3.77584
1.95212,-0.532963,3.112,3.71206
1.96222,-0.532963,3.112,3.71738
1.92035,-0.518919,3.03,3.62463
1.89642,-0.509842,2.977,3.56636
1.90609,-0.509842,2.977,3.5715
1.89902,-0.50539,2.951,3.54543
1.87626,-0.496827,2.901,3.49041
1.88567,-0.496827,2.901,3.49548
1.86373,-0.488606,2.853,3.44265
1.85724,-0.484496,2.829,3.41867
1.86642,-0.484496,2.829,3.42367
1.84511,-0.476618,2.783,3.37293
1.83948,-0.47285,2.761,3.35118
1.83371,-0.469083,2.739,3.32936
1.8426,-0.469083,2.739,3.33427
1.83662,-0.465315,2.717,3.31237
1.83118,-0.461718,2.696,3.29163
-2.55363,-0.618466,3.681,4.52253
-2.54168,-0.618466,3.681,4.5158
-2.47682,-0.605528,3.604,4.41476
-2.43913,-0.599144,3.566,4.36173
-2.42755,-0.599144,3.566,4.35527
-2.41598,-0.599144,3.566,4.34883
-2.4044,-0.599144,3.566,4.34241
-2.368,-0.592927,3.529,4.29102
-2.35655,-0.592927,3.529,4.28471
-2.34509,-0.592927,3.529,4.27842
-2.33364,-0.592927,3.529,4.27215
-2.32219,-0.592927,3.529,4.26591
-2.31073,-0.592927,3.529,4.25968
-2.29928,-0.592927,3.529,4.25348
-2.26448,-0.586879,3.493,4.20397
-2.25315,-0.586879,3.493,4.19787
-2.21935,-0.580998,3.458,4.1498
-2.20812,-0.580998,3.458,4.14381
-2.1969,-0.580998,3.458,4.13784
-2.16355,-0.575118,3.423,4.09007
-2.15244,-0.575118,3.423,4.0842
-2.14133,-0.575118,3.423,4.07836
-2.10906,-0.569405,3.389,4.03208
-2.09806,-0.569405,3.389,4.02634
-2.08706,-0.569405,3.389,4.02062
-2.07606,-0.569405,3.389,4.01492
-2.04496,-0.563861,3.356,3.9702
-2.01467,-0.558484,3.324,3.9268
-2.00388,-0.558484,3.324,3.92128
-1.99309,-0.558484,3.324,3.91577
nan,nan,nan,NaN
nan,nan,nan,NaN
nan,nan,nan,NaN
nan,nan,nan,NaN
nan,nan,nan,NaN
nan,nan,nan,NaN
nan,nan,nan,NaN
nan,nan,nan,NaN
nan,nan,nan,NaN
nan,nan,nan,NaN
nan,nan,nan,NaN
nan,nan,nan,NaN
nan,nan,nan,NaN
nan,nan,nan,NaN
nan,nan,nan,NaN
nan,nan,nan,NaN
nan,nan,nan,NaN
nan,nan,nan,NaN
nan,nan,nan,NaN
nan,nan,nan,NaN
nan,nan,nan,NaN
nan,nan,nan,NaN
nan,nan,nan,NaN
nan,nan,nan,NaN
nan,nan,nan,NaN
nan,nan,nan,NaN
nan,nan,nan,NaN
nan,nan,nan,NaN
nan,nan,nan,NaN
nan,nan,nan,NaN
nan,nan,nan,NaN
nan,nan,nan,NaN
-1.16278,-0.396685,2.361,2.66153
-1.15512,-0.396685,2.361,2.65819
-1.13968,-0.393997,2.345,2.63688
-1.13207,-0.393997,2.345,2.6336
-1.12446,-0.393997,2.345,2.63034
-1.11685,-0.393997,2.345,2.62709
-1.1168,-0.396685,2.361,2.64177
-1.10914,-0.396685,2.361,2.63854
-1.10148,-0.396685,2.361,2.63532
-1.09381,-0.396685,2.361,2.63213
-1.08615,-0.396685,2.361,2.62896
-1.07849,-0.396685,2.361,2.6258
-1.06357,-0.393997,2.345,2.60489
-1.05596,-0.393997,2.345,2.60179
-1.04835,-0.393997,2.345,2.59871
-1.04073,-0.393997,2.345,2.59565
-1.03312,-0.393997,2.345,2.59261
-1.02551,-0.393997,2.345,2.58958
-1.0179,-0.393997,2.345,2.58658
-1.01029,-0.393997,2.345,2.58359
-1.00268,-0.393997,2.345,2.58062
-0.995066,-0.393997,2.345,2.57768
-0.987455,-0.393997,2.345,2.57475
-0.979844,-0.393997,2.345,2.57184
-0.972232,-0.393997,2.345,2.56895
-0.95804,-0.391308,2.329,2.54857
-0.95048,-0.391308,2.329,2.54574
-0.942921,-0.391308,2.329,2.54292
-0.935362,-0.391308,2.329,2.54013
-0.927802,-0.391308,2.329,2.53736
-0.920243,-0.391308,2.329,2.5346
-0.912683,-0.391308,2.329,2.53187
-0.905124,-0.391308,2.329,2.52915
-0.897565,-0.391308,2.329,2.52646
-0.890005,-0.391308,2.329,2.52378
-0.882446,-0.391308,2.329,2.52113
-0.874887,-0.391308,2.329,2.51849
-0.867327,-0.391308,2.329,2.51587
-0.859768,-0.391308,2.329,2.51328
-0.852209,-0.391308,2.329,2.5107
-0.844649,-0.391308,2.329,2.50815
-0.83709,-0.391308,2.329,2.50561
-0.829531,-0.391308,2.329,2.50309
-0.821971,-0.391308,2.329,2.5006
-0.814412,-0.391308,2.329,2.49813
-0.806852,-0.391308,2.329,2.49567
-0.804784,-0.393997,2.345,2.51037
-0.797173,-0.393997,2.345,2.50794
-0.789562,-0.393997,2.345,2.50553
-0.787286,-0.396685,2.361,2.52022
-0.779622,-0.396685,2.361,2.51783
-0.771959,-0.396685,2.361,2.51547
-0.764296,-0.396685,2.361,2.51313
-0.756633,-0.396685,2.361,2.51081
-0.748969,-0.396685,2.361,2.50851
-0.741306,-0.396685,2.361,2.50624
-0.738615,-0.399373,2.377,2.52095
-0.7309,-0.399373,2.377,2.5187
-0.723184,-0.399373,2.377,2.51647
-0.720586,-0.402229,2.394,2.53225
-0.712816,-0.402229,2.394,2.53005
-0.705046,-0.402229,2.394,2.52787
-0.702227,-0.405086,2.411,2.54365
-0.694401,-0.405086,2.411,2.5415
-0.691417,-0.407942,2.428,2.55728
-0.683536,-0.407942,2.428,2.55516
-0.680386,-0.410798,2.445,2.57094
-0.67245,-0.410798,2.445,2.56885
-0.664514,-0.410798,2.445,2.56678
-0.661412,-0.413823,2.463,2.58362
-0.653418,-0.413823,2.463,2.58158
-0.645424,-0.413823,2.463,2.57957
-0.637429,-0.413823,2.463,2.57758
-0.629435,-0.413823,2.463,2.57562
-0.621441,-0.413823,2.463,2.57368
-0.613446,-0.413823,2.463,2.57176
-0.605452,-0.413823,2.463,2.56986
-0.597458,-0.413823,2.463,2.56799
-0.589464,-0.413823,2.463,2.56614
-0.581469,-0.413823,2.463,2.56432
-0.573475,-0.413823,2.463,2.56252
-0.561348,-0.410798,2.445,2.54203
-0.553412,-0.410798,2.445,2.54028
-0.549492,-0.413823,2.463,2.55726
-0.541498,-0.413823,2.463,2.55555
-0.533504,-0.413823,2.463,2.55387
-0.521669,-0.410798,2.445,2.53356
-0.513733,-0.410798,2.445,2.53194
-0.505797,-0.410798,2.445,2.53034
-0.497861,-0.410798,2.445,2.52876
-0.489925,-0.410798,2.445,2.52721
-0.481989,-0.410798,2.445,2.52569
-0.474054,-0.410798,2.445,2.52418
-0.466118,-0.410798,2.445,2.52271
-0.458182,-0.410798,2.445,2.52125
-0.450246,-0.410798,2.445,2.51982
-0.44231,-0.410798,2.445,2.51842
-0.434374,-0.410798,2.445,2.51703
-0.426438,-0.410798,2.445,2.51568
-0.418503,-0.410798,2.445,2.51434
-0.410567,-0.410798,2.445,2.51304
-0.402631,-0.410798,2.445,2.51175
-0.394695,-0.410798,2.445,2.51049
-0.386759,-0.410798,2.445,2.50926
-0.378823,-0.410798,2.445,2.50804
-0.370887,-0.410798,2.445,2.50686
-0.362952,-0.410798,2.445,2.5057
-0.355016,-0.410798,2.445,2.50456
-0.34708,-0.410798,2.445,2.50345
-0.339144,-0.410798,2.445,2.50236
-0.331208,-0.410798,2.445,2.5013
-0.323272,-0.410798,2.445,2.50026
-0.315336,-0.410798,2.445,2.49924
-0.3074,-0.410798,2.445,2.49825
-0.297382,-0.407942,2.428,2.47993
-0.289502,-0.407942,2.428,2.47899
-0.281621,-0.407942,2.428,2.47809
-0.27374,-0.407942,2.428,2.4772
-0.26586,-0.407942,2.428,2.47634
-0.257979,-0.407942,2.428,2.47551
-0.250098,-0.407942,2.428,2.4747
-0.242218,-0.407942,2.428,2.47392
-0.234337,-0.407942,2.428,2.47316
-0.228042,-0.410798,2.445,2.48974
-0.220106,-0.410798,2.445,2.48902
-0.21217,-0.410798,2.445,2.48833
-0.204234,-0.410798,2.445,2.48767
-0.196298,-0.410798,2.445,2.48703
-0.188363,-0.410798,2.445,2.48642
-0.180427,-0.410798,2.445,2.48583
-0.172491,-0.410798,2.445,2.48526
-0.164555,-0.410798,2.445,2.48473
-0.156619,-0.410798,2.445,2.48421
-0.148683,-0.410798,2.445,2.48372
-0.140747,-0.410798,2.445,2.48326
-0.133789,-0.413823,2.463,2.5011
-0.125795,-0.413823,2.463,2.50069
-0.117801,-0.413823,2.463,2.5003
-0.109806,-0.413823,2.463,2.49994
-0.101812,-0.413823,2.463,2.4996
-0.0945035,-0.416847,2.481,2.51755
-0.0864508,-0.416847,2.481,2.51726
-0.078398,-0.416847,2.481,2.517
-0.0703453,-0.416847,2.481,2.51676
-0.0622926,-0.416847,2.481,2.51655
-0.0538464,-0.413823,2.463,2.4981
-0.0458521,-0.413823,2.463,2.49794
-0.0378578,-0.413823,2.463,2.49781
-0.0298635,-0.413823,2.463,2.4977
-0.0220291,-0.416847,2.481,2.51587
-0.0139764,-0.416847,2.481,2.51581
-0.00592366,-0.416847,2.481,2.51578
0.00212905,-0.416847,2.481,2.51578
0.0101818,-0.416847,2.481,2.5158
0.0182345,-0.416847,2.481,2.51584
0.0260965,-0.413823,2.463,2.49766
0.0340907,-0.413823,2.463,2.49776
0.042085,-0.413823,2.463,2.49788
0.0500793,-0.413823,2.463,2.49802
0.0580736,-0.413823,2.463,2.4982
0.0660679,-0.413823,2.463,2.4984
0.0740622,-0.413823,2.463,2.49862
0.0820565,-0.413823,2.463,2.49887
0.0900507,-0.413823,2.463,2.49915
0.098045,-0.413823,2.463,2.49945
0.106039,-0.413823,2.463,2.49977
0.114034,-0.413823,2.463,2.50012
0.122028,-0.413823,2.463,2.5005
0.130022,-0.413823,2.463,2.5009
0.138016,-0.413823,2.463,2.50133
0.146011,-0.413823,2.463,2.50179
0.154005,-0.413823,2.463,2.50227
0.161999,-0.413823,2.463,2.50277
0.169994,-0.413823,2.463,2.5033
0.177988,-0.413823,2.463,2.50386
0.185982,-0.413823,2.463,2.50444
0.193976,-0.413823,2.463,2.50504
0.201971,-0.413823,2.463,2.50568
0.209965,-0.413823,2.463,2.50633
0.217959,-0.413823,2.463,2.50701
0.225954,-0.413823,2.463,2.50772
0.233948,-0.413823,2.463,2.50846
0.241942,-0.413823,2.463,2.50921
0.249936,-0.413823,2.463,2.51
0.257931,-0.413823,2.463,2.51081
0.265925,-0.413823,2.463,2.51164
0.273919,-0.413823,2.463,2.5125
0.283974,-0.416847,2.481,2.53175
0.292027,-0.416847,2.481,2.53267
0.300079,-0.416847,2.481,2.53361
0.305896,-0.413823,2.463,2.51619
0.313891,-0.413823,2.463,2.51717
0.324237,-0.416847,2.481,2.53658
0.33229,-0.416847,2.481,2.53762
0.340343,-0.416847,2.481,2.53869
0.348396,-0.416847,2.481,2.53978
0.356448,-0.416847,2.481,2.5409
0.364501,-0.416847,2.481,2.54204
0.372554,-0.416847,2.481,2.54321
0.383368,-0.419871,2.499,2.56286
0.391479,-0.419871,2.499,2.56409
0.39959,-0.419871,2.499,2.56534
0.410638,-0.422895,2.517,2.5851
0.418807,-0.422895,2.517,2.58641
0.426977,-0.422895,2.517,2.58775
0.438431,-0.426088,2.536,2.60865
0.446662,-0.426088,2.536,2.61005
0.454894,-0.426088,2.536,2.61147
0.463125,-0.426088,2.536,2.61292
0.471356,-0.426088,2.536,2.61439
0.48318,-0.42928,2.555,2.63548
0.491473,-0.42928,2.555,2.63702
0.499766,-0.42928,2.555,2.63857
0.508059,-0.42928,2.555,2.64016
0.512512,-0.426088,2.536,2.62212
0.520743,-0.426088,2.536,2.62374
0.528975,-0.426088,2.536,2.62539
0.537206,-0.426088,2.536,2.62706
0.545437,-0.426088,2.536,2.62875
0.553668,-0.426088,2.536,2.63047
0.5619,-0.426088,2.536,2.63222
0.570131,-0.426088,2.536,2.63399
0.578362,-0.426088,2.536,2.63578
0.586593,-0.426088,2.536,2.6376
0.594824,-0.426088,2.536,2.63944
0.603056,-0.426088,2.536,2.64131
0.611287,-0.426088,2.536,2.6432
0.62416,-0.42928,2.555,2.66494
0.632453,-0.42928,2.555,2.66689
0.635981,-0.426088,2.536,2.64902
0.644212,-0.426088,2.536,2.65101
0.652443,-0.426088,2.536,2.65302
0.660674,-0.426088,2.536,2.65506
0.673917,-0.42928,2.555,2.67703
0.68221,-0.42928,2.555,2.67913
0.690503,-0.42928,2.555,2.68125
0.698796,-0.42928,2.555,2.6834
0.707089,-0.42928,2.555,2.68557
0.715382,-0.42928,2.555,2.68776
0.723674,-0.42928,2.555,2.68998
0.731967,-0.42928,2.555,2.69223
0.745765,-0.432472,2.574,2.71453
0.75412,-0.432472,2.574,2.71684
0.762474,-0.432472,2.574,2.71917
0.770829,-0.432472,2.574,2.72152
0.773432,-0.42928,2.555,2.70379
0.781725,-0.42928,2.555,2.70618
0.790018,-0.42928,2.555,2.70859
0.798311,-0.42928,2.555,2.71102
0.806603,-0.42928,2.555,2.71347
0.814896,-0.42928,2.555,2.71595
0.823189,-0.42928,2.555,2.71845
0.825299,-0.426088,2.536,2.70073
0.83353,-0.426088,2.536,2.70326
0.841761,-0.426088,2.536,2.70581
0.849993,-0.426088,2.536,2.70838
0.851794,-0.422895,2.517,2.69067
0.859963,-0.422895,2.517,2.69326
0.868133,-0.422895,2.517,2.69588
0.876303,-0.422895,2.517,2.69852
0.878147,-0.419871,2.499,2.68187
0.886258,-0.419871,2.499,2.68454
0.894369,-0.419871,2.499,2.68723
0.90248,-0.419871,2.499,2.68994
0.910591,-0.419871,2.499,2.69267
0.912085,-0.416847,2.481,2.67601
0.920138,-0.416847,2.481,2.67876
0.928191,-0.416847,2.481,2.68154
0.936243,-0.416847,2.481,2.68434
0.944296,-0.416847,2.481,2.68716
0.952349,-0.416847,2.481,2.69
0.960401,-0.416847,2.481,2.69286
0.961428,-0.413823,2.463,2.67618
0.969422,-0.413823,2.463,2.67907
0.977417,-0.413823,2.463,2.68197
0.985411,-0.413823,2.463,2.68489
nan,nan,nan,NaN
nan,nan,nan,NaN
nan,nan,nan,NaN
nan,nan,nan,NaN
nan,nan,nan,NaN
nan,nan,nan,NaN
nan,nan,nan,NaN
nan,nan,nan,NaN
nan,nan,nan,NaN
nan,nan,nan,NaN
nan,nan,nan,NaN
nan,nan,nan,NaN
nan,nan,nan,NaN
1.374,-0.51816,3.084,3.41576
1.38401,-0.51816,3.084,3.4198
1.39402,-0.51816,3.084,3.42386
1.40403,-0.51816,3.084,3.42795
1.41404,-0.51816,3.084,3.43206
1.43698,-0.522865,3.112,3.4674
1.44708,-0.522865,3.112,3.4716
1.45718,-0.522865,3.112,3.47582
1.46728,-0.522865,3.112,3.48007
1.47738,-0.522865,3.112,3.48434
nan,nan,nan,NaN
nan,nan,nan,NaN
nan,nan,nan,NaN
1.53193,-0.527737,3.141,3.53429
1.54213,-0.527737,3.141,3.53872
1.55232,-0.527737,3.141,3.54317
1.56252,-0.527737,3.141,3.54765
1.57271,-0.527737,3.141,3.55216
1.58291,-0.527737,3.141,3.55668
1.5931,-0.527737,3.141,3.56123
1.6181,-0.53261,3.17,3.59872
1.62839,-0.53261,3.17,3.60336
1.63868,-0.53261,3.17,3.60802
1.66405,-0.537482,3.199,3.64576
1.72311,-0.553108,3.292,3.75664
1.75065,-0.558484,3.324,3.79811
1.76144,-0.558484,3.324,3.8031
1.80688,-0.569405,3.389,3.88257
1.83612,-0.575118,3.423,3.92671
1.84723,-0.575118,3.423,3.93192
1.89635,-0.586879,3.493,4.01766
1.94755,-0.599144,3.566,4.1071
1.98,-0.605528,3.604,4.15643
1.9917,-0.605528,3.604,4.16201
2.0462,-0.618466,3.681,4.25667
2.05815,-0.618466,3.681,4.26242
2.04816,-0.611913,3.642,4.22298
2.03849,-0.605528,3.604,4.18461
2.05019,-0.605528,3.604,4.19032
2.06189,-0.605528,3.604,4.19605
2.07358,-0.605528,3.604,4.20181
2.08528,-0.605528,3.604,4.2076
2.09698,-0.605528,3.604,4.21341
2.08644,-0.599144,3.566,4.17475
2.07625,-0.592927,3.529,4.13717
2.0877,-0.592927,3.529,4.14293
2.07774,-0.586879,3.493,4.1064
2.06815,-0.580998,3.458,4.07094
2.07937,-0.580998,3.458,4.07665
2.06944,-0.575118,3.423,4.04107
2.03982,-0.563861,3.356,3.96756
2.05072,-0.563861,3.356,3.97317
2.04195,-0.558484,3.324,3.94087
2.01322,-0.547731,3.26,3.87048
2.0238,-0.547731,3.26,3.876
1.97821,-0.53261,3.17,3.77437
1.95212,-0.522865,3.112,3.71062
1.96222,-0.522865,3.112,3.71595
1.92035,-0.509087,3.03,3.62323
1.89642,-0.500183,2.977,3.56499
1.90609,-0.500183,2.977,3.57014
1.89902,-0.495814,2.951,3.54408
1.87626,-0.487413,2.901,3.48909
1.88567,-0.487413,2.901,3.49416
1.86373,-0.479349,2.853,3.44135
1.85724,-0.475316,2.829,3.41738
1.86642,-0.475316,2.829,3.42238
1.84511,-0.467588,2.783,3.37167
1.83948,-0.463891,2.761,3.34993
1.83371,-0.460195,2.739,3.32812
1.8426,-0.460195,2.739,3.33303
1.83662,-0.456499,2.717,3.31114
1.83118,-0.45297,2.696,3.29041
-2.55363,-0.606521,3.681,4.52091
-2.51475,-0.600095,3.642,4.46635
-2.47682,-0.593834,3.604,4.41317
-2.43913,-0.587573,3.566,4.36015
-2.42755,-0.587573,3.566,4.35369
-2.41598,-0.587573,3.566,4.34725
-2.4044,-0.587573,3.566,4.34083
-2.368,-0.581476,3.529,4.28945
-2.35655,-0.581476,3.529,4.28314
-2.34509,-0.581476,3.529,4.27685
-2.33364,-0.581476,3.529,4.27058
-2.32219,-0.581476,3.529,4.26433
-2.31073,-0.581476,3.529,4.2581
-2.27582,-0.575544,3.493,4.20852
-2.26448,-0.575544,3.493,4.2024
-2.25315,-0.575544,3.493,4.1963
-2.21935,-0.569777,3.458,4.14824
-2.18577,-0.564011,3.423,4.10032
-2.17466,-0.564011,3.423,4.09441
-2.16355,-0.564011,3.423,4.08852
-2.13106,-0.558408,3.389,4.0421
-2.12006,-0.558408,3.389,4.03631
-2.10906,-0.558408,3.389,4.03054
-2.07763,-0.552971,3.356,3.98561
-2.06674,-0.552971,3.356,3.97994
-2.05585,-0.552971,3.356,3.9743
-2.04496,-0.552971,3.356,3.96867
-2.01467,-0.547698,3.324,3.92528
-2.00388,-0.547698,3.324,3.91976
-1.99309,-0.547698,3.324,3.91425
nan,nan,nan,NaN
nan,nan,nan,NaN
nan,nan,nan,NaN
nan,nan,nan,NaN
nan,nan,nan,NaN
nan,nan,nan,NaN
nan,nan,nan,NaN
nan,nan,nan,NaN
nan,nan,nan,NaN
nan,nan,nan,NaN
nan,nan,nan,NaN
nan,nan,nan,NaN
nan,nan,nan,NaN
nan,nan,nan,NaN
nan,nan,nan,NaN
nan,nan,nan,NaN
nan,nan,nan,NaN
nan,nan,nan,NaN
nan,nan,nan,NaN
nan,nan,nan,NaN
nan,nan,nan,NaN
nan,nan,nan,NaN
nan,nan,nan,NaN
nan,nan,nan,NaN
nan,nan,nan,NaN
nan,nan,nan,NaN
nan,nan,nan,NaN
nan,nan,nan,NaN
nan,nan,nan,NaN
nan,nan,nan,NaN
nan,nan,nan,NaN
nan,nan,nan,NaN
-1.1549,-0.386388,2.345,2.64237
-1.14729,-0.386388,2.345,2.63905
-1.13968,-0.386388,2.345,2.63575
-1.13207,-0.386388,2.345,2.63247
-1.12446,-0.386388,2.345,2.62921
-1.11685,-0.386388,2.345,2.62596
-1.10924,-0.386388,2.345,2.62273
-1.10162,-0.386388,2.345,2.61952
-1.10148,-0.389024,2.361,2.63418
-1.09381,-0.389024,2.361,2.63099
-1.08615,-0.389024,2.361,2.62781
-1.07849,-0.389024,2.361,2.62465
-1.06357,-0.386388,2.345,2.60375
-1.05596,-0.386388,2.345,2.60065
-1.04835,-0.386388,2.345,2.59757
-1.04073,-0.386388,2.345,2.5945
-1.03312,-0.386388,2.345,2.59146
-1.02551,-0.386388,2.345,2.58843
-1.0179,-0.386388,2.345,2.58543
-1.01029,-0.386388,2.345,2.58244
-1.00268,-0.386388,2.345,2.57947
-0.995066,-0.386388,2.345,2.57652
-0.987455,-0.386388,2.345,2.57359
-0.979844,-0.386388,2.345,2.57068
-0.972232,-0.386388,2.345,2.56779
-0.95804,-0.383751,2.329,2.54742
-0.95048,-0.383751,2.329,2.54459
-0.942921,-0.383751,2.329,2.54177
-0.935362,-0.383751,2.329,2.53898
-0.927802,-0.383751,2.329,2.5362
-0.920243,-0.383751,2.329,2.53345
-0.912683,-0.383751,2.329,2.53071
-0.905124,-0.383751,2.329,2.52799
-0.897565,-0.383751,2.329,2.5253
-0.890005,-0.383751,2.329,2.52262
-0.876384,-0.381115,2.313,2.50265
-0.868876,-0.381115,2.313,2.50003
-0.861369,-0.381115,2.313,2.49743
-0.853861,-0.381115,2.313,2.49485
-0.852209,-0.383751,2.329,2.50954
-0.844649,-0.383751,2.329,2.50698
-0.83709,-0.383751,2.329,2.50444
-0.829531,-0.383751,2.329,2.50192
-0.821971,-0.383751,2.329,2.49943
-0.814412,-0.383751,2.329,2.49695
-0.806852,-0.383751,2.329,2.4945
-0.799293,-0.383751,2.329,2.49206
-0.797173,-0.386388,2.345,2.50675
-0.789562,-0.386388,2.345,2.50434
-0.78195,-0.386388,2.345,2.50195
-0.779622,-0.389024,2.361,2.51664
-0.771959,-0.389024,2.361,2.51428
-0.764296,-0.389024,2.361,2.51193
-0.756633,-0.389024,2.361,2.50961
-0.748969,-0.389024,2.361,2.50731
-0.741306,-0.389024,2.361,2.50503
-0.738615,-0.39166,2.377,2.51974
-0.7309,-0.39166,2.377,2.51749
-0.723184,-0.39166,2.377,2.51526
-0.720586,-0.394461,2.394,2.53102
-0.712816,-0.394461,2.394,2.52882
-0.705046,-0.394461,2.394,2.52664
-0.702227,-0.397262,2.411,2.54241
-0.694401,-0.397262,2.411,2.54026
-0.691417,-0.400064,2.428,2.55603
-0.683536,-0.400064,2.428,2.55391
-0.680386,-0.402865,2.445,2.56968
-0.67245,-0.402865,2.445,2.56759
-0.664514,-0.402865,2.445,2.56552
-0.661412,-0.405831,2.463,2.58235
-0.653418,-0.405831,2.463,2.58031
-0.645424,-0.405831,2.463,2.5783
-0.637429,-0.405831,2.463,2.57631
-0.629435,-0.405831,2.463,2.57435
-0.621441,-0.405831,2.463,2.5724
-0.613446,-0.405831,2.463,2.57048
-0.605452,-0.405831,2.463,2.56859
-0.597458,-0.405831,2.463,2.56671
-0.589464,-0.405831,2.463,2.56487
-0.581469,-0.405831,2.463,2.56304
-0.573475,-0.405831,2.463,2.56124
-0.561348,-0.402865,2.445,2.54076
-0.553412,-0.402865,2.445,2.53901
-0.549492,-0.405831,2.463,2.55598
-0.541498,-0.405831,2.463,2.55427
-0.533504,-0.405831,2.463,2.55259
-0.521669,-0.402865,2.445,2.53228
-0.513733,-0.402865,2.445,2.53066
-0.505797,-0.402865,2.445,2.52906
-0.497861,-0.402865,2.445,2.52749
-0.489925,-0.402865,2.445,2.52594
-0.481989,-0.402865,2.445,2.52441
-0.474054,-0.402865,2.445,2.52291
-0.466118,-0.402865,2.445,2.52143
-0.458182,-0.402865,2.445,2.51997
-0.450246,-0.402865,2.445,2.51854
-0.44231,-0.402865,2.445,2.51713
-0.434374,-0.402865,2.445,2.51575
-0.426438,-0.402865,2.445,2.51439
-0.418503,-0.402865,2.445,2.51306
-0.410567,-0.402865,2.445,2.51175
-0.402631,-0.402865,2.445,2.51047
-0.394695,-0.402865,2.445,2.50921
-0.386759,-0.402865,2.445,2.50797
-0.378823,-0.402865,2.445,2.50676
-0.370887,-0.402865,2.445,2.50557
-0.362952,-0.402865,2.445,2.50441
-0.355016,-0.402865,2.445,2.50327
-0.34708,-0.402865,2.445,2.50216
-0.339144,-0.402865,2.445,2.50107
-0.331208,-0.402865,2.445,2.50001
-0.323272,-0.402865,2.445,2.49897
-0.315336,-0.402865,2.445,2.49795
-0.3074,-0.402865,2.445,2.49696
-0.297382,-0.400064,2.428,2.47864
-0.289502,-0.400064,2.428,2.47771
-0.281621,-0.400064,2.428,2.4768
-0.27374,-0.400064,2.428,2.47592
-0.26586,-0.400064,2.428,2.47506
-0.257979,-0.400064,2.428,2.47422
-0.250098,-0.400064,2.428,2.47342
-0.242218,-0.400064,2.428,2.47263
-0.234337,-0.400064,2.428,2.47187
-0.226456,-0.400064,2.428,2.47114
-0.218576,-0.400064,2.428,2.47043
-0.210695,-0.400064,2.428,2.46974
-0.202814,-0.400064,2.428,2.46908
-0.194934,-0.400064,2.428,2.46845
-0.187053,-0.400064,2.428,2.46784
-0.179172,-0.400064,2.428,2.46725
-0.172491,-0.402865,2.445,2.48396
-0.164555,-0.402865,2.445,2.48343
-0.156619,-0.402865,2.445,2.48291
-0.148683,-0.402865,2.445,2.48242
-0.140747,-0.402865,2.445,2.48196
-0.132812,-0.402865,2.445,2.48152
-0.124876,-0.402865,2.445,2.48111
-0.11694,-0.402865,2.445,2.48073
-0.109806,-0.405831,2.463,2.49862
-0.101812,-0.405831,2.463,2.49829
-0.0938178,-0.405831,2.463,2.49797
-0.0858236,-0.405831,2.463,2.49769
-0.0778293,-0.405831,2.463,2.49742
-0.069835,-0.405831,2.463,2.49719
-0.0618407,-0.405831,2.463,2.49698
-0.0538464,-0.405831,2.463,2.49679
-0.0458521,-0.405831,2.463,2.49663
-0.0378578,-0.405831,2.463,2.4965
-0.0298635,-0.405831,2.463,2.49639
-0.0220291,-0.408796,2.481,2.51455
-0.0139764,-0.408796,2.481,2.51449
-0.00592366,-0.408796,2.481,2.51446
0.00212905,-0.408796,2.481,2.51445
0.0101818,-0.408796,2.481,2.51447
0.0182345,-0.408796,2.481,2.51452
0.0260965,-0.405831,2.463,2.49635
0.0340907,-0.405831,2.463,2.49644
0.042085,-0.405831,2.463,2.49657
0.0500793,-0.405831,2.463,2.49671
0.0580736,-0.405831,2.463,2.49689
0.0660679,-0.405831,2.463,2.49708
0.0740622,-0.405831,2.463,2.49731
0.0820565,-0.405831,2.463,2.49756
0.0893926,-0.402865,2.445,2.47958
0.0973285,-0.402865,2.445,2.47988
0.105264,-0.402865,2.445,2.4802
0.1132,-0.402865,2.445,2.48055
0.121136,-0.402865,2.445,2.48093
0.129072,-0.402865,2.445,2.48133
0.137008,-0.402865,2.445,2.48175
0.144944,-0.402865,2.445,2.4822
0.15288,-0.402865,2.445,2.48268
0.160815,-0.402865,2.445,2.48318
0.168751,-0.402865,2.445,2.48371
0.176687,-0.402865,2.445,2.48426
0.185982,-0.405831,2.463,2.50313
0.193976,-0.405831,2.463,2.50374
0.201971,-0.405831,2.463,2.50437
0.209965,-0.405831,2.463,2.50503
0.217959,-0.405831,2.463,2.50571
0.225954,-0.405831,2.463,2.50642
0.233948,-0.405831,2.463,2.50715
0.241942,-0.405831,2.463,2.50791
0.249936,-0.405831,2.463,2.50869
0.257931,-0.405831,2.463,2.5095
0.265925,-0.405831,2.463,2.51034
0.273919,-0.405831,2.463,2.51119
0.281914,-0.405831,2.463,2.51208
0.289908,-0.405831,2.463,2.51299
0.297902,-0.405831,2.463,2.51392
0.305896,-0.405831,2.463,2.51488
0.313891,-0.405831,2.463,2.51587
0.324237,-0.408796,2.481,2.53527
0.33229,-0.408796,2.481,2.53631
0.340343,-0.408796,2.481,2.53738
0.348396,-0.408796,2.481,2.53848
0.356448,-0.408796,2.481,2.53959
0.364501,-0.408796,2.481,2.54074
0.375257,-0.411762,2.499,2.56035
0.383368,-0.411762,2.499,2.56155
0.391479,-0.411762,2.499,2.56277
0.39959,-0.411762,2.499,2.56402
0.410638,-0.414728,2.517,2.58378
0.418807,-0.414728,2.517,2.58509
0.426977,-0.414728,2.517,2.58643
0.438431,-0.417859,2.536,2.60732
0.446662,-0.417859,2.536,2.60872
0.454894,-0.417859,2.536,2.61014
0.463125,-0.417859,2.536,2.61159
0.471356,-0.417859,2.536,2.61306
0.479587,-0.417859,2.536,2.61456
0.487819,-0.417859,2.536,2.61608
0.49605,-0.417859,2.536,2.61763
0.504281,-0.417859,2.536,2.6192
0.512512,-0.417859,2.536,2.6208
0.520743,-0.417859,2.536,2.62242
0.528975,-0.417859,2.536,2.62406
0.537206,-0.417859,2.536,2.62574
0.545437,-0.417859,2.536,2.62743
0.553668,-0.417859,2.536,2.62915
0.5619,-0.417859,2.536,2.6309
0.570131,-0.417859,2.536,2.63267
0.578362,-0.417859,2.536,2.63446
0.586593,-0.417859,2.536,2.63628
0.590368,-0.414728,2.517,2.61836
0.598538,-0.414728,2.517,2.62022
0.606707,-0.414728,2.517,2.6221
0.619518,-0.417859,2.536,2.64381
0.627749,-0.417859,2.536,2.64575
0.631216,-0.414728,2.517,2.62787
0.639385,-0.414728,2.517,2.62985
0.647555,-0.414728,2.517,2.63185
0.655725,-0.414728,2.517,2.63387
0.668906,-0.417859,2.536,2.65581
0.677137,-0.417859,2.536,2.6579
0.690503,-0.420989,2.555,2.67993
0.693599,-0.417859,2.536,2.66214
0.70183,-0.417859,2.536,2.66429
0.710062,-0.417859,2.536,2.66648
0.718293,-0.417859,2.536,2.66868
0.731967,-0.420989,2.555,2.69092
0.74026,-0.420989,2.555,2.69318
0.748553,-0.420989,2.555,2.69548
0.756846,-0.420989,2.555,2.69779
0.765139,-0.420989,2.555,2.70013
0.773432,-0.420989,2.555,2.70249
0.781725,-0.420989,2.555,2.70488
0.790018,-0.420989,2.555,2.70728
0.798311,-0.420989,2.555,2.70972
0.806603,-0.420989,2.555,2.71217
0.814896,-0.420989,2.555,2.71465
0.823189,-0.420989,2.555,2.71715
0.825299,-0.417859,2.536,2.69945
0.83353,-0.417859,2.536,2.70198
0.841761,-0.417859,2.536,2.70453
0.849993,-0.417859,2.536,2.7071
0.858224,-0.417859,2.536,2.7097
0.866455,-0.417859,2.536,2.71231
0.868133,-0.414728,2.517,2.69461
0.876303,-0.414728,2.517,2.69726
0.878147,-0.411762,2.499,2.68061
0.886258,-0.411762,2.499,2.68328
0.894369,-0.411762,2.499,2.68597
0.90248,-0.411762,2.499,2.68868
0.910591,-0.411762,2.499,2.69142
0.912085,-0.408796,2.481,2.67477
0.920138,-0.408796,2.481,2.67752
0.928191,-0.408796,2.481,2.6803
0.936243,-0.408796,2.481,2.6831
0.944296,-0.408796,2.481,2.68592
0.952349,-0.408796,2.481,2.68876
0.960401,-0.408796,2.481,2.69163
0.961428,-0.405831,2.463,2.67496
0.969422,-0.405831,2.463,2.67784
0.977417,-0.405831,2.463,2.68075
0.985411,-0.405831,2.463,2.68367
nan,nan,nan,NaN
nan,nan,nan,NaN
nan,nan,nan,NaN
nan,nan,nan,NaN
nan,nan,nan,NaN
nan,nan,nan,NaN
nan,nan,nan,NaN
nan,nan,nan,NaN
nan,nan,nan,NaN
nan,nan,nan,NaN
nan,nan,nan,NaN
nan,nan,nan,NaN
nan,nan,nan,NaN
1.374,-0.508153,3.084,3.41426
1.38401,-0.508153,3.084,3.4183
1.40668,-0.512767,3.112,3.45344
1.41678,-0.512767,3.112,3.45756
1.42688,-0.512767,3.112,3.46171
1.43698,-0.512767,3.112,3.46589
1.44708,-0.512767,3.112,3.47009
1.45718,-0.512767,3.112,3.47431
1.46728,-0.512767,3.112,3.47856
1.47738,-0.512767,3.112,3.48284
nan,nan,nan,NaN
nan,nan,nan,NaN
nan,nan,nan,NaN
nan,nan,nan,NaN
nan,nan,nan,NaN
nan,nan,nan,NaN
nan,nan,nan,NaN
1.57271,-0.517545,3.141,3.55066
1.58291,-0.517545,3.141,3.55518
1.5931,-0.517545,3.141,3.55973
1.6181,-0.522323,3.17,3.59722
1.64328,-0.527102,3.199,3.63481
1.65367,-0.527102,3.199,3.63951
1.66405,-0.527102,3.199,3.64424
1.72311,-0.542426,3.292,3.75508
1.75065,-0.547698,3.324,3.79654
1.76144,-0.547698,3.324,3.80153
1.80688,-0.558408,3.389,3.88098
1.83612,-0.564011,3.423,3.9251
1.84723,-0.564011,3.423,3.93031
1.89635,-0.575544,3.493,4.01602
1.94755,-0.587573,3.566,4.10543
1.98,-0.593834,3.604,4.15474
1.9917,-0.593834,3.604,4.16033
2.0034,-0.593834,3.604,4.16594
2.03634,-0.600095,3.642,4.21556
2.02679,-0.593834,3.604,4.17724
2.03849,-0.593834,3.604,4.18293
2.05019,-0.593834,3.604,4.18864
2.06189,-0.593834,3.604,4.19438
2.07358,-0.593834,3.604,4.20014
2.08528,-0.593834,3.604,4.20593
2.09698,-0.593834,3.604,4.21174
2.08644,-0.587573,3.566,4.17311
2.07625,-0.581476,3.529,4.13555
2.0877,-0.581476,3.529,4.14131
2.07774,-0.575544,3.493,4.10479
2.06815,-0.569777,3.458,4.06936
2.07937,-0.569777,3.458,4.07507
2.06944,-0.564011,3.423,4.03951
2.03982,-0.552971,3.356,3.96603
2.05072,-0.552971,3.356,3.97164
2.04195,-0.547698,3.324,3.93935
1.99469,-0.53221,3.23,3.8334
2.00517,-0.53221,3.23,3.83886
1.97821,-0.522323,3.17,3.77294
1.93456,-0.508153,3.084,3.67584
1.94457,-0.508153,3.084,3.68112
1.92035,-0.499256,3.03,3.62187
1.89642,-0.490523,2.977,3.56365
1.90609,-0.490523,2.977,3.5688
1.89902,-0.486239,2.951,3.54275
1.87626,-0.478,2.901,3.48778
1.88567,-0.478,2.901,3.49286
1.86373,-0.470091,2.853,3.44007
1.85724,-0.466137,2.829,3.41612
1.86642,-0.466137,2.829,3.42112
1.84511,-0.458557,2.783,3.37043
1.83948,-0.454932,2.761,3.3487
1.81899,-0.447682,2.717,3.30018
1.8278,-0.447682,2.717,3.30505
1.83662,-0.447682,2.717,3.30994
1.81691,-0.440762,2.675,3.2636
-2.55363,-0.594577,3.681,4.51933
-2.51475,-0.588278,3.642,4.46478
-2.50293,-0.588278,3.642,4.45813
-2.46512,-0.58214,3.604,4.40506
-2.45342,-0.58214,3.604,4.39852
-2.44172,-0.58214,3.604,4.39201
-2.43003,-0.58214,3.604,4.38551
-2.39283,-0.576002,3.566,4.33287
-2.38126,-0.576002,3.566,4.32649
-2.34509,-0.570025,3.529,4.27531
-2.33364,-0.570025,3.529,4.26903
-2.32219,-0.570025,3.529,4.26278
-2.31073,-0.570025,3.529,4.25655
-2.27582,-0.56421,3.493,4.20699
-2.24179,-0.558557,3.458,4.15877
-2.23057,-0.558557,3.458,4.15273
-2.21935,-0.558557,3.458,4.14672
-2.18577,-0.552903,3.423,4.09881
-2.17466,-0.552903,3.423,4.0929
-2.16355,-0.552903,3.423,4.087
-2.13106,-0.547412,3.389,4.0406
-2.12006,-0.547412,3.389,4.0348
-2.08853,-0.542081,3.356,3.9898
-2.07763,-0.542081,3.356,3.98411
-2.06674,-0.542081,3.356,3.97844
-2.05585,-0.542081,3.356,3.9728
-2.02546,-0.536912,3.324,3.92934
-2.01467,-0.536912,3.324,3.92379
-2.00388,-0.536912,3.324,3.91826
-1.99309,-0.536912,3.324,3.91276
nan,nan,nan,NaN
nan,nan,nan,NaN
nan,nan,nan,NaN
nan,nan,nan,NaN
nan,nan,nan,NaN
nan,nan,nan,NaN
nan,nan,nan,NaN
nan,nan,nan,NaN
nan,nan,nan,NaN
nan,nan,nan,NaN
nan,nan,nan,NaN
nan,nan,nan,NaN
nan,nan,nan,NaN
nan,nan,nan,NaN
nan,nan,nan,NaN
nan,nan,nan,NaN
nan,nan,nan,NaN
nan,nan,nan,NaN
nan,nan,nan,NaN
nan,nan,nan,NaN
nan,nan,nan,NaN
nan,nan,nan,NaN
nan,nan,nan,NaN
nan,nan,nan,NaN
nan,nan,nan,NaN
nan,nan,nan,NaN
nan,nan,nan,NaN
nan,nan,nan,NaN
nan,nan,nan,NaN
nan,nan,nan,NaN
nan,nan,nan,NaN
nan,nan,nan,NaN
-1.1549,-0.378778,2.345,2.64127
-1.14729,-0.378778,2.345,2.63795
-1.13968,-0.378778,2.345,2.63465
-1.13207,-0.378778,2.345,2.63136
-1.12446,-0.378778,2.345,2.6281
-1.11685,-0.378778,2.345,2.62485
-1.10924,-0.378778,2.345,2.62162
-1.10162,-0.378778,2.345,2.61841
-1.10148,-0.381363,2.361,2.63306
-1.09381,-0.381363,2.361,2.62986
-1.08615,-0.381363,2.361,2.62669
-1.07849,-0.381363,2.361,2.62353
-1.06357,-0.378778,2.345,2.60263
-1.05596,-0.378778,2.345,2.59953
-1.04835,-0.378778,2.345,2.59645
-1.04073,-0.378778,2.345,2.59338
-1.03312,-0.378778,2.345,2.59034
-1.02551,-0.378778,2.345,2.58731
-1.0179,-0.378778,2.345,2.5843
-1.01029,-0.378778,2.345,2.58131
-1.00268,-0.378778,2.345,2.57834
-0.995066,-0.378778,2.345,2.57539
-0.987455,-0.378778,2.345,2.57246
-0.979844,-0.378778,2.345,2.56955
-0.972232,-0.378778,2.345,2.56666
-0.964621,-0.378778,2.345,2.56378
-0.95048,-0.376194,2.329,2.54346
-0.942921,-0.376194,2.329,2.54064
-0.935362,-0.376194,2.329,2.53785
-0.927802,-0.376194,2.329,2.53507
-0.920243,-0.376194,2.329,2.53231
-0.912683,-0.376194,2.329,2.52958
-0.905124,-0.376194,2.329,2.52686
-0.897565,-0.376194,2.329,2.52416
-0.890005,-0.376194,2.329,2.52148
-0.876384,-0.37361,2.313,2.50152
-0.868876,-0.37361,2.313,2.4989
-0.861369,-0.37361,2.313,2.4963
-0.853861,-0.37361,2.313,2.49372
-0.852209,-0.376194,2.329,2.50839
-0.844649,-0.376194,2.329,2.50583
-0.83709,-0.376194,2.329,2.50329
-0.829531,-0.376194,2.329,2.50078
-0.821971,-0.376194,2.329,2.49828
-0.814412,-0.376194,2.329,2.4958
-0.806852,-0.376194,2.329,2.49335
-0.799293,-0.376194,2.329,2.49091
-0.797173,-0.378778,2.345,2.50559
-0.789562,-0.378778,2.345,2.50318
-0.78195,-0.378778,2.345,2.50079
-0.779622,-0.381363,2.361,2.51547
-0.771959,-0.381363,2.361,2.5131
-0.764296,-0.381363,2.361,2.51076
-0.756633,-0.381363,2.361,2.50844
-0.748969,-0.381363,2.361,2.50614
-0.741306,-0.381363,2.361,2.50386
-0.738615,-0.383947,2.377,2.51855
-0.7309,-0.383947,2.377,2.5163
-0.723184,-0.383947,2.377,2.51407
-0.715469,-0.383947,2.377,2.51186
-0.712816,-0.386693,2.394,2.52762
-0.705046,-0.386693,2.394,2.52544
-0.697275,-0.386693,2.394,2.52328
-0.694401,-0.389439,2.411,2.53905
-0.691417,-0.392185,2.428,2.55481
-0.683536,-0.392185,2.428,2.55269
-0.675655,-0.392185,2.428,2.55059
-0.67245,-0.394931,2.445,2.56636
-0.664514,-0.394931,2.445,2.56429
-0.656578,-0.394931,2.445,2.56224
-0.653418,-0.397838,2.463,2.57907
-0.645424,-0.397838,2.463,2.57706
-0.637429,-0.397838,2.463,2.57507
-0.629435,-0.397838,2.463,2.5731
-0.621441,-0.397838,2.463,2.57115
-0.613446,-0.397838,2.463,2.56923
-0.605452,-0.397838,2.463,2.56734
-0.597458,-0.397838,2.463,2.56546
-0.589464,-0.397838,2.463,2.56361
-0.581469,-0.397838,2.463,2.56179
-0.573475,-0.397838,2.463,2.55998
-0.561348,-0.394931,2.445,2.53951
-0.553412,-0.394931,2.445,2.53777
-0.549492,-0.397838,2.463,2.55472
-0.541498,-0.397838,2.463,2.55301
-0.533504,-0.397838,2.463,2.55133
-0.521669,-0.394931,2.445,2.53103
-0.513733,-0.394931,2.445,2.52941
-0.505797,-0.394931,2.445,2.52781
-0.497861,-0.394931,2.445,2.52623
-0.489925,-0.394931,2.445,2.52468
-0.481989,-0.394931,2.445,2.52315
-0.474054,-0.394931,2.445,2.52165
-0.466118,-0.394931,2.445,2.52017
-0.458182,-0.394931,2.445,2.51872
-0.450246,-0.394931,2.445,2.51728
-0.44231,-0.394931,2.445,2.51588
-0.434374,-0.394931,2.445,2.51449
-0.426438,-0.394931,2.445,2.51313
-0.418503,-0.394931,2.445,2.5118
-0.410567,-0.394931,2.445,2.51049
-0.402631,-0.394931,2.445,2.5092
-0.394695,-0.394931,2.445,2.50794
-0.386759,-0.394931,2.445,2.50671
-0.378823,-0.394931,2.445,2.50549
-0.370887,-0.394931,2.445,2.50431
-0.362952,-0.394931,2.445,2.50314
-0.355016,-0.394931,2.445,2.50201
-0.34708,-0.394931,2.445,2.50089
-0.339144,-0.394931,2.445,2.4998
-0.331208,-0.394931,2.445,2.49874
-0.323272,-0.394931,2.445,2.4977
-0.315336,-0.394931,2.445,2.49668
-0.3074,-0.394931,2.445,2.49569
-0.297382,-0.392185,2.428,2.47738
-0.289502,-0.392185,2.428,2.47645
-0.281621,-0.392185,2.428,2.47554
-0.27374,-0.392185,2.428,2.47466
-0.26586,-0.392185,2.428,2.4738
-0.257979,-0.392185,2.428,2.47296
-0.250098,-0.392185,2.428,2.47215
-0.242218,-0.392185,2.428,2.47137
-0.234337,-0.392185,2.428,2.47061
-0.226456,-0.392185,2.428,2.46987
-0.218576,-0.392185,2.428,2.46916
-0.210695,-0.392185,2.428,2.46848
-0.202814,-0.392185,2.428,2.46782
-0.194934,-0.392185,2.428,2.46718
-0.187053,-0.392185,2.428,2.46657
-0.179172,-0.392185,2.428,2.46599
-0.172491,-0.394931,2.445,2.48269
-0.164555,-0.394931,2.445,2.48215
-0.156619,-0.394931,2.445,2.48164
-0.148683,-0.394931,2.445,2.48115
-0.140747,-0.394931,2.445,2.48069
-0.132812,-0.394931,2.445,2.48025
-0.124876,-0.394931,2.445,2.47984
-0.11694,-0.394931,2.445,2.47945
-0.109004,-0.394931,2.445,2.47909
-0.101068,-0.394931,2.445,2.47875
-0.0931322,-0.394931,2.445,2.47844
-0.0851963,-0.394931,2.445,2.47816
-0.0778293,-0.397838,2.463,2.49614
-0.069835,-0.397838,2.463,2.4959
-0.0618407,-0.397838,2.463,2.49569
-0.0538464,-0.397838,2.463,2.4955
-0.0461872,-0.400746,2.481,2.51358
-0.0378578,-0.397838,2.463,2.49521
-0.0298635,-0.397838,2.463,2.4951
-0.0220291,-0.400746,2.481,2.51325
-0.0139764,-0.400746,2.481,2.5132
-0.00592366,-0.400746,2.481,2.51316
0.00212905,-0.400746,2.481,2.51316
0.0101818,-0.400746,2.481,2.51318
0.0182345,-0.400746,2.481,2.51322
0.0262872,-0.400746,2.481,2.51329
0.0343399,-0.400746,2.481,2.51339
0.042085,-0.397838,2.463,2.49528
0.0500793,-0.397838,2.463,2.49543
0.0580736,-0.397838,2.463,2.4956
0.0660679,-0.397838,2.463,2.4958
0.0740622,-0.397838,2.463,2.49602
0.0820565,-0.397838,2.463,2.49627
0.0893926,-0.394931,2.445,2.4783
0.0973285,-0.394931,2.445,2.4786
0.105264,-0.394931,2.445,2.47893
0.1132,-0.394931,2.445,2.47928
0.121136,-0.394931,2.445,2.47965
0.129072,-0.394931,2.445,2.48005
0.137008,-0.394931,2.445,2.48048
0.144944,-0.394931,2.445,2.48093
0.15288,-0.394931,2.445,2.4814
0.160815,-0.394931,2.445,2.48191
0.168751,-0.394931,2.445,2.48243
0.176687,-0.394931,2.445,2.48299
0.185982,-0.397838,2.463,2.50185
0.193976,-0.397838,2.463,2.50245
0.201971,-0.397838,2.463,2.50309
0.209965,-0.397838,2.463,2.50374
0.217959,-0.397838,2.463,2.50443
0.225954,-0.397838,2.463,2.50513
0.233948,-0.397838,2.463,2.50587
0.241942,-0.397838,2.463,2.50663
0.249936,-0.397838,2.463,2.50741
0.257931,-0.397838,2.463,2.50822
0.265925,-0.397838,2.463,2.50906
0.273919,-0.397838,2.463,2.50992
0.281914,-0.397838,2.463,2.5108
0.289908,-0.397838,2.463,2.51171
0.297902,-0.397838,2.463,2.51265
0.305896,-0.397838,2.463,2.51361
0.313891,-0.397838,2.463,2.51459
0.324237,-0.400746,2.481,2.53399
0.33229,-0.400746,2.481,2.53503
0.340343,-0.400746,2.481,2.5361
0.348396,-0.400746,2.481,2.53719
0.356448,-0.400746,2.481,2.53831
0.364501,-0.400746,2.481,2.53945
0.375257,-0.403653,2.499,2.55905
0.383368,-0.403653,2.499,2.56026
0.391479,-0.403653,2.499,2.56148
0.39959,-0.403653,2.499,2.56273
0.410638,-0.406561,2.517,2.58248
0.418807,-0.406561,2.517,2.58379
0.426977,-0.406561,2.517,2.58513
0.438431,-0.40963,2.536,2.60601
0.446662,-0.40963,2.536,2.60741
0.454894,-0.40963,2.536,2.60884
0.463125,-0.40963,2.536,2.61028
0.471356,-0.40963,2.536,2.61176
0.479587,-0.40963,2.536,2.61325
0.487819,-0.40963,2.536,2.61478
0.49605,-0.40963,2.536,2.61633
0.504281,-0.40963,2.536,2.6179
0.512512,-0.40963,2.536,2.6195
0.520743,-0.40963,2.536,2.62112
0.528975,-0.40963,2.536,2.62277
0.537206,-0.40963,2.536,2.62444
0.545437,-0.40963,2.536,2.62614
0.553668,-0.40963,2.536,2.62786
0.5619,-0.40963,2.536,2.62961
0.570131,-0.40963,2.536,2.63138
0.578362,-0.40963,2.536,2.63317
0.586593,-0.40963,2.536,2.63499
0.590368,-0.406561,2.517,2.61708
0.598538,-0.406561,2.517,2.61894
0.606707,-0.406561,2.517,2.62082
0.619518,-0.40963,2.536,2.64252
0.627749,-0.40963,2.536,2.64446
0.631216,-0.406561,2.517,2.6266
0.639385,-0.406561,2.517,2.62857
0.647555,-0.406561,2.517,2.63057
0.655725,-0.406561,2.517,2.6326
0.668906,-0.40963,2.536,2.65453
0.677137,-0.40963,2.536,2.65662
0.690503,-0.412699,2.555,2.67865
0.693599,-0.40963,2.536,2.66086
0.70183,-0.40963,2.536,2.66302
0.710062,-0.40963,2.536,2.6652
0.718293,-0.40963,2.536,2.6674
0.731967,-0.412699,2.555,2.68963
0.74026,-0.412699,2.555,2.6919
0.748553,-0.412699,2.555,2.69419
0.756846,-0.412699,2.555,2.69651
0.765139,-0.412699,2.555,2.69885
0.773432,-0.412699,2.555,2.70121
0.781725,-0.412699,2.555,2.7036
0.790018,-0.412699,2.555,2.70601
0.798311,-0.412699,2.555,2.70844
0.806603,-0.412699,2.555,2.7109
0.814896,-0.412699,2.555,2.71337
0.823189,-0.412699,2.555,2.71588
0.825299,-0.40963,2.536,2.69819
0.83353,-0.40963,2.536,2.70072
0.841761,-0.40963,2.536,2.70327
0.849993,-0.40963,2.536,2.70584
0.858224,-0.40963,2.536,2.70844
0.866455,-0.40963,2.536,2.71106
0.868133,-0.406561,2.517,2.69337
0.876303,-0.406561,2.517,2.69601
0.878147,-0.403653,2.499,2.67938
0.886258,-0.403653,2.499,2.68205
0.894369,-0.403653,2.499,2.68474
0.90248,-0.403653,2.499,2.68745
0.910591,-0.403653,2.499,2.69019
0.912085,-0.400746,2.481,2.67355
0.920138,-0.400746,2.481,2.67631
0.928191,-0.400746,2.481,2.67909
0.936243,-0.400746,2.481,2.68189
0.944296,-0.400746,2.481,2.68471
0.952349,-0.400746,2.481,2.68755
0.953434,-0.397838,2.463,2.6709
0.961428,-0.397838,2.463,2.67376
0.969422,-0.397838,2.463,2.67664
0.977417,-0.397838,2.463,2.67955
0.985411,-0.397838,2.463,2.68248
0.993405,-0.397838,2.463,2.68542
nan,nan,nan,NaN
nan,nan,nan,NaN
nan,nan,nan,NaN
nan,nan,nan,NaN
nan,nan,nan,NaN
nan,nan,nan,NaN
nan,nan,nan,NaN
nan,nan,nan,NaN
nan,nan,nan,NaN
nan,nan,nan,NaN
nan,nan,nan,NaN
nan,nan,nan,NaN
1.374,-0.498146,3.084,3.41278
1.38401,-0.498146,3.084,3.41683
1.40668,-0.502669,3.112,3.45195
1.41678,-0.502669,3.112,3.45608
1.42688,-0.502669,3.112,3.46023
1.43698,-0.502669,3.112,3.46441
1.44708,-0.502669,3.112,3.46861
1.45718,-0.502669,3.112,3.47284
1.46728,-0.502669,3.112,3.47709
1.47738,-0.502669,3.112,3.48136
1.48749,-0.502669,3.112,3.48566
1.49759,-0.502669,3.112,3.48998
1.52174,-0.507353,3.141,3.52689
1.53193,-0.507353,3.141,3.5313
1.54213,-0.507353,3.141,3.53574
1.55232,-0.507353,3.141,3.5402
1.56252,-0.507353,3.141,3.54468
1.57271,-0.507353,3.141,3.54918
1.58291,-0.507353,3.141,3.55371
1.5931,-0.507353,3.141,3.55827
1.6181,-0.512037,3.17,3.59574
1.64328,-0.516722,3.199,3.63332
1.65367,-0.516722,3.199,3.63802
1.66405,-0.516722,3.199,3.64276
1.70636,-0.526575,3.26,3.71706
1.75065,-0.536912,3.324,3.795
1.76144,-0.536912,3.324,3.79999
1.78929,-0.542081,3.356,3.84163
1.83612,-0.552903,3.423,3.92352
1.84723,-0.552903,3.423,3.92873
1.87734,-0.558557,3.458,3.97419
1.92734,-0.570025,3.529,4.06121
1.95913,-0.576002,3.566,4.1093
1.9707,-0.576002,3.566,4.11483
2.0034,-0.58214,3.604,4.16429
2.0151,-0.58214,3.604,4.16993
2.02679,-0.58214,3.604,4.17559
2.03849,-0.58214,3.604,4.18129
2.05019,-0.58214,3.604,4.187
2.06189,-0.58214,3.604,4.19274
2.07358,-0.58214,3.604,4.19851
2.08528,-0.58214,3.604,4.2043
2.09698,-0.58214,3.604,4.21011
2.10868,-0.58214,3.604,4.21595
2.07625,-0.570025,3.529,4.13395
2.0877,-0.570025,3.529,4.13972
2.07774,-0.56421,3.493,4.10322
2.06815,-0.558557,3.458,4.0678
2.07937,-0.558557,3.458,4.07352
2.06944,-0.552903,3.423,4.03797
2.03982,-0.542081,3.356,3.96453
2.05072,-0.542081,3.356,3.97014
2.04195,-0.536912,3.324,3.93787
1.99469,-0.521729,3.23,3.83196
2.00517,-0.521729,3.23,3.83742
1.97821,-0.512037,3.17,3.77153
1.93456,-0.498146,3.084,3.67447
1.94457,-0.498146,3.084,3.67975
1.92035,-0.489424,3.03,3.62052
1.89642,-0.480863,2.977,3.56233
1.90609,-0.480863,2.977,3.56748
1.89902,-0.476663,2.951,3.54145
1.86074,-0.46471,2.877,3.45766
1.87007,-0.46471,2.877,3.4627
1.86373,-0.460834,2.853,3.43882
1.85724,-0.456957,2.829,3.41488
1.83607,-0.449527,2.783,3.36427
1.84511,-0.449527,2.783,3.36921
1.83948,-0.445973,2.761,3.34749
1.81899,-0.438866,2.717,3.299
1.8278,-0.438866,2.717,3.30387
1.82243,-0.435474,2.696,3.28318
1.81691,-0.432082,2.675,3.26244
-2.58138,-0.588964,3.721,4.56686
-2.54168,-0.582633,3.681,4.51103
-2.52974,-0.582633,3.681,4.50431
-2.49111,-0.57646,3.642,4.44996
-2.47929,-0.57646,3.642,4.44335
-2.46747,-0.57646,3.642,4.43676
-2.43003,-0.570445,3.604,4.38398
-2.39283,-0.564431,3.566,4.33135
-2.38126,-0.564431,3.566,4.32496
-2.34509,-0.558574,3.529,4.27379
-2.33364,-0.558574,3.529,4.26752
-2.32219,-0.558574,3.529,4.26127
-2.31073,-0.558574,3.529,4.25504
-2.27582,-0.552876,3.493,4.20548
-2.24179,-0.547336,3.458,4.15728
-2.23057,-0.547336,3.458,4.15124
-2.21935,-0.547336,3.458,4.14522
-2.18577,-0.541796,3.423,4.09733
-2.17466,-0.541796,3.423,4.09141
-2.16355,-0.541796,3.423,4.08552
-2.13106,-0.536415,3.389,4.03912
-2.12006,-0.536415,3.389,4.03333
-2.08853,-0.531192,3.356,3.98834
-2.07763,-0.531192,3.356,3.98265
-2.06674,-0.531192,3.356,3.97697
-2.05585,-0.531192,3.356,3.97132
-2.02546,-0.526127,3.324,3.92788
-2.01467,-0.526127,3.324,3.92233
-2.00388,-0.526127,3.324,3.9168
-1.99309,-0.526127,3.324,3.91129
nan,nan,nan,NaN
nan,nan,nan,NaN
nan,nan,nan,NaN
nan,nan,nan,NaN
nan,nan,nan,NaN
nan,nan,nan,NaN
nan,nan,nan,NaN
nan,nan,nan,NaN
nan,nan,nan,NaN
nan,nan,nan,NaN
nan,nan,nan,NaN
nan,nan,nan,NaN
nan,nan,nan,NaN
nan,nan,nan,NaN
nan,nan,nan,NaN
nan,nan,nan,NaN
nan,nan,nan,NaN
nan,nan,nan,NaN
nan,nan,nan,NaN
nan,nan,nan,NaN
nan,nan,nan,NaN
nan,nan,nan,NaN
nan,nan,nan,NaN
nan,nan,nan,NaN
nan,nan,nan,NaN
nan,nan,nan,NaN
nan,nan,nan,NaN
nan,nan,nan,NaN
nan,nan,nan,NaN
nan,nan,nan,NaN
nan,nan,nan,NaN
nan,nan,nan,NaN
-1.1549,-0.371169,2.345,2.64019
-1.14729,-0.371169,2.345,2.63687
-1.13968,-0.371169,2.345,2.63356
-1.13207,-0.371169,2.345,2.63028
-1.12446,-0.371169,2.345,2.62701
-1.11685,-0.371169,2.345,2.62376
-1.10924,-0.371169,2.345,2.62053
-1.10162,-0.371169,2.345,2.61732
-1.10148,-0.373702,2.361,2.63196
-1.09381,-0.373702,2.361,2.62876
-1.07879,-0.371169,2.345,2.60779
-1.07118,-0.371169,2.345,2.60465
-1.06357,-0.371169,2.345,2.60153
-1.05596,-0.371169,2.345,2.59843
-1.04835,-0.371169,2.345,2.59535
-1.04073,-0.371169,2.345,2.59228
-1.03312,-0.371169,2.345,2.58923
-1.02551,-0.371169,2.345,2.58621
-1.0179,-0.371169,2.345,2.5832
-1.01029,-0.371169,2.345,2.58021
-1.00268,-0.371169,2.345,2.57724
-0.995066,-0.371169,2.345,2.57429
-0.987455,-0.371169,2.345,2.57135
-0.979844,-0.371169,2.345,2.56844
-0.972232,-0.371169,2.345,2.56555
-0.964621,-0.371169,2.345,2.56267
-0.95048,-0.368637,2.329,2.54235
-0.942921,-0.368637,2.329,2.53953
-0.935362,-0.368637,2.329,2.53674
-0.927802,-0.368637,2.329,2.53396
-0.920243,-0.368637,2.329,2.5312
-0.912683,-0.368637,2.329,2.52846
-0.905124,-0.368637,2.329,2.52574
-0.897565,-0.368637,2.329,2.52305
-0.890005,-0.368637,2.329,2.52037
-0.876384,-0.366104,2.313,2.50041
-0.868876,-0.366104,2.313,2.49779
-0.861369,-0.366104,2.313,2.49519
-0.853861,-0.366104,2.313,2.49261
-0.852209,-0.368637,2.329,2.50727
-0.844649,-0.368637,2.329,2.50471
-0.83709,-0.368637,2.329,2.50217
-0.829531,-0.368637,2.329,2.49965
-0.821971,-0.368637,2.329,2.49715
-0.814412,-0.368637,2.329,2.49467
-0.806852,-0.368637,2.329,2.49222
-0.799293,-0.368637,2.329,2.48978
-0.797173,-0.371169,2.345,2.50445
-0.789562,-0.371169,2.345,2.50204
-0.78195,-0.371169,2.345,2.49965
-0.779622,-0.373702,2.361,2.51432
-0.771959,-0.373702,2.361,2.51195
-0.764296,-0.373702,2.361,2.50961
-0.756633,-0.373702,2.361,2.50728
-0.748969,-0.373702,2.361,2.50498
-0.741306,-0.373702,2.361,2.5027
-0.738615,-0.376234,2.377,2.51739
-0.7309,-0.376234,2.377,2.51513
-0.723184,-0.376234,2.377,2.5129
-0.715469,-0.376234,2.377,2.51069
-0.712816,-0.378925,2.394,2.52645
-0.705046,-0.378925,2.394,2.52426
-0.697275,-0.378925,2.394,2.5221
-0.694401,-0.381616,2.411,2.53786
-0.686576,-0.381616,2.411,2.53573
-0.67875,-0.381616,2.411,2.53362
-0.675655,-0.384307,2.428,2.54939
-0.67245,-0.386997,2.445,2.56515
-0.664514,-0.386997,2.445,2.56308
-0.656578,-0.386997,2.445,2.56103
-0.648643,-0.386997,2.445,2.55901
-0.640707,-0.386997,2.445,2.55701
-0.637429,-0.389846,2.463,2.57384
-0.629435,-0.389846,2.463,2.57187
-0.621441,-0.389846,2.463,2.56993
-0.613446,-0.389846,2.463,2.56801
-0.605452,-0.389846,2.463,2.56611
-0.597458,-0.389846,2.463,2.56424
-0.589464,-0.389846,2.463,2.56239
-0.581469,-0.389846,2.463,2.56056
-0.573475,-0.389846,2.463,2.55875
-0.561348,-0.386997,2.445,2.53829
-0.553412,-0.386997,2.445,2.53654
-0.549492,-0.389846,2.463,2.55349
-0.541498,-0.389846,2.463,2.55178
-0.533504,-0.389846,2.463,2.55009
-0.525509,-0.389846,2.463,2.54843
-0.517515,-0.389846,2.463,2.5468
-0.509521,-0.389846,2.463,2.54518
-0.501526,-0.389846,2.463,2.5436
-0.493532,-0.389846,2.463,2.54203
-0.481989,-0.386997,2.445,2.52193
-0.474054,-0.386997,2.445,2.52042
-0.466118,-0.386997,2.445,2.51894
-0.458182,-0.386997,2.445,2.51748
-0.450246,-0.386997,2.445,2.51605
-0.44231,-0.386997,2.445,2.51464
-0.437572,-0.389846,2.463,2.53176
-0.429578,-0.389846,2.463,2.53039
-0.421584,-0.389846,2.463,2.52905
-0.413589,-0.389846,2.463,2.52773
-0.405595,-0.389846,2.463,2.52643
-0.397601,-0.389846,2.463,2.52516
-0.389606,-0.389846,2.463,2.52391
-0.381612,-0.389846,2.463,2.52269
-0.373618,-0.389846,2.463,2.5215
-0.362952,-0.386997,2.445,2.5019
-0.355016,-0.386997,2.445,2.50077
-0.34708,-0.386997,2.445,2.49965
-0.339144,-0.386997,2.445,2.49856
-0.331208,-0.386997,2.445,2.4975
-0.323272,-0.386997,2.445,2.49646
-0.315336,-0.386997,2.445,2.49544
-0.3074,-0.386997,2.445,2.49445
-0.297382,-0.384307,2.428,2.47615
-0.289502,-0.384307,2.428,2.47521
-0.281621,-0.384307,2.428,2.47431
-0.27374,-0.384307,2.428,2.47342
-0.26586,-0.384307,2.428,2.47256
-0.257979,-0.384307,2.428,2.47173
-0.250098,-0.384307,2.428,2.47092
-0.242218,-0.384307,2.428,2.47013
-0.234337,-0.384307,2.428,2.46937
-0.228042,-0.386997,2.445,2.48592
-0.220106,-0.386997,2.445,2.4852
-0.21217,-0.386997,2.445,2.48451
-0.204234,-0.386997,2.445,2.48385
-0.196298,-0.386997,2.445,2.48321
-0.188363,-0.386997,2.445,2.48259
-0.180427,-0.386997,2.445,2.482
-0.172491,-0.386997,2.445,2.48144
-0.164555,-0.386997,2.445,2.4809
-0.156619,-0.386997,2.445,2.48039
-0.148683,-0.386997,2.445,2.4799
-0.140747,-0.386997,2.445,2.47944
-0.132812,-0.386997,2.445,2.479
-0.124876,-0.386997,2.445,2.47859
-0.11694,-0.386997,2.445,2.4782
-0.109004,-0.386997,2.445,2.47784
-0.101068,-0.386997,2.445,2.4775
-0.0931322,-0.386997,2.445,2.47719
-0.0851963,-0.386997,2.445,2.4769
-0.0778293,-0.389846,2.463,2.49488
-0.069835,-0.389846,2.463,2.49464
-0.0618407,-0.389846,2.463,2.49443
-0.0538464,-0.389846,2.463,2.49424
-0.0461872,-0.392696,2.481,2.51231
-0.0378578,-0.389846,2.463,2.49395
-0.0298635,-0.389846,2.463,2.49384
-0.0220291,-0.392696,2.481,2.51198
-0.0139764,-0.392696,2.481,2.51192
-0.00592366,-0.392696,2.481,2.51189
0.00212905,-0.392696,2.481,2.51189
0.0101818,-0.392696,2.481,2.51191
0.0182345,-0.392696,2.481,2.51195
0.0262872,-0.392696,2.481,2.51202
0.0343399,-0.392696,2.481,2.51212
0.0423926,-0.392696,2.481,2.51224
0.0504453,-0.392696,2.481,2.51239
0.058498,-0.392696,2.481,2.51257
0.0665507,-0.392696,2.481,2.51277
0.0746034,-0.392696,2.481,2.51299
0.0826561,-0.392696,2.481,2.51325
0.0907089,-0.392696,2.481,2.51352
0.098045,-0.389846,2.463,2.49559
0.106039,-0.389846,2.463,2.49592
0.114034,-0.389846,2.463,2.49627
0.122028,-0.389846,2.463,2.49665
0.130022,-0.389846,2.463,2.49705
0.138016,-0.389846,2.463,2.49748
0.146011,-0.389846,2.463,2.49793
0.154005,-0.389846,2.463,2.49841
0.161999,-0.389846,2.463,2.49892
0.169994,-0.389846,2.463,2.49945
0.177988,-0.389846,2.463,2.50001
0.185982,-0.389846,2.463,2.50059
0.193976,-0.389846,2.463,2.50119
0.201971,-0.389846,2.463,2.50183
0.209965,-0.389846,2.463,2.50249
0.217959,-0.389846,2.463,2.50317
0.225954,-0.389846,2.463,2.50388
0.233948,-0.389846,2.463,2.50461
0.241942,-0.389846,2.463,2.50537
0.249936,-0.389846,2.463,2.50616
0.257931,-0.389846,2.463,2.50697
0.265925,-0.389846,2.463,2.5078
0.273919,-0.389846,2.463,2.50866
0.281914,-0.389846,2.463,2.50955
0.292027,-0.392696,2.481,2.5288
0.300079,-0.392696,2.481,2.52975
0.308132,-0.392696,2.481,2.53071
0.316185,-0.392696,2.481,2.53171
0.324237,-0.392696,2.481,2.53273
0.33229,-0.392696,2.481,2.53377
0.340343,-0.392696,2.481,2.53484
0.348396,-0.392696,2.481,2.53593
0.356448,-0.392696,2.481,2.53705
0.364501,-0.392696,2.481,2.53819
0.375257,-0.395545,2.499,2.55779
0.383368,-0.395545,2.499,2.55899
0.391479,-0.395545,2.499,2.56022
0.39959,-0.395545,2.499,2.56147
0.410638,-0.398394,2.517,2.58121
0.418807,-0.398394,2.517,2.58252
0.426977,-0.398394,2.517,2.58386
0.438431,-0.401401,2.536,2.60473
0.446662,-0.401401,2.536,2.60613
0.454894,-0.401401,2.536,2.60756
0.463125,-0.401401,2.536,2.609
0.471356,-0.401401,2.536,2.61048
0.479587,-0.401401,2.536,2.61198
0.487819,-0.401401,2.536,2.6135
0.49605,-0.401401,2.536,2.61505
0.500503,-0.398394,2.517,2.59702
0.508672,-0.398394,2.517,2.59861
0.516842,-0.398394,2.517,2.60022
0.525012,-0.398394,2.517,2.60185
0.533181,-0.398394,2.517,2.60351
0.541351,-0.398394,2.517,2.6052
0.54952,-0.398394,2.517,2.60691
0.55769,-0.398394,2.517,2.60864
0.565859,-0.398394,2.517,2.6104
0.574029,-0.398394,2.517,2.61219
0.582199,-0.398394,2.517,2.61399
0.590368,-0.398394,2.517,2.61583
0.598538,-0.398394,2.517,2.61768
0.606707,-0.398394,2.517,2.61956
0.614877,-0.398394,2.517,2.62147
0.623046,-0.398394,2.517,2.62339
0.631216,-0.398394,2.517,2.62535
0.639385,-0.398394,2.517,2.62732
0.647555,-0.398394,2.517,2.62932
0.655725,-0.398394,2.517,2.63135
0.663894,-0.398394,2.517,2.63339
0.672064,-0.398394,2.517,2.63547
0.680233,-0.398394,2.517,2.63756
0.688403,-0.398394,2.517,2.63968
0.70183,-0.401401,2.536,2.66176
0.710062,-0.401401,2.536,2.66395
0.718293,-0.401401,2.536,2.66615
0.726524,-0.401401,2.536,2.66838
0.734755,-0.401401,2.536,2.67063
0.742987,-0.401401,2.536,2.67291
0.751218,-0.401401,2.536,2.67521
0.759449,-0.401401,2.536,2.67753
0.76768,-0.401401,2.536,2.67988
0.775912,-0.401401,2.536,2.68225
0.784143,-0.401401,2.536,2.68464
0.792374,-0.401401,2.536,2.68706
0.800605,-0.401401,2.536,2.6895
0.808836,-0.401401,2.536,2.69196
0.817068,-0.401401,2.536,2.69444
0.825299,-0.401401,2.536,2.69695
0.83353,-0.401401,2.536,2.69948
0.841761,-0.401401,2.536,2.70203
0.849993,-0.401401,2.536,2.70461
0.851794,-0.398394,2.517,2.68692
0.859963,-0.398394,2.517,2.68952
0.868133,-0.398394,2.517,2.69215
0.876303,-0.398394,2.517,2.69479
0.878147,-0.395545,2.499,2.67817
0.886258,-0.395545,2.499,2.68084
0.894369,-0.395545,2.499,2.68353
0.90248,-0.395545,2.499,2.68625
0.910591,-0.395545,2.499,2.68898
0.912085,-0.392696,2.481,2.67235
0.920138,-0.392696,2.481,2.67511
0.928191,-0.392696,2.481,2.67789
0.929451,-0.389846,2.463,2.66125
0.937445,-0.389846,2.463,2.66405
0.945439,-0.389846,2.463,2.66687
0.953434,-0.389846,2.463,2.66972
0.961428,-0.389846,2.463,2.67258
0.969422,-0.389846,2.463,2.67547
0.977417,-0.389846,2.463,2.67838
0.978209,-0.386997,2.445,2.66171
0.986145,-0.386997,2.445,2.66463
nan,nan,nan,NaN
nan,nan,nan,NaN
nan,nan,nan,NaN
nan,nan,nan,NaN
nan,nan,nan,NaN
nan,nan,nan,NaN
nan,nan,nan,NaN
nan,nan,nan,NaN
nan,nan,nan,NaN
nan,nan,nan,NaN
nan,nan,nan,NaN
nan,nan,nan,NaN
1.374,-0.488139,3.084,3.41134
1.38401,-0.488139,3.084,3.41538
1.40668,-0.492571,3.112,3.4505
1.41678,-0.492571,3.112,3.45463
1.42688,-0.492571,3.112,3.45878
1.43698,-0.492571,3.112,3.46296
1.44708,-0.492571,3.112,3.46716
1.45718,-0.492571,3.112,3.47139
1.46728,-0.492571,3.112,3.47564
1.47738,-0.492571,3.112,3.47992
1.48749,-0.492571,3.112,3.48422
1.49759,-0.492571,3.112,3.48854
1.52174,-0.497161,3.141,3.52544
1.53193,-0.497161,3.141,3.52985
1.54213,-0.497161,3.141,3.53429
1.55232,-0.497161,3.141,3.53875
1.56252,-0.497161,3.141,3.54323
1.57271,-0.497161,3.141,3.54774
1.58291,-0.497161,3.141,3.55227
1.5931,-0.497161,3.141,3.55683
1.6181,-0.501751,3.17,3.59429
1.64328,-0.506341,3.199,3.63185
1.65367,-0.506341,3.199,3.63656
1.68018,-0.511248,3.23,3.67658
1.70636,-0.515997,3.26,3.71558
1.75065,-0.526127,3.324,3.79349
1.76144,-0.526127,3.324,3.79848
1.78929,-0.531192,3.356,3.84011
1.81788,-0.536415,3.389,3.88301
1.82888,-0.536415,3.389,3.88817
1.87734,-0.547336,3.458,3.97263
1.90768,-0.552876,3.493,4.01821
1.9388,-0.558574,3.529,4.06507
1.95025,-0.558574,3.529,4.07054
1.98227,-0.564431,3.566,4.11878
2.0151,-0.570445,3.604,4.16831
2.02679,-0.570445,3.604,4.17398
2.03849,-0.570445,3.604,4.17967
2.05019,-0.570445,3.604,4.18539
2.06189,-0.570445,3.604,4.19113
2.07358,-0.570445,3.604,4.1969
2.08528,-0.570445,3.604,4.20269
2.09698,-0.570445,3.604,4.20851
2.10868,-0.570445,3.604,4.21435
2.09802,-0.564431,3.566,4.17572
2.10959,-0.564431,3.566,4.18154
2.07774,-0.552876,3.493,4.10168
2.06815,-0.547336,3.458,4.06627
2.07937,-0.547336,3.458,4.07199
2.06944,-0.541796,3.423,4.03646
2.05988,-0.536415,3.389,4.00202
2.07088,-0.536415,3.389,4.00769
2.04195,-0.526127,3.324,3.93641
1.99469,-0.511248,3.23,3.83054
2.00517,-0.511248,3.23,3.83601
1.97821,-0.501751,3.17,3.77014
1.93456,-0.488139,3.084,3.67313
1.94457,-0.488139,3.084,3.67841
1.92035,-0.479592,3.03,3.61921
1.89642,-0.471203,2.977,3.56104
1.90609,-0.471203,2.977,3.56619
1.89902,-0.467088,2.951,3.54018
1.86074,-0.455375,2.877,3.45642
1.87007,-0.455375,2.877,3.46146
1.86373,-0.451576,2.853,3.43759
1.85724,-0.447777,2.829,3.41366
1.83607,-0.440496,2.783,3.36308
1.84511,-0.440496,2.783,3.36802
1.83948,-0.437014,2.761,3.34631
1.83371,-0.433532,2.739,3.32454
1.8426,-0.433532,2.739,3.32945
1.82243,-0.426726,2.696,3.28203
1.81691,-0.423402,2.675,3.2613
-2.58138,-0.57689,3.721,4.56532
-2.54168,-0.570689,3.681,4.5095
-2.52974,-0.570689,3.681,4.50278
-2.49111,-0.564642,3.642,4.44844
-2.47929,-0.564642,3.642,4.44183
-2.46747,-0.564642,3.642,4.43524
-2.43003,-0.558751,3.604,4.38247
-2.39283,-0.552859,3.566,4.32986
-2.38126,-0.552859,3.566,4.32347
-2.34509,-0.547123,3.529,4.27231
-2.33364,-0.547123,3.529,4.26604
-2.32219,-0.547123,3.529,4.25978
-2.31073,-0.547123,3.529,4.25355
-2.27582,-0.541542,3.493,4.20401
-2.24179,-0.536116,3.458,4.15582
-2.23057,-0.536116,3.458,4.14977
-2.21935,-0.536116,3.458,4.14375
-2.18577,-0.530689,3.423,4.09587
-2.17466,-0.530689,3.423,4.08995
-2.16355,-0.530689,3.423,4.08406
-2.13106,-0.525418,3.389,4.03767
-2.12006,-0.525418,3.389,4.03188
-2.08853,-0.520302,3.356,3.9869
-2.07763,-0.520302,3.356,3.98121
-2.04703,-0.515341,3.324,3.93763
-2.03625,-0.515341,3.324,3.93203
-2.02546,-0.515341,3.324,3.92645
-2.01467,-0.515341,3.324,3.9209
-2.00388,-0.515341,3.324,3.91536
-1.99309,-0.515341,3.324,3.90985
nan,nan,nan,NaN
nan,nan,nan,NaN
nan,nan,nan,NaN
nan,nan,nan,NaN
nan,nan,nan,NaN
nan,nan,nan,NaN
nan,nan,nan,NaN
nan,nan,nan,NaN
nan,nan,nan,NaN
nan,nan,nan,NaN
nan,nan,nan,NaN
nan,nan,nan,NaN
nan,nan,nan,NaN
nan,nan,nan,NaN
nan,nan,nan,NaN
nan,nan,nan,NaN
nan,nan,nan,NaN
nan,nan,nan,NaN
nan,nan,nan,NaN
nan,nan,nan,NaN
nan,nan,nan,NaN
nan,nan,nan,NaN
nan,nan,nan,NaN
nan,nan,nan,NaN
nan,nan,nan,NaN
nan,nan,nan,NaN
nan,nan,nan,NaN
nan,nan,nan,NaN
nan,nan,nan,NaN
nan,nan,nan,NaN
nan,nan,nan,NaN
nan,nan,nan,NaN
-1.1549,-0.36356,2.345,2.63913
-1.14729,-0.36356,2.345,2.63581
-1.13968,-0.36356,2.345,2.6325
-1.13207,-0.36356,2.345,2.62922
-1.13213,-0.366041,2.361,2.64387
-1.12447,-0.366041,2.361,2.64059
-1.10924,-0.36356,2.345,2.61947
-1.10162,-0.36356,2.345,2.61625
-1.10148,-0.366041,2.361,2.63089
-1.09381,-0.366041,2.361,2.62769
-1.07879,-0.36356,2.345,2.60672
-1.07118,-0.36356,2.345,2.60358
-1.06357,-0.36356,2.345,2.60046
-1.05596,-0.36356,2.345,2.59735
-1.04835,-0.36356,2.345,2.59427
-1.04073,-0.36356,2.345,2.5912
-1.03312,-0.36356,2.345,2.58815
-1.02551,-0.36356,2.345,2.58513
-1.0179,-0.36356,2.345,2.58212
-1.01029,-0.36356,2.345,2.57912
-1.00268,-0.36356,2.345,2.57615
-0.995066,-0.36356,2.345,2.5732
-0.987455,-0.36356,2.345,2.57027
-0.979844,-0.36356,2.345,2.56735
-0.972232,-0.36356,2.345,2.56446
-0.964621,-0.36356,2.345,2.56158
-0.95048,-0.36108,2.329,2.54127
-0.942921,-0.36108,2.329,2.53845
-0.935362,-0.36108,2.329,2.53565
-0.927802,-0.36108,2.329,2.53287
-0.920243,-0.36108,2.329,2.53011
-0.912683,-0.36108,2.329,2.52737
-0.905124,-0.36108,2.329,2.52465
-0.897565,-0.36108,2.329,2.52195
-0.890005,-0.36108,2.329,2.51927
-0.882446,-0.36108,2.329,2.51661
-0.874887,-0.36108,2.329,2.51397
-0.867327,-0.36108,2.329,2.51135
-0.859768,-0.36108,2.329,2.50875
-0.852209,-0.36108,2.329,2.50617
-0.844649,-0.36108,2.329,2.50361
-0.83709,-0.36108,2.329,2.50107
-0.829531,-0.36108,2.329,2.49855
-0.821971,-0.36108,2.329,2.49605
-0.814412,-0.36108,2.329,2.49357
-0.806852,-0.36108,2.329,2.49111
-0.799293,-0.36108,2.329,2.48867
-0.797173,-0.36356,2.345,2.50333
-0.789562,-0.36356,2.345,2.50092
-0.78195,-0.36356,2.345,2.49853
-0.774339,-0.36356,2.345,2.49616
-0.771959,-0.366041,2.361,2.51082
-0.764296,-0.366041,2.361,2.50848
-0.756633,-0.366041,2.361,2.50615
-0.748969,-0.366041,2.361,2.50385
-0.741306,-0.366041,2.361,2.50157
-0.738615,-0.368521,2.377,2.51625
-0.7309,-0.368521,2.377,2.51399
-0.723184,-0.368521,2.377,2.51176
-0.720586,-0.371157,2.394,2.5275
-0.712816,-0.371157,2.394,2.52529
-0.705046,-0.371157,2.394,2.52311
-0.697275,-0.371157,2.394,2.52095
-0.694401,-0.373793,2.411,2.5367
-0.686576,-0.373793,2.411,2.53457
-0.67875,-0.373793,2.411,2.53246
-0.675655,-0.376428,2.428,2.54821
-0.67245,-0.379064,2.445,2.56396
-0.664514,-0.379064,2.445,2.56189
-0.656578,-0.379064,2.445,2.55985
-0.648643,-0.379064,2.445,2.55782
-0.640707,-0.379064,2.445,2.55582
-0.637429,-0.381854,2.463,2.57264
-0.629435,-0.381854,2.463,2.57068
-0.621441,-0.381854,2.463,2.56873
-0.613446,-0.381854,2.463,2.56681
-0.605452,-0.381854,2.463,2.56491
-0.597458,-0.381854,2.463,2.56303
-0.589464,-0.381854,2.463,2.56118
-0.581469,-0.381854,2.463,2.55935
-0.573475,-0.381854,2.463,2.55755
-0.565481,-0.381854,2.463,2.55577
-0.557486,-0.381854,2.463,2.55401
-0.549492,-0.381854,2.463,2.55228
-0.541498,-0.381854,2.463,2.55057
-0.533504,-0.381854,2.463,2.54888
-0.525509,-0.381854,2.463,2.54722
-0.517515,-0.381854,2.463,2.54559
-0.509521,-0.381854,2.463,2.54397
-0.501526,-0.381854,2.463,2.54238
-0.493532,-0.381854,2.463,2.54082
-0.485538,-0.381854,2.463,2.53928
-0.477544,-0.381854,2.463,2.53776
-0.469549,-0.381854,2.463,2.53627
-0.461555,-0.381854,2.463,2.5348
-0.453561,-0.381854,2.463,2.53336
-0.445566,-0.381854,2.463,2.53194
-0.437572,-0.381854,2.463,2.53054
-0.429578,-0.381854,2.463,2.52917
-0.421584,-0.381854,2.463,2.52783
-0.413589,-0.381854,2.463,2.52651
-0.405595,-0.381854,2.463,2.52521
-0.397601,-0.381854,2.463,2.52394
-0.389606,-0.381854,2.463,2.52269
-0.381612,-0.381854,2.463,2.52147
-0.373618,-0.381854,2.463,2.52027
-0.365624,-0.381854,2.463,2.5191
-0.357629,-0.381854,2.463,2.51795
-0.349635,-0.381854,2.463,2.51683
-0.339144,-0.379064,2.445,2.49735
-0.331208,-0.379064,2.445,2.49628
-0.323272,-0.379064,2.445,2.49524
-0.315336,-0.379064,2.445,2.49422
-0.3074,-0.379064,2.445,2.49323
-0.299465,-0.379064,2.445,2.49227
-0.291529,-0.379064,2.445,2.49133
-0.281621,-0.376428,2.428,2.47309
-0.27374,-0.376428,2.428,2.47221
-0.26586,-0.376428,2.428,2.47135
-0.257979,-0.376428,2.428,2.47051
-0.250098,-0.376428,2.428,2.4697
-0.242218,-0.376428,2.428,2.46892
-0.234337,-0.376428,2.428,2.46816
-0.228042,-0.379064,2.445,2.4847
-0.220106,-0.379064,2.445,2.48398
-0.21217,-0.379064,2.445,2.48329
-0.204234,-0.379064,2.445,2.48263
-0.196298,-0.379064,2.445,2.48198
-0.188363,-0.379064,2.445,2.48137
-0.180427,-0.379064,2.445,2.48078
-0.172491,-0.379064,2.445,2.48022
-0.164555,-0.379064,2.445,2.47968
-0.156619,-0.379064,2.445,2.47916
-0.148683,-0.379064,2.445,2.47867
-0.140747,-0.379064,2.445,2.47821
-0.132812,-0.379064,2.445,2.47777
-0.124876,-0.379064,2.445,2.47736
-0.11694,-0.379064,2.445,2.47697
-0.109004,-0.379064,2.445,2.47661
-0.101068,-0.379064,2.445,2.47627
-0.0931322,-0.379064,2.445,2.47596
-0.0851963,-0.379064,2.445,2.47568
-0.0778293,-0.381854,2.463,2.49364
-0.069835,-0.381854,2.463,2.4934
-0.0618407,-0.381854,2.463,2.49319
-0.0538464,-0.381854,2.463,2.49301
-0.0458521,-0.381854,2.463,2.49285
-0.0378578,-0.381854,2.463,2.49271
-0.0298635,-0.381854,2.463,2.4926
-0.0220291,-0.384645,2.481,2.51074
-0.0139764,-0.384645,2.481,2.51068
-0.00592366,-0.384645,2.481,2.51065
0.00212905,-0.384645,2.481,2.51064
0.0101818,-0.384645,2.481,2.51066
0.0182345,-0.384645,2.481,2.51071
0.0262872,-0.384645,2.481,2.51078
0.0343399,-0.384645,2.481,2.51087
0.0423926,-0.384645,2.481,2.511
0.0504453,-0.384645,2.481,2.51115
0.058498,-0.384645,2.481,2.51132
0.0665507,-0.384645,2.481,2.51152
0.0746034,-0.384645,2.481,2.51175
0.0826561,-0.384645,2.481,2.512
0.0907089,-0.384645,2.481,2.51228
0.098045,-0.381854,2.463,2.49435
0.106039,-0.381854,2.463,2.49468
0.114034,-0.381854,2.463,2.49503
0.122028,-0.381854,2.463,2.49541
0.130022,-0.381854,2.463,2.49581
0.138016,-0.381854,2.463,2.49624
0.146011,-0.381854,2.463,2.4967
0.154005,-0.381854,2.463,2.49718
0.161999,-0.381854,2.463,2.49768
0.169994,-0.381854,2.463,2.49822
0.177988,-0.381854,2.463,2.49877
0.185982,-0.381854,2.463,2.49935
0.193976,-0.381854,2.463,2.49996
0.201971,-0.381854,2.463,2.50059
0.209965,-0.381854,2.463,2.50125
0.217959,-0.381854,2.463,2.50194
0.225954,-0.381854,2.463,2.50265
0.233948,-0.381854,2.463,2.50338
0.241942,-0.381854,2.463,2.50414
0.249936,-0.381854,2.463,2.50493
0.257931,-0.381854,2.463,2.50574
0.265925,-0.381854,2.463,2.50657
0.273919,-0.381854,2.463,2.50743
0.281914,-0.381854,2.463,2.50832
0.292027,-0.384645,2.481,2.52757
0.300079,-0.384645,2.481,2.52851
0.308132,-0.384645,2.481,2.52948
0.316185,-0.384645,2.481,2.53047
0.324237,-0.384645,2.481,2.53149
0.33229,-0.384645,2.481,2.53253
0.340343,-0.384645,2.481,2.5336
0.348396,-0.384645,2.481,2.5347
0.356448,-0.384645,2.481,2.53582
0.364501,-0.384645,2.481,2.53696
0.375257,-0.387436,2.499,2.55655
0.383368,-0.387436,2.499,2.55775
0.391479,-0.387436,2.499,2.55898
0.39959,-0.387436,2.499,2.56023
0.410638,-0.390226,2.517,2.57996
0.418807,-0.390226,2.517,2.58127
0.4302,-0.393172,2.536,2.60211
0.438431,-0.393172,2.536,2.60348
0.446662,-0.393172,2.536,2.60488
0.454894,-0.393172,2.536,2.6063
0.463125,-0.393172,2.536,2.60775
0.471356,-0.393172,2.536,2.60923
0.479587,-0.393172,2.536,2.61072
0.487819,-0.393172,2.536,2.61225
0.49605,-0.393172,2.536,2.6138
0.500503,-0.390226,2.517,2.59578
0.508672,-0.390226,2.517,2.59737
0.516842,-0.390226,2.517,2.59898
0.525012,-0.390226,2.517,2.60062
0.533181,-0.390226,2.517,2.60228
0.541351,-0.390226,2.517,2.60396
0.54952,-0.390226,2.517,2.60567
0.553702,-0.387436,2.499,2.58876
0.561813,-0.387436,2.499,2.59051
0.569924,-0.387436,2.499,2.59228
0.578035,-0.387436,2.499,2.59408
0.586146,-0.387436,2.499,2.5959
0.594257,-0.387436,2.499,2.59774
0.602368,-0.387436,2.499,2.59961
0.610479,-0.387436,2.499,2.6015
0.618591,-0.387436,2.499,2.60341
0.626702,-0.387436,2.499,2.60535
0.634813,-0.387436,2.499,2.60732
0.642924,-0.387436,2.499,2.6093
0.651035,-0.387436,2.499,2.61131
0.659146,-0.387436,2.499,2.61335
0.672064,-0.390226,2.517,2.63424
0.680233,-0.390226,2.517,2.63634
0.688403,-0.390226,2.517,2.63846
0.696572,-0.390226,2.517,2.6406
0.704742,-0.390226,2.517,2.64277
0.712911,-0.390226,2.517,2.64496
0.721081,-0.390226,2.517,2.64717
0.729251,-0.390226,2.517,2.64941
0.73742,-0.390226,2.517,2.65167
0.74559,-0.390226,2.517,2.65395
0.753759,-0.390226,2.517,2.65626
0.761929,-0.390226,2.517,2.65859
0.770098,-0.390226,2.517,2.66094
0.778268,-0.390226,2.517,2.66332
0.786437,-0.390226,2.517,2.66572
0.794607,-0.390226,2.517,2.66814
0.802777,-0.390226,2.517,2.67058
0.810946,-0.390226,2.517,2.67305
0.819116,-0.390226,2.517,2.67554
0.827285,-0.390226,2.517,2.67805
0.835455,-0.390226,2.517,2.68059
0.843624,-0.390226,2.517,2.68315
0.851794,-0.390226,2.517,2.68573
0.859963,-0.390226,2.517,2.68833
0.868133,-0.390226,2.517,2.69095
0.870036,-0.387436,2.499,2.67434
0.878147,-0.387436,2.499,2.67699
0.886258,-0.387436,2.499,2.67966
0.887927,-0.384645,2.481,2.66303
0.89598,-0.384645,2.481,2.66573
0.904033,-0.384645,2.481,2.66844
0.912085,-0.384645,2.481,2.67118
0.913462,-0.381854,2.463,2.65454
0.921457,-0.381854,2.463,2.6573
0.929451,-0.381854,2.463,2.66009
0.937445,-0.381854,2.463,2.66289
0.945439,-0.381854,2.463,2.66572
0.946466,-0.379064,2.445,2.64906
0.954402,-0.379064,2.445,2.6519
0.962338,-0.379064,2.445,2.65477
0.970273,-0.379064,2.445,2.65766
0.978209,-0.379064,2.445,2.66057
0.986145,-0.379064,2.445,2.66349
nan,nan,nan,NaN
nan,nan,nan,NaN
nan,nan,nan,NaN
nan,nan,nan,NaN
nan,nan,nan,NaN
nan,nan,nan,NaN
nan,nan,nan,NaN
nan,nan,nan,NaN
nan,nan,nan,NaN
nan,nan,nan,NaN
nan,nan,nan,NaN
nan,nan,nan,NaN
nan,nan,nan,NaN
1.39658,-0.482473,3.112,3.44496
1.40668,-0.482473,3.112,3.44907
1.41678,-0.482473,3.112,3.4532
1.42688,-0.482473,3.112,3.45736
1.45037,-0.486969,3.141,3.49379
1.46057,-0.486969,3.141,3.49804
1.47076,-0.486969,3.141,3.50231
1.48096,-0.486969,3.141,3.5066
1.49115,-0.486969,3.141,3.51092
1.50135,-0.486969,3.141,3.51526
1.51154,-0.486969,3.141,3.51963
1.52174,-0.486969,3.141,3.52402
1.53193,-0.486969,3.141,3.52843
1.54213,-0.486969,3.141,3.53287
1.55232,-0.486969,3.141,3.53733
1.56252,-0.486969,3.141,3.54182
1.57271,-0.486969,3.141,3.54633
1.59752,-0.491465,3.17,3.58364
1.60781,-0.491465,3.17,3.58824
1.6181,-0.491465,3.17,3.59287
1.64328,-0.495961,3.199,3.63042
1.66969,-0.500767,3.23,3.67036
1.68018,-0.500767,3.23,3.67514
1.72311,-0.51038,3.292,3.75058
1.75065,-0.515341,3.324,3.79201
1.76144,-0.515341,3.324,3.797
1.78929,-0.520302,3.356,3.83862
1.81788,-0.525418,3.389,3.88151
1.82888,-0.525418,3.389,3.88667
1.87734,-0.536116,3.458,3.9711
1.90768,-0.541542,3.493,4.01666
1.9388,-0.547123,3.529,4.06351
1.95025,-0.547123,3.529,4.06899
1.98227,-0.552859,3.566,4.11721
2.0151,-0.558751,3.604,4.16673
2.02679,-0.558751,3.604,4.1724
2.03849,-0.558751,3.604,4.17809
2.05019,-0.558751,3.604,4.18381
2.06189,-0.558751,3.604,4.18956
2.07358,-0.558751,3.604,4.19533
2.08528,-0.558751,3.604,4.20112
2.09698,-0.558751,3.604,4.20694
2.10868,-0.558751,3.604,4.21278
2.09802,-0.552859,3.566,4.17417
2.10959,-0.552859,3.566,4.18
2.09916,-0.547123,3.529,4.14242
2.06815,-0.536116,3.458,4.06478
2.07937,-0.536116,3.458,4.0705
2.06944,-0.530689,3.423,4.03499
2.05988,-0.525418,3.389,4.00056
2.07088,-0.525418,3.389,4.00624
2.04195,-0.515341,3.324,3.93499
1.99469,-0.500767,3.23,3.82916
2.00517,-0.500767,3.23,3.83463
1.97821,-0.491465,3.17,3.76879
1.93456,-0.478132,3.084,3.67181
1.94457,-0.478132,3.084,3.67709
1.92035,-0.46976,3.03,3.61792
1.89642,-0.461543,2.977,3.55977
1.90609,-0.461543,2.977,3.56493
1.89902,-0.457512,2.951,3.53893
1.86074,-0.446039,2.877,3.4552
1.87007,-0.446039,2.877,3.46024
1.86373,-0.442319,2.853,3.43639
1.85724,-0.438598,2.829,3.41247
1.83607,-0.431466,2.783,3.36191
1.84511,-0.431466,2.783,3.36685
1.83948,-0.428055,2.761,3.34515
1.83371,-0.424644,2.739,3.32339
1.8426,-0.424644,2.739,3.32831
1.82243,-0.417978,2.696,3.28091
1.81691,-0.414722,2.675,3.26018
-2.60982,-0.571039,3.762,4.6141
-2.54168,-0.558744,3.681,4.50801
-2.52974,-0.558744,3.681,4.50128
-2.51779,-0.558744,3.681,4.49458
-2.47929,-0.552824,3.642,4.44034
-2.46747,-0.552824,3.642,4.43376
-2.43003,-0.547056,3.604,4.38099
-2.39283,-0.541288,3.566,4.32839
-2.38126,-0.541288,3.566,4.32201
-2.36968,-0.541288,3.566,4.31564
-2.33364,-0.535672,3.529,4.26458
-2.32219,-0.535672,3.529,4.25833
-2.31073,-0.535672,3.529,4.25209
-2.27582,-0.530208,3.493,4.20256
-2.24179,-0.524895,3.458,4.15439
-2.23057,-0.524895,3.458,4.14834
-2.21935,-0.524895,3.458,4.14232
-2.18577,-0.519582,3.423,4.09445
-2.17466,-0.519582,3.423,4.08853
-2.16355,-0.519582,3.423,4.08263
-2.13106,-0.514421,3.389,4.03626
-2.12006,-0.514421,3.389,4.03046
-2.08853,-0.509412,3.356,3.9855
-2.07763,-0.509412,3.356,3.9798
-2.04703,-0.504555,3.324,3.93623
-2.03625,-0.504555,3.324,3.93063
-2.02546,-0.504555,3.324,3.92505
-2.01467,-0.504555,3.324,3.91949
-2.00388,-0.504555,3.324,3.91396
-1.99309,-0.504555,3.324,3.90845
nan,nan,nan,NaN
nan,nan,nan,NaN
nan,nan,nan,NaN
nan,nan,nan,NaN
nan,nan,nan,NaN
nan,nan,nan,NaN
nan,nan,nan,NaN
nan,nan,nan,NaN
nan,nan,nan,NaN
nan,nan,nan,NaN
nan,nan,nan,NaN
nan,nan,nan,NaN
nan,nan,nan,NaN
nan,nan,nan,NaN
nan,nan,nan,NaN
nan,nan,nan,NaN
nan,nan,nan,NaN
nan,nan,nan,NaN
nan,nan,nan,NaN
nan,nan,nan,NaN
nan,nan,nan,NaN
nan,nan,nan,NaN
nan,nan,nan,NaN
nan,nan,nan,NaN
nan,nan,nan,NaN
nan,nan,nan,NaN
nan,nan,nan,NaN
nan,nan,nan,NaN
nan,nan,nan,NaN
nan,nan,nan,NaN
nan,nan,nan,NaN
nan,nan,nan,NaN
-1.16278,-0.35838,2.361,2.65609
-1.15512,-0.35838,2.361,2.65275
-1.14746,-0.35838,2.361,2.64942
-1.13979,-0.35838,2.361,2.64611
-1.13213,-0.35838,2.361,2.64282
-1.12447,-0.35838,2.361,2.63954
-1.1168,-0.35838,2.361,2.63629
-1.10914,-0.35838,2.361,2.63305
-1.10148,-0.35838,2.361,2.62983
-1.09381,-0.35838,2.361,2.62663
-1.08615,-0.35838,2.361,2.62345
-1.07849,-0.35838,2.361,2.62029
-1.07082,-0.35838,2.361,2.61714
-1.05596,-0.355951,2.345,2.5963
-1.04835,-0.355951,2.345,2.59321
-1.04073,-0.355951,2.345,2.59015
-1.03312,-0.355951,2.345,2.5871
-1.02551,-0.355951,2.345,2.58407
-1.0179,-0.355951,2.345,2.58106
-1.01029,-0.355951,2.345,2.57806
-1.00268,-0.355951,2.345,2.57509
-0.995066,-0.355951,2.345,2.57214
-0.987455,-0.355951,2.345,2.5692
-0.979844,-0.355951,2.345,2.56629
-0.972232,-0.355951,2.345,2.56339
-0.964621,-0.355951,2.345,2.56051
-0.95701,-0.355951,2.345,2.55765
-0.949399,-0.355951,2.345,2.55482
-0.935362,-0.353522,2.329,2.53458
-0.927802,-0.353522,2.329,2.5318
-0.926565,-0.355951,2.345,2.54642
-0.918953,-0.355951,2.345,2.54366
-0.911342,-0.355951,2.345,2.54092
-0.897565,-0.353522,2.329,2.52088
-0.890005,-0.353522,2.329,2.5182
-0.882446,-0.353522,2.329,2.51554
-0.874887,-0.353522,2.329,2.5129
-0.867327,-0.353522,2.329,2.51027
-0.859768,-0.353522,2.329,2.50767
-0.852209,-0.353522,2.329,2.50509
-0.844649,-0.353522,2.329,2.50253
-0.83709,-0.353522,2.329,2.49999
-0.829531,-0.353522,2.329,2.49747
-0.821971,-0.353522,2.329,2.49497
-0.814412,-0.353522,2.329,2.49249
-0.806852,-0.353522,2.329,2.49003
-0.804784,-0.355951,2.345,2.50468
-0.797173,-0.355951,2.345,2.50224
-0.789562,-0.355951,2.345,2.49983
-0.78195,-0.355951,2.345,2.49743
-0.774339,-0.355951,2.345,2.49506
-0.771959,-0.35838,2.361,2.50972
-0.764296,-0.35838,2.361,2.50737
-0.756633,-0.35838,2.361,2.50504
-0.754045,-0.360808,2.377,2.5197
-0.74633,-0.360808,2.377,2.5174
-0.738615,-0.360808,2.377,2.51513
-0.736127,-0.363389,2.394,2.53084
-0.728357,-0.363389,2.394,2.52859
-0.720586,-0.363389,2.394,2.52637
-0.712816,-0.363389,2.394,2.52416
-0.710052,-0.365969,2.411,2.53989
-0.702227,-0.365969,2.411,2.53771
-0.694401,-0.365969,2.411,2.53556
-0.691417,-0.36855,2.428,2.55129
-0.683536,-0.36855,2.428,2.54916
-0.675655,-0.36855,2.428,2.54706
-0.67245,-0.37113,2.445,2.5628
-0.664514,-0.37113,2.445,2.56073
-0.656578,-0.37113,2.445,2.55868
-0.653418,-0.373862,2.463,2.57548
-0.645424,-0.373862,2.463,2.57346
-0.637429,-0.373862,2.463,2.57147
-0.629435,-0.373862,2.463,2.5695
-0.621441,-0.373862,2.463,2.56755
-0.613446,-0.373862,2.463,2.56563
-0.605452,-0.373862,2.463,2.56373
-0.597458,-0.373862,2.463,2.56185
-0.589464,-0.373862,2.463,2.56
-0.581469,-0.373862,2.463,2.55817
-0.573475,-0.373862,2.463,2.55637
-0.565481,-0.373862,2.463,2.55459
-0.557486,-0.373862,2.463,2.55283
-0.549492,-0.373862,2.463,2.55109
-0.541498,-0.373862,2.463,2.54938
-0.533504,-0.373862,2.463,2.5477
-0.525509,-0.373862,2.463,2.54604
-0.517515,-0.373862,2.463,2.5444
-0.509521,-0.373862,2.463,2.54278
-0.501526,-0.373862,2.463,2.54119
-0.493532,-0.373862,2.463,2.53963
-0.485538,-0.373862,2.463,2.53809
-0.477544,-0.373862,2.463,2.53657
-0.469549,-0.373862,2.463,2.53508
-0.461555,-0.373862,2.463,2.53361
-0.453561,-0.373862,2.463,2.53217
-0.445566,-0.373862,2.463,2.53075
-0.437572,-0.373862,2.463,2.52935
-0.429578,-0.373862,2.463,2.52798
-0.421584,-0.373862,2.463,2.52663
-0.413589,-0.373862,2.463,2.52531
-0.405595,-0.373862,2.463,2.52401
-0.397601,-0.373862,2.463,2.52274
-0.389606,-0.373862,2.463,2.52149
-0.381612,-0.373862,2.463,2.52027
-0.373618,-0.373862,2.463,2.51907
-0.365624,-0.373862,2.463,2.5179
-0.357629,-0.373862,2.463,2.51675
-0.349635,-0.373862,2.463,2.51563
-0.339144,-0.37113,2.445,2.49615
-0.331208,-0.37113,2.445,2.49509
-0.323272,-0.37113,2.445,2.49405
-0.315336,-0.37113,2.445,2.49303
-0.3074,-0.37113,2.445,2.49204
-0.299465,-0.37113,2.445,2.49107
-0.291529,-0.37113,2.445,2.49013
-0.281621,-0.36855,2.428,2.47191
-0.27374,-0.36855,2.428,2.47102
-0.26586,-0.36855,2.428,2.47016
-0.257979,-0.36855,2.428,2.46933
-0.250098,-0.36855,2.428,2.46851
-0.242218,-0.36855,2.428,2.46773
-0.234337,-0.36855,2.428,2.46697
-0.228042,-0.37113,2.445,2.4835
-0.220106,-0.37113,2.445,2.48278
-0.21217,-0.37113,2.445,2.48209
-0.204234,-0.37113,2.445,2.48143
-0.196298,-0.37113,2.445,2.48079
-0.188363,-0.37113,2.445,2.48017
-0.180427,-0.37113,2.445,2.47958
-0.172491,-0.37113,2.445,2.47902
-0.164555,-0.37113,2.445,2.47848
-0.156619,-0.37113,2.445,2.47796
-0.148683,-0.37113,2.445,2.47747
-0.140747,-0.37113,2.445,2.47701
-0.132812,-0.37113,2.445,2.47657
-0.124876,-0.37113,2.445,2.47616
-0.11694,-0.37113,2.445,2.47577
-0.109004,-0.37113,2.445,2.47541
-0.101068,-0.37113,2.445,2.47507
-0.0938178,-0.373862,2.463,2.49298
-0.0858236,-0.373862,2.463,2.49269
-0.0778293,-0.373862,2.463,2.49243
-0.069835,-0.373862,2.463,2.49219
-0.0618407,-0.373862,2.463,2.49198
-0.0538464,-0.373862,2.463,2.49179
-0.0458521,-0.373862,2.463,2.49163
-0.0378578,-0.373862,2.463,2.4915
-0.0298635,-0.373862,2.463,2.49139
-0.0218693,-0.373862,2.463,2.49131
-0.013875,-0.373862,2.463,2.49125
-0.00592366,-0.376595,2.481,2.50943
0.00212905,-0.376595,2.481,2.50942
0.0101818,-0.376595,2.481,2.50944
0.0182345,-0.376595,2.481,2.50949
0.0262872,-0.376595,2.481,2.50956
0.0343399,-0.376595,2.481,2.50965
0.0423926,-0.376595,2.481,2.50978
0.0504453,-0.376595,2.481,2.50993
0.058498,-0.376595,2.481,2.5101
0.0665507,-0.376595,2.481,2.5103
0.0746034,-0.376595,2.481,2.51053
0.0826561,-0.376595,2.481,2.51078
0.0907089,-0.376595,2.481,2.51106
0.0987616,-0.376595,2.481,2.51136
0.106039,-0.373862,2.463,2.49347
0.114034,-0.373862,2.463,2.49382
0.122028,-0.373862,2.463,2.4942
0.130022,-0.373862,2.463,2.4946
0.138016,-0.373862,2.463,2.49503
0.146011,-0.373862,2.463,2.49549
0.154005,-0.373862,2.463,2.49597
0.161999,-0.373862,2.463,2.49647
0.169994,-0.373862,2.463,2.49701
0.177988,-0.373862,2.463,2.49756
0.185982,-0.373862,2.463,2.49815
0.193976,-0.373862,2.463,2.49875
0.201971,-0.373862,2.463,2.49939
0.209965,-0.373862,2.463,2.50005
0.217959,-0.373862,2.463,2.50073
0.225954,-0.373862,2.463,2.50144
0.233948,-0.373862,2.463,2.50217
0.241942,-0.373862,2.463,2.50293
0.249936,-0.373862,2.463,2.50372
0.257931,-0.373862,2.463,2.50453
0.267868,-0.376595,2.481,2.52368
0.275921,-0.376595,2.481,2.52454
0.283974,-0.376595,2.481,2.52544
0.292027,-0.376595,2.481,2.52635
0.300079,-0.376595,2.481,2.5273
0.308132,-0.376595,2.481,2.52827
0.316185,-0.376595,2.481,2.52926
0.324237,-0.376595,2.481,2.53028
0.33229,-0.376595,2.481,2.53132
0.340343,-0.376595,2.481,2.53239
0.348396,-0.376595,2.481,2.53349
0.356448,-0.376595,2.481,2.53461
0.364501,-0.376595,2.481,2.53575
0.375257,-0.379327,2.499,2.55533
0.383368,-0.379327,2.499,2.55653
0.391479,-0.379327,2.499,2.55776
0.39959,-0.379327,2.499,2.55902
0.410638,-0.382059,2.517,2.57874
0.418807,-0.382059,2.517,2.58005
0.426977,-0.382059,2.517,2.58139
0.438431,-0.384943,2.536,2.60225
0.446662,-0.384943,2.536,2.60365
0.454894,-0.384943,2.536,2.60507
0.463125,-0.384943,2.536,2.60652
0.471356,-0.384943,2.536,2.608
0.475994,-0.382059,2.517,2.58995
0.484164,-0.382059,2.517,2.59146
0.492333,-0.382059,2.517,2.593
0.500503,-0.382059,2.517,2.59456
0.508672,-0.382059,2.517,2.59615
0.516842,-0.382059,2.517,2.59777
0.525012,-0.382059,2.517,2.5994
0.533181,-0.382059,2.517,2.60107
0.541351,-0.382059,2.517,2.60275
0.54952,-0.382059,2.517,2.60446
0.553702,-0.379327,2.499,2.58756
0.561813,-0.379327,2.499,2.58931
0.569924,-0.379327,2.499,2.59108
0.578035,-0.379327,2.499,2.59288
0.586146,-0.379327,2.499,2.5947
0.594257,-0.379327,2.499,2.59654
0.602368,-0.379327,2.499,2.59841
0.610479,-0.379327,2.499,2.6003
0.618591,-0.379327,2.499,2.60222
0.626702,-0.379327,2.499,2.60416
0.634813,-0.379327,2.499,2.60612
0.642924,-0.379327,2.499,2.60811
0.651035,-0.379327,2.499,2.61012
0.659146,-0.379327,2.499,2.61216
0.672064,-0.382059,2.517,2.63305
0.680233,-0.382059,2.517,2.63514
0.688403,-0.382059,2.517,2.63726
0.696572,-0.382059,2.517,2.63941
0.704742,-0.382059,2.517,2.64158
0.712911,-0.382059,2.517,2.64377
0.721081,-0.382059,2.517,2.64598
0.729251,-0.382059,2.517,2.64822
0.73742,-0.382059,2.517,2.65048
0.74559,-0.382059,2.517,2.65277
0.753759,-0.382059,2.517,2.65507
0.761929,-0.382059,2.517,2.6574
0.770098,-0.382059,2.517,2.65976
0.778268,-0.382059,2.517,2.66213
0.786437,-0.382059,2.517,2.66453
0.794607,-0.382059,2.517,2.66696
0.802777,-0.382059,2.517,2.6694
0.810946,-0.382059,2.517,2.67187
0.819116,-0.382059,2.517,2.67436
0.827285,-0.382059,2.517,2.67688
0.835455,-0.382059,2.517,2.67941
0.843624,-0.382059,2.517,2.68197
0.851794,-0.382059,2.517,2.68455
0.859963,-0.382059,2.517,2.68715
0.868133,-0.382059,2.517,2.68978
0.870036,-0.379327,2.499,2.67317
0.878147,-0.379327,2.499,2.67582
0.886258,-0.379327,2.499,2.6785
0.887927,-0.376595,2.481,2.66188
0.89598,-0.376595,2.481,2.66458
0.904033,-0.376595,2.481,2.66729
0.912085,-0.376595,2.481,2.67003
0.913462,-0.373862,2.463,2.6534
0.921457,-0.373862,2.463,2.65617
0.929451,-0.373862,2.463,2.65895
0.937445,-0.373862,2.463,2.66176
0.945439,-0.373862,2.463,2.66458
0.946466,-0.37113,2.445,2.64794
0.954402,-0.37113,2.445,2.65078
0.962338,-0.37113,2.445,2.65365
0.970273,-0.37113,2.445,2.65654
0.978209,-0.37113,2.445,2.65945
0.986145,-0.37113,2.445,2.66238
0.994081,-0.37113,2.445,2.66533
1.00202,-0.37113,2.445,2.6683
nan,nan,nan,NaN
nan,nan,nan,NaN
nan,nan,nan,NaN
nan,nan,nan,NaN
nan,nan,nan,NaN
nan,nan,nan,NaN
nan,nan,nan,NaN
nan,nan,nan,NaN
nan,nan,nan,NaN
nan,nan,nan,NaN
nan,nan,nan,NaN
1.39658,-0.472375,3.112,3.44356
1.40668,-0.472375,3.112,3.44767
1.41678,-0.472375,3.112,3.4518
1.42688,-0.472375,3.112,3.45596
1.45037,-0.476777,3.141,3.49239
1.46057,-0.476777,3.141,3.49663
1.47076,-0.476777,3.141,3.50091
1.48096,-0.476777,3.141,3.5052
1.49115,-0.476777,3.141,3.50952
1.50135,-0.476777,3.141,3.51386
1.51154,-0.476777,3.141,3.51823
1.52174,-0.476777,3.141,3.52262
1.53193,-0.476777,3.141,3.52704
1.54213,-0.476777,3.141,3.53148
1.55232,-0.476777,3.141,3.53594
1.56252,-0.476777,3.141,3.54043
1.57271,-0.476777,3.141,3.54494
1.59752,-0.481179,3.17,3.58225
1.60781,-0.481179,3.17,3.58685
1.6181,-0.481179,3.17,3.59147
1.64328,-0.485581,3.199,3.62902
1.66969,-0.490286,3.23,3.66894
1.68018,-0.490286,3.23,3.67373
1.72311,-0.499698,3.292,3.74914
1.75065,-0.504555,3.324,3.79056
1.76144,-0.504555,3.324,3.79555
1.78929,-0.509412,3.356,3.83716
1.81788,-0.514421,3.389,3.88003
1.82888,-0.514421,3.389,3.8852
1.85834,-0.519582,3.423,3.92942
1.90768,-0.530208,3.493,4.01515
1.9388,-0.535672,3.529,4.06199
1.95025,-0.535672,3.529,4.06746
1.96171,-0.535672,3.529,4.07297
1.99385,-0.541288,3.566,4.12126
2.00542,-0.541288,3.566,4.12687
2.017,-0.541288,3.566,4.13251
2.05019,-0.547056,3.604,4.18227
2.06189,-0.547056,3.604,4.18801
2.07358,-0.547056,3.604,4.19379
2.08528,-0.547056,3.604,4.19958
2.09698,-0.547056,3.604,4.2054
2.10868,-0.547056,3.604,4.21125
2.09802,-0.541288,3.566,4.17265
2.10959,-0.541288,3.566,4.17848
2.09916,-0.535672,3.529,4.14092
2.06815,-0.524895,3.458,4.06331
2.07937,-0.524895,3.458,4.06904
2.06944,-0.519582,3.423,4.03354
2.05988,-0.514421,3.389,3.99913
2.07088,-0.514421,3.389,4.00481
2.04195,-0.504555,3.324,3.93359
2.01322,-0.49484,3.26,3.86335
2.0238,-0.49484,3.26,3.86888
1.97821,-0.481179,3.17,3.76746
1.93456,-0.468125,3.084,3.67052
1.94457,-0.468125,3.084,3.6758
1.92035,-0.459928,3.03,3.61665
1.89642,-0.451883,2.977,3.55853
1.90609,-0.451883,2.977,3.56369
1.89902,-0.447937,2.951,3.5377
1.87626,-0.440347,2.901,3.48282
1.88567,-0.440347,2.901,3.4879
1.87941,-0.436704,2.877,3.46411
1.85724,-0.429418,2.829,3.4113
1.83607,-0.422436,2.783,3.36076
1.84511,-0.422436,2.783,3.3657
1.83948,-0.419096,2.761,3.34402
1.83371,-0.415757,2.739,3.32227
1.8426,-0.415757,2.739,3.32719
1.82243,-0.40923,2.696,3.27981
1.81691,-0.406042,2.675,3.25909
-2.60982,-0.558832,3.762,4.6126
-2.5693,-0.552742,3.721,4.55551
-2.55722,-0.552742,3.721,4.54871
-2.51779,-0.5468,3.681,4.49311
-2.47929,-0.541007,3.642,4.43889
-2.46747,-0.541007,3.642,4.4323
-2.43003,-0.535362,3.604,4.37955
-2.39283,-0.529717,3.566,4.32696
-2.38126,-0.529717,3.566,4.32057
-2.36968,-0.529717,3.566,4.3142
-2.35811,-0.529717,3.566,4.30786
-2.32219,-0.524221,3.529,4.2569
-2.31073,-0.524221,3.529,4.25066
-2.27582,-0.518873,3.493,4.20115
-2.26448,-0.518873,3.493,4.19502
-2.25315,-0.518873,3.493,4.18891
-2.21935,-0.513674,3.458,4.14091
-2.18577,-0.508475,3.423,4.09305
-2.17466,-0.508475,3.423,4.08713
-2.16355,-0.508475,3.423,4.08123
-2.13106,-0.503425,3.389,4.03487
-2.12006,-0.503425,3.389,4.02907
-2.08853,-0.498522,3.356,3.98412
-2.07763,-0.498522,3.356,3.97842
-2.04703,-0.493769,3.324,3.93486
-2.03625,-0.493769,3.324,3.92926
-2.02546,-0.493769,3.324,3.92368
-2.01467,-0.493769,3.324,3.91812
-2.00388,-0.493769,3.324,3.91258
-1.99309,-0.493769,3.324,3.90707
nan,nan,nan,NaN
nan,nan,nan,NaN
nan,nan,nan,NaN
nan,nan,nan,NaN
nan,nan,nan,NaN
nan,nan,nan,NaN
nan,nan,nan,NaN
nan,nan,nan,NaN
nan,nan,nan,NaN
nan,nan,nan,NaN
nan,nan,nan,NaN
nan,nan,nan,NaN
nan,nan,nan,NaN
nan,nan,nan,NaN
nan,nan,nan,NaN
nan,nan,nan,NaN
nan,nan,nan,NaN
nan,nan,nan,NaN
nan,nan,nan,NaN
nan,nan,nan,NaN
nan,nan,nan,NaN
nan,nan,nan,NaN
nan,nan,nan,NaN
nan,nan,nan,NaN
nan,nan,nan,NaN
nan,nan,nan,NaN
nan,nan,nan,NaN
nan,nan,nan,NaN
nan,nan,nan,NaN
nan,nan,nan,NaN
nan,nan,nan,NaN
nan,nan,nan,NaN
-1.17066,-0.353095,2.377,2.67306
-1.16295,-0.353095,2.377,2.66969
-1.15523,-0.353095,2.377,2.66634
-1.13979,-0.350719,2.361,2.64508
-1.13213,-0.350719,2.361,2.64179
-1.12447,-0.350719,2.361,2.63851
-1.1168,-0.350719,2.361,2.63526
-1.10914,-0.350719,2.361,2.63202
-1.10148,-0.350719,2.361,2.6288
-1.09381,-0.350719,2.361,2.6256
-1.08615,-0.350719,2.361,2.62241
-1.07849,-0.350719,2.361,2.61925
-1.07082,-0.350719,2.361,2.6161
-1.05596,-0.348342,2.345,2.59527
-1.04835,-0.348342,2.345,2.59218
-1.04073,-0.348342,2.345,2.58911
-1.03312,-0.348342,2.345,2.58606
-1.02551,-0.348342,2.345,2.58303
-1.0179,-0.348342,2.345,2.58002
-1.01029,-0.348342,2.345,2.57702
-1.00268,-0.348342,2.345,2.57405
-0.995066,-0.348342,2.345,2.57109
-0.987455,-0.348342,2.345,2.56816
-0.979844,-0.348342,2.345,2.56524
-0.972232,-0.348342,2.345,2.56234
-0.964621,-0.348342,2.345,2.55947
-0.95701,-0.348342,2.345,2.55661
-0.949399,-0.348342,2.345,2.55377
-0.935362,-0.345965,2.329,2.53354
-0.927802,-0.345965,2.329,2.53076
-0.926565,-0.348342,2.345,2.54537
-0.918953,-0.348342,2.345,2.54261
-0.911342,-0.348342,2.345,2.53986
-0.897565,-0.345965,2.329,2.51983
-0.890005,-0.345965,2.329,2.51715
-0.882446,-0.345965,2.329,2.51449
-0.874887,-0.345965,2.329,2.51184
-0.867327,-0.345965,2.329,2.50922
-0.859768,-0.345965,2.329,2.50662
-0.852209,-0.345965,2.329,2.50404
-0.844649,-0.345965,2.329,2.50147
-0.83709,-0.345965,2.329,2.49893
-0.829531,-0.345965,2.329,2.49641
-0.821971,-0.345965,2.329,2.49391
-0.814412,-0.345965,2.329,2.49143
-0.806852,-0.345965,2.329,2.48896
-0.804784,-0.348342,2.345,2.50361
-0.797173,-0.348342,2.345,2.50117
-0.789562,-0.348342,2.345,2.49875
-0.78195,-0.348342,2.345,2.49636
-0.774339,-0.348342,2.345,2.49399
-0.771959,-0.350719,2.361,2.50863
-0.764296,-0.350719,2.361,2.50629
-0.756633,-0.350719,2.361,2.50396
-0.754045,-0.353095,2.377,2.51861
-0.74633,-0.353095,2.377,2.51631
-0.738615,-0.353095,2.377,2.51403
-0.736127,-0.355621,2.394,2.52974
-0.728357,-0.355621,2.394,2.52749
-0.720586,-0.355621,2.394,2.52526
-0.712816,-0.355621,2.394,2.52306
-0.710052,-0.358146,2.411,2.53877
-0.702227,-0.358146,2.411,2.53659
-0.694401,-0.358146,2.411,2.53444
-0.691417,-0.360671,2.428,2.55016
-0.683536,-0.360671,2.428,2.54804
-0.675655,-0.360671,2.428,2.54593
-0.67245,-0.363196,2.445,2.56166
-0.664514,-0.363196,2.445,2.55959
-0.656578,-0.363196,2.445,2.55754
-0.653418,-0.36587,2.463,2.57433
-0.645424,-0.36587,2.463,2.57231
-0.637429,-0.36587,2.463,2.57032
-0.629435,-0.36587,2.463,2.56835
-0.621441,-0.36587,2.463,2.5664
-0.613446,-0.36587,2.463,2.56448
-0.605452,-0.36587,2.463,2.56258
-0.597458,-0.36587,2.463,2.5607
-0.589464,-0.36587,2.463,2.55885
-0.581469,-0.36587,2.463,2.55702
-0.573475,-0.36587,2.463,2.55521
-0.565481,-0.36587,2.463,2.55343
-0.557486,-0.36587,2.463,2.55167
-0.553508,-0.368544,2.481,2.56857
-0.545455,-0.368544,2.481,2.56685
-0.537403,-0.368544,2.481,2.56515
-0.525509,-0.36587,2.463,2.54488
-0.517515,-0.36587,2.463,2.54324
-0.509521,-0.36587,2.463,2.54162
-0.501526,-0.36587,2.463,2.54003
-0.493532,-0.36587,2.463,2.53847
-0.485538,-0.36587,2.463,2.53692
-0.477544,-0.36587,2.463,2.5354
-0.472981,-0.368544,2.481,2.55243
-0.464928,-0.368544,2.481,2.55095
-0.456875,-0.368544,2.481,2.54949
-0.448823,-0.368544,2.481,2.54806
-0.44077,-0.368544,2.481,2.54666
-0.432717,-0.368544,2.481,2.54528
-0.424665,-0.368544,2.481,2.54392
-0.416612,-0.368544,2.481,2.54259
-0.408559,-0.368544,2.481,2.54128
-0.400506,-0.368544,2.481,2.54
-0.392454,-0.368544,2.481,2.53874
-0.384401,-0.368544,2.481,2.53751
-0.376348,-0.368544,2.481,2.5363
-0.365624,-0.36587,2.463,2.51673
-0.357629,-0.36587,2.463,2.51558
-0.349635,-0.36587,2.463,2.51445
-0.341641,-0.36587,2.463,2.51335
-0.333646,-0.36587,2.463,2.51228
-0.325652,-0.36587,2.463,2.51123
-0.315336,-0.363196,2.445,2.49186
-0.3074,-0.363196,2.445,2.49087
-0.299465,-0.363196,2.445,2.4899
-0.291529,-0.363196,2.445,2.48896
-0.281621,-0.360671,2.428,2.47074
-0.27374,-0.360671,2.428,2.46986
-0.26586,-0.360671,2.428,2.469
-0.257979,-0.360671,2.428,2.46816
-0.250098,-0.360671,2.428,2.46735
-0.242218,-0.360671,2.428,2.46656
-0.234337,-0.360671,2.428,2.4658
-0.228042,-0.363196,2.445,2.48233
-0.220106,-0.363196,2.445,2.48161
-0.21217,-0.363196,2.445,2.48092
-0.204234,-0.363196,2.445,2.48025
-0.196298,-0.363196,2.445,2.47961
-0.188363,-0.363196,2.445,2.479
-0.180427,-0.363196,2.445,2.4784
-0.172491,-0.363196,2.445,2.47784
-0.164555,-0.363196,2.445,2.4773
-0.156619,-0.363196,2.445,2.47679
-0.148683,-0.363196,2.445,2.4763
-0.140747,-0.363196,2.445,2.47583
-0.132812,-0.363196,2.445,2.47539
-0.124876,-0.363196,2.445,2.47498
-0.11694,-0.363196,2.445,2.47459
-0.109806,-0.36587,2.463,2.49245
-0.101812,-0.36587,2.463,2.49211
-0.0938178,-0.36587,2.463,2.49179
-0.0858236,-0.36587,2.463,2.4915
-0.0778293,-0.36587,2.463,2.49124
-0.069835,-0.36587,2.463,2.49101
-0.0618407,-0.36587,2.463,2.49079
-0.0538464,-0.36587,2.463,2.49061
-0.0458521,-0.36587,2.463,2.49045
-0.0378578,-0.36587,2.463,2.49031
-0.0298635,-0.36587,2.463,2.49021
-0.0218693,-0.36587,2.463,2.49012
-0.013875,-0.36587,2.463,2.49006
-0.00592366,-0.368544,2.481,2.50823
0.00212905,-0.368544,2.481,2.50822
0.0101818,-0.368544,2.481,2.50824
0.0182345,-0.368544,2.481,2.50829
0.0262872,-0.368544,2.481,2.50836
0.0343399,-0.368544,2.481,2.50846
0.0423926,-0.368544,2.481,2.50858
0.0504453,-0.368544,2.481,2.50873
0.058498,-0.368544,2.481,2.50891
0.0665507,-0.368544,2.481,2.50911
0.0746034,-0.368544,2.481,2.50933
0.0826561,-0.368544,2.481,2.50959
0.0907089,-0.368544,2.481,2.50986
0.0987616,-0.368544,2.481,2.51017
0.106039,-0.36587,2.463,2.49228
0.114034,-0.36587,2.463,2.49264
0.122028,-0.36587,2.463,2.49301
0.130022,-0.36587,2.463,2.49342
0.138016,-0.36587,2.463,2.49385
0.146011,-0.36587,2.463,2.4943
0.154005,-0.36587,2.463,2.49478
0.161999,-0.36587,2.463,2.49529
0.169994,-0.36587,2.463,2.49582
0.177988,-0.36587,2.463,2.49638
0.185982,-0.36587,2.463,2.49696
0.195394,-0.368544,2.481,2.51582
0.201971,-0.36587,2.463,2.4982
0.209965,-0.36587,2.463,2.49886
0.217959,-0.36587,2.463,2.49955
0.225954,-0.36587,2.463,2.50026
0.233948,-0.36587,2.463,2.50099
0.24371,-0.368544,2.481,2.52004
0.251763,-0.368544,2.481,2.52083
0.259816,-0.368544,2.481,2.52164
0.267868,-0.368544,2.481,2.52249
0.275921,-0.368544,2.481,2.52335
0.283974,-0.368544,2.481,2.52425
0.292027,-0.368544,2.481,2.52517
0.300079,-0.368544,2.481,2.52611
0.308132,-0.368544,2.481,2.52708
0.318479,-0.371218,2.499,2.54642
0.32659,-0.371218,2.499,2.54744
0.334701,-0.371218,2.499,2.5485
0.342812,-0.371218,2.499,2.54957
0.350923,-0.371218,2.499,2.55068
0.359034,-0.371218,2.499,2.55181
0.367146,-0.371218,2.499,2.55296
0.375257,-0.371218,2.499,2.55414
0.383368,-0.371218,2.499,2.55534
0.391479,-0.371218,2.499,2.55657
0.39959,-0.371218,2.499,2.55783
0.410638,-0.373892,2.517,2.57754
0.418807,-0.373892,2.517,2.57885
0.426977,-0.373892,2.517,2.58019
0.438431,-0.376714,2.536,2.60104
0.446662,-0.376714,2.536,2.60244
0.454894,-0.376714,2.536,2.60387
0.463125,-0.376714,2.536,2.60532
0.471356,-0.376714,2.536,2.6068
0.475994,-0.373892,2.517,2.58876
0.484164,-0.373892,2.517,2.59027
0.492333,-0.373892,2.517,2.59181
0.500503,-0.373892,2.517,2.59337
0.505035,-0.371218,2.499,2.57641
0.513146,-0.371218,2.499,2.57801
0.521257,-0.371218,2.499,2.57963
0.529368,-0.371218,2.499,2.58129
0.537479,-0.371218,2.499,2.58296
0.54559,-0.371218,2.499,2.58466
0.553702,-0.371218,2.499,2.58639
0.561813,-0.371218,2.499,2.58813
0.569924,-0.371218,2.499,2.58991
0.578035,-0.371218,2.499,2.5917
0.586146,-0.371218,2.499,2.59352
0.594257,-0.371218,2.499,2.59537
0.602368,-0.371218,2.499,2.59724
0.610479,-0.371218,2.499,2.59913
0.618591,-0.371218,2.499,2.60105
0.626702,-0.371218,2.499,2.60299
0.634813,-0.371218,2.499,2.60496
0.642924,-0.371218,2.499,2.60694
0.651035,-0.371218,2.499,2.60896
0.659146,-0.371218,2.499,2.61099
0.667257,-0.371218,2.499,2.61305
0.675369,-0.371218,2.499,2.61513
0.68348,-0.371218,2.499,2.61724
0.691591,-0.371218,2.499,2.61937
0.699702,-0.371218,2.499,2.62152
0.707813,-0.371218,2.499,2.6237
0.715924,-0.371218,2.499,2.6259
0.729251,-0.373892,2.517,2.64705
0.73742,-0.373892,2.517,2.64932
0.74559,-0.373892,2.517,2.6516
0.753759,-0.373892,2.517,2.65391
0.761929,-0.373892,2.517,2.65624
0.770098,-0.373892,2.517,2.6586
0.778268,-0.373892,2.517,2.66097
0.786437,-0.373892,2.517,2.66338
0.794607,-0.373892,2.517,2.6658
0.802777,-0.373892,2.517,2.66825
0.810946,-0.373892,2.517,2.67072
0.819116,-0.373892,2.517,2.67321
0.827285,-0.373892,2.517,2.67572
0.835455,-0.373892,2.517,2.67826
0.837591,-0.371218,2.499,2.66165
0.845702,-0.371218,2.499,2.66421
0.853814,-0.371218,2.499,2.6668
0.861925,-0.371218,2.499,2.6694
0.870036,-0.371218,2.499,2.67203
0.871822,-0.368544,2.481,2.65542
0.879874,-0.368544,2.481,2.65808
0.887927,-0.368544,2.481,2.66075
0.89598,-0.368544,2.481,2.66345
0.904033,-0.368544,2.481,2.66617
0.905468,-0.36587,2.463,2.64955
0.913462,-0.36587,2.463,2.65229
0.921457,-0.36587,2.463,2.65505
0.922658,-0.363196,2.445,2.63842
0.930594,-0.363196,2.445,2.6412
0.93853,-0.363196,2.445,2.64401
0.946466,-0.363196,2.445,2.64684
0.954402,-0.363196,2.445,2.64968
0.962338,-0.363196,2.445,2.65255
0.970273,-0.363196,2.445,2.65544
0.978209,-0.363196,2.445,2.65835
0.986145,-0.363196,2.445,2.66128
0.994081,-0.363196,2.445,2.66423
1.00202,-0.363196,2.445,2.6672
nan,nan,nan,NaN
nan,nan,nan,NaN
nan,nan,nan,NaN
nan,nan,nan,NaN
nan,nan,nan,NaN
nan,nan,nan,NaN
nan,nan,nan,NaN
nan,nan,nan,NaN
nan,nan,nan,NaN
nan,nan,nan,NaN
nan,nan,nan,NaN
1.42261,-0.470893,3.17,3.50634
1.4329,-0.470893,3.17,3.51053
1.44318,-0.470893,3.17,3.51474
1.45347,-0.470893,3.17,3.51898
1.46376,-0.470893,3.17,3.52324
1.47405,-0.470893,3.17,3.52753
1.47076,-0.466585,3.141,3.49953
1.48096,-0.466585,3.141,3.50383
1.49115,-0.466585,3.141,3.50815
1.51521,-0.470893,3.17,3.54493
1.5255,-0.470893,3.17,3.54934
1.53579,-0.470893,3.17,3.55377
1.54608,-0.470893,3.17,3.55823
1.55636,-0.470893,3.17,3.56271
1.56665,-0.470893,3.17,3.56722
1.56252,-0.466585,3.141,3.53907
1.57271,-0.466585,3.141,3.54359
1.59752,-0.470893,3.17,3.58088
1.60781,-0.470893,3.17,3.58548
1.6181,-0.470893,3.17,3.59011
1.65921,-0.479806,3.23,3.6628
1.66969,-0.479806,3.23,3.66756
1.68018,-0.479806,3.23,3.67234
1.72311,-0.489016,3.292,3.74774
1.75065,-0.493769,3.324,3.78914
1.76144,-0.493769,3.324,3.79413
1.78929,-0.498522,3.356,3.83573
1.81788,-0.503425,3.389,3.87859
1.82888,-0.503425,3.389,3.88376
1.85834,-0.508475,3.423,3.92797
1.88857,-0.513674,3.458,3.97345
1.9388,-0.524221,3.529,4.06049
1.95025,-0.524221,3.529,4.06597
1.96171,-0.524221,3.529,4.07148
1.99385,-0.529717,3.566,4.11976
2.00542,-0.529717,3.566,4.12537
2.017,-0.529717,3.566,4.13101
2.05019,-0.535362,3.604,4.18075
2.06189,-0.535362,3.604,4.1865
2.07358,-0.535362,3.604,4.19228
2.08528,-0.535362,3.604,4.19807
2.09698,-0.535362,3.604,4.2039
2.10868,-0.535362,3.604,4.20974
2.09802,-0.529717,3.566,4.17117
2.10959,-0.529717,3.566,4.177
2.09916,-0.524221,3.529,4.13946
2.08908,-0.518873,3.493,4.10299
2.10042,-0.518873,3.493,4.10878
2.06944,-0.508475,3.423,4.03213
2.05988,-0.503425,3.389,3.99773
2.07088,-0.503425,3.389,4.00341
2.04195,-0.493769,3.324,3.93222
2.01322,-0.484262,3.26,3.86201
2.0238,-0.484262,3.26,3.86754
1.99631,-0.475201,3.199,3.80062
1.93456,-0.458118,3.084,3.66926
1.94457,-0.458118,3.084,3.67454
1.92035,-0.450096,3.03,3.61542
1.91299,-0.446086,3.003,3.58839
1.92273,-0.446086,3.003,3.59359
1.89902,-0.438361,2.951,3.5365
1.87626,-0.430934,2.901,3.48165
1.88567,-0.430934,2.901,3.48673
1.87941,-0.427369,2.877,3.46294
1.87299,-0.423804,2.853,3.43909
1.85125,-0.416822,2.806,3.3874
1.86035,-0.416822,2.806,3.39239
1.83948,-0.410137,2.761,3.34291
1.83371,-0.406869,2.739,3.32117
1.8426,-0.406869,2.739,3.32609
1.83662,-0.403601,2.717,3.30427
1.81691,-0.397362,2.675,3.25802
-2.60982,-0.546625,3.762,4.61114
-2.5693,-0.540668,3.721,4.55406
-2.55722,-0.540668,3.721,4.54726
-2.51779,-0.534856,3.681,4.49167
-2.47929,-0.529189,3.642,4.43746
-2.46747,-0.529189,3.642,4.43087
-2.43003,-0.523668,3.604,4.37814
-2.39283,-0.518146,3.566,4.32556
-2.38126,-0.518146,3.566,4.31917
-2.36968,-0.518146,3.566,4.3128
-2.35811,-0.518146,3.566,4.30645
-2.32219,-0.51277,3.529,4.25551
-2.31073,-0.51277,3.529,4.24927
-2.27582,-0.507539,3.493,4.19976
-2.26448,-0.507539,3.493,4.19363
-2.25315,-0.507539,3.493,4.18752
-2.21935,-0.502454,3.458,4.13953
-2.18577,-0.497368,3.423,4.09169
-2.17466,-0.497368,3.423,4.08576
-2.16355,-0.497368,3.423,4.07986
-2.13106,-0.492428,3.389,4.03351
-2.12006,-0.492428,3.389,4.02771
-2.08853,-0.487633,3.356,3.98277
-2.07763,-0.487633,3.356,3.97707
-2.04703,-0.482983,3.324,3.93352
-2.03625,-0.482983,3.324,3.92792
-2.02546,-0.482983,3.324,3.92234
-2.01467,-0.482983,3.324,3.91678
-2.00388,-0.482983,3.324,3.91124
-1.99309,-0.482983,3.324,3.90572
nan,nan,nan,NaN
nan,nan,nan,NaN
nan,nan,nan,NaN
nan,nan,nan,NaN
nan,nan,nan,NaN
nan,nan,nan,NaN
nan,nan,nan,NaN
nan,nan,nan,NaN
nan,nan,nan,NaN
nan,nan,nan,NaN
nan,nan,nan,NaN
nan,nan,nan,NaN
nan,nan,nan,NaN
nan,nan,nan,NaN
nan,nan,nan,NaN
nan,nan,nan,NaN
nan,nan,nan,NaN
nan,nan,nan,NaN
nan,nan,nan,NaN
nan,nan,nan,NaN
nan,nan,nan,NaN
nan,nan,nan,NaN
nan,nan,nan,NaN
nan,nan,nan,NaN
nan,nan,nan,NaN
nan,nan,nan,NaN
nan,nan,nan,NaN
nan,nan,nan,NaN
nan,nan,nan,NaN
nan,nan,nan,NaN
nan,nan,nan,NaN
nan,nan,nan,NaN
-1.17066,-0.345382,2.377,2.67205
-1.16295,-0.345382,2.377,2.66868
-1.15523,-0.345382,2.377,2.66533
-1.13979,-0.343058,2.361,2.64408
-1.13213,-0.343058,2.361,2.64078
-1.12447,-0.343058,2.361,2.63751
-1.1168,-0.343058,2.361,2.63425
-1.10914,-0.343058,2.361,2.63101
-1.10148,-0.343058,2.361,2.62779
-1.09381,-0.343058,2.361,2.62458
-1.08615,-0.343058,2.361,2.6214
-1.07849,-0.343058,2.361,2.61823
-1.07082,-0.343058,2.361,2.61509
-1.06316,-0.343058,2.361,2.61196
-1.0555,-0.343058,2.361,2.60885
-1.04784,-0.343058,2.361,2.60576
-1.03312,-0.340733,2.345,2.58505
-1.02551,-0.340733,2.345,2.58201
-1.0179,-0.340733,2.345,2.579
-1.01029,-0.340733,2.345,2.57601
-1.00268,-0.340733,2.345,2.57303
-0.995066,-0.340733,2.345,2.57007
-0.987455,-0.340733,2.345,2.56714
-0.979844,-0.340733,2.345,2.56422
-0.972232,-0.340733,2.345,2.56132
-0.964621,-0.340733,2.345,2.55844
-0.95701,-0.340733,2.345,2.55558
-0.949399,-0.340733,2.345,2.55274
-0.941787,-0.340733,2.345,2.54992
-0.934176,-0.340733,2.345,2.54712
-0.926565,-0.340733,2.345,2.54434
-0.918953,-0.340733,2.345,2.54157
-0.911342,-0.340733,2.345,2.53883
-0.903731,-0.340733,2.345,2.53611
-0.89612,-0.340733,2.345,2.53341
-0.888508,-0.340733,2.345,2.53073
-0.874887,-0.338408,2.329,2.51081
-0.867327,-0.338408,2.329,2.50819
-0.859768,-0.338408,2.329,2.50559
-0.852209,-0.338408,2.329,2.503
-0.844649,-0.338408,2.329,2.50044
-0.83709,-0.338408,2.329,2.4979
-0.829531,-0.338408,2.329,2.49537
-0.821971,-0.338408,2.329,2.49287
-0.820007,-0.340733,2.345,2.5075
-0.812395,-0.340733,2.345,2.50502
-0.804784,-0.340733,2.345,2.50256
-0.802612,-0.343058,2.361,2.51718
-0.794949,-0.343058,2.361,2.51475
-0.787286,-0.343058,2.361,2.51234
-0.779622,-0.343058,2.361,2.50994
-0.771959,-0.343058,2.361,2.50757
-0.764296,-0.343058,2.361,2.50523
-0.756633,-0.343058,2.361,2.5029
-0.754045,-0.345382,2.377,2.51754
-0.74633,-0.345382,2.377,2.51524
-0.738615,-0.345382,2.377,2.51296
-0.736127,-0.347852,2.394,2.52866
-0.728357,-0.347852,2.394,2.52641
-0.725703,-0.350323,2.411,2.5421
-0.717878,-0.350323,2.411,2.53988
-0.710052,-0.350323,2.411,2.53768
-0.702227,-0.350323,2.411,2.5355
-0.699297,-0.352793,2.428,2.55121
-0.691417,-0.352793,2.428,2.54906
-0.683536,-0.352793,2.428,2.54693
-0.675655,-0.352793,2.428,2.54483
-0.67245,-0.355263,2.445,2.56055
-0.664514,-0.355263,2.445,2.55848
-0.661412,-0.357878,2.463,2.57525
-0.653418,-0.357878,2.463,2.57321
-0.645424,-0.357878,2.463,2.57119
-0.637429,-0.357878,2.463,2.56919
-0.629435,-0.357878,2.463,2.56722
-0.621441,-0.357878,2.463,2.56527
-0.613446,-0.357878,2.463,2.56335
-0.605452,-0.357878,2.463,2.56145
-0.597458,-0.357878,2.463,2.55957
-0.589464,-0.357878,2.463,2.55772
-0.581469,-0.357878,2.463,2.55589
-0.573475,-0.357878,2.463,2.55408
-0.565481,-0.357878,2.463,2.5523
-0.561561,-0.360494,2.481,2.56918
-0.553508,-0.360494,2.481,2.56743
-0.545455,-0.360494,2.481,2.5657
-0.537403,-0.360494,2.481,2.564
-0.52935,-0.360494,2.481,2.56233
-0.521297,-0.360494,2.481,2.56068
-0.513244,-0.360494,2.481,2.55905
-0.505192,-0.360494,2.481,2.55745
-0.497139,-0.360494,2.481,2.55587
-0.489086,-0.360494,2.481,2.55431
-0.481034,-0.360494,2.481,2.55278
-0.472981,-0.360494,2.481,2.55128
-0.468301,-0.363109,2.499,2.5683
-0.46019,-0.363109,2.499,2.56683
-0.452079,-0.363109,2.499,2.56539
-0.443968,-0.363109,2.499,2.56397
-0.435857,-0.363109,2.499,2.56258
-0.427746,-0.363109,2.499,2.56121
-0.419634,-0.363109,2.499,2.55987
-0.411523,-0.363109,2.499,2.55855
-0.400506,-0.360494,2.481,2.53884
-0.392454,-0.360494,2.481,2.53759
-0.384401,-0.360494,2.481,2.53635
-0.376348,-0.360494,2.481,2.53514
-0.368296,-0.360494,2.481,2.53396
-0.360243,-0.360494,2.481,2.5328
-0.349635,-0.357878,2.463,2.5133
-0.341641,-0.357878,2.463,2.5122
-0.333646,-0.357878,2.463,2.51113
-0.325652,-0.357878,2.463,2.51008
-0.315336,-0.355263,2.445,2.49072
-0.3074,-0.355263,2.445,2.48973
-0.299465,-0.355263,2.445,2.48876
-0.291529,-0.355263,2.445,2.48782
-0.283593,-0.355263,2.445,2.4869
-0.275657,-0.355263,2.445,2.48601
-0.267721,-0.355263,2.445,2.48514
-0.257979,-0.352793,2.428,2.46702
-0.250098,-0.352793,2.428,2.46621
-0.242218,-0.352793,2.428,2.46542
-0.234337,-0.352793,2.428,2.46466
-0.228042,-0.355263,2.445,2.48118
-0.220106,-0.355263,2.445,2.48046
-0.21217,-0.355263,2.445,2.47977
-0.204234,-0.355263,2.445,2.4791
-0.196298,-0.355263,2.445,2.47846
-0.188363,-0.355263,2.445,2.47785
-0.180427,-0.355263,2.445,2.47725
-0.172491,-0.355263,2.445,2.47669
-0.164555,-0.355263,2.445,2.47615
-0.156619,-0.355263,2.445,2.47563
-0.149778,-0.357878,2.463,2.49337
-0.141784,-0.357878,2.463,2.4929
-0.134767,-0.360494,2.481,2.51067
-0.126714,-0.360494,2.481,2.51025
-0.118662,-0.360494,2.481,2.50986
-0.109806,-0.357878,2.463,2.49129
-0.101812,-0.357878,2.463,2.49095
-0.0938178,-0.357878,2.463,2.49063
-0.0858236,-0.357878,2.463,2.49034
-0.0778293,-0.357878,2.463,2.49008
-0.069835,-0.357878,2.463,2.48984
-0.0618407,-0.357878,2.463,2.48963
-0.0542399,-0.360494,2.481,2.50764
-0.0461872,-0.360494,2.481,2.50748
-0.0378578,-0.357878,2.463,2.48915
-0.0298635,-0.357878,2.463,2.48904
-0.0218693,-0.357878,2.463,2.48896
-0.0139764,-0.360494,2.481,2.50709
-0.00592366,-0.360494,2.481,2.50706
0.00212905,-0.360494,2.481,2.50705
0.0101818,-0.360494,2.481,2.50707
0.0182345,-0.360494,2.481,2.50712
0.0262872,-0.360494,2.481,2.50719
0.0343399,-0.360494,2.481,2.50729
0.0423926,-0.360494,2.481,2.50741
0.0504453,-0.360494,2.481,2.50756
0.058498,-0.360494,2.481,2.50774
0.0665507,-0.360494,2.481,2.50794
0.0746034,-0.360494,2.481,2.50816
0.0826561,-0.360494,2.481,2.50842
0.0907089,-0.360494,2.481,2.50869
0.0987616,-0.360494,2.481,2.509
0.106039,-0.357878,2.463,2.49112
0.114034,-0.357878,2.463,2.49148
0.122028,-0.357878,2.463,2.49185
0.130022,-0.357878,2.463,2.49226
0.138016,-0.357878,2.463,2.49269
0.146011,-0.357878,2.463,2.49314
0.154005,-0.357878,2.463,2.49362
0.161999,-0.357878,2.463,2.49413
0.169994,-0.357878,2.463,2.49466
0.177988,-0.357878,2.463,2.49522
0.185982,-0.357878,2.463,2.4958
0.195394,-0.360494,2.481,2.51466
0.201971,-0.357878,2.463,2.49705
0.209965,-0.357878,2.463,2.49771
0.217959,-0.357878,2.463,2.49839
0.225954,-0.357878,2.463,2.4991
0.233948,-0.357878,2.463,2.49984
0.24371,-0.360494,2.481,2.51887
0.251763,-0.360494,2.481,2.51966
0.259816,-0.360494,2.481,2.52048
0.267868,-0.360494,2.481,2.52132
0.275921,-0.360494,2.481,2.52219
0.283974,-0.360494,2.481,2.52309
0.292027,-0.360494,2.481,2.524
0.300079,-0.360494,2.481,2.52495
0.308132,-0.360494,2.481,2.52592
0.318479,-0.363109,2.499,2.54525
0.32659,-0.363109,2.499,2.54627
0.334701,-0.363109,2.499,2.54733
0.342812,-0.363109,2.499,2.54841
0.350923,-0.363109,2.499,2.54951
0.359034,-0.363109,2.499,2.55064
0.367146,-0.363109,2.499,2.55179
0.375257,-0.363109,2.499,2.55297
0.383368,-0.363109,2.499,2.55418
0.391479,-0.363109,2.499,2.55541
0.39959,-0.363109,2.499,2.55666
0.407701,-0.363109,2.499,2.55794
0.415812,-0.363109,2.499,2.55925
0.423923,-0.363109,2.499,2.56058
0.435146,-0.365725,2.517,2.58039
0.443316,-0.365725,2.517,2.58178
0.451486,-0.365725,2.517,2.58319
0.456368,-0.363109,2.499,2.56615
0.464479,-0.363109,2.499,2.5676
0.47259,-0.363109,2.499,2.56908
0.480701,-0.363109,2.499,2.57059
0.488812,-0.363109,2.499,2.57212
0.496924,-0.363109,2.499,2.57367
0.505035,-0.363109,2.499,2.57525
0.513146,-0.363109,2.499,2.57685
0.521257,-0.363109,2.499,2.57848
0.525555,-0.360494,2.481,2.56155
0.533608,-0.360494,2.481,2.56321
0.541661,-0.360494,2.481,2.5649
0.549713,-0.360494,2.481,2.56661
0.557766,-0.360494,2.481,2.56835
0.565819,-0.360494,2.481,2.57011
0.573871,-0.360494,2.481,2.5719
0.581924,-0.360494,2.481,2.5737
0.589977,-0.360494,2.481,2.57554
0.59803,-0.360494,2.481,2.57739
0.606082,-0.360494,2.481,2.57927
0.618591,-0.363109,2.499,2.5999
0.626702,-0.363109,2.499,2.60185
0.634813,-0.363109,2.499,2.60381
0.642924,-0.363109,2.499,2.6058
0.651035,-0.363109,2.499,2.60781
0.654399,-0.360494,2.481,2.59105
0.662451,-0.360494,2.481,2.5931
0.670504,-0.360494,2.481,2.59517
0.678557,-0.360494,2.481,2.59726
0.686609,-0.360494,2.481,2.59938
0.699702,-0.363109,2.499,2.62039
0.707813,-0.363109,2.499,2.62257
0.715924,-0.363109,2.499,2.62477
0.724035,-0.363109,2.499,2.62699
0.732147,-0.363109,2.499,2.62924
0.740258,-0.363109,2.499,2.63151
0.748369,-0.363109,2.499,2.6338
0.75648,-0.363109,2.499,2.63612
0.764591,-0.363109,2.499,2.63846
0.772702,-0.363109,2.499,2.64082
0.780813,-0.363109,2.499,2.6432
0.788924,-0.363109,2.499,2.64561
0.797036,-0.363109,2.499,2.64804
0.805147,-0.363109,2.499,2.65049
0.813258,-0.363109,2.499,2.65297
0.821369,-0.363109,2.499,2.65547
0.82948,-0.363109,2.499,2.65799
0.837591,-0.363109,2.499,2.66053
0.845702,-0.363109,2.499,2.66309
0.853814,-0.363109,2.499,2.66568
0.855716,-0.360494,2.481,2.64907
0.863769,-0.360494,2.481,2.65168
0.871822,-0.360494,2.481,2.65432
0.879874,-0.360494,2.481,2.65697
0.881485,-0.357878,2.463,2.64035
0.889479,-0.357878,2.463,2.64303
0.897474,-0.357878,2.463,2.64573
0.905468,-0.357878,2.463,2.64846
0.906787,-0.355263,2.445,2.63182
0.914722,-0.355263,2.445,2.63457
0.922658,-0.355263,2.445,2.63734
0.930594,-0.355263,2.445,2.64012
0.93853,-0.355263,2.445,2.64293
0.946466,-0.355263,2.445,2.64576
0.947766,-0.352793,2.428,2.63019
0.955646,-0.352793,2.428,2.63304
0.963527,-0.352793,2.428,2.63591
0.971408,-0.352793,2.428,2.6388
nan,nan,nan,NaN
nan,nan,nan,NaN
nan,nan,nan,NaN
nan,nan,nan,NaN
nan,nan,nan,NaN
nan,nan,nan,NaN
nan,nan,nan,NaN
nan,nan,nan,NaN
nan,nan,nan,NaN
nan,nan,nan,NaN
nan,nan,nan,NaN
nan,nan,nan,NaN
nan,nan,nan,NaN
nan,nan,nan,NaN
1.42261,-0.460607,3.17,3.50498
1.4329,-0.460607,3.17,3.50917
1.44318,-0.460607,3.17,3.51338
1.46677,-0.46482,3.199,3.5498
1.47715,-0.46482,3.199,3.5541
1.48754,-0.46482,3.199,3.55843
1.49792,-0.46482,3.199,3.56278
1.5083,-0.46482,3.199,3.56716
1.51869,-0.46482,3.199,3.57156
1.52907,-0.46482,3.199,3.57599
1.53945,-0.46482,3.199,3.58044
1.54984,-0.46482,3.199,3.58492
1.56022,-0.46482,3.199,3.58942
1.5706,-0.46482,3.199,3.59395
1.58099,-0.46482,3.199,3.5985
1.57694,-0.460607,3.17,3.57041
1.58723,-0.460607,3.17,3.57496
1.59752,-0.460607,3.17,3.57954
1.60781,-0.460607,3.17,3.58415
1.6329,-0.46482,3.199,3.62161
1.65921,-0.469325,3.23,3.66144
1.6852,-0.473684,3.26,3.70025
1.69578,-0.473684,3.26,3.70508
1.72311,-0.478334,3.292,3.74636
1.75065,-0.482983,3.324,3.78775
1.76144,-0.482983,3.324,3.79275
1.78929,-0.487633,3.356,3.83433
1.81788,-0.492428,3.389,3.87718
1.82888,-0.492428,3.389,3.88235
1.85834,-0.497368,3.423,3.92654
1.88857,-0.502454,3.458,3.97202
1.9388,-0.51277,3.529,4.05903
1.95025,-0.51277,3.529,4.06451
1.96171,-0.51277,3.529,4.07002
1.99385,-0.518146,3.566,4.11828
2.00542,-0.518146,3.566,4.1239
2.017,-0.518146,3.566,4.12954
2.05019,-0.523668,3.604,4.17927
2.06189,-0.523668,3.604,4.18502
2.07358,-0.523668,3.604,4.1908
2.08528,-0.523668,3.604,4.1966
2.09698,-0.523668,3.604,4.20242
2.10868,-0.523668,3.604,4.20827
2.09802,-0.518146,3.566,4.16971
2.10959,-0.518146,3.566,4.17555
2.09916,-0.51277,3.529,4.13802
2.08908,-0.507539,3.493,4.10157
2.10042,-0.507539,3.493,4.10736
2.0906,-0.502454,3.458,4.07195
2.05988,-0.492428,3.389,3.99636
2.07088,-0.492428,3.389,4.00204
2.04195,-0.482983,3.324,3.93088
2.01322,-0.473684,3.26,3.8607
2.0238,-0.473684,3.26,3.86623
1.99631,-0.46482,3.199,3.79933
1.95212,-0.452179,3.112,3.70132
1.96222,-0.452179,3.112,3.70666
1.93746,-0.444188,3.057,3.64641
1.91299,-0.436341,3.003,3.58719
1.92273,-0.436341,3.003,3.5924
1.89902,-0.428786,2.951,3.53533
1.87626,-0.421521,2.901,3.48049
1.88567,-0.421521,2.901,3.48558
1.87941,-0.418033,2.877,3.4618
1.87299,-0.414546,2.853,3.43796
1.85125,-0.407717,2.806,3.38629
1.86035,-0.407717,2.806,3.39128
1.83948,-0.401178,2.761,3.34182
1.83371,-0.397982,2.739,3.32009
1.8426,-0.397982,2.739,3.32501
1.83662,-0.394785,2.717,3.3032
1.81691,-0.388682,2.675,3.25697
-2.60982,-0.534418,3.762,4.60971
-2.5693,-0.528594,3.721,4.55264
-2.55722,-0.528594,3.721,4.54584
-2.51779,-0.522912,3.681,4.49026
-2.47929,-0.517371,3.642,4.43607
-2.46747,-0.517371,3.642,4.42947
-2.43003,-0.511973,3.604,4.37675
-2.39283,-0.506575,3.566,4.32419
-2.38126,-0.506575,3.566,4.3178
-2.36968,-0.506575,3.566,4.31142
-2.35811,-0.506575,3.566,4.30507
-2.32219,-0.501319,3.529,4.25414
-2.31073,-0.501319,3.529,4.2479
-2.27582,-0.496205,3.493,4.19841
-2.26448,-0.496205,3.493,4.19227
-2.25315,-0.496205,3.493,4.18616
-2.21935,-0.491233,3.458,4.13819
-2.18577,-0.486261,3.423,4.09035
-2.17466,-0.486261,3.423,4.08443
-2.16355,-0.486261,3.423,4.07852
-2.13106,-0.481431,3.389,4.03219
-2.12006,-0.481431,3.389,4.02638
-2.10906,-0.481431,3.389,4.0206
-2.07763,-0.476743,3.356,3.97575
-2.04703,-0.472197,3.324,3.93221
-2.03625,-0.472197,3.324,3.92661
-2.02546,-0.472197,3.324,3.92102
-2.01467,-0.472197,3.324,3.91546
-2.00388,-0.472197,3.324,3.90992
-1.9739,-0.467652,3.292,3.86681
-1.96322,-0.467652,3.292,3.86137
nan,nan,nan,NaN
nan,nan,nan,NaN
nan,nan,nan,NaN
nan,nan,nan,NaN
nan,nan,nan,NaN
nan,nan,nan,NaN
nan,nan,nan,NaN
nan,nan,nan,NaN
nan,nan,nan,NaN
nan,nan,nan,NaN
nan,nan,nan,NaN
nan,nan,nan,NaN
nan,nan,nan,NaN
nan,nan,nan,NaN
nan,nan,nan,NaN
nan,nan,nan,NaN
nan,nan,nan,NaN
nan,nan,nan,NaN
nan,nan,nan,NaN
nan,nan,nan,NaN
nan,nan,nan,NaN
nan,nan,nan,NaN
nan,nan,nan,NaN
nan,nan,nan,NaN
nan,nan,nan,NaN
nan,nan,nan,NaN
nan,nan,nan,NaN
nan,nan,nan,NaN
nan,nan,nan,NaN
nan,nan,nan,NaN
nan,nan,nan,NaN
-1.17904,-0.340084,2.394,2.69017
-1.17127,-0.340084,2.394,2.68677
-1.15523,-0.337669,2.377,2.66434
-1.14752,-0.337669,2.377,2.66101
-1.1398,-0.337669,2.377,2.65769
-1.13209,-0.337669,2.377,2.65439
-1.12437,-0.337669,2.377,2.65111
-1.11666,-0.337669,2.377,2.64784
-1.10894,-0.337669,2.377,2.6446
-1.09381,-0.335396,2.361,2.62359
-1.08615,-0.335396,2.361,2.62041
-1.07849,-0.335396,2.361,2.61724
-1.07082,-0.335396,2.361,2.61409
-1.06316,-0.335396,2.361,2.61096
-1.0555,-0.335396,2.361,2.60785
-1.04784,-0.335396,2.361,2.60476
-1.04017,-0.335396,2.361,2.60169
-1.03251,-0.335396,2.361,2.59863
-1.02485,-0.335396,2.361,2.5956
-1.01718,-0.335396,2.361,2.59258
-1.00952,-0.335396,2.361,2.58958
-1.00186,-0.335396,2.361,2.58661
-0.994193,-0.335396,2.361,2.58365
-0.986529,-0.335396,2.361,2.58071
-0.978866,-0.335396,2.361,2.57779
-0.971203,-0.335396,2.361,2.57489
-0.95701,-0.333124,2.345,2.55458
-0.949399,-0.333124,2.345,2.55174
-0.941787,-0.333124,2.345,2.54891
-0.934176,-0.333124,2.345,2.54611
-0.932887,-0.335396,2.361,2.56068
-0.925224,-0.335396,2.361,2.5579
-0.911342,-0.333124,2.345,2.53782
-0.903731,-0.333124,2.345,2.5351
-0.89612,-0.333124,2.345,2.5324
-0.888508,-0.333124,2.345,2.52971
-0.880897,-0.333124,2.345,2.52705
-0.873286,-0.333124,2.345,2.52441
-0.865674,-0.333124,2.345,2.52178
-0.858063,-0.333124,2.345,2.51918
-0.850452,-0.333124,2.345,2.5166
-0.842841,-0.333124,2.345,2.51404
-0.835229,-0.333124,2.345,2.51149
-0.827618,-0.333124,2.345,2.50897
-0.820007,-0.333124,2.345,2.50647
-0.812395,-0.333124,2.345,2.50399
-0.804784,-0.333124,2.345,2.50153
-0.802612,-0.335396,2.361,2.51615
-0.794949,-0.335396,2.361,2.51371
-0.787286,-0.335396,2.361,2.5113
-0.784906,-0.337669,2.377,2.52591
-0.777191,-0.337669,2.377,2.52352
-0.769475,-0.337669,2.377,2.52116
-0.76176,-0.337669,2.377,2.51881
-0.754045,-0.337669,2.377,2.51649
-0.74633,-0.337669,2.377,2.51419
-0.743897,-0.340084,2.394,2.52988
-0.736127,-0.340084,2.394,2.5276
-0.728357,-0.340084,2.394,2.52535
-0.725703,-0.342499,2.411,2.54104
-0.717878,-0.342499,2.411,2.53881
-0.715059,-0.344914,2.428,2.5545
-0.707178,-0.344914,2.428,2.5523
-0.699297,-0.344914,2.428,2.55013
-0.696258,-0.347329,2.445,2.56582
-0.688322,-0.347329,2.445,2.56368
-0.680386,-0.347329,2.445,2.56156
-0.67245,-0.347329,2.445,2.55946
-0.664514,-0.347329,2.445,2.55739
-0.661412,-0.349886,2.463,2.57415
-0.653418,-0.349886,2.463,2.57211
-0.645424,-0.349886,2.463,2.57009
-0.637429,-0.349886,2.463,2.56809
-0.629435,-0.349886,2.463,2.56612
-0.621441,-0.349886,2.463,2.56417
-0.613446,-0.349886,2.463,2.56225
-0.605452,-0.349886,2.463,2.56034
-0.597458,-0.349886,2.463,2.55847
-0.589464,-0.349886,2.463,2.55661
-0.585719,-0.352443,2.481,2.57345
-0.577666,-0.352443,2.481,2.57163
-0.569613,-0.352443,2.481,2.56983
-0.561561,-0.352443,2.481,2.56806
-0.553508,-0.352443,2.481,2.56631
-0.545455,-0.352443,2.481,2.56459
-0.537403,-0.352443,2.481,2.56289
-0.52935,-0.352443,2.481,2.56121
-0.525079,-0.355,2.499,2.57813
-0.513244,-0.352443,2.481,2.55793
-0.505192,-0.352443,2.481,2.55632
-0.497139,-0.352443,2.481,2.55475
-0.489086,-0.352443,2.481,2.55319
-0.481034,-0.352443,2.481,2.55166
-0.472981,-0.352443,2.481,2.55015
-0.468301,-0.355,2.499,2.56716
-0.46019,-0.355,2.499,2.5657
-0.452079,-0.355,2.499,2.56425
-0.443968,-0.355,2.499,2.56284
-0.435857,-0.355,2.499,2.56144
-0.427746,-0.355,2.499,2.56008
-0.419634,-0.355,2.499,2.55873
-0.411523,-0.355,2.499,2.55742
-0.400506,-0.352443,2.481,2.53771
-0.392454,-0.352443,2.481,2.53645
-0.384401,-0.352443,2.481,2.53522
-0.376348,-0.352443,2.481,2.53401
-0.368296,-0.352443,2.481,2.53283
-0.360243,-0.352443,2.481,2.53167
-0.349635,-0.349886,2.463,2.51218
-0.341641,-0.349886,2.463,2.51108
-0.333646,-0.349886,2.463,2.51
-0.323272,-0.347329,2.445,2.49062
-0.315336,-0.347329,2.445,2.4896
-0.3074,-0.347329,2.445,2.48861
-0.299465,-0.347329,2.445,2.48764
-0.291529,-0.347329,2.445,2.4867
-0.283593,-0.347329,2.445,2.48578
-0.275657,-0.347329,2.445,2.48488
-0.267721,-0.347329,2.445,2.48402
-0.257979,-0.344914,2.428,2.46591
-0.250098,-0.344914,2.428,2.4651
-0.242218,-0.344914,2.428,2.46431
-0.234337,-0.344914,2.428,2.46355
-0.228042,-0.347329,2.445,2.48005
-0.220106,-0.347329,2.445,2.47934
-0.21217,-0.347329,2.445,2.47864
-0.204234,-0.347329,2.445,2.47798
-0.196298,-0.347329,2.445,2.47734
-0.188363,-0.347329,2.445,2.47672
-0.180427,-0.347329,2.445,2.47613
-0.172491,-0.347329,2.445,2.47556
-0.164555,-0.347329,2.445,2.47502
-0.156619,-0.347329,2.445,2.47451
-0.149778,-0.349886,2.463,2.49223
-0.141784,-0.349886,2.463,2.49176
-0.134767,-0.352443,2.481,2.50953
-0.126714,-0.352443,2.481,2.50911
-0.118662,-0.352443,2.481,2.50872
-0.109806,-0.349886,2.463,2.49015
-0.101812,-0.349886,2.463,2.48981
-0.0938178,-0.349886,2.463,2.4895
-0.0858236,-0.349886,2.463,2.48921
-0.0778293,-0.349886,2.463,2.48895
-0.069835,-0.349886,2.463,2.48871
-0.0618407,-0.349886,2.463,2.4885
-0.0542399,-0.352443,2.481,2.5065
-0.0461872,-0.352443,2.481,2.50633
-0.0378578,-0.349886,2.463,2.48802
-0.0298635,-0.349886,2.463,2.48791
-0.0218693,-0.349886,2.463,2.48782
-0.0139764,-0.352443,2.481,2.50595
-0.00592366,-0.352443,2.481,2.50592
0.00214449,-0.355,2.499,2.52409
0.0102556,-0.355,2.499,2.52411
0.0183668,-0.355,2.499,2.52416
0.0262872,-0.352443,2.481,2.50605
0.0343399,-0.352443,2.481,2.50614
0.0423926,-0.352443,2.481,2.50627
0.0504453,-0.352443,2.481,2.50642
0.058498,-0.352443,2.481,2.50659
0.0665507,-0.352443,2.481,2.50679
0.0746034,-0.352443,2.481,2.50702
0.0826561,-0.352443,2.481,2.50727
0.0907089,-0.352443,2.481,2.50755
0.0987616,-0.352443,2.481,2.50785
0.106039,-0.349886,2.463,2.48999
0.114034,-0.349886,2.463,2.49034
0.122028,-0.349886,2.463,2.49072
0.130022,-0.349886,2.463,2.49112
0.138016,-0.349886,2.463,2.49155
0.146011,-0.349886,2.463,2.49201
0.154005,-0.349886,2.463,2.49249
0.161999,-0.349886,2.463,2.493
0.169994,-0.349886,2.463,2.49353
0.179289,-0.352443,2.481,2.51231
0.187341,-0.352443,2.481,2.5129
0.195394,-0.352443,2.481,2.51351
0.203447,-0.352443,2.481,2.51415
0.2115,-0.352443,2.481,2.51482
0.219552,-0.352443,2.481,2.51551
0.227605,-0.352443,2.481,2.51622
0.235658,-0.352443,2.481,2.51697
0.24371,-0.352443,2.481,2.51773
0.251763,-0.352443,2.481,2.51852
0.259816,-0.352443,2.481,2.51934
0.267868,-0.352443,2.481,2.52018
0.277923,-0.355,2.499,2.53934
0.286034,-0.355,2.499,2.54024
0.294145,-0.355,2.499,2.54117
0.302256,-0.355,2.499,2.54212
0.310368,-0.355,2.499,2.5431
0.318479,-0.355,2.499,2.5441
0.32659,-0.355,2.499,2.54513
0.334701,-0.355,2.499,2.54618
0.342812,-0.355,2.499,2.54726
0.350923,-0.355,2.499,2.54837
0.359034,-0.355,2.499,2.5495
0.367146,-0.355,2.499,2.55065
0.375257,-0.355,2.499,2.55183
0.383368,-0.355,2.499,2.55304
0.391479,-0.355,2.499,2.55427
0.39959,-0.355,2.499,2.55552
0.407701,-0.355,2.499,2.5568
0.415812,-0.355,2.499,2.55811
0.423923,-0.355,2.499,2.55944
0.432035,-0.355,2.499,2.5608
0.440146,-0.355,2.499,2.56218
0.448257,-0.355,2.499,2.56358
0.456368,-0.355,2.499,2.56501
0.464479,-0.355,2.499,2.56647
0.47259,-0.355,2.499,2.56795
0.480701,-0.355,2.499,2.56946
0.488812,-0.355,2.499,2.57099
0.496924,-0.355,2.499,2.57254
0.501397,-0.352443,2.481,2.55558
0.50945,-0.352443,2.481,2.55717
0.517502,-0.352443,2.481,2.55879
0.525555,-0.352443,2.481,2.56043
0.533608,-0.352443,2.481,2.56209
0.541661,-0.352443,2.481,2.56378
0.549713,-0.352443,2.481,2.56549
0.557766,-0.352443,2.481,2.56723
0.565819,-0.352443,2.481,2.56899
0.573871,-0.352443,2.481,2.57078
0.581924,-0.352443,2.481,2.57259
0.589977,-0.352443,2.481,2.57442
0.59803,-0.352443,2.481,2.57628
0.606082,-0.352443,2.481,2.57816
0.614135,-0.352443,2.481,2.58007
0.622188,-0.352443,2.481,2.58199
0.63024,-0.352443,2.481,2.58395
0.642924,-0.355,2.499,2.60468
0.651035,-0.355,2.499,2.6067
0.654399,-0.352443,2.481,2.58995
0.662451,-0.352443,2.481,2.59199
0.670504,-0.352443,2.481,2.59406
0.678557,-0.352443,2.481,2.59615
0.686609,-0.352443,2.481,2.59827
0.699702,-0.355,2.499,2.61928
0.707813,-0.355,2.499,2.62145
0.715924,-0.355,2.499,2.62366
0.724035,-0.355,2.499,2.62588
0.732147,-0.355,2.499,2.62813
0.740258,-0.355,2.499,2.6304
0.748369,-0.355,2.499,2.63269
0.75648,-0.355,2.499,2.63501
0.764591,-0.355,2.499,2.63735
0.772702,-0.355,2.499,2.63971
0.780813,-0.355,2.499,2.6421
0.788924,-0.355,2.499,2.64451
0.797036,-0.355,2.499,2.64694
0.805147,-0.355,2.499,2.64939
0.813258,-0.355,2.499,2.65187
0.821369,-0.355,2.499,2.65437
0.82948,-0.355,2.499,2.65689
0.837591,-0.355,2.499,2.65943
0.845702,-0.355,2.499,2.662
0.853814,-0.355,2.499,2.66459
0.855716,-0.352443,2.481,2.64799
0.863769,-0.352443,2.481,2.6506
0.871822,-0.352443,2.481,2.65323
0.879874,-0.352443,2.481,2.65589
0.881485,-0.349886,2.463,2.63928
0.889479,-0.349886,2.463,2.64196
0.897474,-0.349886,2.463,2.64466
0.905468,-0.349886,2.463,2.64739
0.906787,-0.347329,2.445,2.63077
0.914722,-0.347329,2.445,2.63351
0.922658,-0.347329,2.445,2.63628
0.930594,-0.347329,2.445,2.63907
0.93853,-0.347329,2.445,2.64187
0.946466,-0.347329,2.445,2.6447
0.947766,-0.344914,2.428,2.62915
0.955646,-0.344914,2.428,2.632
0.963527,-0.344914,2.428,2.63487
0.971408,-0.344914,2.428,2.63776
nan,nan,nan,NaN
nan,nan,nan,NaN
nan,nan,nan,NaN
nan,nan,nan,NaN
nan,nan,nan,NaN
nan,nan,nan,NaN
nan,nan,nan,NaN
nan,nan,nan,NaN
nan,nan,nan,NaN
nan,nan,nan,NaN
nan,nan,nan,NaN
nan,nan,nan,NaN
nan,nan,nan,NaN
nan,nan,nan,NaN
1.44953,-0.458844,3.23,3.56996
1.46002,-0.458844,3.23,3.57423
1.45639,-0.45444,3.199,3.54418
1.46677,-0.45444,3.199,3.54845
1.47715,-0.45444,3.199,3.55276
1.48754,-0.45444,3.199,3.55709
1.49792,-0.45444,3.199,3.56144
1.5083,-0.45444,3.199,3.56582
1.51869,-0.45444,3.199,3.57023
1.52907,-0.45444,3.199,3.57466
1.53945,-0.45444,3.199,3.57911
1.54984,-0.45444,3.199,3.58359
1.56022,-0.45444,3.199,3.58809
1.5706,-0.45444,3.199,3.59262
1.58099,-0.45444,3.199,3.59717
1.57694,-0.450321,3.17,3.56909
1.58723,-0.450321,3.17,3.57365
1.59752,-0.450321,3.17,3.57823
1.60781,-0.450321,3.17,3.58284
1.6329,-0.45444,3.199,3.62029
1.65921,-0.458844,3.23,3.66011
1.6852,-0.463106,3.26,3.69891
1.69578,-0.463106,3.26,3.70375
1.72311,-0.467652,3.292,3.74501
1.75065,-0.472197,3.324,3.78639
1.76144,-0.472197,3.324,3.79139
1.78929,-0.476743,3.356,3.83296
1.81788,-0.481431,3.389,3.8758
1.82888,-0.481431,3.389,3.88097
1.85834,-0.486261,3.423,3.92515
1.88857,-0.491233,3.458,3.97061
1.91902,-0.496205,3.493,4.01621
1.93036,-0.496205,3.493,4.02164
1.96171,-0.501319,3.529,4.06859
1.99385,-0.506575,3.566,4.11684
2.00542,-0.506575,3.566,4.12246
2.017,-0.506575,3.566,4.12811
2.05019,-0.511973,3.604,4.17782
2.06189,-0.511973,3.604,4.18358
2.07358,-0.511973,3.604,4.18935
2.08528,-0.511973,3.604,4.19516
2.09698,-0.511973,3.604,4.20098
2.10868,-0.511973,3.604,4.20683
2.09802,-0.506575,3.566,4.16829
2.10959,-0.506575,3.566,4.17413
2.09916,-0.501319,3.529,4.13662
2.08908,-0.496205,3.493,4.10019
2.10042,-0.496205,3.493,4.10597
2.06944,-0.486261,3.423,4.02939
2.05988,-0.481431,3.389,3.99502
2.07088,-0.481431,3.389,4.00071
2.02229,-0.467652,3.292,3.89174
2.01322,-0.463106,3.26,3.85942
2.0238,-0.463106,3.26,3.86495
1.99631,-0.45444,3.199,3.79808
1.95212,-0.442081,3.112,3.7001
1.96222,-0.442081,3.112,3.70544
1.93746,-0.434268,3.057,3.64522
1.91299,-0.426597,3.003,3.58602
1.92273,-0.426597,3.003,3.59123
1.89902,-0.41921,2.951,3.53418
1.87626,-0.412107,2.901,3.47936
1.88567,-0.412107,2.901,3.48445
1.87941,-0.408698,2.877,3.46069
1.87299,-0.405288,2.853,3.43686
1.85125,-0.398612,2.806,3.38521
1.86035,-0.398612,2.806,3.3902
1.85414,-0.395345,2.783,3.36738
1.83371,-0.389094,2.739,3.31904
1.8426,-0.389094,2.739,3.32396
1.83662,-0.385969,2.717,3.30216
1.83118,-0.382986,2.696,3.28151
-2.58138,-0.51652,3.721,4.55809
-2.54168,-0.510967,3.681,4.50233
-2.52974,-0.510967,3.681,4.4956
-2.51779,-0.510967,3.681,4.48889
-2.45342,-0.500279,3.604,4.38844
-2.44172,-0.500279,3.604,4.38191
-2.4044,-0.495004,3.566,4.32927
-2.39283,-0.495004,3.566,4.32285
-2.38126,-0.495004,3.566,4.31645
-2.36968,-0.495004,3.566,4.31008
-2.35811,-0.495004,3.566,4.30373
-2.32219,-0.489868,3.529,4.25281
-2.31073,-0.489868,3.529,4.24656
-2.29928,-0.489868,3.529,4.24034
-2.26448,-0.484871,3.493,4.19095
-2.25315,-0.484871,3.493,4.18483
-2.21935,-0.480012,3.458,4.13687
-2.20812,-0.480012,3.458,4.13086
-2.1969,-0.480012,3.458,4.12487
-2.16355,-0.475154,3.423,4.07721
-2.15244,-0.475154,3.423,4.07133
-2.14133,-0.475154,3.423,4.06547
-2.10906,-0.470434,3.389,4.0193
-2.07763,-0.465853,3.356,3.97446
-2.06674,-0.465853,3.356,3.96878
-2.05585,-0.465853,3.356,3.96311
-2.02546,-0.461412,3.324,3.91974
-2.01467,-0.461412,3.324,3.91417
-2.00388,-0.461412,3.324,3.90863
-1.9739,-0.45697,3.292,3.86554
-1.96322,-0.45697,3.292,3.86009
nan,nan,nan,NaN
nan,nan,nan,NaN
nan,nan,nan,NaN
nan,nan,nan,NaN
nan,nan,nan,NaN
nan,nan,nan,NaN
nan,nan,nan,NaN
nan,nan,nan,NaN
nan,nan,nan,NaN
nan,nan,nan,NaN
nan,nan,nan,NaN
nan,nan,nan,NaN
nan,nan,nan,NaN
nan,nan,nan,NaN
nan,nan,nan,NaN
nan,nan,nan,NaN
nan,nan,nan,NaN
nan,nan,nan,NaN
nan,nan,nan,NaN
nan,nan,nan,NaN
nan,nan,nan,NaN
nan,nan,nan,NaN
nan,nan,nan,NaN
nan,nan,nan,NaN
nan,nan,nan,NaN
nan,nan,nan,NaN
nan,nan,nan,NaN
nan,nan,nan,NaN
nan,nan,nan,NaN
nan,nan,nan,NaN
nan,nan,nan,NaN
-1.18741,-0.334676,2.411,2.7083
-1.17958,-0.334676,2.411,2.70487
-1.1635,-0.332316,2.394,2.68242
-1.15572,-0.332316,2.394,2.67906
-1.14795,-0.332316,2.394,2.67572
-1.14018,-0.332316,2.394,2.67239
-1.13241,-0.332316,2.394,2.66909
-1.11666,-0.329956,2.377,2.64687
-1.10894,-0.329956,2.377,2.64363
-1.10123,-0.329956,2.377,2.6404
-1.09351,-0.329956,2.377,2.63719
-1.0858,-0.329956,2.377,2.634
-1.07082,-0.327735,2.361,2.61312
-1.06316,-0.327735,2.361,2.60999
-1.0555,-0.327735,2.361,2.60688
-1.04784,-0.327735,2.361,2.60378
-1.04017,-0.327735,2.361,2.60071
-1.03251,-0.327735,2.361,2.59765
-1.02485,-0.327735,2.361,2.59462
-1.01718,-0.327735,2.361,2.5916
-1.00952,-0.327735,2.361,2.5886
-1.00186,-0.327735,2.361,2.58562
-0.994193,-0.327735,2.361,2.58266
-0.986529,-0.327735,2.361,2.57972
-0.978866,-0.327735,2.361,2.5768
-0.971203,-0.327735,2.361,2.5739
-0.95701,-0.325514,2.345,2.5536
-0.949399,-0.325514,2.345,2.55075
-0.941787,-0.325514,2.345,2.54793
-0.934176,-0.325514,2.345,2.54513
-0.932887,-0.327735,2.361,2.55969
-0.925224,-0.327735,2.361,2.55691
-0.911342,-0.325514,2.345,2.53683
-0.903731,-0.325514,2.345,2.53411
-0.89612,-0.325514,2.345,2.53141
-0.888508,-0.325514,2.345,2.52872
-0.880897,-0.325514,2.345,2.52606
-0.873286,-0.325514,2.345,2.52341
-0.865674,-0.325514,2.345,2.52079
-0.858063,-0.325514,2.345,2.51819
-0.850452,-0.325514,2.345,2.5156
-0.842841,-0.325514,2.345,2.51304
-0.835229,-0.325514,2.345,2.5105
-0.827618,-0.325514,2.345,2.50797
-0.820007,-0.325514,2.345,2.50547
-0.812395,-0.325514,2.345,2.50299
-0.804784,-0.325514,2.345,2.50053
-0.802612,-0.327735,2.361,2.51514
-0.794949,-0.327735,2.361,2.5127
-0.787286,-0.327735,2.361,2.51029
-0.784906,-0.329956,2.377,2.52489
-0.777191,-0.329956,2.377,2.5225
-0.769475,-0.329956,2.377,2.52014
-0.76176,-0.329956,2.377,2.51779
-0.754045,-0.329956,2.377,2.51547
-0.74633,-0.329956,2.377,2.51317
-0.743897,-0.332316,2.394,2.52884
-0.736127,-0.332316,2.394,2.52657
-0.728357,-0.332316,2.394,2.52432
-0.725703,-0.334676,2.411,2.53999
-0.717878,-0.334676,2.411,2.53777
-0.715059,-0.337036,2.428,2.55345
-0.707178,-0.337036,2.428,2.55125
-0.699297,-0.337036,2.428,2.54908
-0.696258,-0.339396,2.445,2.56476
-0.688322,-0.339396,2.445,2.56262
-0.680386,-0.339396,2.445,2.5605
-0.67245,-0.339396,2.445,2.5584
-0.664514,-0.339396,2.445,2.55632
-0.661412,-0.341894,2.463,2.57308
-0.653418,-0.341894,2.463,2.57103
-0.645424,-0.341894,2.463,2.56901
-0.637429,-0.341894,2.463,2.56702
-0.629435,-0.341894,2.463,2.56504
-0.621441,-0.341894,2.463,2.56309
-0.613446,-0.341894,2.463,2.56117
-0.605452,-0.341894,2.463,2.55926
-0.597458,-0.341894,2.463,2.55738
-0.589464,-0.341894,2.463,2.55553
-0.585719,-0.344393,2.481,2.57236
-0.577666,-0.344393,2.481,2.57054
-0.569613,-0.344393,2.481,2.56874
-0.561561,-0.344393,2.481,2.56697
-0.553508,-0.344393,2.481,2.56522
-0.545455,-0.344393,2.481,2.56349
-0.537403,-0.344393,2.481,2.56179
-0.52935,-0.344393,2.481,2.56011
-0.525079,-0.346891,2.499,2.57702
-0.516968,-0.346891,2.499,2.57538
-0.508857,-0.346891,2.499,2.57377
-0.500746,-0.346891,2.499,2.57217
-0.492635,-0.346891,2.499,2.57061
-0.484524,-0.346891,2.499,2.56907
-0.476412,-0.346891,2.499,2.56755
-0.471674,-0.34939,2.517,2.58454
-0.463505,-0.34939,2.517,2.58306
-0.455335,-0.34939,2.517,2.58161
-0.447166,-0.34939,2.517,2.58018
-0.435857,-0.346891,2.499,2.56033
-0.427746,-0.346891,2.499,2.55896
-0.422657,-0.34939,2.517,2.57604
-0.411523,-0.346891,2.499,2.5563
-0.403412,-0.346891,2.499,2.55501
-0.395301,-0.346891,2.499,2.55374
-0.38719,-0.346891,2.499,2.5525
-0.379079,-0.346891,2.499,2.55128
-0.368296,-0.344393,2.481,2.53172
-0.360243,-0.344393,2.481,2.53056
-0.349635,-0.341894,2.463,2.51108
-0.341641,-0.341894,2.463,2.50998
-0.333646,-0.341894,2.463,2.5089
-0.323272,-0.339396,2.445,2.48952
-0.315336,-0.339396,2.445,2.4885
-0.3074,-0.339396,2.445,2.48751
-0.299465,-0.339396,2.445,2.48654
-0.291529,-0.339396,2.445,2.4856
-0.283593,-0.339396,2.445,2.48468
-0.275657,-0.339396,2.445,2.48379
-0.267721,-0.339396,2.445,2.48292
-0.257979,-0.337036,2.428,2.46482
-0.250098,-0.337036,2.428,2.46401
-0.242218,-0.337036,2.428,2.46322
-0.234337,-0.337036,2.428,2.46246
-0.228042,-0.339396,2.445,2.47896
-0.220106,-0.339396,2.445,2.47824
-0.21217,-0.339396,2.445,2.47755
-0.204234,-0.339396,2.445,2.47688
-0.196298,-0.339396,2.445,2.47624
-0.188363,-0.339396,2.445,2.47562
-0.181755,-0.341894,2.463,2.49325
-0.173761,-0.341894,2.463,2.49268
-0.165766,-0.341894,2.463,2.49214
-0.157772,-0.341894,2.463,2.49162
-0.149778,-0.341894,2.463,2.49112
-0.141784,-0.341894,2.463,2.49066
-0.134767,-0.344393,2.481,2.50841
-0.126714,-0.344393,2.481,2.50799
-0.118662,-0.344393,2.481,2.5076
-0.109806,-0.341894,2.463,2.48904
-0.101812,-0.341894,2.463,2.4887
-0.0938178,-0.341894,2.463,2.48839
-0.0858236,-0.341894,2.463,2.4881
-0.0778293,-0.341894,2.463,2.48783
-0.0703453,-0.344393,2.481,2.50578
-0.0622926,-0.344393,2.481,2.50556
-0.0542399,-0.344393,2.481,2.50538
-0.0461872,-0.344393,2.481,2.50521
-0.0381345,-0.344393,2.481,2.50508
-0.0300818,-0.344393,2.481,2.50497
-0.0221889,-0.346891,2.499,2.52306
-0.0140778,-0.346891,2.499,2.523
-0.00596664,-0.346891,2.499,2.52297
0.00214449,-0.346891,2.499,2.52296
0.0102556,-0.346891,2.499,2.52298
0.0183668,-0.346891,2.499,2.52303
0.0264779,-0.346891,2.499,2.5231
0.034589,-0.346891,2.499,2.5232
0.0427002,-0.346891,2.499,2.52332
0.0508113,-0.346891,2.499,2.52347
0.0589224,-0.346891,2.499,2.52365
0.0670336,-0.346891,2.499,2.52385
0.0746034,-0.344393,2.481,2.5059
0.0826561,-0.344393,2.481,2.50615
0.0907089,-0.344393,2.481,2.50643
0.0987616,-0.344393,2.481,2.50674
0.106814,-0.344393,2.481,2.50707
0.114867,-0.344393,2.481,2.50742
0.12292,-0.344393,2.481,2.5078
0.130972,-0.344393,2.481,2.50821
0.139025,-0.344393,2.481,2.50864
0.147078,-0.344393,2.481,2.5091
0.155131,-0.344393,2.481,2.50959
0.163183,-0.344393,2.481,2.5101
0.171236,-0.344393,2.481,2.51064
0.179289,-0.344393,2.481,2.5112
0.187341,-0.344393,2.481,2.51179
0.195394,-0.344393,2.481,2.5124
0.203447,-0.344393,2.481,2.51304
0.2115,-0.344393,2.481,2.5137
0.219552,-0.344393,2.481,2.51439
0.227605,-0.344393,2.481,2.51511
0.235658,-0.344393,2.481,2.51585
0.24371,-0.344393,2.481,2.51662
0.251763,-0.344393,2.481,2.51741
0.261701,-0.346891,2.499,2.5365
0.269812,-0.346891,2.499,2.53735
0.277923,-0.346891,2.499,2.53822
0.286034,-0.346891,2.499,2.53912
0.294145,-0.346891,2.499,2.54005
0.304434,-0.34939,2.517,2.55931
0.310368,-0.346891,2.499,2.54198
0.318479,-0.346891,2.499,2.54298
0.32659,-0.346891,2.499,2.54401
0.334701,-0.346891,2.499,2.54507
0.342812,-0.346891,2.499,2.54615
0.350923,-0.346891,2.499,2.54725
0.359034,-0.346891,2.499,2.54838
0.367146,-0.346891,2.499,2.54954
0.375257,-0.346891,2.499,2.55072
0.383368,-0.346891,2.499,2.55192
0.391479,-0.346891,2.499,2.55315
0.402468,-0.34939,2.517,2.57281
0.410638,-0.34939,2.517,2.5741
0.415812,-0.346891,2.499,2.557
0.423923,-0.346891,2.499,2.55833
0.432035,-0.346891,2.499,2.55969
0.440146,-0.346891,2.499,2.56107
0.448257,-0.346891,2.499,2.56247
0.456368,-0.346891,2.499,2.5639
0.464479,-0.346891,2.499,2.56536
0.47259,-0.346891,2.499,2.56684
0.480701,-0.346891,2.499,2.56835
0.488812,-0.346891,2.499,2.56988
0.496924,-0.346891,2.499,2.57143
0.501397,-0.344393,2.481,2.55448
0.50945,-0.344393,2.481,2.55607
0.517502,-0.344393,2.481,2.55769
0.525555,-0.344393,2.481,2.55933
0.533608,-0.344393,2.481,2.561
0.541661,-0.344393,2.481,2.56269
0.549713,-0.344393,2.481,2.5644
0.557766,-0.344393,2.481,2.56614
0.565819,-0.344393,2.481,2.5679
0.573871,-0.344393,2.481,2.56969
0.581924,-0.344393,2.481,2.5715
0.589977,-0.344393,2.481,2.57333
0.59803,-0.344393,2.481,2.57519
0.606082,-0.344393,2.481,2.57707
0.614135,-0.344393,2.481,2.57898
0.622188,-0.344393,2.481,2.58091
0.63024,-0.344393,2.481,2.58286
0.638293,-0.344393,2.481,2.58484
0.646346,-0.344393,2.481,2.58684
0.654399,-0.344393,2.481,2.58886
0.662451,-0.344393,2.481,2.59091
0.670504,-0.344393,2.481,2.59298
0.678557,-0.344393,2.481,2.59507
0.686609,-0.344393,2.481,2.59719
0.699702,-0.346891,2.499,2.61819
0.707813,-0.346891,2.499,2.62037
0.715924,-0.346891,2.499,2.62257
0.724035,-0.346891,2.499,2.6248
0.732147,-0.346891,2.499,2.62705
0.740258,-0.346891,2.499,2.62932
0.748369,-0.346891,2.499,2.63161
0.75648,-0.346891,2.499,2.63393
0.764591,-0.346891,2.499,2.63627
0.772702,-0.346891,2.499,2.63864
0.780813,-0.346891,2.499,2.64102
0.788924,-0.346891,2.499,2.64343
0.797036,-0.346891,2.499,2.64586
0.805147,-0.346891,2.499,2.64832
0.813258,-0.346891,2.499,2.6508
0.821369,-0.346891,2.499,2.6533
0.82948,-0.346891,2.499,2.65582
0.831558,-0.344393,2.481,2.63922
0.839611,-0.344393,2.481,2.64176
0.847664,-0.344393,2.481,2.64433
0.855716,-0.344393,2.481,2.64693
0.857502,-0.341894,2.463,2.63032
0.865497,-0.341894,2.463,2.63293
0.873491,-0.341894,2.463,2.63557
0.881485,-0.341894,2.463,2.63823
0.882979,-0.339396,2.445,2.62162
0.890915,-0.339396,2.445,2.6243
0.898851,-0.339396,2.445,2.627
0.900482,-0.337036,2.428,2.61145
0.908362,-0.337036,2.428,2.61417
0.916243,-0.337036,2.428,2.61692
0.924124,-0.337036,2.428,2.61969
0.932004,-0.337036,2.428,2.62248
0.939885,-0.337036,2.428,2.62529
0.947766,-0.337036,2.428,2.62812
0.955646,-0.337036,2.428,2.63098
0.963527,-0.337036,2.428,2.63385
0.971408,-0.337036,2.428,2.63674
nan,nan,nan,NaN
nan,nan,nan,NaN
nan,nan,nan,NaN
nan,nan,nan,NaN
nan,nan,nan,NaN
nan,nan,nan,NaN
nan,nan,nan,NaN
nan,nan,nan,NaN
nan,nan,nan,NaN
nan,nan,nan,NaN
nan,nan,nan,NaN
nan,nan,nan,NaN
nan,nan,nan,NaN
nan,nan,nan,NaN
1.44953,-0.448363,3.23,3.56862
1.46002,-0.448363,3.23,3.5729
1.4705,-0.448363,3.23,3.57719
1.49474,-0.452528,3.26,3.61478
1.50532,-0.452528,3.26,3.61917
1.5159,-0.452528,3.26,3.62358
1.52648,-0.452528,3.26,3.62802
1.53706,-0.452528,3.26,3.63249
1.54765,-0.452528,3.26,3.63698
1.55823,-0.452528,3.26,3.64149
1.56881,-0.452528,3.26,3.64603
1.57939,-0.452528,3.26,3.6506
1.58997,-0.452528,3.26,3.65519
1.60055,-0.452528,3.26,3.6598
nan,nan,nan,NaN
nan,nan,nan,NaN
nan,nan,nan,NaN
nan,nan,nan,NaN
1.63824,-0.448363,3.23,3.64935
1.64872,-0.448363,3.23,3.65407
1.67462,-0.452528,3.26,3.69279
1.70174,-0.45697,3.292,3.7339
1.71243,-0.45697,3.292,3.73878
1.73986,-0.461412,3.324,3.78008
1.75065,-0.461412,3.324,3.78506
1.76144,-0.461412,3.324,3.79006
1.78929,-0.465853,3.356,3.83162
1.81788,-0.470434,3.389,3.87445
1.82888,-0.470434,3.389,3.87962
1.85834,-0.475154,3.423,3.92379
1.88857,-0.480012,3.458,3.96924
1.91902,-0.484871,3.493,4.01482
1.93036,-0.484871,3.493,4.02025
1.96171,-0.489868,3.529,4.0672
1.99385,-0.495004,3.566,4.11544
2.00542,-0.495004,3.566,4.12106
2.017,-0.495004,3.566,4.1267
2.05019,-0.500279,3.604,4.17641
2.06189,-0.500279,3.604,4.18216
2.07358,-0.500279,3.604,4.18794
2.08528,-0.500279,3.604,4.19374
2.07487,-0.495004,3.566,4.15529
2.08644,-0.495004,3.566,4.16109
2.07625,-0.489868,3.529,4.12367
2.0877,-0.489868,3.529,4.12945
2.07774,-0.484871,3.493,4.09306
2.06815,-0.480012,3.458,4.05776
2.07937,-0.480012,3.458,4.06349
2.06944,-0.475154,3.423,4.02806
2.03982,-0.465853,3.356,3.95482
2.05072,-0.465853,3.356,3.96045
2.02229,-0.45697,3.292,3.89047
2.01322,-0.452528,3.26,3.85816
2.0238,-0.452528,3.26,3.86369
1.99631,-0.44406,3.199,3.79685
1.95212,-0.431983,3.112,3.69891
1.96222,-0.431983,3.112,3.70425
1.93746,-0.424349,3.057,3.64405
1.91299,-0.416853,3.003,3.58487
1.92273,-0.416853,3.003,3.59008
1.91575,-0.413244,2.977,3.56418
1.89243,-0.406164,2.926,3.50824
1.90192,-0.406164,2.926,3.51337
1.89509,-0.402694,2.901,3.48846
1.87299,-0.396031,2.853,3.43578
1.86642,-0.3927,2.829,3.41189
1.8756,-0.3927,2.829,3.41692
1.85414,-0.386314,2.783,3.36633
1.84844,-0.38326,2.761,3.34466
1.8574,-0.38326,2.761,3.34962
1.83662,-0.377153,2.717,3.30114
1.83118,-0.374237,2.696,3.2805
-2.58138,-0.504446,3.721,4.55673
-2.54168,-0.499023,3.681,4.50099
-2.52974,-0.499023,3.681,4.49426
-2.51779,-0.499023,3.681,4.48754
-2.45342,-0.488585,3.604,4.38712
-2.44172,-0.488585,3.604,4.38059
-2.4044,-0.483433,3.566,4.32796
-2.39283,-0.483433,3.566,4.32154
-2.38126,-0.483433,3.566,4.31514
-2.36968,-0.483433,3.566,4.30876
-2.35811,-0.483433,3.566,4.30241
-2.32219,-0.478417,3.529,4.2515
-2.31073,-0.478417,3.529,4.24526
-2.29928,-0.478417,3.529,4.23903
-2.26448,-0.473537,3.493,4.18965
-2.25315,-0.473537,3.493,4.18353
-2.24181,-0.473537,3.493,4.17744
-2.20812,-0.468792,3.458,4.12957
-2.1969,-0.468792,3.458,4.12358
-2.18568,-0.468792,3.458,4.11761
-2.17445,-0.468792,3.458,4.11166
-2.16323,-0.468792,3.458,4.10574
-2.13022,-0.464047,3.423,4.05834
-2.09806,-0.459438,3.389,4.01227
-2.06674,-0.454964,3.356,3.96751
-2.05585,-0.454964,3.356,3.96185
-2.04496,-0.454964,3.356,3.95621
-2.01467,-0.450626,3.324,3.91292
-2.00388,-0.450626,3.324,3.90737
-1.9739,-0.446288,3.292,3.86429
-1.96322,-0.446288,3.292,3.85884
nan,nan,nan,NaN
nan,nan,nan,NaN
nan,nan,nan,NaN
nan,nan,nan,NaN
nan,nan,nan,NaN
nan,nan,nan,NaN
nan,nan,nan,NaN
nan,nan,nan,NaN
nan,nan,nan,NaN
nan,nan,nan,NaN
nan,nan,nan,NaN
nan,nan,nan,NaN
nan,nan,nan,NaN
nan,nan,nan,NaN
nan,nan,nan,NaN
nan,nan,nan,NaN
nan,nan,nan,NaN
nan,nan,nan,NaN
nan,nan,nan,NaN
nan,nan,nan,NaN
nan,nan,nan,NaN
nan,nan,nan,NaN
nan,nan,nan,NaN
nan,nan,nan,NaN
nan,nan,nan,NaN
nan,nan,nan,NaN
nan,nan,nan,NaN
nan,nan,nan,NaN
nan,nan,nan,NaN
nan,nan,nan,NaN
nan,nan,nan,NaN
-1.18741,-0.326853,2.411,2.70734
-1.17958,-0.326853,2.411,2.70392
-1.1635,-0.324548,2.394,2.68147
-1.15572,-0.324548,2.394,2.67811
-1.14795,-0.324548,2.394,2.67476
-1.14018,-0.324548,2.394,2.67144
-1.13241,-0.324548,2.394,2.66813
-1.11666,-0.322243,2.377,2.64592
-1.10894,-0.322243,2.377,2.64267
-1.10123,-0.322243,2.377,2.63945
-1.09351,-0.322243,2.377,2.63624
-1.0858,-0.322243,2.377,2.63304
-1.07082,-0.320074,2.361,2.61217
-1.06316,-0.320074,2.361,2.60904
-1.0555,-0.320074,2.361,2.60593
-1.04784,-0.320074,2.361,2.60283
-1.04017,-0.320074,2.361,2.59976
-1.03251,-0.320074,2.361,2.5967
-1.02485,-0.320074,2.361,2.59366
-1.01718,-0.320074,2.361,2.59064
-1.00952,-0.320074,2.361,2.58764
-1.00186,-0.320074,2.361,2.58466
-0.994193,-0.320074,2.361,2.5817
-0.986529,-0.320074,2.361,2.57876
-0.978866,-0.320074,2.361,2.57584
-0.971203,-0.320074,2.361,2.57294
-0.96354,-0.320074,2.361,2.57005
-0.955876,-0.320074,2.361,2.56719
-0.948213,-0.320074,2.361,2.56435
-0.94055,-0.320074,2.361,2.56152
-0.932887,-0.320074,2.361,2.55872
-0.925224,-0.320074,2.361,2.55594
-0.911342,-0.317905,2.345,2.53587
-0.903731,-0.317905,2.345,2.53314
-0.89612,-0.317905,2.345,2.53044
-0.888508,-0.317905,2.345,2.52775
-0.880897,-0.317905,2.345,2.52509
-0.873286,-0.317905,2.345,2.52244
-0.865674,-0.317905,2.345,2.51982
-0.858063,-0.317905,2.345,2.51721
-0.850452,-0.317905,2.345,2.51463
-0.842841,-0.317905,2.345,2.51206
-0.835229,-0.317905,2.345,2.50952
-0.827618,-0.317905,2.345,2.507
-0.820007,-0.317905,2.345,2.5045
-0.812395,-0.317905,2.345,2.50201
-0.804784,-0.317905,2.345,2.49955
-0.802612,-0.320074,2.361,2.51415
-0.794949,-0.320074,2.361,2.51171
-0.787286,-0.320074,2.361,2.5093
-0.784906,-0.322243,2.377,2.5239
-0.777191,-0.322243,2.377,2.52151
-0.769475,-0.322243,2.377,2.51914
-0.76176,-0.322243,2.377,2.51679
-0.759438,-0.324548,2.394,2.53245
-0.751668,-0.324548,2.394,2.53013
-0.743897,-0.324548,2.394,2.52784
-0.741354,-0.326853,2.411,2.54349
-0.733529,-0.326853,2.411,2.54122
-0.725703,-0.326853,2.411,2.53898
-0.717878,-0.326853,2.411,2.53675
-0.715059,-0.329157,2.428,2.55242
-0.707178,-0.329157,2.428,2.55022
-0.704194,-0.331462,2.445,2.56589
-0.696258,-0.331462,2.445,2.56372
-0.688322,-0.331462,2.445,2.56158
-0.680386,-0.331462,2.445,2.55946
-0.677401,-0.333902,2.463,2.57619
-0.669406,-0.333902,2.463,2.5741
-0.661412,-0.333902,2.463,2.57203
-0.653418,-0.333902,2.463,2.56998
-0.65014,-0.336342,2.481,2.58673
-0.637429,-0.333902,2.463,2.56596
-0.629435,-0.333902,2.463,2.56399
-0.621441,-0.333902,2.463,2.56204
-0.613446,-0.333902,2.463,2.56011
-0.605452,-0.333902,2.463,2.55821
-0.601824,-0.336342,2.481,2.57501
-0.593771,-0.336342,2.481,2.57314
-0.585719,-0.336342,2.481,2.57129
-0.577666,-0.336342,2.481,2.56947
-0.569613,-0.336342,2.481,2.56767
-0.561561,-0.336342,2.481,2.5659
-0.553508,-0.336342,2.481,2.56415
-0.545455,-0.336342,2.481,2.56242
-0.537403,-0.336342,2.481,2.56072
-0.53319,-0.338783,2.499,2.57761
-0.525079,-0.338783,2.499,2.57594
-0.516968,-0.338783,2.499,2.5743
-0.508857,-0.338783,2.499,2.57269
-0.500746,-0.338783,2.499,2.57109
-0.492635,-0.338783,2.499,2.56953
-0.488013,-0.341223,2.517,2.58648
-0.483466,-0.343799,2.536,2.60446
-0.475235,-0.343799,2.536,2.60295
-0.467004,-0.343799,2.536,2.60146
-0.458772,-0.343799,2.536,2.59999
-0.450541,-0.343799,2.536,2.59855
-0.44231,-0.343799,2.536,2.59714
-0.430827,-0.341223,2.517,2.5763
-0.422657,-0.341223,2.517,2.57495
-0.414487,-0.341223,2.517,2.57362
-0.406318,-0.341223,2.517,2.57232
-0.395301,-0.338783,2.499,2.55265
-0.38719,-0.338783,2.499,2.55141
-0.379079,-0.338783,2.499,2.55019
-0.370968,-0.338783,2.499,2.549
-0.362857,-0.338783,2.499,2.54783
-0.35219,-0.336342,2.481,2.52834
-0.344137,-0.336342,2.481,2.52724
-0.336085,-0.336342,2.481,2.52615
-0.325652,-0.333902,2.463,2.50677
-0.315336,-0.331462,2.445,2.48743
-0.3074,-0.331462,2.445,2.48644
-0.299465,-0.331462,2.445,2.48547
-0.291529,-0.331462,2.445,2.48453
-0.283593,-0.331462,2.445,2.48361
-0.275657,-0.331462,2.445,2.48272
-0.267721,-0.331462,2.445,2.48185
-0.259785,-0.331462,2.445,2.481
-0.251849,-0.331462,2.445,2.48019
-0.243914,-0.331462,2.445,2.47939
-0.235978,-0.331462,2.445,2.47862
-0.228042,-0.331462,2.445,2.47788
-0.220106,-0.331462,2.445,2.47716
-0.21217,-0.331462,2.445,2.47647
-0.204234,-0.331462,2.445,2.4758
-0.196298,-0.331462,2.445,2.47516
-0.188363,-0.331462,2.445,2.47455
-0.181755,-0.333902,2.463,2.49217
-0.173761,-0.333902,2.463,2.4916
-0.165766,-0.333902,2.463,2.49105
-0.157772,-0.333902,2.463,2.49053
-0.150872,-0.336342,2.481,2.50824
-0.14282,-0.336342,2.481,2.50777
-0.134767,-0.336342,2.481,2.50732
-0.126714,-0.336342,2.481,2.5069
-0.118662,-0.336342,2.481,2.50651
-0.110609,-0.336342,2.481,2.50614
-0.102556,-0.336342,2.481,2.50579
-0.0945035,-0.336342,2.481,2.50548
-0.0864508,-0.336342,2.481,2.50519
-0.0789668,-0.338783,2.499,2.5231
-0.0708557,-0.338783,2.499,2.52285
-0.0622926,-0.336342,2.481,2.50447
-0.0542399,-0.336342,2.481,2.50428
-0.0461872,-0.336342,2.481,2.50412
-0.0381345,-0.336342,2.481,2.50399
-0.0303,-0.338783,2.499,2.52204
-0.0221889,-0.338783,2.499,2.52196
-0.0140778,-0.338783,2.499,2.5219
-0.00596664,-0.338783,2.499,2.52187
0.00215994,-0.341223,2.517,2.54003
0.0103295,-0.341223,2.517,2.54005
0.0184991,-0.341223,2.517,2.54009
0.0264779,-0.338783,2.499,2.522
0.034589,-0.338783,2.499,2.5221
0.0427002,-0.338783,2.499,2.52222
0.0508113,-0.338783,2.499,2.52237
0.0589224,-0.338783,2.499,2.52255
0.0670336,-0.338783,2.499,2.52275
0.0751447,-0.338783,2.499,2.52298
0.0826561,-0.336342,2.481,2.50506
0.0907089,-0.336342,2.481,2.50534
0.0987616,-0.336342,2.481,2.50564
0.106814,-0.336342,2.481,2.50597
0.114867,-0.336342,2.481,2.50633
0.12292,-0.336342,2.481,2.50671
0.130972,-0.336342,2.481,2.50712
0.139025,-0.336342,2.481,2.50755
0.147078,-0.336342,2.481,2.50801
0.155131,-0.336342,2.481,2.5085
0.163183,-0.336342,2.481,2.50901
0.171236,-0.336342,2.481,2.50954
0.179289,-0.336342,2.481,2.51011
0.187341,-0.336342,2.481,2.51069
0.195394,-0.336342,2.481,2.51131
0.203447,-0.336342,2.481,2.51195
0.2115,-0.336342,2.481,2.51261
0.219552,-0.336342,2.481,2.5133
0.227605,-0.336342,2.481,2.51402
0.235658,-0.336342,2.481,2.51476
0.24371,-0.336342,2.481,2.51553
0.251763,-0.336342,2.481,2.51632
0.261701,-0.338783,2.499,2.5354
0.269812,-0.338783,2.499,2.53625
0.277923,-0.338783,2.499,2.53713
0.286034,-0.338783,2.499,2.53803
0.294145,-0.338783,2.499,2.53896
0.304434,-0.341223,2.517,2.5582
0.310368,-0.338783,2.499,2.54089
0.318479,-0.338783,2.499,2.54189
0.32659,-0.338783,2.499,2.54292
0.334701,-0.338783,2.499,2.54397
0.342812,-0.338783,2.499,2.54505
0.350923,-0.338783,2.499,2.54616
0.359034,-0.338783,2.499,2.54729
0.367146,-0.338783,2.499,2.54844
0.375257,-0.338783,2.499,2.54963
0.383368,-0.338783,2.499,2.55083
0.391479,-0.338783,2.499,2.55206
0.396712,-0.336342,2.481,2.53493
0.404765,-0.336342,2.481,2.5362
0.412817,-0.336342,2.481,2.5375
0.423923,-0.338783,2.499,2.55724
0.432035,-0.338783,2.499,2.5586
0.440146,-0.338783,2.499,2.55998
0.448257,-0.338783,2.499,2.56139
0.453081,-0.336342,2.481,2.54436
0.461134,-0.336342,2.481,2.54581
0.469186,-0.336342,2.481,2.54728
0.477239,-0.336342,2.481,2.54877
0.485292,-0.336342,2.481,2.55029
0.493344,-0.336342,2.481,2.55184
0.501397,-0.336342,2.481,2.55341
0.50945,-0.336342,2.481,2.555
0.517502,-0.336342,2.481,2.55662
0.525555,-0.336342,2.481,2.55826
0.533608,-0.336342,2.481,2.55993
0.541661,-0.336342,2.481,2.56162
0.549713,-0.336342,2.481,2.56333
0.553719,-0.333902,2.463,2.54646
0.561714,-0.333902,2.463,2.54821
0.569708,-0.333902,2.463,2.54999
0.577702,-0.333902,2.463,2.55178
0.585697,-0.333902,2.463,2.55361
0.593691,-0.333902,2.463,2.55545
0.606082,-0.336342,2.481,2.57601
0.614135,-0.336342,2.481,2.57792
0.622188,-0.336342,2.481,2.57985
0.63024,-0.336342,2.481,2.5818
0.638293,-0.336342,2.481,2.58378
0.646346,-0.336342,2.481,2.58578
0.654399,-0.336342,2.481,2.5878
0.662451,-0.336342,2.481,2.58985
0.670504,-0.336342,2.481,2.59192
0.678557,-0.336342,2.481,2.59402
0.686609,-0.336342,2.481,2.59614
0.694662,-0.336342,2.481,2.59828
0.702715,-0.336342,2.481,2.60044
0.710768,-0.336342,2.481,2.60263
0.71882,-0.336342,2.481,2.60484
0.726873,-0.336342,2.481,2.60707
0.734926,-0.336342,2.481,2.60933
0.748369,-0.338783,2.499,2.63056
0.75648,-0.338783,2.499,2.63288
0.764591,-0.338783,2.499,2.63522
0.772702,-0.338783,2.499,2.63758
0.780813,-0.338783,2.499,2.63997
0.783242,-0.336342,2.481,2.62335
0.791295,-0.336342,2.481,2.62576
0.799347,-0.336342,2.481,2.6282
0.8074,-0.336342,2.481,2.63066
0.815453,-0.336342,2.481,2.63314
0.823505,-0.336342,2.481,2.63565
0.831558,-0.336342,2.481,2.63818
0.839611,-0.336342,2.481,2.64073
0.841514,-0.333902,2.463,2.62412
0.849508,-0.333902,2.463,2.62669
0.857502,-0.333902,2.463,2.62929
0.859171,-0.331462,2.445,2.61267
0.867107,-0.331462,2.445,2.61529
0.875043,-0.331462,2.445,2.61794
0.882979,-0.331462,2.445,2.6206
0.890915,-0.331462,2.445,2.62328
0.892601,-0.329157,2.428,2.60773
0.900482,-0.329157,2.428,2.61044
0.908362,-0.329157,2.428,2.61317
0.916243,-0.329157,2.428,2.61592
0.917653,-0.326853,2.411,2.60035
0.925479,-0.326853,2.411,2.60313
0.933304,-0.326853,2.411,2.60592
0.94113,-0.326853,2.411,2.60873
0.948955,-0.326853,2.411,2.61156
0.956781,-0.326853,2.411,2.61442
0.957805,-0.324548,2.394,2.59884
0.965575,-0.324548,2.394,2.60171
nan,nan,nan,NaN
nan,nan,nan,NaN
nan,nan,nan,NaN
nan,nan,nan,NaN
nan,nan,nan,NaN
nan,nan,nan,NaN
nan,nan,nan,NaN
nan,nan,nan,NaN
nan,nan,nan,NaN
nan,nan,nan,NaN
nan,nan,nan,NaN
nan,nan,nan,NaN
nan,nan,nan,NaN
1.47736,-0.446288,3.292,3.6358
1.48804,-0.446288,3.292,3.64015
1.49873,-0.446288,3.292,3.64453
1.52408,-0.450626,3.324,3.68441
1.53487,-0.450626,3.324,3.68889
1.54566,-0.450626,3.324,3.69339
1.55645,-0.450626,3.324,3.69792
1.56724,-0.450626,3.324,3.70247
1.59322,-0.454964,3.356,3.74274
1.60411,-0.454964,3.356,3.74739
1.61501,-0.454964,3.356,3.75206
1.6259,-0.454964,3.356,3.75676
1.63679,-0.454964,3.356,3.76149
nan,nan,nan,NaN
nan,nan,nan,NaN
nan,nan,nan,NaN
nan,nan,nan,NaN
nan,nan,nan,NaN
nan,nan,nan,NaN
nan,nan,nan,NaN
1.72393,-0.454964,3.356,3.80022
1.73483,-0.454964,3.356,3.80517
1.74572,-0.454964,3.356,3.81015
1.75661,-0.454964,3.356,3.81516
1.78488,-0.459438,3.389,3.85775
1.79588,-0.459438,3.389,3.86285
1.80688,-0.459438,3.389,3.86798
1.83612,-0.464047,3.423,3.91198
1.84723,-0.464047,3.423,3.91721
1.85834,-0.464047,3.423,3.92246
1.90768,-0.473537,3.493,4.00806
1.91902,-0.473537,3.493,4.01347
1.93036,-0.473537,3.493,4.0189
1.96171,-0.478417,3.529,4.06584
1.99385,-0.483433,3.566,4.11406
2.00542,-0.483433,3.566,4.11968
2.017,-0.483433,3.566,4.12533
2.05019,-0.488585,3.604,4.17502
2.06189,-0.488585,3.604,4.18078
2.07358,-0.488585,3.604,4.18656
2.08528,-0.488585,3.604,4.19237
2.07487,-0.483433,3.566,4.15393
2.08644,-0.483433,3.566,4.15972
2.07625,-0.478417,3.529,4.12232
2.0877,-0.478417,3.529,4.1281
2.07774,-0.473537,3.493,4.09174
2.06815,-0.468792,3.458,4.05645
2.07937,-0.468792,3.458,4.06218
2.06944,-0.464047,3.423,4.02676
2.03982,-0.454964,3.356,3.95356
2.05072,-0.454964,3.356,3.95919
2.02229,-0.446288,3.292,3.88923
2.01322,-0.441949,3.26,3.85694
2.0238,-0.441949,3.26,3.86247
1.99631,-0.43368,3.199,3.79565
1.95212,-0.421885,3.112,3.69774
1.96222,-0.421885,3.112,3.70309
1.93746,-0.414429,3.057,3.64291
1.91299,-0.407109,3.003,3.58375
1.92273,-0.407109,3.003,3.58896
1.91575,-0.403584,2.977,3.56308
1.9086,-0.400059,2.951,3.53712
1.91817,-0.400059,2.951,3.54229
1.89509,-0.393281,2.901,3.48738
1.88875,-0.390027,2.877,3.46361
1.86642,-0.38352,2.829,3.41084
1.8756,-0.38352,2.829,3.41588
1.85414,-0.377284,2.783,3.3653
1.84844,-0.374301,2.761,3.34365
1.8574,-0.374301,2.761,3.34861
1.85149,-0.371319,2.739,3.32686
1.84544,-0.368336,2.717,3.30506
-2.55363,-0.487079,3.681,4.50644
-2.54168,-0.487079,3.681,4.49968
-2.52974,-0.487079,3.681,4.49295
-2.49111,-0.481918,3.642,4.4387
-2.45342,-0.47689,3.604,4.38583
-2.44172,-0.47689,3.604,4.3793
-2.4044,-0.471862,3.566,4.32668
-2.39283,-0.471862,3.566,4.32026
-2.38126,-0.471862,3.566,4.31386
-2.36968,-0.471862,3.566,4.30748
-2.35811,-0.471862,3.566,4.30113
-2.32219,-0.466966,3.529,4.25023
-2.31073,-0.466966,3.529,4.24398
-2.29928,-0.466966,3.529,4.23776
-2.26448,-0.462202,3.493,4.18839
-2.25315,-0.462202,3.493,4.18227
-2.24181,-0.462202,3.493,4.17617
-2.20812,-0.457571,3.458,4.12831
-2.1969,-0.457571,3.458,4.12232
-2.18568,-0.457571,3.458,4.11635
-2.17445,-0.457571,3.458,4.1104
-2.16323,-0.457571,3.458,4.10447
-2.13022,-0.45294,3.423,4.05708
-2.09806,-0.448441,3.389,4.01102
-2.06674,-0.444074,3.356,3.96628
-2.05585,-0.444074,3.356,3.96061
-2.04496,-0.444074,3.356,3.95497
-2.01467,-0.43984,3.324,3.91169
-2.00388,-0.43984,3.324,3.90614
-1.99309,-0.43984,3.324,3.90062
-1.9823,-0.43984,3.324,3.89512
nan,nan,nan,NaN
nan,nan,nan,NaN
nan,nan,nan,NaN
nan,nan,nan,NaN
nan,nan,nan,NaN
nan,nan,nan,NaN
nan,nan,nan,NaN
nan,nan,nan,NaN
nan,nan,nan,NaN
nan,nan,nan,NaN
nan,nan,nan,NaN
nan,nan,nan,NaN
nan,nan,nan,NaN
nan,nan,nan,NaN
nan,nan,nan,NaN
nan,nan,nan,NaN
nan,nan,nan,NaN
nan,nan,nan,NaN
nan,nan,nan,NaN
nan,nan,nan,NaN
nan,nan,nan,NaN
nan,nan,nan,NaN
nan,nan,nan,NaN
nan,nan,nan,NaN
nan,nan,nan,NaN
nan,nan,nan,NaN
nan,nan,nan,NaN
nan,nan,nan,NaN
nan,nan,nan,NaN
nan,nan,nan,NaN
nan,nan,nan,NaN
-1.19578,-0.321279,2.428,2.72549
-1.1879,-0.321279,2.428,2.72204
-1.17176,-0.319029,2.411,2.69958
-1.16393,-0.319029,2.411,2.69619
-1.15611,-0.319029,2.411,2.69282
-1.14828,-0.319029,2.411,2.68947
-1.13241,-0.31678,2.394,2.6672
-1.12464,-0.31678,2.394,2.66391
-1.11687,-0.31678,2.394,2.66064
-1.10123,-0.31453,2.377,2.63851
-1.09351,-0.31453,2.377,2.6353
-1.0858,-0.31453,2.377,2.63211
-1.07808,-0.31453,2.377,2.62894
-1.07037,-0.31453,2.377,2.62578
-1.06265,-0.31453,2.377,2.62265
-1.04784,-0.312413,2.361,2.6019
-1.04017,-0.312413,2.361,2.59882
-1.03251,-0.312413,2.361,2.59577
-1.02485,-0.312413,2.361,2.59273
-1.01718,-0.312413,2.361,2.58971
-1.00952,-0.312413,2.361,2.58671
-1.00186,-0.312413,2.361,2.58373
-0.994193,-0.312413,2.361,2.58076
-0.986529,-0.312413,2.361,2.57782
-0.978866,-0.312413,2.361,2.5749
-0.971203,-0.312413,2.361,2.572
-0.96354,-0.312413,2.361,2.56911
-0.955876,-0.312413,2.361,2.56625
-0.948213,-0.312413,2.361,2.5634
-0.94055,-0.312413,2.361,2.56058
-0.932887,-0.312413,2.361,2.55777
-0.925224,-0.312413,2.361,2.55499
-0.911342,-0.310296,2.345,2.53493
-0.903731,-0.310296,2.345,2.5322
-0.89612,-0.310296,2.345,2.52949
-0.888508,-0.310296,2.345,2.52681
-0.880897,-0.310296,2.345,2.52414
-0.873286,-0.310296,2.345,2.52149
-0.865674,-0.310296,2.345,2.51887
-0.858063,-0.310296,2.345,2.51626
-0.850452,-0.310296,2.345,2.51368
-0.842841,-0.310296,2.345,2.51111
-0.835229,-0.310296,2.345,2.50857
-0.827618,-0.310296,2.345,2.50604
-0.820007,-0.310296,2.345,2.50354
-0.812395,-0.310296,2.345,2.50106
-0.810275,-0.312413,2.361,2.51564
-0.802612,-0.312413,2.361,2.51319
-0.794949,-0.312413,2.361,2.51075
-0.787286,-0.312413,2.361,2.50833
-0.784906,-0.31453,2.377,2.52292
-0.777191,-0.31453,2.377,2.52053
-0.769475,-0.31453,2.377,2.51816
-0.767208,-0.31678,2.394,2.53381
-0.759438,-0.31678,2.394,2.53147
-0.751668,-0.31678,2.394,2.52915
-0.74918,-0.319029,2.411,2.54479
-0.741354,-0.319029,2.411,2.5425
-0.733529,-0.319029,2.411,2.54023
-0.73082,-0.321279,2.428,2.55588
-0.722939,-0.321279,2.428,2.55363
-0.715059,-0.321279,2.428,2.55141
-0.707178,-0.321279,2.428,2.54922
-0.704194,-0.323528,2.445,2.56488
-0.701384,-0.32591,2.463,2.58157
-0.693389,-0.32591,2.463,2.57941
-0.685395,-0.32591,2.463,2.57728
-0.677401,-0.32591,2.463,2.57516
-0.669406,-0.32591,2.463,2.57307
-0.661412,-0.32591,2.463,2.571
-0.653418,-0.32591,2.463,2.56896
-0.65014,-0.328292,2.481,2.5857
-0.642088,-0.328292,2.481,2.58368
-0.629435,-0.32591,2.463,2.56296
-0.621441,-0.32591,2.463,2.56101
-0.613446,-0.32591,2.463,2.55908
-0.609877,-0.328292,2.481,2.57587
-0.601824,-0.328292,2.481,2.57397
-0.593771,-0.328292,2.481,2.5721
-0.585719,-0.328292,2.481,2.57025
-0.577666,-0.328292,2.481,2.56843
-0.573746,-0.330674,2.499,2.58525
-0.565635,-0.330674,2.499,2.58346
-0.557524,-0.330674,2.499,2.5817
-0.549413,-0.330674,2.499,2.57996
-0.541301,-0.330674,2.499,2.57825
-0.53319,-0.330674,2.499,2.57656
-0.525079,-0.330674,2.499,2.57489
-0.516968,-0.330674,2.499,2.57325
-0.512522,-0.333056,2.517,2.59015
-0.504353,-0.333056,2.517,2.58855
-0.496183,-0.333056,2.517,2.58697
-0.488013,-0.333056,2.517,2.58542
-0.483466,-0.33557,2.536,2.60339
-0.475235,-0.33557,2.536,2.60187
-0.467004,-0.33557,2.536,2.60038
-0.458772,-0.33557,2.536,2.59892
-0.450541,-0.33557,2.536,2.59748
-0.44231,-0.33557,2.536,2.59606
-0.430827,-0.333056,2.517,2.57523
-0.422657,-0.333056,2.517,2.57388
-0.414487,-0.333056,2.517,2.57255
-0.406318,-0.333056,2.517,2.57125
-0.398148,-0.333056,2.517,2.56997
-0.389979,-0.333056,2.517,2.56872
-0.379079,-0.330674,2.499,2.54913
-0.370968,-0.330674,2.499,2.54793
-0.362857,-0.330674,2.499,2.54676
-0.35219,-0.328292,2.481,2.52729
-0.344137,-0.328292,2.481,2.52618
-0.336085,-0.328292,2.481,2.52509
-0.325652,-0.32591,2.463,2.50572
-0.315336,-0.323528,2.445,2.48639
-0.3074,-0.323528,2.445,2.4854
-0.299465,-0.323528,2.445,2.48443
-0.291529,-0.323528,2.445,2.48348
-0.283593,-0.323528,2.445,2.48256
-0.275657,-0.323528,2.445,2.48167
-0.267721,-0.323528,2.445,2.4808
-0.259785,-0.323528,2.445,2.47996
-0.251849,-0.323528,2.445,2.47914
-0.243914,-0.323528,2.445,2.47834
-0.235978,-0.323528,2.445,2.47758
-0.228042,-0.323528,2.445,2.47683
-0.220106,-0.323528,2.445,2.47611
-0.21217,-0.323528,2.445,2.47542
-0.204234,-0.323528,2.445,2.47475
-0.196298,-0.323528,2.445,2.47411
-0.188363,-0.323528,2.445,2.47349
-0.181755,-0.32591,2.463,2.49111
-0.173761,-0.32591,2.463,2.49054
-0.165766,-0.32591,2.463,2.48999
-0.157772,-0.32591,2.463,2.48947
-0.150872,-0.328292,2.481,2.50717
-0.14282,-0.328292,2.481,2.5067
-0.134767,-0.328292,2.481,2.50625
-0.126714,-0.328292,2.481,2.50583
-0.118662,-0.328292,2.481,2.50544
-0.110609,-0.328292,2.481,2.50507
-0.102556,-0.328292,2.481,2.50473
-0.0945035,-0.328292,2.481,2.50441
-0.0864508,-0.328292,2.481,2.50412
-0.0789668,-0.330674,2.499,2.52202
-0.0708557,-0.330674,2.499,2.52178
-0.0622926,-0.328292,2.481,2.5034
-0.0542399,-0.328292,2.481,2.50321
-0.0461872,-0.328292,2.481,2.50305
-0.0381345,-0.328292,2.481,2.50292
-0.0303,-0.330674,2.499,2.52097
-0.0221889,-0.330674,2.499,2.52088
-0.0140778,-0.330674,2.499,2.52082
-0.00596664,-0.330674,2.499,2.52079
0.00215994,-0.333056,2.517,2.53894
0.0103295,-0.333056,2.517,2.53896
0.0184991,-0.333056,2.517,2.53901
0.0264779,-0.330674,2.499,2.52092
0.034589,-0.330674,2.499,2.52102
0.0427002,-0.330674,2.499,2.52114
0.0508113,-0.330674,2.499,2.5213
0.0589224,-0.330674,2.499,2.52147
0.0670336,-0.330674,2.499,2.52167
0.0751447,-0.330674,2.499,2.5219
0.0826561,-0.328292,2.481,2.50399
0.0907089,-0.328292,2.481,2.50427
0.0987616,-0.328292,2.481,2.50457
0.106814,-0.328292,2.481,2.5049
0.114867,-0.328292,2.481,2.50526
0.12292,-0.328292,2.481,2.50564
0.130972,-0.328292,2.481,2.50605
0.139025,-0.328292,2.481,2.50648
0.147078,-0.328292,2.481,2.50694
0.155131,-0.328292,2.481,2.50743
0.163183,-0.328292,2.481,2.50794
0.171236,-0.328292,2.481,2.50848
0.179289,-0.328292,2.481,2.50904
0.188701,-0.330674,2.499,2.52784
0.196812,-0.330674,2.499,2.52845
0.204923,-0.330674,2.499,2.5291
0.213034,-0.330674,2.499,2.52977
0.221145,-0.330674,2.499,2.53046
0.229256,-0.330674,2.499,2.53119
0.237367,-0.330674,2.499,2.53193
0.245479,-0.330674,2.499,2.53271
0.25359,-0.330674,2.499,2.53351
0.261701,-0.330674,2.499,2.53433
0.269812,-0.330674,2.499,2.53518
0.277923,-0.330674,2.499,2.53606
0.286034,-0.330674,2.499,2.53696
0.296264,-0.333056,2.517,2.55617
0.304434,-0.333056,2.517,2.55713
0.312603,-0.333056,2.517,2.55811
0.318479,-0.330674,2.499,2.54082
0.32659,-0.330674,2.499,2.54185
0.334701,-0.330674,2.499,2.54291
0.345281,-0.333056,2.517,2.56231
0.353451,-0.333056,2.517,2.56342
0.36162,-0.333056,2.517,2.56456
0.367146,-0.330674,2.499,2.54738
0.375257,-0.330674,2.499,2.54856
0.383368,-0.330674,2.499,2.54977
0.391479,-0.330674,2.499,2.551
0.396712,-0.328292,2.481,2.53387
0.404765,-0.328292,2.481,2.53515
0.412817,-0.328292,2.481,2.53645
0.42087,-0.328292,2.481,2.53777
0.428923,-0.328292,2.481,2.53912
0.436975,-0.328292,2.481,2.54049
0.445028,-0.328292,2.481,2.54189
0.453081,-0.328292,2.481,2.54331
0.461134,-0.328292,2.481,2.54476
0.469186,-0.328292,2.481,2.54623
0.477239,-0.328292,2.481,2.54772
0.485292,-0.328292,2.481,2.54924
0.493344,-0.328292,2.481,2.55079
0.501397,-0.328292,2.481,2.55236
0.50945,-0.328292,2.481,2.55395
0.513748,-0.32591,2.463,2.53703
0.521742,-0.32591,2.463,2.53866
0.533608,-0.328292,2.481,2.55888
0.537731,-0.32591,2.463,2.542
0.545725,-0.32591,2.463,2.5437
0.553719,-0.32591,2.463,2.54543
0.561714,-0.32591,2.463,2.54718
0.569708,-0.32591,2.463,2.54895
0.577702,-0.32591,2.463,2.55075
0.585697,-0.32591,2.463,2.55257
0.593691,-0.32591,2.463,2.55442
0.606082,-0.328292,2.481,2.57497
0.614135,-0.328292,2.481,2.57688
0.622188,-0.328292,2.481,2.57881
0.63024,-0.328292,2.481,2.58076
0.638293,-0.328292,2.481,2.58274
0.646346,-0.328292,2.481,2.58474
0.654399,-0.328292,2.481,2.58677
0.662451,-0.328292,2.481,2.58882
0.670504,-0.328292,2.481,2.59089
0.678557,-0.328292,2.481,2.59299
0.686609,-0.328292,2.481,2.5951
0.694662,-0.328292,2.481,2.59725
0.702715,-0.328292,2.481,2.59941
0.710768,-0.328292,2.481,2.6016
0.71882,-0.328292,2.481,2.60381
0.726873,-0.328292,2.481,2.60605
0.734926,-0.328292,2.481,2.6083
0.742978,-0.328292,2.481,2.61059
0.75648,-0.330674,2.499,2.63184
0.764591,-0.330674,2.499,2.63419
0.772702,-0.330674,2.499,2.63655
0.780813,-0.330674,2.499,2.63894
0.783242,-0.328292,2.481,2.62233
0.791295,-0.328292,2.481,2.62474
0.799347,-0.328292,2.481,2.62718
0.8074,-0.328292,2.481,2.62964
0.815453,-0.328292,2.481,2.63213
0.823505,-0.328292,2.481,2.63463
0.831558,-0.328292,2.481,2.63716
0.839611,-0.328292,2.481,2.63971
0.841514,-0.32591,2.463,2.62311
0.849508,-0.32591,2.463,2.62569
0.857502,-0.32591,2.463,2.62829
0.859171,-0.323528,2.445,2.61168
0.867107,-0.323528,2.445,2.6143
0.875043,-0.323528,2.445,2.61694
0.882979,-0.323528,2.445,2.61961
0.890915,-0.323528,2.445,2.62229
0.892601,-0.321279,2.428,2.60675
0.900482,-0.321279,2.428,2.60946
0.908362,-0.321279,2.428,2.61219
0.916243,-0.321279,2.428,2.61494
0.917653,-0.319029,2.411,2.59938
0.925479,-0.319029,2.411,2.60216
0.933304,-0.319029,2.411,2.60495
0.94113,-0.319029,2.411,2.60776
0.948955,-0.319029,2.411,2.6106
0.956781,-0.319029,2.411,2.61345
0.957805,-0.31678,2.394,2.59788
0.965575,-0.31678,2.394,2.60075
nan,nan,nan,NaN
nan,nan,nan,NaN
nan,nan,nan,NaN
nan,nan,nan,NaN
nan,nan,nan,NaN
nan,nan,nan,NaN
nan,nan,nan,NaN
nan,nan,nan,NaN
nan,nan,nan,NaN
nan,nan,nan,NaN
nan,nan,nan,NaN
nan,nan,nan,NaN
nan,nan,nan,NaN
nan,nan,nan,NaN
nan,nan,nan,NaN
1.54289,-0.448441,3.389,3.75059
1.55389,-0.448441,3.389,3.75513
1.56489,-0.448441,3.389,3.75969
1.5917,-0.45294,3.423,3.80205
1.60281,-0.45294,3.423,3.80671
1.61392,-0.45294,3.423,3.81141
1.62503,-0.45294,3.423,3.81612
1.63614,-0.45294,3.423,3.82087
1.64725,-0.45294,3.423,3.82564
1.67532,-0.457571,3.458,3.8696
1.68654,-0.457571,3.458,3.87447
nan,nan,nan,NaN
nan,nan,nan,NaN
nan,nan,nan,NaN
nan,nan,nan,NaN
nan,nan,nan,NaN
nan,nan,nan,NaN
nan,nan,nan,NaN
1.72393,-0.444074,3.356,3.79893
1.73483,-0.444074,3.356,3.80389
1.74572,-0.444074,3.356,3.80887
1.75661,-0.444074,3.356,3.81387
1.78488,-0.448441,3.389,3.85645
1.79588,-0.448441,3.389,3.86156
1.80688,-0.448441,3.389,3.86668
1.83612,-0.45294,3.423,3.91068
1.84723,-0.45294,3.423,3.91591
1.85834,-0.45294,3.423,3.92116
1.90768,-0.462202,3.493,4.00674
1.91902,-0.462202,3.493,4.01215
1.93036,-0.462202,3.493,4.01758
1.96171,-0.466966,3.529,4.0645
1.97316,-0.466966,3.529,4.07004
1.98461,-0.466966,3.529,4.07561
2.017,-0.471862,3.566,4.12399
2.02857,-0.471862,3.566,4.12966
2.04015,-0.471862,3.566,4.13536
2.05172,-0.471862,3.566,4.14108
2.06329,-0.471862,3.566,4.14683
2.07487,-0.471862,3.566,4.1526
2.08644,-0.471862,3.566,4.1584
2.07625,-0.466966,3.529,4.12101
2.0877,-0.466966,3.529,4.12679
2.07774,-0.462202,3.493,4.09044
2.06815,-0.457571,3.458,4.05517
2.07937,-0.457571,3.458,4.0609
2.04888,-0.448441,3.389,3.98552
2.03982,-0.444074,3.356,3.95232
2.05072,-0.444074,3.356,3.95795
2.02229,-0.435606,3.292,3.88802
2.01322,-0.431371,3.26,3.85574
2.0238,-0.431371,3.26,3.86127
1.99631,-0.4233,3.199,3.79448
1.95212,-0.411787,3.112,3.69661
1.96222,-0.411787,3.112,3.70195
1.93746,-0.40451,3.057,3.64179
1.91299,-0.397364,3.003,3.58266
1.92273,-0.397364,3.003,3.58787
1.91575,-0.393924,2.977,3.56199
1.9086,-0.390484,2.951,3.53605
1.90192,-0.387176,2.926,3.51122
1.89509,-0.383867,2.901,3.48633
1.88875,-0.380692,2.877,3.46258
1.86642,-0.37434,2.829,3.40982
1.8756,-0.37434,2.829,3.41486
1.85414,-0.368253,2.783,3.3643
1.84844,-0.365342,2.761,3.34265
1.8574,-0.365342,2.761,3.34762
1.85149,-0.362431,2.739,3.32588
1.84544,-0.35952,2.717,3.30409
-2.52657,-0.470101,3.642,4.45744
-2.51475,-0.470101,3.642,4.45075
-2.50293,-0.470101,3.642,4.44408
-2.46512,-0.465196,3.604,4.39113
-2.42755,-0.460291,3.566,4.33835
-2.41598,-0.460291,3.566,4.33188
-2.37946,-0.455515,3.529,4.28056
-2.368,-0.455515,3.529,4.2742
-2.35655,-0.455515,3.529,4.26786
-2.34509,-0.455515,3.529,4.26155
-2.35811,-0.460291,3.566,4.29987
-2.32219,-0.455515,3.529,4.24899
-2.31073,-0.455515,3.529,4.24274
-2.29928,-0.455515,3.529,4.23651
-2.26448,-0.450868,3.493,4.18715
-2.25315,-0.450868,3.493,4.18103
-2.24181,-0.450868,3.493,4.17493
-2.23047,-0.450868,3.493,4.16885
-2.21914,-0.450868,3.493,4.1628
-2.2078,-0.450868,3.493,4.15677
-2.17445,-0.44635,3.458,4.10916
-2.14133,-0.441833,3.423,4.06171
-2.13022,-0.441833,3.423,4.05586
-2.09806,-0.437444,3.389,4.00981
-2.06674,-0.433184,3.356,3.96507
-2.05585,-0.433184,3.356,3.95941
-2.04496,-0.433184,3.356,3.95376
-2.01467,-0.429054,3.324,3.91049
-2.00388,-0.429054,3.324,3.90495
-1.99309,-0.429054,3.324,3.89942
-1.9823,-0.429054,3.324,3.89392
nan,nan,nan,NaN
nan,nan,nan,NaN
nan,nan,nan,NaN
nan,nan,nan,NaN
nan,nan,nan,NaN
nan,nan,nan,NaN
nan,nan,nan,NaN
nan,nan,nan,NaN
nan,nan,nan,NaN
nan,nan,nan,NaN
nan,nan,nan,NaN
nan,nan,nan,NaN
nan,nan,nan,NaN
nan,nan,nan,NaN
nan,nan,nan,NaN
nan,nan,nan,NaN
nan,nan,nan,NaN
nan,nan,nan,NaN
nan,nan,nan,NaN
nan,nan,nan,NaN
nan,nan,nan,NaN
nan,nan,nan,NaN
nan,nan,nan,NaN
nan,nan,nan,NaN
nan,nan,nan,NaN
nan,nan,nan,NaN
nan,nan,nan,NaN
nan,nan,nan,NaN
nan,nan,nan,NaN
nan,nan,nan,NaN
nan,nan,nan,NaN
-1.20415,-0.315595,2.445,2.74365
-1.19622,-0.315595,2.445,2.74018
-1.18002,-0.3134,2.428,2.71769
-1.16393,-0.311206,2.411,2.69528
-1.15611,-0.311206,2.411,2.6919
-1.14828,-0.311206,2.411,2.68855
-1.14046,-0.311206,2.411,2.68522
-1.12464,-0.309012,2.394,2.663
-1.11687,-0.309012,2.394,2.65972
-1.10123,-0.306818,2.377,2.63761
-1.09351,-0.306818,2.377,2.63439
-1.0858,-0.306818,2.377,2.6312
-1.07808,-0.306818,2.377,2.62803
-1.07037,-0.306818,2.377,2.62487
-1.06265,-0.306818,2.377,2.62173
-1.05494,-0.306818,2.377,2.61862
-1.04722,-0.306818,2.377,2.61552
-1.03251,-0.304752,2.361,2.59485
-1.02485,-0.304752,2.361,2.59181
-1.01718,-0.304752,2.361,2.58879
-1.00952,-0.304752,2.361,2.58579
-1.00186,-0.304752,2.361,2.58281
-0.994193,-0.304752,2.361,2.57985
-0.986529,-0.304752,2.361,2.5769
-0.978866,-0.304752,2.361,2.57398
-0.971203,-0.304752,2.361,2.57108
-0.96354,-0.304752,2.361,2.56819
-0.955876,-0.304752,2.361,2.56533
-0.948213,-0.304752,2.361,2.56248
-0.94055,-0.304752,2.361,2.55965
-0.932887,-0.304752,2.361,2.55685
-0.925224,-0.304752,2.361,2.55406
-0.91756,-0.304752,2.361,2.5513
-0.903731,-0.302687,2.345,2.53128
-0.89612,-0.302687,2.345,2.52857
-0.888508,-0.302687,2.345,2.52588
-0.880897,-0.302687,2.345,2.52322
-0.873286,-0.302687,2.345,2.52057
-0.865674,-0.302687,2.345,2.51794
-0.858063,-0.302687,2.345,2.51534
-0.850452,-0.302687,2.345,2.51275
-0.842841,-0.302687,2.345,2.51018
-0.835229,-0.302687,2.345,2.50764
-0.827618,-0.302687,2.345,2.50511
-0.825602,-0.304752,2.361,2.51969
-0.817938,-0.304752,2.361,2.51718
-0.810275,-0.304752,2.361,2.5147
-0.802612,-0.304752,2.361,2.51225
-0.794949,-0.304752,2.361,2.50981
-0.787286,-0.304752,2.361,2.50739
-0.784906,-0.306818,2.377,2.52197
-0.777191,-0.306818,2.377,2.51958
-0.769475,-0.306818,2.377,2.51721
-0.767208,-0.309012,2.394,2.53285
-0.759438,-0.309012,2.394,2.53051
-0.751668,-0.309012,2.394,2.52819
-0.74918,-0.311206,2.411,2.54382
-0.741354,-0.311206,2.411,2.54153
-0.733529,-0.311206,2.411,2.53926
-0.73082,-0.3134,2.428,2.5549
-0.722939,-0.3134,2.428,2.55265
-0.715059,-0.3134,2.428,2.55043
-0.707178,-0.3134,2.428,2.54824
-0.704194,-0.315595,2.445,2.56389
-0.701384,-0.317918,2.463,2.58058
-0.693389,-0.317918,2.463,2.57842
-0.685395,-0.317918,2.463,2.57628
-0.677401,-0.317918,2.463,2.57416
-0.669406,-0.317918,2.463,2.57207
-0.661412,-0.317918,2.463,2.57
-0.653418,-0.317918,2.463,2.56796
-0.65014,-0.320242,2.481,2.58469
-0.642088,-0.320242,2.481,2.58267
-0.629435,-0.317918,2.463,2.56196
-0.621441,-0.317918,2.463,2.56001
-0.613446,-0.317918,2.463,2.55808
-0.609877,-0.320242,2.481,2.57485
-0.601824,-0.320242,2.481,2.57296
-0.593771,-0.320242,2.481,2.57109
-0.585719,-0.320242,2.481,2.56924
-0.577666,-0.320242,2.481,2.56741
-0.573746,-0.322565,2.499,2.58423
-0.565635,-0.322565,2.499,2.58244
-0.557524,-0.322565,2.499,2.58067
-0.549413,-0.322565,2.499,2.57893
-0.541301,-0.322565,2.499,2.57722
-0.53319,-0.322565,2.499,2.57553
-0.525079,-0.322565,2.499,2.57386
-0.516968,-0.322565,2.499,2.57222
-0.512522,-0.324888,2.517,2.58912
-0.504353,-0.324888,2.517,2.58751
-0.496183,-0.324888,2.517,2.58593
-0.488013,-0.324888,2.517,2.58438
-0.483466,-0.327341,2.536,2.60234
-0.475235,-0.327341,2.536,2.60083
-0.467004,-0.327341,2.536,2.59933
-0.458772,-0.327341,2.536,2.59787
-0.450541,-0.327341,2.536,2.59643
-0.44231,-0.327341,2.536,2.59501
-0.430827,-0.324888,2.517,2.57419
-0.422657,-0.324888,2.517,2.57284
-0.414487,-0.324888,2.517,2.57151
-0.406318,-0.324888,2.517,2.5702
-0.398148,-0.324888,2.517,2.56892
-0.389979,-0.324888,2.517,2.56767
-0.379079,-0.322565,2.499,2.54809
-0.370968,-0.322565,2.499,2.54689
-0.362857,-0.322565,2.499,2.54572
-0.35219,-0.320242,2.481,2.52625
-0.344137,-0.320242,2.481,2.52514
-0.336085,-0.320242,2.481,2.52406
-0.325652,-0.317918,2.463,2.50469
-0.317658,-0.317918,2.463,2.50367
-0.309664,-0.317918,2.463,2.50267
-0.301669,-0.317918,2.463,2.50169
-0.293675,-0.317918,2.463,2.50074
-0.283593,-0.315595,2.445,2.48154
-0.275657,-0.315595,2.445,2.48065
-0.267721,-0.315595,2.445,2.47978
-0.259785,-0.315595,2.445,2.47893
-0.251849,-0.315595,2.445,2.47812
-0.243914,-0.315595,2.445,2.47732
-0.235978,-0.315595,2.445,2.47655
-0.228042,-0.315595,2.445,2.47581
-0.220106,-0.315595,2.445,2.47509
-0.21217,-0.315595,2.445,2.4744
-0.205738,-0.317918,2.463,2.49194
-0.197744,-0.317918,2.463,2.49129
-0.189749,-0.317918,2.463,2.49067
-0.181755,-0.317918,2.463,2.49008
-0.175031,-0.320242,2.481,2.5077
-0.166978,-0.320242,2.481,2.50715
-0.158925,-0.320242,2.481,2.50663
-0.150872,-0.320242,2.481,2.50613
-0.14282,-0.320242,2.481,2.50566
-0.135745,-0.322565,2.499,2.52339
-0.127634,-0.322565,2.499,2.52296
-0.119523,-0.322565,2.499,2.52257
-0.110609,-0.320242,2.481,2.50403
-0.102556,-0.320242,2.481,2.50368
-0.0951891,-0.322565,2.499,2.52153
-0.087078,-0.322565,2.499,2.52124
-0.0789668,-0.322565,2.499,2.52097
-0.0708557,-0.322565,2.499,2.52073
-0.0627446,-0.322565,2.499,2.52051
-0.0546334,-0.322565,2.499,2.52032
-0.0465223,-0.322565,2.499,2.52016
-0.0384112,-0.322565,2.499,2.52002
-0.0303,-0.322565,2.499,2.51991
-0.0221889,-0.322565,2.499,2.51983
-0.0141792,-0.324888,2.517,2.53792
-0.00600962,-0.324888,2.517,2.53789
0.00215994,-0.324888,2.517,2.53788
0.0103295,-0.324888,2.517,2.5379
0.0184991,-0.324888,2.517,2.53795
0.0266686,-0.324888,2.517,2.53802
0.0348382,-0.324888,2.517,2.53812
0.0427002,-0.322565,2.499,2.52009
0.0508113,-0.322565,2.499,2.52024
0.0589224,-0.322565,2.499,2.52042
0.0670336,-0.322565,2.499,2.52062
0.0751447,-0.322565,2.499,2.52085
0.0832558,-0.322565,2.499,2.52111
0.091367,-0.322565,2.499,2.52139
0.0994781,-0.322565,2.499,2.52169
0.107589,-0.322565,2.499,2.52203
0.1157,-0.322565,2.499,2.52239
0.123811,-0.322565,2.499,2.52277
0.131923,-0.322565,2.499,2.52318
0.140034,-0.322565,2.499,2.52362
0.148145,-0.322565,2.499,2.52408
0.156256,-0.322565,2.499,2.52457
0.164367,-0.322565,2.499,2.52509
0.172478,-0.322565,2.499,2.52563
0.180589,-0.322565,2.499,2.5262
0.188701,-0.322565,2.499,2.52679
0.196812,-0.322565,2.499,2.52741
0.204923,-0.322565,2.499,2.52805
0.213034,-0.322565,2.499,2.52872
0.221145,-0.322565,2.499,2.52942
0.229256,-0.322565,2.499,2.53014
0.237367,-0.322565,2.499,2.53089
0.245479,-0.322565,2.499,2.53166
0.25359,-0.322565,2.499,2.53246
0.261701,-0.322565,2.499,2.53329
0.271755,-0.324888,2.517,2.55239
0.279925,-0.324888,2.517,2.55327
0.288094,-0.324888,2.517,2.55418
0.296264,-0.324888,2.517,2.55512
0.304434,-0.324888,2.517,2.55608
0.312603,-0.324888,2.517,2.55706
0.318479,-0.322565,2.499,2.53978
0.32659,-0.322565,2.499,2.54081
0.334701,-0.322565,2.499,2.54186
0.345281,-0.324888,2.517,2.56126
0.353451,-0.324888,2.517,2.56238
0.36162,-0.324888,2.517,2.56352
0.367146,-0.322565,2.499,2.54634
0.375257,-0.322565,2.499,2.54752
0.383368,-0.322565,2.499,2.54873
0.391479,-0.322565,2.499,2.54996
0.396712,-0.320242,2.481,2.53284
0.404765,-0.320242,2.481,2.53412
0.412817,-0.320242,2.481,2.53542
0.42087,-0.320242,2.481,2.53674
0.428923,-0.320242,2.481,2.53809
0.436975,-0.320242,2.481,2.53946
0.445028,-0.320242,2.481,2.54086
0.453081,-0.320242,2.481,2.54228
0.461134,-0.320242,2.481,2.54373
0.469186,-0.320242,2.481,2.5452
0.477239,-0.320242,2.481,2.5467
0.485292,-0.320242,2.481,2.54822
0.493344,-0.320242,2.481,2.54977
0.501397,-0.320242,2.481,2.55134
0.50945,-0.320242,2.481,2.55293
0.513748,-0.317918,2.463,2.53602
0.521742,-0.317918,2.463,2.53765
0.533608,-0.320242,2.481,2.55786
0.537731,-0.317918,2.463,2.54098
0.545725,-0.317918,2.463,2.54269
0.553719,-0.317918,2.463,2.54441
0.561714,-0.317918,2.463,2.54617
0.569708,-0.317918,2.463,2.54794
0.577702,-0.317918,2.463,2.54974
0.585697,-0.317918,2.463,2.55156
0.593691,-0.317918,2.463,2.55341
0.606082,-0.320242,2.481,2.57396
0.614135,-0.320242,2.481,2.57586
0.622188,-0.320242,2.481,2.5778
0.63024,-0.320242,2.481,2.57975
0.638293,-0.320242,2.481,2.58173
0.646346,-0.320242,2.481,2.58373
0.654399,-0.320242,2.481,2.58576
0.662451,-0.320242,2.481,2.58781
0.670504,-0.320242,2.481,2.58988
0.678557,-0.320242,2.481,2.59198
0.686609,-0.320242,2.481,2.5941
0.694662,-0.320242,2.481,2.59624
0.702715,-0.320242,2.481,2.59841
0.710768,-0.320242,2.481,2.6006
0.71882,-0.320242,2.481,2.60281
0.726873,-0.320242,2.481,2.60505
0.734926,-0.320242,2.481,2.6073
0.742978,-0.320242,2.481,2.60959
0.75648,-0.322565,2.499,2.63084
0.764591,-0.322565,2.499,2.63318
0.772702,-0.322565,2.499,2.63555
0.780813,-0.322565,2.499,2.63794
0.783242,-0.320242,2.481,2.62133
0.791295,-0.320242,2.481,2.62375
0.799347,-0.320242,2.481,2.62619
0.8074,-0.320242,2.481,2.62865
0.815453,-0.320242,2.481,2.63114
0.823505,-0.320242,2.481,2.63364
0.825525,-0.317918,2.463,2.61705
0.833519,-0.317918,2.463,2.61958
0.841514,-0.317918,2.463,2.62213
0.849508,-0.317918,2.463,2.62471
0.851236,-0.315595,2.445,2.60811
0.859171,-0.315595,2.445,2.61071
0.867107,-0.315595,2.445,2.61333
0.875043,-0.315595,2.445,2.61598
0.87684,-0.3134,2.428,2.60043
0.88472,-0.3134,2.428,2.6031
0.892601,-0.3134,2.428,2.60579
0.894177,-0.311206,2.411,2.59024
0.902002,-0.311206,2.411,2.59295
0.909828,-0.311206,2.411,2.59568
0.917653,-0.311206,2.411,2.59843
0.925479,-0.311206,2.411,2.60121
0.926724,-0.309012,2.394,2.58564
0.927858,-0.306818,2.377,2.57006
0.935573,-0.306818,2.377,2.57285
0.956781,-0.311206,2.411,2.61251
0.957805,-0.309012,2.394,2.59694
0.965575,-0.309012,2.394,2.59982
nan,nan,nan,NaN
nan,nan,nan,NaN
nan,nan,nan,NaN
nan,nan,nan,NaN
nan,nan,nan,NaN
nan,nan,nan,NaN
nan,nan,nan,NaN
nan,nan,nan,NaN
nan,nan,nan,NaN
nan,nan,nan,NaN
nan,nan,nan,NaN
nan,nan,nan,NaN
nan,nan,nan,NaN
nan,nan,nan,NaN
nan,nan,nan,NaN
1.54289,-0.437444,3.389,3.74929
1.55389,-0.437444,3.389,3.75383
1.56489,-0.437444,3.389,3.7584
1.5917,-0.441833,3.423,3.80074
1.60281,-0.441833,3.423,3.80541
1.61392,-0.441833,3.423,3.8101
1.62503,-0.441833,3.423,3.81482
1.63614,-0.441833,3.423,3.81957
1.64725,-0.441833,3.423,3.82434
1.67532,-0.44635,3.458,3.86829
1.68654,-0.44635,3.458,3.87317
nan,nan,nan,NaN
nan,nan,nan,NaN
nan,nan,nan,NaN
nan,nan,nan,NaN
nan,nan,nan,NaN
nan,nan,nan,NaN
nan,nan,nan,NaN
nan,nan,nan,NaN
nan,nan,nan,NaN
1.78057,-0.441833,3.423,3.88363
1.79168,-0.441833,3.423,3.88874
1.80279,-0.441833,3.423,3.89387
1.8139,-0.441833,3.423,3.89902
1.82501,-0.441833,3.423,3.9042
1.83612,-0.441833,3.423,3.90941
1.84723,-0.441833,3.423,3.91464
1.87734,-0.44635,3.458,3.95998
1.90768,-0.450868,3.493,4.00544
1.91902,-0.450868,3.493,4.01086
1.93036,-0.450868,3.493,4.01629
1.96171,-0.455515,3.529,4.0632
1.97316,-0.455515,3.529,4.06875
1.98461,-0.455515,3.529,4.07431
2.017,-0.460291,3.566,4.12268
2.02857,-0.460291,3.566,4.12836
2.04015,-0.460291,3.566,4.13406
2.05172,-0.460291,3.566,4.13978
2.06329,-0.460291,3.566,4.14553
2.07487,-0.460291,3.566,4.1513
2.06479,-0.455515,3.529,4.11397
2.07625,-0.455515,3.529,4.11973
2.0877,-0.455515,3.529,4.12551
2.07774,-0.450868,3.493,4.08917
2.04722,-0.441833,3.423,4.01288
2.05833,-0.441833,3.423,4.01856
2.04888,-0.437444,3.389,3.98429
2.02037,-0.429054,3.324,3.91343
2.03116,-0.429054,3.324,3.91902
2.00264,-0.420793,3.26,3.84905
1.99469,-0.416921,3.23,3.8191
2.00517,-0.416921,3.23,3.82458
1.97821,-0.409176,3.17,3.75894
1.95212,-0.40169,3.112,3.69549
1.96222,-0.40169,3.112,3.70084
1.93746,-0.39459,3.057,3.6407
1.93019,-0.391105,3.03,3.61379
1.94002,-0.391105,3.03,3.61905
1.91575,-0.384264,2.977,3.56094
1.9086,-0.380908,2.951,3.535
1.90192,-0.377681,2.926,3.51019
1.91142,-0.377681,2.926,3.51535
1.88875,-0.371356,2.877,3.46156
1.86642,-0.365161,2.829,3.40883
1.8756,-0.365161,2.829,3.41386
1.86946,-0.362192,2.806,3.39112
1.84844,-0.356383,2.761,3.34169
1.8574,-0.356383,2.761,3.34665
1.85149,-0.353544,2.739,3.32493
1.84544,-0.350704,2.717,3.30314
-2.52657,-0.458283,3.642,4.45621
-2.51475,-0.458283,3.642,4.44951
-2.50293,-0.458283,3.642,4.44284
-2.46512,-0.453501,3.604,4.38991
-2.42755,-0.44872,3.566,4.33713
-2.41598,-0.44872,3.566,4.33067
-2.37946,-0.444064,3.529,4.27935
-2.368,-0.444064,3.529,4.27299
-2.35655,-0.444064,3.529,4.26666
-2.34509,-0.444064,3.529,4.26034
-2.35811,-0.44872,3.566,4.29865
-2.32219,-0.444064,3.529,4.24777
-2.31073,-0.444064,3.529,4.24152
-2.29928,-0.444064,3.529,4.23529
-2.26448,-0.439534,3.493,4.18594
-2.25315,-0.439534,3.493,4.17982
-2.24181,-0.439534,3.493,4.17372
-2.23047,-0.439534,3.493,4.16764
-2.21914,-0.439534,3.493,4.16159
-2.2078,-0.439534,3.493,4.15555
-2.17445,-0.43513,3.458,4.10796
-2.14133,-0.430726,3.423,4.06051
-2.13022,-0.430726,3.423,4.05466
-2.09806,-0.426447,3.389,4.00862
-2.08706,-0.426447,3.389,4.00288
-2.07606,-0.426447,3.389,3.99715
-2.04496,-0.422295,3.356,3.95258
-2.03406,-0.422295,3.356,3.94696
-2.02317,-0.422295,3.356,3.94136
-1.99309,-0.418268,3.324,3.89825
-1.9823,-0.418268,3.324,3.89274
nan,nan,nan,NaN
nan,nan,nan,NaN
nan,nan,nan,NaN
nan,nan,nan,NaN
nan,nan,nan,NaN
nan,nan,nan,NaN
nan,nan,nan,NaN
nan,nan,nan,NaN
nan,nan,nan,NaN
nan,nan,nan,NaN
nan,nan,nan,NaN
nan,nan,nan,NaN
nan,nan,nan,NaN
nan,nan,nan,NaN
nan,nan,nan,NaN
nan,nan,nan,NaN
nan,nan,nan,NaN
nan,nan,nan,NaN
nan,nan,nan,NaN
nan,nan,nan,NaN
nan,nan,nan,NaN
nan,nan,nan,NaN
nan,nan,nan,NaN
nan,nan,nan,NaN
nan,nan,nan,NaN
nan,nan,nan,NaN
nan,nan,nan,NaN
nan,nan,nan,NaN
nan,nan,nan,NaN
nan,nan,nan,NaN
nan,nan,nan,NaN
-1.20415,-0.307661,2.445,2.74275
-1.19622,-0.307661,2.445,2.73927
-1.18002,-0.305522,2.428,2.71679
-1.16393,-0.303383,2.411,2.69438
-1.15611,-0.303383,2.411,2.69101
-1.14828,-0.303383,2.411,2.68766
-1.14046,-0.303383,2.411,2.68432
-1.12464,-0.301244,2.394,2.66211
-1.11687,-0.301244,2.394,2.65883
-1.10123,-0.299105,2.377,2.63672
-1.09351,-0.299105,2.377,2.63351
-1.0858,-0.299105,2.377,2.63031
-1.07808,-0.299105,2.377,2.62714
-1.07037,-0.299105,2.377,2.62398
-1.06265,-0.299105,2.377,2.62084
-1.05494,-0.299105,2.377,2.61772
-1.04722,-0.299105,2.377,2.61463
-1.03251,-0.297091,2.361,2.59397
-1.02485,-0.297091,2.361,2.59092
-1.01718,-0.297091,2.361,2.5879
-1.00952,-0.297091,2.361,2.5849
-1.00186,-0.297091,2.361,2.58192
-0.994193,-0.297091,2.361,2.57895
-0.986529,-0.297091,2.361,2.57601
-0.978866,-0.297091,2.361,2.57308
-0.971203,-0.297091,2.361,2.57018
-0.96354,-0.297091,2.361,2.56729
-0.955876,-0.297091,2.361,2.56443
-0.948213,-0.297091,2.361,2.56158
-0.94055,-0.297091,2.361,2.55875
-0.932887,-0.297091,2.361,2.55595
-0.925224,-0.297091,2.361,2.55316
-0.91756,-0.297091,2.361,2.55039
-0.903731,-0.295078,2.345,2.53038
-0.89612,-0.295078,2.345,2.52767
-0.888508,-0.295078,2.345,2.52498
-0.880897,-0.295078,2.345,2.52232
-0.873286,-0.295078,2.345,2.51967
-0.865674,-0.295078,2.345,2.51704
-0.858063,-0.295078,2.345,2.51443
-0.850452,-0.295078,2.345,2.51184
-0.842841,-0.295078,2.345,2.50928
-0.835229,-0.295078,2.345,2.50673
-0.827618,-0.295078,2.345,2.50421
-0.825602,-0.297091,2.361,2.51877
-0.817938,-0.297091,2.361,2.51627
-0.810275,-0.297091,2.361,2.51379
-0.802612,-0.297091,2.361,2.51133
-0.794949,-0.297091,2.361,2.50889
-0.792621,-0.299105,2.377,2.52346
-0.784906,-0.299105,2.377,2.52105
-0.777191,-0.299105,2.377,2.51865
-0.769475,-0.299105,2.377,2.51628
-0.767208,-0.301244,2.394,2.53191
-0.759438,-0.301244,2.394,2.52957
-0.751668,-0.301244,2.394,2.52725
-0.74918,-0.303383,2.411,2.54288
-0.746581,-0.305522,2.428,2.5585
-0.738701,-0.305522,2.428,2.55621
-0.73082,-0.305522,2.428,2.55394
-0.722939,-0.305522,2.428,2.5517
-0.720065,-0.307661,2.445,2.56733
-0.712129,-0.307661,2.445,2.56511
-0.704194,-0.307661,2.445,2.56292
-0.701384,-0.309926,2.463,2.57961
-0.693389,-0.309926,2.463,2.57744
-0.685395,-0.309926,2.463,2.5753
-0.677401,-0.309926,2.463,2.57319
-0.669406,-0.309926,2.463,2.57109
-0.661412,-0.309926,2.463,2.56903
-0.658193,-0.312191,2.481,2.58574
-0.65014,-0.312191,2.481,2.5837
-0.637429,-0.309926,2.463,2.56296
-0.629435,-0.309926,2.463,2.56098
-0.621441,-0.309926,2.463,2.55903
-0.613446,-0.309926,2.463,2.5571
-0.609877,-0.312191,2.481,2.57386
-0.601824,-0.312191,2.481,2.57197
-0.593771,-0.312191,2.481,2.5701
-0.585719,-0.312191,2.481,2.56825
-0.577666,-0.312191,2.481,2.56642
-0.573746,-0.314456,2.499,2.58323
-0.565635,-0.314456,2.499,2.58144
-0.557524,-0.314456,2.499,2.57967
-0.549413,-0.314456,2.499,2.57793
-0.541301,-0.314456,2.499,2.57622
-0.53319,-0.314456,2.499,2.57452
-0.525079,-0.314456,2.499,2.57286
-0.516968,-0.314456,2.499,2.57121
-0.512522,-0.316721,2.517,2.5881
-0.504353,-0.316721,2.517,2.5865
-0.499929,-0.319112,2.536,2.60443
-0.491697,-0.319112,2.536,2.60286
-0.483466,-0.319112,2.536,2.60132
-0.475235,-0.319112,2.536,2.5998
-0.467004,-0.319112,2.536,2.59831
-0.458772,-0.319112,2.536,2.59684
-0.450541,-0.319112,2.536,2.5954
-0.44231,-0.319112,2.536,2.59399
-0.434079,-0.319112,2.536,2.5926
-0.425848,-0.319112,2.536,2.59123
-0.417616,-0.319112,2.536,2.58989
-0.406318,-0.316721,2.517,2.56918
-0.395301,-0.314456,2.499,2.54954
-0.38719,-0.314456,2.499,2.54829
-0.379079,-0.314456,2.499,2.54707
-0.370968,-0.314456,2.499,2.54588
-0.362857,-0.314456,2.499,2.54471
-0.35219,-0.312191,2.481,2.52525
-0.344137,-0.312191,2.481,2.52413
-0.336085,-0.312191,2.481,2.52305
-0.325652,-0.309926,2.463,2.50369
-0.317658,-0.309926,2.463,2.50266
-0.309664,-0.309926,2.463,2.50166
-0.301669,-0.309926,2.463,2.50069
-0.293675,-0.309926,2.463,2.49973
-0.283593,-0.307661,2.445,2.48055
-0.275657,-0.307661,2.445,2.47965
-0.267721,-0.307661,2.445,2.47878
-0.259785,-0.307661,2.445,2.47794
-0.251849,-0.307661,2.445,2.47712
-0.243914,-0.307661,2.445,2.47632
-0.235978,-0.307661,2.445,2.47555
-0.228042,-0.307661,2.445,2.47481
-0.220106,-0.307661,2.445,2.47409
-0.21217,-0.307661,2.445,2.4734
-0.205738,-0.309926,2.463,2.49093
-0.197744,-0.309926,2.463,2.49029
-0.189749,-0.309926,2.463,2.48966
-0.181755,-0.309926,2.463,2.48907
-0.175031,-0.312191,2.481,2.50668
-0.166978,-0.312191,2.481,2.50613
-0.158925,-0.312191,2.481,2.50561
-0.151967,-0.314456,2.499,2.52329
-0.143856,-0.314456,2.499,2.52281
-0.135745,-0.314456,2.499,2.52236
-0.127634,-0.314456,2.499,2.52194
-0.119523,-0.314456,2.499,2.52154
-0.110609,-0.312191,2.481,2.50301
-0.102556,-0.312191,2.481,2.50267
-0.0951891,-0.314456,2.499,2.5205
-0.087078,-0.314456,2.499,2.52021
-0.0789668,-0.314456,2.499,2.51994
-0.0708557,-0.314456,2.499,2.5197
-0.0627446,-0.314456,2.499,2.51949
-0.0546334,-0.314456,2.499,2.5193
-0.0465223,-0.314456,2.499,2.51914
-0.0384112,-0.314456,2.499,2.519
-0.0303,-0.314456,2.499,2.51889
-0.0221889,-0.314456,2.499,2.5188
-0.0141792,-0.316721,2.517,2.53689
-0.00600962,-0.316721,2.517,2.53686
0.00215994,-0.316721,2.517,2.53685
0.0103295,-0.316721,2.517,2.53687
0.0184991,-0.316721,2.517,2.53692
0.0266686,-0.316721,2.517,2.53699
0.0348382,-0.316721,2.517,2.53709
0.0427002,-0.314456,2.499,2.51907
0.0508113,-0.314456,2.499,2.51922
0.0589224,-0.314456,2.499,2.5194
0.0670336,-0.314456,2.499,2.5196
0.0751447,-0.314456,2.499,2.51983
0.0832558,-0.314456,2.499,2.52008
0.091367,-0.314456,2.499,2.52036
0.0994781,-0.314456,2.499,2.52067
0.107589,-0.314456,2.499,2.521
0.1157,-0.314456,2.499,2.52136
0.123811,-0.314456,2.499,2.52175
0.131923,-0.314456,2.499,2.52216
0.140034,-0.314456,2.499,2.5226
0.148145,-0.314456,2.499,2.52306
0.156256,-0.314456,2.499,2.52355
0.164367,-0.314456,2.499,2.52406
0.172478,-0.314456,2.499,2.52461
0.180589,-0.314456,2.499,2.52517
0.188701,-0.314456,2.499,2.52577
0.196812,-0.314456,2.499,2.52638
0.204923,-0.314456,2.499,2.52703
0.213034,-0.314456,2.499,2.5277
0.221145,-0.314456,2.499,2.5284
0.229256,-0.314456,2.499,2.52912
0.239077,-0.316721,2.517,2.54809
0.247247,-0.316721,2.517,2.54887
0.255416,-0.316721,2.517,2.54967
0.263586,-0.316721,2.517,2.55051
0.271755,-0.316721,2.517,2.55136
0.279925,-0.316721,2.517,2.55225
0.288094,-0.316721,2.517,2.55315
0.296264,-0.316721,2.517,2.55409
0.304434,-0.316721,2.517,2.55505
0.312603,-0.316721,2.517,2.55604
0.318479,-0.314456,2.499,2.53876
0.32659,-0.314456,2.499,2.53979
0.334701,-0.314456,2.499,2.54085
0.345281,-0.316721,2.517,2.56024
0.353451,-0.316721,2.517,2.56135
0.36162,-0.316721,2.517,2.56249
0.367146,-0.314456,2.499,2.54533
0.375257,-0.314456,2.499,2.54651
0.383368,-0.314456,2.499,2.54772
0.391479,-0.314456,2.499,2.54895
0.396712,-0.312191,2.481,2.53184
0.404765,-0.312191,2.481,2.53311
0.412817,-0.312191,2.481,2.53441
0.42087,-0.312191,2.481,2.53574
0.428923,-0.312191,2.481,2.53709
0.436975,-0.312191,2.481,2.53846
0.445028,-0.312191,2.481,2.53986
0.449794,-0.309926,2.463,2.52284
0.457788,-0.309926,2.463,2.52428
0.465782,-0.309926,2.463,2.52574
0.473776,-0.309926,2.463,2.52723
0.481771,-0.309926,2.463,2.52874
0.486186,-0.307661,2.445,2.51178
0.494122,-0.307661,2.445,2.51333
0.502058,-0.307661,2.445,2.5149
0.509993,-0.307661,2.445,2.5165
0.517929,-0.307661,2.445,2.51812
0.525865,-0.307661,2.445,2.51976
0.533801,-0.307661,2.445,2.52143
0.541737,-0.307661,2.445,2.52312
0.549673,-0.307661,2.445,2.52484
0.561714,-0.309926,2.463,2.54518
0.569708,-0.309926,2.463,2.54696
0.577702,-0.309926,2.463,2.54876
0.585697,-0.309926,2.463,2.55058
0.593691,-0.309926,2.463,2.55243
0.601685,-0.309926,2.463,2.5543
0.609679,-0.309926,2.463,2.55619
0.617674,-0.309926,2.463,2.55811
0.63024,-0.312191,2.481,2.57876
0.638293,-0.312191,2.481,2.58074
0.646346,-0.312191,2.481,2.58275
0.654399,-0.312191,2.481,2.58478
0.662451,-0.312191,2.481,2.58683
0.670504,-0.312191,2.481,2.5889
0.678557,-0.312191,2.481,2.591
0.686609,-0.312191,2.481,2.59312
0.694662,-0.312191,2.481,2.59526
0.702715,-0.312191,2.481,2.59743
0.710768,-0.312191,2.481,2.59962
0.71882,-0.312191,2.481,2.60183
0.726873,-0.312191,2.481,2.60407
0.734926,-0.312191,2.481,2.60633
0.742978,-0.312191,2.481,2.60861
0.75648,-0.314456,2.499,2.62986
0.759084,-0.312191,2.481,2.61324
0.767137,-0.312191,2.481,2.61559
0.775189,-0.312191,2.481,2.61797
0.783242,-0.312191,2.481,2.62036
0.791295,-0.312191,2.481,2.62278
0.799347,-0.312191,2.481,2.62522
0.8074,-0.312191,2.481,2.62768
0.809537,-0.309926,2.463,2.61109
0.817531,-0.309926,2.463,2.61358
0.825525,-0.309926,2.463,2.61609
0.833519,-0.309926,2.463,2.61862
0.841514,-0.309926,2.463,2.62118
0.849508,-0.309926,2.463,2.62375
0.851236,-0.307661,2.445,2.60716
0.859171,-0.307661,2.445,2.60976
0.867107,-0.307661,2.445,2.61239
0.875043,-0.307661,2.445,2.61503
0.87684,-0.305522,2.428,2.5995
0.88472,-0.305522,2.428,2.60216
0.892601,-0.305522,2.428,2.60485
0.894177,-0.303383,2.411,2.58931
0.902002,-0.303383,2.411,2.59202
0.909828,-0.303383,2.411,2.59475
0.911183,-0.301244,2.394,2.57919
0.918953,-0.301244,2.394,2.58195
0.926724,-0.301244,2.394,2.58472
0.927858,-0.299105,2.377,2.56915
0.935573,-0.299105,2.377,2.57194
nan,nan,nan,NaN
nan,nan,nan,NaN
nan,nan,nan,NaN
nan,nan,nan,NaN
nan,nan,nan,NaN
nan,nan,nan,NaN
nan,nan,nan,NaN
nan,nan,nan,NaN
nan,nan,nan,NaN
nan,nan,nan,NaN
nan,nan,nan,NaN
nan,nan,nan,NaN
nan,nan,nan,NaN
nan,nan,nan,NaN
nan,nan,nan,NaN
nan,nan,nan,NaN
nan,nan,nan,NaN
nan,nan,nan,NaN
1.59023,-0.439534,3.493,3.86304
1.60157,-0.439534,3.493,3.86772
1.64662,-0.44872,3.566,3.95336
1.67586,-0.453501,3.604,4.00037
1.65244,-0.444064,3.529,3.92194
1.6639,-0.444064,3.529,3.92678
1.67535,-0.444064,3.529,3.93165
1.6868,-0.444064,3.529,3.93654
1.71606,-0.44872,3.566,3.98279
1.72764,-0.44872,3.566,3.98779
1.73921,-0.44872,3.566,3.99281
1.82689,-0.468224,3.721,4.17164
nan,nan,nan,NaN
nan,nan,nan,NaN
1.84309,-0.46319,3.681,4.14262
1.85504,-0.46319,3.681,4.14795
nan,nan,nan,NaN
nan,nan,nan,NaN
nan,nan,nan,NaN
nan,nan,nan,NaN
1.81698,-0.439534,3.493,3.96178
1.82832,-0.439534,3.493,3.96699
1.83966,-0.439534,3.493,3.97223
1.83245,-0.43513,3.458,3.93764
1.84367,-0.43513,3.458,3.94287
1.87367,-0.439534,3.493,3.98809
1.88501,-0.439534,3.493,3.99343
1.89635,-0.439534,3.493,3.9988
1.92734,-0.444064,3.529,4.04545
1.9388,-0.444064,3.529,4.05092
1.95025,-0.444064,3.529,4.05642
1.96171,-0.444064,3.529,4.06194
1.99385,-0.44872,3.566,4.11013
2.00542,-0.44872,3.566,4.11575
2.017,-0.44872,3.566,4.12141
2.02857,-0.44872,3.566,4.12708
2.04015,-0.44872,3.566,4.13278
2.05172,-0.44872,3.566,4.13851
2.06329,-0.44872,3.566,4.14426
2.07487,-0.44872,3.566,4.15003
2.06479,-0.444064,3.529,4.11271
2.07625,-0.444064,3.529,4.11848
2.0877,-0.444064,3.529,4.12426
2.07774,-0.439534,3.493,4.08794
2.04722,-0.430726,3.423,4.01168
2.05833,-0.430726,3.423,4.01736
2.04888,-0.426447,3.389,3.9831
2.02037,-0.418268,3.324,3.91227
2.03116,-0.418268,3.324,3.91785
2.00264,-0.410215,3.26,3.84791
1.99469,-0.40644,3.23,3.81797
2.00517,-0.40644,3.23,3.82346
1.97821,-0.39889,3.17,3.75784
1.95212,-0.391592,3.112,3.69441
1.96222,-0.391592,3.112,3.69976
1.93746,-0.384671,3.057,3.63964
1.93019,-0.381273,3.03,3.61274
1.94002,-0.381273,3.03,3.618
1.91575,-0.374604,2.977,3.55991
1.9086,-0.371333,2.951,3.53398
1.90192,-0.368187,2.926,3.50918
1.91142,-0.368187,2.926,3.51434
1.90451,-0.365041,2.901,3.48944
1.86642,-0.355981,2.829,3.40786
1.8756,-0.355981,2.829,3.41289
1.86946,-0.353087,2.806,3.39016
1.86317,-0.350193,2.783,3.36736
1.8722,-0.350193,2.783,3.37237
1.85149,-0.344656,2.739,3.32399
1.84544,-0.341888,2.717,3.30222
-2.47385,-0.437149,3.566,4.36204
-2.46228,-0.437149,3.566,4.35549
-2.4507,-0.437149,3.566,4.34895
-2.43913,-0.437149,3.566,4.34244
-2.37786,-0.4282,3.493,4.24719
-2.36652,-0.4282,3.493,4.24085
-2.35518,-0.4282,3.493,4.23454
-2.34385,-0.4282,3.493,4.22824
-2.35655,-0.432613,3.529,4.26548
-2.34509,-0.432613,3.529,4.25916
-2.33364,-0.432613,3.529,4.25287
-2.32219,-0.432613,3.529,4.24659
-2.31073,-0.432613,3.529,4.24034
-2.27582,-0.4282,3.493,4.19092
-2.26448,-0.4282,3.493,4.18477
-2.25315,-0.4282,3.493,4.17865
-2.24181,-0.4282,3.493,4.17254
-2.23047,-0.4282,3.493,4.16646
-2.21914,-0.4282,3.493,4.1604
-2.18568,-0.423909,3.458,4.11274
-2.17445,-0.423909,3.458,4.10679
-2.14133,-0.419619,3.423,4.05935
-2.13022,-0.419619,3.423,4.0535
-2.09806,-0.415451,3.389,4.00747
-2.08706,-0.415451,3.389,4.00172
-2.07606,-0.415451,3.389,3.99599
-2.04496,-0.411405,3.356,3.95143
-2.03406,-0.411405,3.356,3.94581
-2.02317,-0.411405,3.356,3.9402
-1.99309,-0.407482,3.324,3.8971
-1.9823,-0.407482,3.324,3.8916
nan,nan,nan,NaN
nan,nan,nan,NaN
nan,nan,nan,NaN
nan,nan,nan,NaN
nan,nan,nan,NaN
nan,nan,nan,NaN
nan,nan,nan,NaN
nan,nan,nan,NaN
nan,nan,nan,NaN
nan,nan,nan,NaN
nan,nan,nan,NaN
nan,nan,nan,NaN
nan,nan,nan,NaN
nan,nan,nan,NaN
nan,nan,nan,NaN
nan,nan,nan,NaN
nan,nan,nan,NaN
nan,nan,nan,NaN
nan,nan,nan,NaN
nan,nan,nan,NaN
nan,nan,nan,NaN
nan,nan,nan,NaN
nan,nan,nan,NaN
nan,nan,nan,NaN
nan,nan,nan,NaN
nan,nan,nan,NaN
nan,nan,nan,NaN
nan,nan,nan,NaN
nan,nan,nan,NaN
nan,nan,nan,NaN
nan,nan,nan,NaN
-1.20415,-0.299727,2.445,2.74187
-1.19622,-0.299727,2.445,2.73839
-1.18002,-0.297644,2.428,2.71592
-1.17214,-0.297644,2.428,2.71251
-1.16426,-0.297644,2.428,2.70911
-1.15638,-0.297644,2.428,2.70573
-1.14046,-0.29556,2.411,2.68345
-1.12464,-0.293476,2.394,2.66124
-1.11687,-0.293476,2.394,2.65796
-1.1091,-0.293476,2.394,2.65471
-1.10133,-0.293476,2.394,2.65147
-1.09356,-0.293476,2.394,2.64825
-1.07808,-0.291392,2.377,2.62627
-1.07037,-0.291392,2.377,2.62311
-1.06265,-0.291392,2.377,2.61997
-1.05494,-0.291392,2.377,2.61685
-1.04722,-0.291392,2.377,2.61375
-1.03251,-0.28943,2.361,2.5931
-1.02485,-0.28943,2.361,2.59006
-1.01718,-0.28943,2.361,2.58704
-1.00952,-0.28943,2.361,2.58403
-1.00186,-0.28943,2.361,2.58105
-0.994193,-0.28943,2.361,2.57808
-0.986529,-0.28943,2.361,2.57514
-0.978866,-0.28943,2.361,2.57221
-0.971203,-0.28943,2.361,2.5693
-0.96354,-0.28943,2.361,2.56642
-0.955876,-0.28943,2.361,2.56355
-0.948213,-0.28943,2.361,2.5607
-0.94055,-0.28943,2.361,2.55788
-0.932887,-0.28943,2.361,2.55507
-0.925224,-0.28943,2.361,2.55228
-0.911342,-0.287469,2.345,2.53223
-0.903731,-0.287469,2.345,2.5295
-0.89612,-0.287469,2.345,2.5268
-0.888508,-0.287469,2.345,2.52411
-0.880897,-0.287469,2.345,2.52144
-0.873286,-0.287469,2.345,2.51879
-0.865674,-0.287469,2.345,2.51616
-0.858063,-0.287469,2.345,2.51355
-0.850452,-0.287469,2.345,2.51096
-0.842841,-0.287469,2.345,2.50839
-0.835229,-0.287469,2.345,2.50585
-0.833265,-0.28943,2.361,2.5204
-0.825602,-0.28943,2.361,2.51788
-0.817938,-0.28943,2.361,2.51538
-0.810275,-0.28943,2.361,2.51289
-0.808051,-0.291392,2.377,2.52745
-0.800336,-0.291392,2.377,2.52499
-0.792621,-0.291392,2.377,2.52256
-0.784906,-0.291392,2.377,2.52014
-0.782749,-0.293476,2.394,2.53576
-0.774979,-0.293476,2.394,2.53337
-0.767208,-0.293476,2.394,2.531
-0.764831,-0.29556,2.411,2.54661
-0.757005,-0.29556,2.411,2.54427
-0.74918,-0.29556,2.411,2.54196
-0.746581,-0.297644,2.428,2.55757
-0.738701,-0.297644,2.428,2.55528
-0.73082,-0.297644,2.428,2.55301
-0.728001,-0.299727,2.445,2.56863
-0.720065,-0.299727,2.445,2.56639
-0.712129,-0.299727,2.445,2.56417
-0.704194,-0.299727,2.445,2.56198
-0.701384,-0.301934,2.463,2.57866
-0.693389,-0.301934,2.463,2.57649
-0.685395,-0.301934,2.463,2.57435
-0.677401,-0.301934,2.463,2.57224
-0.669406,-0.301934,2.463,2.57014
-0.661412,-0.301934,2.463,2.56807
-0.658193,-0.304141,2.481,2.58478
-0.65014,-0.304141,2.481,2.58274
-0.637429,-0.301934,2.463,2.562
-0.629435,-0.301934,2.463,2.56002
-0.621441,-0.301934,2.463,2.55807
-0.613446,-0.301934,2.463,2.55614
-0.609877,-0.304141,2.481,2.5729
-0.601824,-0.304141,2.481,2.571
-0.593771,-0.304141,2.481,2.56913
-0.585719,-0.304141,2.481,2.56728
-0.581857,-0.306347,2.499,2.58407
-0.573746,-0.306347,2.499,2.58225
-0.565635,-0.306347,2.499,2.58046
-0.557524,-0.306347,2.499,2.5787
-0.549413,-0.306347,2.499,2.57696
-0.541301,-0.306347,2.499,2.57524
-0.53319,-0.306347,2.499,2.57355
-0.525079,-0.306347,2.499,2.57188
-0.516968,-0.306347,2.499,2.57023
-0.512522,-0.308554,2.517,2.58712
-0.504353,-0.308554,2.517,2.58551
-0.499929,-0.310883,2.536,2.60343
-0.491697,-0.310883,2.536,2.60187
-0.483466,-0.310883,2.536,2.60032
-0.475235,-0.310883,2.536,2.59881
-0.467004,-0.310883,2.536,2.59731
-0.458772,-0.310883,2.536,2.59585
-0.450541,-0.310883,2.536,2.5944
-0.44231,-0.310883,2.536,2.59299
-0.434079,-0.310883,2.536,2.5916
-0.425848,-0.310883,2.536,2.59023
-0.417616,-0.310883,2.536,2.58889
-0.406318,-0.308554,2.517,2.56819
-0.395301,-0.306347,2.499,2.54855
-0.38719,-0.306347,2.499,2.54731
-0.379079,-0.306347,2.499,2.54609
-0.370968,-0.306347,2.499,2.54489
-0.362857,-0.306347,2.499,2.54372
-0.354745,-0.306347,2.499,2.54258
-0.344137,-0.304141,2.481,2.52315
-0.336085,-0.304141,2.481,2.52207
-0.328032,-0.304141,2.481,2.52101
-0.317658,-0.301934,2.463,2.50169
-0.309664,-0.301934,2.463,2.50068
-0.301669,-0.301934,2.463,2.49971
-0.293675,-0.301934,2.463,2.49876
-0.285681,-0.301934,2.463,2.49783
-0.277686,-0.301934,2.463,2.49693
-0.269692,-0.301934,2.463,2.49605
-0.259785,-0.299727,2.445,2.47696
-0.251849,-0.299727,2.445,2.47614
-0.243914,-0.299727,2.445,2.47535
-0.235978,-0.299727,2.445,2.47458
-0.229721,-0.301934,2.463,2.49205
-0.220106,-0.299727,2.445,2.47312
-0.21217,-0.299727,2.445,2.47242
-0.205738,-0.301934,2.463,2.48995
-0.197744,-0.301934,2.463,2.4893
-0.189749,-0.301934,2.463,2.48868
-0.181755,-0.301934,2.463,2.48809
-0.175031,-0.304141,2.481,2.50569
-0.166978,-0.304141,2.481,2.50514
-0.158925,-0.304141,2.481,2.50462
-0.151967,-0.306347,2.499,2.52229
-0.143856,-0.306347,2.499,2.52181
-0.135745,-0.306347,2.499,2.52136
-0.127634,-0.306347,2.499,2.52094
-0.119523,-0.306347,2.499,2.52054
-0.110609,-0.304141,2.481,2.50202
-0.102556,-0.304141,2.481,2.50168
-0.0951891,-0.306347,2.499,2.51951
-0.087078,-0.306347,2.499,2.51921
-0.0789668,-0.306347,2.499,2.51895
-0.0708557,-0.306347,2.499,2.5187
-0.0627446,-0.306347,2.499,2.51849
-0.0546334,-0.306347,2.499,2.5183
-0.0465223,-0.306347,2.499,2.51814
-0.0384112,-0.306347,2.499,2.518
-0.0303,-0.306347,2.499,2.51789
-0.0221889,-0.306347,2.499,2.51781
-0.0141792,-0.308554,2.517,2.53588
-0.00600962,-0.308554,2.517,2.53585
0.00215994,-0.308554,2.517,2.53584
0.0103295,-0.308554,2.517,2.53586
0.0184991,-0.308554,2.517,2.53591
0.0266686,-0.308554,2.517,2.53598
0.0348382,-0.308554,2.517,2.53608
0.0427002,-0.306347,2.499,2.51807
0.0508113,-0.306347,2.499,2.51822
0.0589224,-0.306347,2.499,2.5184
0.0670336,-0.306347,2.499,2.5186
0.0751447,-0.306347,2.499,2.51883
0.0832558,-0.306347,2.499,2.51908
0.091367,-0.306347,2.499,2.51936
0.0994781,-0.306347,2.499,2.51967
0.107589,-0.306347,2.499,2.52
0.1157,-0.306347,2.499,2.52036
0.123811,-0.306347,2.499,2.52075
0.131923,-0.306347,2.499,2.52116
0.140034,-0.306347,2.499,2.5216
0.148145,-0.306347,2.499,2.52206
0.156256,-0.306347,2.499,2.52255
0.164367,-0.306347,2.499,2.52307
0.172478,-0.306347,2.499,2.52361
0.180589,-0.306347,2.499,2.52418
0.188701,-0.306347,2.499,2.52477
0.196812,-0.306347,2.499,2.52539
0.204923,-0.306347,2.499,2.52603
0.213034,-0.306347,2.499,2.5267
0.221145,-0.306347,2.499,2.5274
0.229256,-0.306347,2.499,2.52812
0.239077,-0.308554,2.517,2.54709
0.247247,-0.308554,2.517,2.54787
0.255416,-0.308554,2.517,2.54867
0.263586,-0.308554,2.517,2.5495
0.271755,-0.308554,2.517,2.55036
0.279925,-0.308554,2.517,2.55125
0.288094,-0.308554,2.517,2.55215
0.296264,-0.308554,2.517,2.55309
0.304434,-0.308554,2.517,2.55405
0.312603,-0.308554,2.517,2.55504
0.318479,-0.306347,2.499,2.53777
0.32659,-0.306347,2.499,2.5388
0.334701,-0.306347,2.499,2.53986
0.345281,-0.308554,2.517,2.55924
0.353451,-0.308554,2.517,2.56036
0.36162,-0.308554,2.517,2.5615
0.367146,-0.306347,2.499,2.54434
0.375257,-0.306347,2.499,2.54552
0.383368,-0.306347,2.499,2.54673
0.391479,-0.306347,2.499,2.54796
0.396712,-0.304141,2.481,2.53086
0.404765,-0.304141,2.481,2.53213
0.412817,-0.304141,2.481,2.53343
0.42087,-0.304141,2.481,2.53476
0.428923,-0.304141,2.481,2.53611
0.433805,-0.301934,2.463,2.51907
0.441799,-0.301934,2.463,2.52046
0.449794,-0.301934,2.463,2.52187
0.457788,-0.301934,2.463,2.52331
0.462378,-0.299727,2.445,2.50632
0.470314,-0.299727,2.445,2.5078
0.47825,-0.299727,2.445,2.5093
0.486186,-0.299727,2.445,2.51082
0.494122,-0.299727,2.445,2.51237
0.502058,-0.299727,2.445,2.51395
0.509993,-0.299727,2.445,2.51554
0.517929,-0.299727,2.445,2.51716
0.525865,-0.299727,2.445,2.51881
0.533801,-0.299727,2.445,2.52048
0.541737,-0.299727,2.445,2.52217
0.549673,-0.299727,2.445,2.52389
0.557609,-0.299727,2.445,2.52563
0.565544,-0.299727,2.445,2.52739
0.57348,-0.299727,2.445,2.52918
0.585697,-0.301934,2.463,2.54962
0.593691,-0.301934,2.463,2.55147
0.601685,-0.301934,2.463,2.55334
0.609679,-0.301934,2.463,2.55524
0.617674,-0.301934,2.463,2.55716
0.625668,-0.301934,2.463,2.5591
0.633662,-0.301934,2.463,2.56107
0.641657,-0.301934,2.463,2.56306
0.654399,-0.304141,2.481,2.58382
0.662451,-0.304141,2.481,2.58587
0.670504,-0.304141,2.481,2.58794
0.678557,-0.304141,2.481,2.59004
0.686609,-0.304141,2.481,2.59216
0.694662,-0.304141,2.481,2.59431
0.702715,-0.304141,2.481,2.59647
0.710768,-0.304141,2.481,2.59866
0.71882,-0.304141,2.481,2.60088
0.726873,-0.304141,2.481,2.60312
0.734926,-0.304141,2.481,2.60538
0.742978,-0.304141,2.481,2.60766
0.75648,-0.306347,2.499,2.6289
0.759084,-0.304141,2.481,2.61229
0.767137,-0.304141,2.481,2.61464
0.775189,-0.304141,2.481,2.61702
0.783242,-0.304141,2.481,2.61941
0.791295,-0.304141,2.481,2.62183
0.799347,-0.304141,2.481,2.62428
0.8074,-0.304141,2.481,2.62674
0.809537,-0.301934,2.463,2.61015
0.817531,-0.301934,2.463,2.61264
0.825525,-0.301934,2.463,2.61515
0.833519,-0.301934,2.463,2.61769
0.835364,-0.299727,2.445,2.60109
0.8433,-0.299727,2.445,2.60365
0.851236,-0.299727,2.445,2.60624
0.859171,-0.299727,2.445,2.60884
0.867107,-0.299727,2.445,2.61146
0.868959,-0.297644,2.428,2.59593
0.87684,-0.297644,2.428,2.59858
0.88472,-0.297644,2.428,2.60125
0.892601,-0.297644,2.428,2.60394
0.894177,-0.29556,2.411,2.5884
0.902002,-0.29556,2.411,2.59112
0.909828,-0.29556,2.411,2.59385
0.911183,-0.293476,2.394,2.5783
0.918953,-0.293476,2.394,2.58105
0.926724,-0.293476,2.394,2.58383
0.927858,-0.291392,2.377,2.56826
0.935573,-0.291392,2.377,2.57106
nan,nan,nan,NaN
nan,nan,nan,NaN
nan,nan,nan,NaN
nan,nan,nan,NaN
nan,nan,nan,NaN
nan,nan,nan,NaN
nan,nan,nan,NaN
nan,nan,nan,NaN
nan,nan,nan,NaN
nan,nan,nan,NaN
nan,nan,nan,NaN
nan,nan,nan,NaN
nan,nan,nan,NaN
nan,nan,nan,NaN
nan,nan,nan,NaN
nan,nan,nan,NaN
nan,nan,nan,NaN
nan,nan,nan,NaN
1.62347,-0.437149,3.566,3.94247
1.63504,-0.437149,3.566,3.94726
1.64662,-0.437149,3.566,3.95206
1.67586,-0.441807,3.604,3.99907
1.68756,-0.441807,3.604,4.00398
1.69926,-0.441807,3.604,4.00893
1.729,-0.446465,3.642,4.05622
1.74082,-0.446465,3.642,4.06127
1.75264,-0.446465,3.642,4.06635
1.78335,-0.451246,3.681,4.11506
1.7953,-0.451246,3.681,4.12025
1.82689,-0.45615,3.721,4.1703
nan,nan,nan,NaN
nan,nan,nan,NaN
1.84309,-0.451246,3.681,4.1413
1.85504,-0.451246,3.681,4.14663
nan,nan,nan,NaN
nan,nan,nan,NaN
nan,nan,nan,NaN
nan,nan,nan,NaN
1.85496,-0.437149,3.566,4.04331
1.84716,-0.432613,3.529,4.00662
1.85862,-0.432613,3.529,4.01191
1.87007,-0.432613,3.529,4.01723
1.88153,-0.432613,3.529,4.02258
1.89298,-0.432613,3.529,4.02795
1.90444,-0.432613,3.529,4.03334
1.91589,-0.432613,3.529,4.03877
1.92734,-0.432613,3.529,4.04421
1.9388,-0.432613,3.529,4.04968
1.95025,-0.432613,3.529,4.05518
1.98227,-0.437149,3.566,4.10328
1.99385,-0.437149,3.566,4.10888
2.00542,-0.437149,3.566,4.11451
2.017,-0.437149,3.566,4.12016
2.02857,-0.437149,3.566,4.12584
2.04015,-0.437149,3.566,4.13154
2.03043,-0.432613,3.529,4.09434
2.04189,-0.432613,3.529,4.10004
2.05334,-0.432613,3.529,4.10575
2.06479,-0.432613,3.529,4.11149
2.05507,-0.4282,3.493,4.07526
2.06641,-0.4282,3.493,4.08099
2.05692,-0.423909,3.458,4.04579
2.04722,-0.419619,3.423,4.0105
2.05833,-0.419619,3.423,4.01618
2.02893,-0.411405,3.356,3.94316
2.02037,-0.407482,3.324,3.91113
2.03116,-0.407482,3.324,3.91671
2.00264,-0.399637,3.26,3.8468
1.99469,-0.395959,3.23,3.81687
2.00517,-0.395959,3.23,3.82236
1.97821,-0.388604,3.17,3.75676
1.95212,-0.381494,3.112,3.69335
1.96222,-0.381494,3.112,3.6987
1.93746,-0.374751,3.057,3.63861
1.93019,-0.371441,3.03,3.61172
1.94002,-0.371441,3.03,3.61698
1.91575,-0.364944,2.977,3.55891
1.9086,-0.361757,2.951,3.53299
1.90192,-0.358692,2.926,3.5082
1.91142,-0.358692,2.926,3.51336
1.90451,-0.355628,2.901,3.48847
1.86642,-0.346801,2.829,3.40691
1.8756,-0.346801,2.829,3.41195
1.86946,-0.343982,2.806,3.38923
1.86317,-0.341162,2.783,3.36644
1.8722,-0.341162,2.783,3.37144
1.85149,-0.335768,2.739,3.32308
1.84544,-0.333071,2.717,3.30132
-2.44818,-0.421162,3.529,4.31565
-2.43673,-0.421162,3.529,4.30916
-2.42527,-0.421162,3.529,4.30269
-2.3892,-0.416865,3.493,4.25242
-2.35403,-0.412688,3.458,4.20352
-2.34281,-0.412688,3.458,4.19724
-2.33158,-0.412688,3.458,4.19099
-2.32036,-0.412688,3.458,4.18475
-2.33251,-0.416865,3.493,4.22083
-2.32117,-0.416865,3.493,4.21458
-2.30983,-0.416865,3.493,4.20834
-2.2985,-0.416865,3.493,4.20213
-2.28716,-0.416865,3.493,4.19594
-2.27582,-0.416865,3.493,4.18977
-2.24179,-0.412688,3.458,4.14171
-2.23057,-0.412688,3.458,4.13564
-2.21935,-0.412688,3.458,4.1296
-2.20812,-0.412688,3.458,4.12358
-2.1969,-0.412688,3.458,4.11758
-2.18568,-0.412688,3.458,4.1116
-2.15244,-0.408511,3.423,4.06409
-2.14133,-0.408511,3.423,4.05822
-2.13022,-0.408511,3.423,4.05236
-2.09806,-0.404454,3.389,4.00634
-2.08706,-0.404454,3.389,4.00059
-2.07606,-0.404454,3.389,3.99486
-2.04496,-0.400515,3.356,3.95032
-2.03406,-0.400515,3.356,3.94469
-2.02317,-0.400515,3.356,3.93908
-1.99309,-0.396696,3.324,3.89599
-1.9823,-0.396696,3.324,3.89048
nan,nan,nan,NaN
nan,nan,nan,NaN
nan,nan,nan,NaN
nan,nan,nan,NaN
nan,nan,nan,NaN
nan,nan,nan,NaN
nan,nan,nan,NaN
nan,nan,nan,NaN
nan,nan,nan,NaN
nan,nan,nan,NaN
nan,nan,nan,NaN
nan,nan,nan,NaN
nan,nan,nan,NaN
nan,nan,nan,NaN
nan,nan,nan,NaN
nan,nan,nan,NaN
nan,nan,nan,NaN
nan,nan,nan,NaN
nan,nan,nan,NaN
nan,nan,nan,NaN
nan,nan,nan,NaN
nan,nan,nan,NaN
nan,nan,nan,NaN
nan,nan,nan,NaN
nan,nan,nan,NaN
nan,nan,nan,NaN
nan,nan,nan,NaN
nan,nan,nan,NaN
nan,nan,nan,NaN
nan,nan,nan,NaN
nan,nan,nan,NaN
-1.19578,-0.289765,2.428,2.72196
-1.1879,-0.289765,2.428,2.7185
-1.18002,-0.289765,2.428,2.71507
-1.17214,-0.289765,2.428,2.71165
-1.16426,-0.289765,2.428,2.70826
-1.15638,-0.289765,2.428,2.70488
-1.14046,-0.287736,2.411,2.6826
-1.12464,-0.285707,2.394,2.66039
-1.11687,-0.285707,2.394,2.65712
-1.1091,-0.285707,2.394,2.65386
-1.10133,-0.285707,2.394,2.65062
-1.09356,-0.285707,2.394,2.6474
-1.07808,-0.283679,2.377,2.62543
-1.07037,-0.283679,2.377,2.62227
-1.06265,-0.283679,2.377,2.61913
-1.05494,-0.283679,2.377,2.61601
-1.04722,-0.283679,2.377,2.61291
-1.03251,-0.281769,2.361,2.59226
-1.02485,-0.281769,2.361,2.58921
-1.01718,-0.281769,2.361,2.58619
-1.00952,-0.281769,2.361,2.58318
-1.00186,-0.281769,2.361,2.5802
-0.994193,-0.281769,2.361,2.57723
-0.986529,-0.281769,2.361,2.57429
-0.978866,-0.281769,2.361,2.57136
-0.971203,-0.281769,2.361,2.56845
-0.96354,-0.281769,2.361,2.56557
-0.955876,-0.281769,2.361,2.5627
-0.948213,-0.281769,2.361,2.55985
-0.94055,-0.281769,2.361,2.55702
-0.932887,-0.281769,2.361,2.55421
-0.925224,-0.281769,2.361,2.55142
-0.911342,-0.27986,2.345,2.53138
-0.903731,-0.27986,2.345,2.52865
-0.89612,-0.27986,2.345,2.52594
-0.888508,-0.27986,2.345,2.52325
-0.880897,-0.27986,2.345,2.52058
-0.873286,-0.27986,2.345,2.51793
-0.865674,-0.27986,2.345,2.5153
-0.858063,-0.27986,2.345,2.51269
-0.850452,-0.27986,2.345,2.5101
-0.842841,-0.27986,2.345,2.50753
-0.835229,-0.27986,2.345,2.50499
-0.833265,-0.281769,2.361,2.51953
-0.825602,-0.281769,2.361,2.51701
-0.817938,-0.281769,2.361,2.51451
-0.810275,-0.281769,2.361,2.51202
-0.808051,-0.283679,2.377,2.52657
-0.800336,-0.283679,2.377,2.52411
-0.792621,-0.283679,2.377,2.52168
-0.790519,-0.285707,2.394,2.53728
-0.782749,-0.285707,2.394,2.53487
-0.774979,-0.285707,2.394,2.53248
-0.772656,-0.287736,2.411,2.54808
-0.764831,-0.287736,2.411,2.54572
-0.757005,-0.287736,2.411,2.54338
-0.74918,-0.287736,2.411,2.54106
-0.746581,-0.289765,2.428,2.55666
-0.738701,-0.289765,2.428,2.55437
-0.73082,-0.289765,2.428,2.55211
-0.728001,-0.291794,2.445,2.56771
-0.720065,-0.291794,2.445,2.56548
-0.712129,-0.291794,2.445,2.56326
-0.704194,-0.291794,2.445,2.56107
-0.701384,-0.293942,2.463,2.57773
-0.693389,-0.293942,2.463,2.57557
-0.685395,-0.293942,2.463,2.57343
-0.677401,-0.293942,2.463,2.57131
-0.669406,-0.293942,2.463,2.56922
-0.661412,-0.293942,2.463,2.56715
-0.653418,-0.293942,2.463,2.5651
-0.645424,-0.293942,2.463,2.56307
-0.637429,-0.293942,2.463,2.56107
-0.629435,-0.293942,2.463,2.55909
-0.621441,-0.293942,2.463,2.55714
-0.613446,-0.293942,2.463,2.55521
-0.605452,-0.293942,2.463,2.5533
-0.601824,-0.29609,2.481,2.57006
-0.593771,-0.29609,2.481,2.56819
-0.585719,-0.29609,2.481,2.56634
-0.577666,-0.29609,2.481,2.56451
-0.569613,-0.29609,2.481,2.56271
-0.561561,-0.29609,2.481,2.56093
-0.557524,-0.298238,2.499,2.57775
-0.549413,-0.298238,2.499,2.576
-0.541301,-0.298238,2.499,2.57429
-0.53319,-0.298238,2.499,2.57259
-0.525079,-0.298238,2.499,2.57092
-0.516968,-0.298238,2.499,2.56928
-0.508857,-0.298238,2.499,2.56766
-0.504353,-0.300387,2.517,2.58455
-0.496183,-0.300387,2.517,2.58297
-0.488013,-0.300387,2.517,2.58141
-0.479844,-0.300387,2.517,2.57988
-0.471674,-0.300387,2.517,2.57837
-0.463505,-0.300387,2.517,2.57689
-0.458772,-0.302654,2.536,2.59487
-0.450541,-0.302654,2.536,2.59343
-0.44231,-0.302654,2.536,2.59201
-0.434079,-0.302654,2.536,2.59062
-0.425848,-0.302654,2.536,2.58926
-0.414487,-0.300387,2.517,2.56853
-0.406318,-0.300387,2.517,2.56722
-0.395301,-0.298238,2.499,2.54759
-0.38719,-0.298238,2.499,2.54634
-0.379079,-0.298238,2.499,2.54512
-0.370968,-0.298238,2.499,2.54393
-0.362857,-0.298238,2.499,2.54276
-0.35219,-0.29609,2.481,2.52331
-0.344137,-0.29609,2.481,2.52219
-0.336085,-0.29609,2.481,2.52111
-0.328032,-0.29609,2.481,2.52005
-0.317658,-0.293942,2.463,2.50074
-0.309664,-0.293942,2.463,2.49973
-0.301669,-0.293942,2.463,2.49875
-0.293675,-0.293942,2.463,2.4978
-0.285681,-0.293942,2.463,2.49688
-0.277686,-0.293942,2.463,2.49597
-0.267721,-0.291794,2.445,2.47686
-0.259785,-0.291794,2.445,2.47602
-0.251849,-0.291794,2.445,2.4752
-0.243914,-0.291794,2.445,2.4744
-0.235978,-0.291794,2.445,2.47363
-0.228042,-0.291794,2.445,2.47289
-0.220106,-0.291794,2.445,2.47217
-0.213732,-0.293942,2.463,2.48967
-0.205738,-0.293942,2.463,2.489
-0.197744,-0.293942,2.463,2.48835
-0.189749,-0.293942,2.463,2.48773
-0.183083,-0.29609,2.481,2.5053
-0.175031,-0.29609,2.481,2.50473
-0.166978,-0.29609,2.481,2.50418
-0.160078,-0.298238,2.499,2.52182
-0.151967,-0.298238,2.499,2.52132
-0.143856,-0.298238,2.499,2.52084
-0.136723,-0.300387,2.517,2.53855
-0.128553,-0.300387,2.517,2.53812
-0.120383,-0.300387,2.517,2.53772
-0.111411,-0.298238,2.499,2.5192
-0.1033,-0.298238,2.499,2.51885
-0.0951891,-0.298238,2.499,2.51853
-0.087078,-0.298238,2.499,2.51824
-0.0789668,-0.298238,2.499,2.51797
-0.0708557,-0.298238,2.499,2.51773
-0.0627446,-0.298238,2.499,2.51752
-0.0546334,-0.298238,2.499,2.51733
-0.0468574,-0.300387,2.517,2.53529
-0.0384112,-0.298238,2.499,2.51703
-0.0303,-0.298238,2.499,2.51692
-0.0221889,-0.298238,2.499,2.51683
-0.0140778,-0.298238,2.499,2.51677
-0.00596664,-0.298238,2.499,2.51674
0.00215994,-0.300387,2.517,2.53486
0.0103295,-0.300387,2.517,2.53488
0.0183668,-0.298238,2.499,2.5168
0.0264779,-0.298238,2.499,2.51687
0.034589,-0.298238,2.499,2.51697
0.0427002,-0.298238,2.499,2.5171
0.0508113,-0.298238,2.499,2.51725
0.0589224,-0.298238,2.499,2.51742
0.0670336,-0.298238,2.499,2.51763
0.0751447,-0.298238,2.499,2.51786
0.0832558,-0.298238,2.499,2.51811
0.091367,-0.298238,2.499,2.51839
0.0994781,-0.298238,2.499,2.5187
0.107589,-0.298238,2.499,2.51903
0.1157,-0.298238,2.499,2.51939
0.123811,-0.298238,2.499,2.51978
0.131923,-0.298238,2.499,2.52019
0.140034,-0.298238,2.499,2.52063
0.148145,-0.298238,2.499,2.52109
0.156256,-0.298238,2.499,2.52158
0.164367,-0.298238,2.499,2.5221
0.172478,-0.298238,2.499,2.52264
0.180589,-0.298238,2.499,2.5232
0.188701,-0.298238,2.499,2.5238
0.196812,-0.298238,2.499,2.52442
0.204923,-0.298238,2.499,2.52506
0.214568,-0.300387,2.517,2.54393
0.222738,-0.300387,2.517,2.54463
0.230908,-0.300387,2.517,2.54536
0.239077,-0.300387,2.517,2.54611
0.247247,-0.300387,2.517,2.54689
0.255416,-0.300387,2.517,2.5477
0.261701,-0.298238,2.499,2.5303
0.269812,-0.298238,2.499,2.53116
0.277923,-0.298238,2.499,2.53203
0.286034,-0.298238,2.499,2.53294
0.294145,-0.298238,2.499,2.53386
0.304434,-0.300387,2.517,2.55308
0.312603,-0.300387,2.517,2.55406
0.320773,-0.300387,2.517,2.55508
0.328942,-0.300387,2.517,2.55612
0.337112,-0.300387,2.517,2.55718
0.345281,-0.300387,2.517,2.55827
0.350923,-0.298238,2.499,2.54108
0.359034,-0.298238,2.499,2.54221
0.367146,-0.298238,2.499,2.54337
0.375257,-0.298238,2.499,2.54456
0.383368,-0.298238,2.499,2.54576
0.388659,-0.29609,2.481,2.52865
0.396712,-0.29609,2.481,2.5299
0.404765,-0.29609,2.481,2.53118
0.412817,-0.29609,2.481,2.53248
0.42087,-0.29609,2.481,2.5338
0.428923,-0.29609,2.481,2.53515
0.433805,-0.293942,2.463,2.51813
0.441799,-0.293942,2.463,2.51952
0.449794,-0.293942,2.463,2.52093
0.457788,-0.293942,2.463,2.52237
0.462378,-0.291794,2.445,2.50539
0.470314,-0.291794,2.445,2.50686
0.47825,-0.291794,2.445,2.50836
0.486186,-0.291794,2.445,2.50989
0.494122,-0.291794,2.445,2.51144
0.502058,-0.291794,2.445,2.51301
0.509993,-0.291794,2.445,2.51461
0.517929,-0.291794,2.445,2.51623
0.525865,-0.291794,2.445,2.51788
0.533801,-0.291794,2.445,2.51955
0.541737,-0.291794,2.445,2.52124
0.549673,-0.291794,2.445,2.52296
0.557609,-0.291794,2.445,2.5247
0.565544,-0.291794,2.445,2.52646
0.57348,-0.291794,2.445,2.52825
0.585697,-0.293942,2.463,2.54869
0.593691,-0.293942,2.463,2.55054
0.601685,-0.293942,2.463,2.55241
0.609679,-0.293942,2.463,2.55431
0.617674,-0.293942,2.463,2.55623
0.625668,-0.293942,2.463,2.55817
0.633662,-0.293942,2.463,2.56014
0.641657,-0.293942,2.463,2.56213
0.654399,-0.29609,2.481,2.58288
0.662451,-0.29609,2.481,2.58493
0.670504,-0.29609,2.481,2.58701
0.678557,-0.29609,2.481,2.58911
0.686609,-0.29609,2.481,2.59123
0.694662,-0.29609,2.481,2.59337
0.702715,-0.29609,2.481,2.59554
0.710768,-0.29609,2.481,2.59773
0.71882,-0.29609,2.481,2.59995
0.726873,-0.29609,2.481,2.60219
0.734926,-0.29609,2.481,2.60445
0.748369,-0.298238,2.499,2.62564
0.75648,-0.298238,2.499,2.62797
0.759084,-0.29609,2.481,2.61137
0.767137,-0.29609,2.481,2.61372
0.775189,-0.29609,2.481,2.61609
0.783242,-0.29609,2.481,2.61849
0.791295,-0.29609,2.481,2.62091
0.799347,-0.29609,2.481,2.62335
0.8074,-0.29609,2.481,2.62582
0.809537,-0.293942,2.463,2.60924
0.817531,-0.293942,2.463,2.61173
0.825525,-0.293942,2.463,2.61424
0.833519,-0.293942,2.463,2.61678
0.835364,-0.291794,2.445,2.60019
0.8433,-0.291794,2.445,2.60275
0.851236,-0.291794,2.445,2.60534
0.859171,-0.291794,2.445,2.60794
0.867107,-0.291794,2.445,2.61056
0.868959,-0.289765,2.428,2.59504
0.87684,-0.289765,2.428,2.59769
0.88472,-0.289765,2.428,2.60036
0.892601,-0.289765,2.428,2.60305
0.894177,-0.287736,2.411,2.58752
0.902002,-0.287736,2.411,2.59024
0.909828,-0.287736,2.411,2.59297
0.911183,-0.285707,2.394,2.57743
0.918953,-0.285707,2.394,2.58018
0.926724,-0.285707,2.394,2.58296
0.927858,-0.283679,2.377,2.5674
0.935573,-0.283679,2.377,2.57019
nan,nan,nan,NaN
nan,nan,nan,NaN
nan,nan,nan,NaN
nan,nan,nan,NaN
nan,nan,nan,NaN
nan,nan,nan,NaN
nan,nan,nan,NaN
nan,nan,nan,NaN
nan,nan,nan,NaN
nan,nan,nan,NaN
nan,nan,nan,NaN
nan,nan,nan,NaN
nan,nan,nan,NaN
nan,nan,nan,NaN
nan,nan,nan,NaN
nan,nan,nan,NaN
nan,nan,nan,NaN
1.64625,-0.434648,3.642,4.02035
1.62347,-0.425577,3.566,3.94121
1.63504,-0.425577,3.566,3.94599
1.64662,-0.425577,3.566,3.9508
1.67586,-0.430113,3.604,3.99779
1.68756,-0.430113,3.604,4.00271
1.69926,-0.430113,3.604,4.00765
1.729,-0.434648,3.642,4.05494
1.74082,-0.434648,3.642,4.05999
1.75264,-0.434648,3.642,4.06507
1.78335,-0.439302,3.681,4.11377
1.7953,-0.439302,3.681,4.11896
1.82689,-0.444076,3.721,4.169
1.87998,-0.453981,3.804,4.26742
1.89233,-0.453981,3.804,4.27287
1.84309,-0.439302,3.681,4.14002
1.85504,-0.439302,3.681,4.14535
1.88727,-0.444076,3.721,4.19581
1.87893,-0.439302,3.681,4.1561
1.87085,-0.434648,3.642,4.11742
1.88267,-0.434648,3.642,4.12281
1.85496,-0.425577,3.566,4.04207
1.84716,-0.421162,3.529,4.0054
1.85862,-0.421162,3.529,4.0107
1.87007,-0.421162,3.529,4.01602
1.88153,-0.421162,3.529,4.02136
1.89298,-0.421162,3.529,4.02674
1.90444,-0.421162,3.529,4.03213
1.91589,-0.421162,3.529,4.03756
1.92734,-0.421162,3.529,4.043
1.9388,-0.421162,3.529,4.04848
1.95025,-0.421162,3.529,4.05397
1.98227,-0.425577,3.566,4.10206
1.99385,-0.425577,3.566,4.10766
2.00542,-0.425577,3.566,4.11329
2.017,-0.425577,3.566,4.11895
2.02857,-0.425577,3.566,4.12463
2.04015,-0.425577,3.566,4.13034
2.03043,-0.421162,3.529,4.09315
2.04189,-0.421162,3.529,4.09884
2.03239,-0.416865,3.493,4.06269
2.04373,-0.416865,3.493,4.06837
2.03448,-0.412688,3.458,4.03326
2.0457,-0.412688,3.458,4.03893
2.03611,-0.408511,3.423,4.00369
2.02688,-0.404454,3.389,3.96953
2.03788,-0.404454,3.389,3.97516
2.02893,-0.400515,3.356,3.94204
2.00092,-0.392878,3.292,3.87238
2.01161,-0.392878,3.292,3.87791
2.00264,-0.389059,3.26,3.84571
1.97555,-0.381779,3.199,3.77917
1.98593,-0.381779,3.199,3.78461
1.97821,-0.378318,3.17,3.75571
1.95212,-0.371396,3.112,3.69232
1.96222,-0.371396,3.112,3.69767
1.93746,-0.364832,3.057,3.6376
1.93019,-0.36161,3.03,3.61072
1.94002,-0.36161,3.03,3.61599
1.91575,-0.355284,2.977,3.55793
1.9086,-0.352181,2.951,3.53202
1.90192,-0.349198,2.926,3.50724
1.91142,-0.349198,2.926,3.5124
1.90451,-0.346214,2.901,3.48752
1.86642,-0.337622,2.829,3.40599
1.8756,-0.337622,2.829,3.41103
1.86946,-0.334877,2.806,3.38831
1.86317,-0.332132,2.783,3.36553
1.8722,-0.332132,2.783,3.37054
1.85149,-0.326881,2.739,3.3222
1.84544,-0.324255,2.717,3.30044
-2.37465,-0.397404,3.423,4.18495
-2.36354,-0.397404,3.423,4.17866
-2.35243,-0.397404,3.423,4.17238
-2.34132,-0.397404,3.423,4.16613
-2.33021,-0.397404,3.423,4.15989
-2.3191,-0.397404,3.423,4.15368
-2.30799,-0.397404,3.423,4.14749
-2.32036,-0.401468,3.458,4.18366
-2.33251,-0.405531,3.493,4.21973
-2.32117,-0.405531,3.493,4.21347
-2.30983,-0.405531,3.493,4.20724
-2.2985,-0.405531,3.493,4.20102
-2.28716,-0.405531,3.493,4.19483
-2.27582,-0.405531,3.493,4.18866
-2.24179,-0.401468,3.458,4.1406
-2.23057,-0.401468,3.458,4.13454
-2.21935,-0.401468,3.458,4.12849
-2.20812,-0.401468,3.458,4.12247
-2.1969,-0.401468,3.458,4.11647
-2.18568,-0.401468,3.458,4.11049
-2.15244,-0.397404,3.423,4.06299
-2.14133,-0.397404,3.423,4.05711
-2.13022,-0.397404,3.423,4.05126
-2.09806,-0.393457,3.389,4.00525
-2.08706,-0.393457,3.389,3.9995
-2.07606,-0.393457,3.389,3.99377
-2.04496,-0.389626,3.356,3.94923
-2.03406,-0.389626,3.356,3.9436
-2.02317,-0.389626,3.356,3.93799
-1.99309,-0.385911,3.324,3.89491
-1.9823,-0.385911,3.324,3.8894
nan,nan,nan,NaN
nan,nan,nan,NaN
nan,nan,nan,NaN
nan,nan,nan,NaN
nan,nan,nan,NaN
nan,nan,nan,NaN
nan,nan,nan,NaN
nan,nan,nan,NaN
nan,nan,nan,NaN
nan,nan,nan,NaN
nan,nan,nan,NaN
nan,nan,nan,NaN
nan,nan,nan,NaN
nan,nan,nan,NaN
nan,nan,nan,NaN
nan,nan,nan,NaN
nan,nan,nan,NaN
nan,nan,nan,NaN
nan,nan,nan,NaN
nan,nan,nan,NaN
nan,nan,nan,NaN
nan,nan,nan,NaN
nan,nan,nan,NaN
nan,nan,nan,NaN
nan,nan,nan,NaN
nan,nan,nan,NaN
nan,nan,nan,NaN
nan,nan,nan,NaN
nan,nan,nan,NaN
nan,nan,nan,NaN
nan,nan,nan,NaN
-1.19578,-0.281887,2.428,2.72113
-1.1879,-0.281887,2.428,2.71767
-1.18002,-0.281887,2.428,2.71424
-1.17214,-0.281887,2.428,2.71082
-1.16426,-0.281887,2.428,2.70742
-1.15638,-0.281887,2.428,2.70404
-1.14046,-0.279913,2.411,2.68177
-1.12464,-0.277939,2.394,2.65957
-1.11687,-0.277939,2.394,2.65629
-1.10123,-0.275966,2.377,2.6342
-1.09351,-0.275966,2.377,2.63098
-1.0858,-0.275966,2.377,2.62778
-1.07808,-0.275966,2.377,2.6246
-1.07037,-0.275966,2.377,2.62144
-1.06265,-0.275966,2.377,2.6183
-1.05494,-0.275966,2.377,2.61518
-1.04017,-0.274108,2.361,2.5945
-1.03251,-0.274108,2.361,2.59143
-1.02485,-0.274108,2.361,2.58839
-1.01718,-0.274108,2.361,2.58537
-1.00952,-0.274108,2.361,2.58236
-1.00186,-0.274108,2.361,2.57937
-0.994193,-0.274108,2.361,2.57641
-0.986529,-0.274108,2.361,2.57346
-0.978866,-0.274108,2.361,2.57053
-0.971203,-0.274108,2.361,2.56762
-0.96354,-0.274108,2.361,2.56473
-0.955876,-0.274108,2.361,2.56187
-0.948213,-0.274108,2.361,2.55902
-0.94055,-0.274108,2.361,2.55619
-0.926565,-0.27225,2.345,2.53607
-0.918953,-0.27225,2.345,2.5333
-0.911342,-0.27225,2.345,2.53055
-0.903731,-0.27225,2.345,2.52782
-0.89612,-0.27225,2.345,2.52511
-0.888508,-0.27225,2.345,2.52242
-0.880897,-0.27225,2.345,2.51975
-0.873286,-0.27225,2.345,2.5171
-0.865674,-0.27225,2.345,2.51447
-0.858063,-0.27225,2.345,2.51186
-0.850452,-0.27225,2.345,2.50927
-0.842841,-0.27225,2.345,2.5067
-0.835229,-0.27225,2.345,2.50415
-0.827618,-0.27225,2.345,2.50162
-0.825602,-0.274108,2.361,2.51616
-0.817938,-0.274108,2.361,2.51366
-0.810275,-0.274108,2.361,2.51118
-0.808051,-0.275966,2.377,2.52571
-0.800336,-0.275966,2.377,2.52326
-0.792621,-0.275966,2.377,2.52082
-0.784906,-0.275966,2.377,2.5184
-0.782749,-0.277939,2.394,2.53401
-0.774979,-0.277939,2.394,2.53162
-0.767208,-0.277939,2.394,2.52925
-0.764831,-0.279913,2.411,2.54485
-0.757005,-0.279913,2.411,2.5425
-0.74918,-0.279913,2.411,2.54019
-0.746581,-0.281887,2.428,2.55578
-0.738701,-0.281887,2.428,2.55349
-0.73082,-0.281887,2.428,2.55122
-0.728001,-0.28386,2.445,2.56682
-0.720065,-0.28386,2.445,2.56459
-0.712129,-0.28386,2.445,2.56237
-0.704194,-0.28386,2.445,2.56017
-0.696258,-0.28386,2.445,2.558
-0.688322,-0.28386,2.445,2.55585
-0.680386,-0.28386,2.445,2.55373
-0.677401,-0.28595,2.463,2.57041
-0.669406,-0.28595,2.463,2.56831
-0.661412,-0.28595,2.463,2.56624
-0.653418,-0.28595,2.463,2.56419
-0.645424,-0.28595,2.463,2.56217
-0.637429,-0.28595,2.463,2.56017
-0.629435,-0.28595,2.463,2.55819
-0.621441,-0.28595,2.463,2.55623
-0.613446,-0.28595,2.463,2.5543
-0.605452,-0.28595,2.463,2.55239
-0.597458,-0.28595,2.463,2.55051
-0.589464,-0.28595,2.463,2.54865
-0.581469,-0.28595,2.463,2.54681
-0.577666,-0.28804,2.481,2.5636
-0.569613,-0.28804,2.481,2.56179
-0.561561,-0.28804,2.481,2.56002
-0.553508,-0.28804,2.481,2.55826
-0.545455,-0.28804,2.481,2.55653
-0.537403,-0.28804,2.481,2.55483
-0.52935,-0.28804,2.481,2.55314
-0.525079,-0.29013,2.499,2.57
-0.516968,-0.29013,2.499,2.56835
-0.508857,-0.29013,2.499,2.56673
-0.504353,-0.292219,2.517,2.58361
-0.496183,-0.292219,2.517,2.58203
-0.488013,-0.292219,2.517,2.58047
-0.479844,-0.292219,2.517,2.57894
-0.471674,-0.292219,2.517,2.57743
-0.463505,-0.292219,2.517,2.57595
-0.455335,-0.292219,2.517,2.57449
-0.447166,-0.292219,2.517,2.57306
-0.438996,-0.292219,2.517,2.57165
-0.430827,-0.292219,2.517,2.57027
-0.422657,-0.292219,2.517,2.56891
-0.414487,-0.292219,2.517,2.56758
-0.406318,-0.292219,2.517,2.56628
-0.395301,-0.29013,2.499,2.54665
-0.38719,-0.29013,2.499,2.54541
-0.379079,-0.29013,2.499,2.54418
-0.368296,-0.28804,2.481,2.52467
-0.360243,-0.28804,2.481,2.52351
-0.35219,-0.28804,2.481,2.52237
-0.344137,-0.28804,2.481,2.52126
-0.336085,-0.28804,2.481,2.52017
-0.325652,-0.28595,2.463,2.50084
-0.317658,-0.28595,2.463,2.49981
-0.309664,-0.28595,2.463,2.49881
-0.301669,-0.28595,2.463,2.49783
-0.293675,-0.28595,2.463,2.49687
-0.283593,-0.28386,2.445,2.47771
-0.275657,-0.28386,2.445,2.47681
-0.267721,-0.28386,2.445,2.47594
-0.259785,-0.28386,2.445,2.47509
-0.251849,-0.28386,2.445,2.47427
-0.243914,-0.28386,2.445,2.47348
-0.235978,-0.28386,2.445,2.47271
-0.228042,-0.28386,2.445,2.47196
-0.220106,-0.28386,2.445,2.47124
-0.213732,-0.28595,2.463,2.48874
-0.205738,-0.28595,2.463,2.48806
-0.197744,-0.28595,2.463,2.48742
-0.189749,-0.28595,2.463,2.48679
-0.183083,-0.28804,2.481,2.50437
-0.175031,-0.28804,2.481,2.50379
-0.166978,-0.28804,2.481,2.50324
-0.160078,-0.29013,2.499,2.52087
-0.153062,-0.292219,2.517,2.53853
-0.144892,-0.292219,2.517,2.53805
-0.136723,-0.292219,2.517,2.53759
-0.128553,-0.292219,2.517,2.53717
-0.120383,-0.292219,2.517,2.53676
-0.111411,-0.29013,2.499,2.51825
-0.1033,-0.29013,2.499,2.51791
-0.0951891,-0.29013,2.499,2.51759
-0.087078,-0.29013,2.499,2.51729
-0.0795356,-0.292219,2.517,2.53515
-0.0713661,-0.292219,2.517,2.53491
-0.0631965,-0.292219,2.517,2.53469
-0.055027,-0.292219,2.517,2.5345
-0.0468574,-0.292219,2.517,2.53434
-0.0384112,-0.29013,2.499,2.51608
-0.0303,-0.29013,2.499,2.51597
-0.0221889,-0.29013,2.499,2.51588
-0.0140778,-0.29013,2.499,2.51582
-0.00596664,-0.29013,2.499,2.51579
0.00215994,-0.292219,2.517,2.53391
0.0103295,-0.292219,2.517,2.53393
0.0183668,-0.29013,2.499,2.51585
0.0264779,-0.29013,2.499,2.51592
0.034589,-0.29013,2.499,2.51602
0.0427002,-0.29013,2.499,2.51615
0.0508113,-0.29013,2.499,2.5163
0.0589224,-0.29013,2.499,2.51648
0.0670336,-0.29013,2.499,2.51668
0.0751447,-0.29013,2.499,2.51691
0.0832558,-0.29013,2.499,2.51716
0.091367,-0.29013,2.499,2.51744
0.0994781,-0.29013,2.499,2.51775
0.107589,-0.29013,2.499,2.51809
0.1157,-0.29013,2.499,2.51844
0.123811,-0.29013,2.499,2.51883
0.131923,-0.29013,2.499,2.51924
0.140034,-0.29013,2.499,2.51968
0.148145,-0.29013,2.499,2.52014
0.156256,-0.29013,2.499,2.52063
0.164367,-0.29013,2.499,2.52115
0.172478,-0.29013,2.499,2.52169
0.180589,-0.29013,2.499,2.52226
0.188701,-0.29013,2.499,2.52285
0.196812,-0.29013,2.499,2.52347
0.204923,-0.29013,2.499,2.52412
0.214568,-0.292219,2.517,2.54297
0.222738,-0.292219,2.517,2.54368
0.230908,-0.292219,2.517,2.54441
0.239077,-0.292219,2.517,2.54516
0.247247,-0.292219,2.517,2.54594
0.255416,-0.292219,2.517,2.54675
0.261701,-0.29013,2.499,2.52936
0.269812,-0.29013,2.499,2.53021
0.277923,-0.29013,2.499,2.53109
0.286034,-0.29013,2.499,2.53199
0.294145,-0.29013,2.499,2.53292
0.304434,-0.292219,2.517,2.55213
0.312603,-0.292219,2.517,2.55312
0.320773,-0.292219,2.517,2.55413
0.328942,-0.292219,2.517,2.55517
0.337112,-0.292219,2.517,2.55623
0.345281,-0.292219,2.517,2.55732
0.350923,-0.29013,2.499,2.54014
0.359034,-0.29013,2.499,2.54128
0.367146,-0.29013,2.499,2.54243
0.375257,-0.29013,2.499,2.54362
0.383368,-0.29013,2.499,2.54483
0.388659,-0.28804,2.481,2.52772
0.396712,-0.28804,2.481,2.52897
0.404765,-0.28804,2.481,2.53025
0.409822,-0.28595,2.463,2.51318
0.417816,-0.28595,2.463,2.5145
0.425811,-0.28595,2.463,2.51584
0.430635,-0.28386,2.445,2.49881
0.438571,-0.28386,2.445,2.50019
0.446507,-0.28386,2.445,2.50159
0.454442,-0.28386,2.445,2.50302
0.459163,-0.281887,2.428,2.48706
0.467044,-0.281887,2.428,2.48853
0.474925,-0.281887,2.428,2.49002
0.482805,-0.281887,2.428,2.49153
0.490686,-0.281887,2.428,2.49307
0.498567,-0.281887,2.428,2.49464
0.506447,-0.281887,2.428,2.49622
0.514328,-0.281887,2.428,2.49783
0.522209,-0.281887,2.428,2.49947
0.530089,-0.281887,2.428,2.50113
0.53797,-0.281887,2.428,2.50281
0.545851,-0.281887,2.428,2.50452
0.557609,-0.28386,2.445,2.52379
0.565544,-0.28386,2.445,2.52556
0.57348,-0.28386,2.445,2.52735
0.581416,-0.28386,2.445,2.52916
0.589352,-0.28386,2.445,2.531
0.597288,-0.28386,2.445,2.53286
0.609679,-0.28595,2.463,2.5534
0.617674,-0.28595,2.463,2.55532
0.625668,-0.28595,2.463,2.55726
0.633662,-0.28595,2.463,2.55923
0.641657,-0.28595,2.463,2.56122
0.649651,-0.28595,2.463,2.56324
0.657645,-0.28595,2.463,2.56527
0.670504,-0.28804,2.481,2.5861
0.678557,-0.28804,2.481,2.5882
0.686609,-0.28804,2.481,2.59032
0.694662,-0.28804,2.481,2.59247
0.702715,-0.28804,2.481,2.59464
0.710768,-0.28804,2.481,2.59683
0.71882,-0.28804,2.481,2.59904
0.726873,-0.28804,2.481,2.60128
0.734926,-0.28804,2.481,2.60354
0.742978,-0.28804,2.481,2.60583
0.751031,-0.28804,2.481,2.60814
0.759084,-0.28804,2.481,2.61047
0.767137,-0.28804,2.481,2.61282
0.775189,-0.28804,2.481,2.6152
0.783242,-0.28804,2.481,2.61759
0.791295,-0.28804,2.481,2.62001
0.799347,-0.28804,2.481,2.62246
0.8074,-0.28804,2.481,2.62492
0.809537,-0.28595,2.463,2.60835
0.817531,-0.28595,2.463,2.61084
0.825525,-0.28595,2.463,2.61336
0.833519,-0.28595,2.463,2.61589
0.835364,-0.28386,2.445,2.59931
0.8433,-0.28386,2.445,2.60188
0.851236,-0.28386,2.445,2.60446
0.859171,-0.28386,2.445,2.60706
0.867107,-0.28386,2.445,2.60969
0.868959,-0.281887,2.428,2.59417
0.87684,-0.281887,2.428,2.59682
0.88472,-0.281887,2.428,2.5995
0.886351,-0.279913,2.411,2.58397
0.894177,-0.279913,2.411,2.58666
0.902002,-0.279913,2.411,2.58938
0.903413,-0.277939,2.394,2.57384
0.911183,-0.277939,2.394,2.57658
0.918953,-0.277939,2.394,2.57933
0.926724,-0.277939,2.394,2.58211
0.927858,-0.275966,2.377,2.56656
0.935573,-0.275966,2.377,2.56935
nan,nan,nan,NaN
nan,nan,nan,NaN
nan,nan,nan,NaN
nan,nan,nan,NaN
nan,nan,nan,NaN
nan,nan,nan,NaN
nan,nan,nan,NaN
nan,nan,nan,NaN
nan,nan,nan,NaN
nan,nan,nan,NaN
nan,nan,nan,NaN
nan,nan,nan,NaN
nan,nan,nan,NaN
nan,nan,nan,NaN
nan,nan,nan,NaN
nan,nan,nan,NaN
nan,nan,nan,NaN
1.64625,-0.42283,3.642,4.01909
1.65807,-0.42283,3.642,4.02395
1.66989,-0.42283,3.642,4.02883
1.69972,-0.427358,3.681,4.07694
1.71167,-0.427358,3.681,4.08194
1.72361,-0.427358,3.681,4.08696
1.73556,-0.427358,3.681,4.09201
1.7665,-0.432002,3.721,4.14162
1.77858,-0.432002,3.721,4.14678
1.81038,-0.436762,3.762,4.19773
1.8226,-0.436762,3.762,4.20301
1.83481,-0.436762,3.762,4.20832
1.86764,-0.441638,3.804,4.2607
1.87998,-0.441638,3.804,4.26612
1.89233,-0.441638,3.804,4.27158
1.88365,-0.436762,3.762,4.22984
1.8752,-0.432002,3.721,4.18913
1.88727,-0.432002,3.721,4.19455
1.87893,-0.427358,3.681,4.15485
1.87085,-0.42283,3.642,4.11619
1.88267,-0.42283,3.642,4.12158
1.87472,-0.418418,3.604,4.08393
1.88642,-0.418418,3.604,4.08931
1.89812,-0.418418,3.604,4.09472
1.88968,-0.414006,3.566,4.05693
1.90125,-0.414006,3.566,4.06233
1.91283,-0.414006,3.566,4.06776
1.9244,-0.414006,3.566,4.07322
1.93598,-0.414006,3.566,4.0787
1.94755,-0.414006,3.566,4.0842
1.95913,-0.414006,3.566,4.08974
1.9707,-0.414006,3.566,4.09529
1.98227,-0.414006,3.566,4.10087
2.0151,-0.418418,3.604,4.15024
2.00542,-0.414006,3.566,4.11211
2.017,-0.414006,3.566,4.11777
2.02857,-0.414006,3.566,4.12345
2.04015,-0.414006,3.566,4.12916
2.03043,-0.409711,3.529,4.09199
2.04189,-0.409711,3.529,4.09768
2.03239,-0.405531,3.493,4.06154
2.04373,-0.405531,3.493,4.06723
2.03448,-0.401468,3.458,4.03213
2.0457,-0.401468,3.458,4.0378
2.03611,-0.397404,3.423,4.00257
2.00714,-0.389626,3.356,3.92978
2.01804,-0.389626,3.356,3.93536
2.00958,-0.385911,3.324,3.90337
1.98147,-0.37848,3.26,3.83368
1.99205,-0.37848,3.26,3.83916
1.98421,-0.374997,3.23,3.80928
1.97555,-0.371398,3.199,3.77814
1.98593,-0.371398,3.199,3.78358
1.97821,-0.368032,3.17,3.75469
1.95212,-0.361298,3.112,3.69132
1.96222,-0.361298,3.112,3.69667
1.93746,-0.354912,3.057,3.63662
1.93019,-0.351778,3.03,3.60975
1.94002,-0.351778,3.03,3.61502
1.93248,-0.348643,3.003,3.58804
1.9086,-0.342606,2.951,3.53108
1.90192,-0.339704,2.926,3.50631
1.91142,-0.339704,2.926,3.51147
1.90451,-0.336801,2.901,3.4866
1.88225,-0.331228,2.853,3.43398
1.89151,-0.331228,2.853,3.43906
1.86946,-0.325772,2.806,3.38743
1.86317,-0.323101,2.783,3.36465
1.8722,-0.323101,2.783,3.36966
1.86637,-0.320547,2.761,3.34801
1.84544,-0.315439,2.717,3.29958
-2.37465,-0.386297,3.423,4.18391
-2.36354,-0.386297,3.423,4.17761
-2.35243,-0.386297,3.423,4.17134
-2.34132,-0.386297,3.423,4.16508
-2.33021,-0.386297,3.423,4.15885
-2.3191,-0.386297,3.423,4.15263
-2.30799,-0.386297,3.423,4.14644
-2.29688,-0.386297,3.423,4.14026
-2.28577,-0.386297,3.423,4.13411
-2.27466,-0.386297,3.423,4.12798
-2.26355,-0.386297,3.423,4.12187
-2.27547,-0.390247,3.458,4.15786
-2.26424,-0.390247,3.458,4.15173
-2.25302,-0.390247,3.458,4.14562
-2.2191,-0.386297,3.423,4.09763
-2.20799,-0.386297,3.423,4.09162
-2.19688,-0.386297,3.423,4.08564
-2.18577,-0.386297,3.423,4.07968
-2.17466,-0.386297,3.423,4.07373
-2.16355,-0.386297,3.423,4.06781
-2.15244,-0.386297,3.423,4.06192
-2.12006,-0.38246,3.389,4.01575
-2.10906,-0.38246,3.389,4.00996
-2.07763,-0.378736,3.356,3.96519
-2.06674,-0.378736,3.356,3.95949
-2.05585,-0.378736,3.356,3.95382
-2.04496,-0.378736,3.356,3.94817
-2.01467,-0.375125,3.324,3.90494
-2.00388,-0.375125,3.324,3.89939
-1.99309,-0.375125,3.324,3.89385
-1.9823,-0.375125,3.324,3.88834
nan,nan,nan,NaN
nan,nan,nan,NaN
nan,nan,nan,NaN
nan,nan,nan,NaN
nan,nan,nan,NaN
nan,nan,nan,NaN
nan,nan,nan,NaN
nan,nan,nan,NaN
nan,nan,nan,NaN
nan,nan,nan,NaN
nan,nan,nan,NaN
nan,nan,nan,NaN
nan,nan,nan,NaN
nan,nan,nan,NaN
nan,nan,nan,NaN
nan,nan,nan,NaN
nan,nan,nan,NaN
nan,nan,nan,NaN
nan,nan,nan,NaN
nan,nan,nan,NaN
nan,nan,nan,NaN
nan,nan,nan,NaN
nan,nan,nan,NaN
nan,nan,nan,NaN
nan,nan,nan,NaN
nan,nan,nan,NaN
nan,nan,nan,NaN
nan,nan,nan,NaN
nan,nan,nan,NaN
nan,nan,nan,NaN
nan,nan,nan,NaN
-1.19578,-0.274008,2.428,2.72032
-1.1879,-0.274008,2.428,2.71687
-1.17176,-0.27209,2.411,2.69443
-1.16393,-0.27209,2.411,2.69104
-1.15611,-0.27209,2.411,2.68766
-1.14828,-0.27209,2.411,2.68431
-1.14046,-0.27209,2.411,2.68097
-1.11666,-0.268253,2.377,2.63989
-1.10894,-0.268253,2.377,2.63663
-1.10123,-0.268253,2.377,2.6334
-1.09351,-0.268253,2.377,2.63018
-1.0858,-0.268253,2.377,2.62698
-1.07808,-0.268253,2.377,2.6238
-1.07037,-0.268253,2.377,2.62064
-1.06265,-0.268253,2.377,2.6175
-1.05494,-0.268253,2.377,2.61438
-1.04017,-0.266447,2.361,2.5937
-1.03251,-0.266447,2.361,2.59064
-1.02485,-0.266447,2.361,2.58759
-1.01718,-0.266447,2.361,2.58456
-1.00952,-0.266447,2.361,2.58156
-1.00186,-0.266447,2.361,2.57857
-0.994193,-0.266447,2.361,2.5756
-0.986529,-0.266447,2.361,2.57266
-0.978866,-0.266447,2.361,2.56973
-0.971203,-0.266447,2.361,2.56682
-0.96354,-0.266447,2.361,2.56393
-0.955876,-0.266447,2.361,2.56106
-0.948213,-0.266447,2.361,2.55821
-0.94055,-0.266447,2.361,2.55538
-0.926565,-0.264641,2.345,2.53527
-0.918953,-0.264641,2.345,2.5325
-0.911342,-0.264641,2.345,2.52974
-0.903731,-0.264641,2.345,2.52701
-0.89612,-0.264641,2.345,2.5243
-0.888508,-0.264641,2.345,2.52161
-0.880897,-0.264641,2.345,2.51894
-0.873286,-0.264641,2.345,2.51628
-0.865674,-0.264641,2.345,2.51365
-0.858063,-0.264641,2.345,2.51104
-0.850452,-0.264641,2.345,2.50845
-0.842841,-0.264641,2.345,2.50588
-0.835229,-0.264641,2.345,2.50333
-0.827618,-0.264641,2.345,2.5008
-0.820007,-0.264641,2.345,2.49829
-0.812395,-0.264641,2.345,2.49581
-0.810275,-0.266447,2.361,2.51035
-0.802612,-0.266447,2.361,2.50789
-0.800336,-0.268253,2.377,2.52242
-0.792621,-0.268253,2.377,2.51999
-0.784906,-0.268253,2.377,2.51757
-0.782749,-0.270171,2.394,2.53316
-0.774979,-0.270171,2.394,2.53077
-0.767208,-0.270171,2.394,2.52841
-0.759438,-0.270171,2.394,2.52606
-0.751668,-0.270171,2.394,2.52373
-0.74918,-0.27209,2.411,2.53934
-0.741354,-0.27209,2.411,2.53704
-0.738701,-0.274008,2.428,2.55263
-0.73082,-0.274008,2.428,2.55037
-0.722939,-0.274008,2.428,2.54812
-0.715059,-0.274008,2.428,2.54589
-0.707178,-0.274008,2.428,2.54369
-0.699297,-0.274008,2.428,2.54151
-0.696258,-0.275927,2.445,2.55713
-0.688322,-0.275927,2.445,2.55499
-0.680386,-0.275927,2.445,2.55286
-0.67245,-0.275927,2.445,2.55075
-0.664514,-0.275927,2.445,2.54867
-0.656578,-0.275927,2.445,2.54662
-0.648643,-0.275927,2.445,2.54458
-0.640707,-0.275927,2.445,2.54257
-0.632771,-0.275927,2.445,2.54058
-0.624835,-0.275927,2.445,2.53862
-0.616899,-0.275927,2.445,2.53668
-0.608963,-0.275927,2.445,2.53476
-0.601027,-0.275927,2.445,2.53286
-0.593092,-0.275927,2.445,2.53099
-0.585156,-0.275927,2.445,2.52914
-0.581469,-0.277958,2.463,2.54593
-0.573475,-0.277958,2.463,2.54411
-0.565481,-0.277958,2.463,2.54232
-0.557486,-0.277958,2.463,2.54056
-0.553508,-0.279989,2.481,2.55737
-0.545455,-0.279989,2.481,2.55564
-0.537403,-0.279989,2.481,2.55393
-0.52935,-0.279989,2.481,2.55225
-0.525079,-0.282021,2.499,2.56909
-0.516968,-0.282021,2.499,2.56745
-0.508857,-0.282021,2.499,2.56583
-0.504353,-0.284052,2.517,2.5827
-0.496183,-0.284052,2.517,2.58112
-0.488013,-0.284052,2.517,2.57956
-0.479844,-0.284052,2.517,2.57803
-0.471674,-0.284052,2.517,2.57652
-0.463505,-0.284052,2.517,2.57504
-0.455335,-0.284052,2.517,2.57358
-0.447166,-0.284052,2.517,2.57215
-0.438996,-0.284052,2.517,2.57074
-0.430827,-0.284052,2.517,2.56936
-0.422657,-0.284052,2.517,2.568
-0.414487,-0.284052,2.517,2.56667
-0.406318,-0.284052,2.517,2.56536
-0.395301,-0.282021,2.499,2.54574
-0.38719,-0.282021,2.499,2.54449
-0.379079,-0.282021,2.499,2.54327
-0.368296,-0.279989,2.481,2.52377
-0.360243,-0.279989,2.481,2.5226
-0.35219,-0.279989,2.481,2.52147
-0.344137,-0.279989,2.481,2.52035
-0.336085,-0.279989,2.481,2.51927
-0.325652,-0.277958,2.463,2.49994
-0.317658,-0.277958,2.463,2.49891
-0.309664,-0.277958,2.463,2.4979
-0.301669,-0.277958,2.463,2.49692
-0.293675,-0.277958,2.463,2.49597
-0.283593,-0.275927,2.445,2.47681
-0.275657,-0.275927,2.445,2.47591
-0.267721,-0.275927,2.445,2.47504
-0.259785,-0.275927,2.445,2.4742
-0.251849,-0.275927,2.445,2.47338
-0.243914,-0.275927,2.445,2.47258
-0.235978,-0.275927,2.445,2.47181
-0.228042,-0.275927,2.445,2.47107
-0.220106,-0.275927,2.445,2.47035
-0.213732,-0.277958,2.463,2.48783
-0.205738,-0.277958,2.463,2.48716
-0.197744,-0.277958,2.463,2.48651
-0.189749,-0.277958,2.463,2.48589
-0.183083,-0.279989,2.481,2.50345
-0.175031,-0.279989,2.481,2.50288
-0.166978,-0.279989,2.481,2.50233
-0.160078,-0.282021,2.499,2.51995
-0.153062,-0.284052,2.517,2.5376
-0.144892,-0.284052,2.517,2.53712
-0.136723,-0.284052,2.517,2.53666
-0.128553,-0.284052,2.517,2.53624
-0.120383,-0.284052,2.517,2.53584
-0.111411,-0.282021,2.499,2.51733
-0.1033,-0.282021,2.499,2.51698
-0.0951891,-0.282021,2.499,2.51666
-0.087078,-0.282021,2.499,2.51637
-0.0795356,-0.284052,2.517,2.53423
-0.0713661,-0.284052,2.517,2.53398
-0.0631965,-0.284052,2.517,2.53377
-0.055027,-0.284052,2.517,2.53358
-0.0468574,-0.284052,2.517,2.53341
-0.0384112,-0.282021,2.499,2.51516
-0.0303,-0.282021,2.499,2.51505
-0.0221889,-0.282021,2.499,2.51496
-0.0140778,-0.282021,2.499,2.5149
-0.00596664,-0.282021,2.499,2.51487
0.00214449,-0.282021,2.499,2.51486
0.0103295,-0.284052,2.517,2.533
0.0183668,-0.282021,2.499,2.51493
0.0264779,-0.282021,2.499,2.515
0.034589,-0.282021,2.499,2.5151
0.0427002,-0.282021,2.499,2.51523
0.0508113,-0.282021,2.499,2.51538
0.0589224,-0.282021,2.499,2.51555
0.0670336,-0.282021,2.499,2.51576
0.0751447,-0.282021,2.499,2.51599
0.0832558,-0.282021,2.499,2.51624
0.091367,-0.282021,2.499,2.51652
0.0994781,-0.282021,2.499,2.51683
0.107589,-0.282021,2.499,2.51716
0.1157,-0.282021,2.499,2.51752
0.123811,-0.282021,2.499,2.51791
0.131923,-0.282021,2.499,2.51832
0.140034,-0.282021,2.499,2.51876
0.148145,-0.282021,2.499,2.51922
0.156256,-0.282021,2.499,2.51971
0.164367,-0.282021,2.499,2.52023
0.172478,-0.282021,2.499,2.52077
0.180589,-0.282021,2.499,2.52134
0.188701,-0.282021,2.499,2.52193
0.196812,-0.282021,2.499,2.52255
0.204923,-0.282021,2.499,2.5232
0.214568,-0.284052,2.517,2.54205
0.222738,-0.284052,2.517,2.54275
0.230908,-0.284052,2.517,2.54348
0.239077,-0.284052,2.517,2.54424
0.247247,-0.284052,2.517,2.54502
0.255416,-0.284052,2.517,2.54582
0.261701,-0.282021,2.499,2.52844
0.269812,-0.282021,2.499,2.5293
0.277923,-0.282021,2.499,2.53017
0.286034,-0.282021,2.499,2.53108
0.294145,-0.282021,2.499,2.53201
0.304434,-0.284052,2.517,2.55121
0.312603,-0.284052,2.517,2.55219
0.320773,-0.284052,2.517,2.55321
0.328942,-0.284052,2.517,2.55425
0.337112,-0.284052,2.517,2.55531
0.345281,-0.284052,2.517,2.5564
0.350923,-0.282021,2.499,2.53923
0.359034,-0.282021,2.499,2.54036
0.367146,-0.282021,2.499,2.54152
0.375257,-0.282021,2.499,2.54271
0.383368,-0.282021,2.499,2.54392
0.388659,-0.279989,2.481,2.52682
0.396712,-0.279989,2.481,2.52807
0.404765,-0.279989,2.481,2.52935
0.409822,-0.277958,2.463,2.51229
0.417816,-0.277958,2.463,2.5136
0.425811,-0.277958,2.463,2.51494
0.430635,-0.275927,2.445,2.49792
0.438571,-0.275927,2.445,2.4993
0.443402,-0.274008,2.428,2.48332
0.451283,-0.274008,2.428,2.48474
0.459163,-0.274008,2.428,2.48618
0.467044,-0.274008,2.428,2.48765
0.474925,-0.274008,2.428,2.48914
0.482805,-0.274008,2.428,2.49066
0.48725,-0.27209,2.411,2.47475
0.495076,-0.27209,2.411,2.4763
0.502901,-0.27209,2.411,2.47787
0.514328,-0.274008,2.428,2.49696
0.522209,-0.274008,2.428,2.49859
0.530089,-0.274008,2.428,2.50025
0.53797,-0.274008,2.428,2.50193
0.545851,-0.274008,2.428,2.50364
0.553732,-0.274008,2.428,2.50537
0.561612,-0.274008,2.428,2.50712
0.57348,-0.275927,2.445,2.52647
0.581416,-0.275927,2.445,2.52828
0.589352,-0.275927,2.445,2.53012
0.597288,-0.275927,2.445,2.53198
0.609679,-0.277958,2.463,2.55252
0.617674,-0.277958,2.463,2.55444
0.625668,-0.277958,2.463,2.55638
0.633662,-0.277958,2.463,2.55835
0.641657,-0.277958,2.463,2.56034
0.649651,-0.277958,2.463,2.56236
0.657645,-0.277958,2.463,2.5644
0.670504,-0.279989,2.481,2.58521
0.678557,-0.279989,2.481,2.58731
0.686609,-0.279989,2.481,2.58944
0.694662,-0.279989,2.481,2.59158
0.702715,-0.279989,2.481,2.59375
0.710768,-0.279989,2.481,2.59595
0.71882,-0.279989,2.481,2.59816
0.726873,-0.279989,2.481,2.6004
0.734926,-0.279989,2.481,2.60267
0.742978,-0.279989,2.481,2.60495
0.751031,-0.279989,2.481,2.60726
0.759084,-0.279989,2.481,2.60959
0.767137,-0.279989,2.481,2.61194
0.780813,-0.282021,2.499,2.63329
0.783242,-0.279989,2.481,2.61672
0.791295,-0.279989,2.481,2.61914
0.799347,-0.279989,2.481,2.62159
0.8074,-0.279989,2.481,2.62405
0.809537,-0.277958,2.463,2.60749
0.817531,-0.277958,2.463,2.60998
0.825525,-0.277958,2.463,2.61249
0.833519,-0.277958,2.463,2.61503
0.835364,-0.275927,2.445,2.59846
0.8433,-0.275927,2.445,2.60102
0.851236,-0.275927,2.445,2.60361
0.859171,-0.275927,2.445,2.60621
0.867107,-0.275927,2.445,2.60884
0.868959,-0.274008,2.428,2.59333
0.87684,-0.274008,2.428,2.59598
0.88472,-0.274008,2.428,2.59865
0.886351,-0.27209,2.411,2.58313
0.894177,-0.27209,2.411,2.58583
0.902002,-0.27209,2.411,2.58854
0.903413,-0.270171,2.394,2.57301
0.911183,-0.270171,2.394,2.57575
0.918953,-0.270171,2.394,2.57851
0.926724,-0.270171,2.394,2.58129
0.927858,-0.268253,2.377,2.56574
0.935573,-0.268253,2.377,2.56854
0.943288,-0.268253,2.377,2.57136
0.951003,-0.268253,2.377,2.5742
nan,nan,nan,NaN
nan,nan,nan,NaN
nan,nan,nan,NaN
nan,nan,nan,NaN
nan,nan,nan,NaN
nan,nan,nan,NaN
nan,nan,nan,NaN
nan,nan,nan,NaN
nan,nan,nan,NaN
nan,nan,nan,NaN
nan,nan,nan,NaN
nan,nan,nan,NaN
nan,nan,nan,NaN
nan,nan,nan,NaN
nan,nan,nan,NaN
1.70049,-0.424555,3.762,4.15025
1.7127,-0.424555,3.762,4.15527
1.72491,-0.424555,3.762,4.16031
1.73712,-0.424555,3.762,4.16539
1.74933,-0.424555,3.762,4.1705
1.76154,-0.424555,3.762,4.17563
1.77375,-0.424555,3.762,4.1808
1.78596,-0.424555,3.762,4.186
1.79817,-0.424555,3.762,4.19122
1.8306,-0.429294,3.804,4.24332
1.86329,-0.434034,3.846,4.29557
1.87577,-0.434034,3.846,4.301
1.88826,-0.434034,3.846,4.30646
1.90074,-0.434034,3.846,4.31195
1.91322,-0.434034,3.846,4.31747
1.90468,-0.429294,3.804,4.2758
1.89586,-0.424555,3.762,4.23405
1.90807,-0.424555,3.762,4.23953
1.89935,-0.419928,3.721,4.19878
1.89088,-0.415413,3.681,4.15906
1.90283,-0.415413,3.681,4.1645
1.89449,-0.411012,3.642,4.1258
1.88642,-0.406724,3.604,4.08813
1.89812,-0.406724,3.604,4.09354
1.90982,-0.406724,3.604,4.09898
1.92151,-0.406724,3.604,4.10444
1.93321,-0.406724,3.604,4.10993
1.94491,-0.406724,3.604,4.11545
1.95661,-0.406724,3.604,4.12099
1.9683,-0.406724,3.604,4.12656
1.98,-0.406724,3.604,4.13215
1.9917,-0.406724,3.604,4.13777
2.0034,-0.406724,3.604,4.14341
2.0151,-0.406724,3.604,4.14908
2.00542,-0.402435,3.566,4.11096
2.017,-0.402435,3.566,4.11662
2.02857,-0.402435,3.566,4.12231
2.04015,-0.402435,3.566,4.12802
2.03043,-0.39826,3.529,4.09086
2.04189,-0.39826,3.529,4.09655
2.03239,-0.394197,3.493,4.06043
2.04373,-0.394197,3.493,4.06611
2.03448,-0.390247,3.458,4.03102
2.0457,-0.390247,3.458,4.0367
2.03611,-0.386297,3.423,4.00148
2.00714,-0.378736,3.356,3.92872
2.01804,-0.378736,3.356,3.93429
2.00958,-0.375125,3.324,3.90232
1.98147,-0.367902,3.26,3.83265
1.99205,-0.367902,3.26,3.83813
1.98421,-0.364517,3.23,3.80826
1.97555,-0.361018,3.199,3.77713
1.98593,-0.361018,3.199,3.78257
1.96012,-0.354473,3.141,3.71935
1.93456,-0.34804,3.084,3.65714
1.94457,-0.34804,3.084,3.66245
1.93746,-0.344993,3.057,3.63566
1.93019,-0.341946,3.03,3.6088
1.94002,-0.341946,3.03,3.61407
1.93248,-0.338899,3.003,3.58711
1.9086,-0.33303,2.951,3.53016
1.90192,-0.330209,2.926,3.5054
1.91142,-0.330209,2.926,3.51056
1.88875,-0.324679,2.877,3.45687
1.88225,-0.321971,2.853,3.4331
1.89151,-0.321971,2.853,3.43818
1.86946,-0.316667,2.806,3.38656
1.84844,-0.311588,2.761,3.33721
1.8574,-0.311588,2.761,3.34218
1.85149,-0.309106,2.739,3.3205
1.84544,-0.306623,2.717,3.29875
-2.30597,-0.364339,3.324,4.06192
-2.29518,-0.364339,3.324,4.05581
-2.28439,-0.364339,3.324,4.04971
-2.2736,-0.364339,3.324,4.04363
-2.26281,-0.364339,3.324,4.03758
-2.25202,-0.364339,3.324,4.03154
-2.24123,-0.364339,3.324,4.02553
-2.23045,-0.364339,3.324,4.01953
-2.24102,-0.367846,3.356,4.05219
-2.23013,-0.367846,3.356,4.04618
-2.24106,-0.371464,3.389,4.07991
-2.23006,-0.371464,3.389,4.07388
-2.24132,-0.37519,3.423,4.10868
-2.23021,-0.37519,3.423,4.10263
-2.19706,-0.371464,3.389,4.05591
-2.18606,-0.371464,3.389,4.04996
-2.17506,-0.371464,3.389,4.04403
-2.16406,-0.371464,3.389,4.03813
-2.15306,-0.371464,3.389,4.03224
-2.14206,-0.371464,3.389,4.02638
-2.13106,-0.371464,3.389,4.02054
-2.09942,-0.367846,3.356,3.97563
-2.08853,-0.367846,3.356,3.96989
-2.05782,-0.364339,3.324,3.92637
-2.04703,-0.364339,3.324,3.92072
-2.03625,-0.364339,3.324,3.9151
-2.00596,-0.360831,3.292,3.87186
-1.99527,-0.360831,3.292,3.86634
-1.98459,-0.360831,3.292,3.86084
-1.9739,-0.360831,3.292,3.85535
-1.96322,-0.360831,3.292,3.84989
nan,nan,nan,NaN
nan,nan,nan,NaN
nan,nan,nan,NaN
nan,nan,nan,NaN
nan,nan,nan,NaN
nan,nan,nan,NaN
nan,nan,nan,NaN
nan,nan,nan,NaN
nan,nan,nan,NaN
nan,nan,nan,NaN
nan,nan,nan,NaN
nan,nan,nan,NaN
nan,nan,nan,NaN
nan,nan,nan,NaN
nan,nan,nan,NaN
nan,nan,nan,NaN
nan,nan,nan,NaN
nan,nan,nan,NaN
nan,nan,nan,NaN
nan,nan,nan,NaN
nan,nan,nan,NaN
nan,nan,nan,NaN
nan,nan,nan,NaN
nan,nan,nan,NaN
nan,nan,nan,NaN
nan,nan,nan,NaN
nan,nan,nan,NaN
nan,nan,nan,NaN
nan,nan,nan,NaN
nan,nan,nan,NaN
nan,nan,nan,NaN
-1.18741,-0.264266,2.411,2.7005
-1.17958,-0.264266,2.411,2.69707
-1.17176,-0.264266,2.411,2.69365
-1.16393,-0.264266,2.411,2.69026
-1.14795,-0.262403,2.394,2.66794
-1.14018,-0.262403,2.394,2.6646
-1.13241,-0.262403,2.394,2.66129
-1.11666,-0.26054,2.377,2.63912
-1.10894,-0.26054,2.377,2.63586
-1.10123,-0.26054,2.377,2.63262
-1.09351,-0.26054,2.377,2.62941
-1.0858,-0.26054,2.377,2.62621
-1.07808,-0.26054,2.377,2.62303
-1.07037,-0.26054,2.377,2.61987
-1.0555,-0.258786,2.361,2.59911
-1.04784,-0.258786,2.361,2.59601
-1.04017,-0.258786,2.361,2.59292
-1.03251,-0.258786,2.361,2.58986
-1.02485,-0.258786,2.361,2.58681
-1.01718,-0.258786,2.361,2.58379
-1.00952,-0.258786,2.361,2.58078
-1.00186,-0.258786,2.361,2.57779
-0.994193,-0.258786,2.361,2.57482
-0.986529,-0.258786,2.361,2.57187
-0.978866,-0.258786,2.361,2.56894
-0.971203,-0.258786,2.361,2.56603
-0.96354,-0.258786,2.361,2.56314
-0.955876,-0.258786,2.361,2.56027
-0.948213,-0.258786,2.361,2.55742
-0.94055,-0.258786,2.361,2.55459
-0.926565,-0.257032,2.345,2.53448
-0.918953,-0.257032,2.345,2.53171
-0.911342,-0.257032,2.345,2.52896
-0.903731,-0.257032,2.345,2.52623
-0.89612,-0.257032,2.345,2.52351
-0.888508,-0.257032,2.345,2.52082
-0.880897,-0.257032,2.345,2.51815
-0.873286,-0.257032,2.345,2.5155
-0.865674,-0.257032,2.345,2.51286
-0.858063,-0.257032,2.345,2.51025
-0.850452,-0.257032,2.345,2.50766
-0.842841,-0.257032,2.345,2.50509
-0.835229,-0.257032,2.345,2.50254
-0.827618,-0.257032,2.345,2.50001
-0.820007,-0.257032,2.345,2.4975
-0.812395,-0.257032,2.345,2.49501
-0.810275,-0.258786,2.361,2.50955
-0.802612,-0.258786,2.361,2.50709
-0.800336,-0.26054,2.377,2.52162
-0.792621,-0.26054,2.377,2.51918
-0.784906,-0.26054,2.377,2.51676
-0.782749,-0.262403,2.394,2.53235
-0.774979,-0.262403,2.394,2.52996
-0.767208,-0.262403,2.394,2.52759
-0.759438,-0.262403,2.394,2.52524
-0.751668,-0.262403,2.394,2.52291
-0.74918,-0.264266,2.411,2.53851
-0.741354,-0.264266,2.411,2.53621
-0.738701,-0.26613,2.428,2.5518
-0.73082,-0.26613,2.428,2.54953
-0.722939,-0.26613,2.428,2.54728
-0.715059,-0.26613,2.428,2.54506
-0.707178,-0.26613,2.428,2.54285
-0.699297,-0.26613,2.428,2.54067
-0.696258,-0.267993,2.445,2.55629
-0.688322,-0.267993,2.445,2.55414
-0.680386,-0.267993,2.445,2.55201
-0.67245,-0.267993,2.445,2.54991
-0.664514,-0.267993,2.445,2.54783
-0.656578,-0.267993,2.445,2.54577
-0.648643,-0.267993,2.445,2.54373
-0.640707,-0.267993,2.445,2.54172
-0.632771,-0.267993,2.445,2.53973
-0.624835,-0.267993,2.445,2.53777
-0.616899,-0.267993,2.445,2.53583
-0.608963,-0.267993,2.445,2.53391
-0.601027,-0.267993,2.445,2.53201
-0.593092,-0.267993,2.445,2.53014
-0.585156,-0.267993,2.445,2.52829
-0.581469,-0.269966,2.463,2.54507
-0.573475,-0.269966,2.463,2.54325
-0.565481,-0.269966,2.463,2.54146
-0.557486,-0.269966,2.463,2.53969
-0.549492,-0.269966,2.463,2.53795
-0.545455,-0.271939,2.481,2.55477
-0.537403,-0.271939,2.481,2.55306
-0.52935,-0.271939,2.481,2.55138
-0.521297,-0.271939,2.481,2.54972
-0.513244,-0.271939,2.481,2.54808
-0.505192,-0.271939,2.481,2.54647
-0.500746,-0.273912,2.499,2.56335
-0.492635,-0.273912,2.499,2.56178
-0.484524,-0.273912,2.499,2.56023
-0.476412,-0.273912,2.499,2.55871
-0.468301,-0.273912,2.499,2.55721
-0.46019,-0.273912,2.499,2.55574
-0.455335,-0.275885,2.517,2.57269
-0.447166,-0.275885,2.517,2.57126
-0.438996,-0.275885,2.517,2.56985
-0.430827,-0.275885,2.517,2.56847
-0.422657,-0.275885,2.517,2.56711
-0.411523,-0.273912,2.499,2.54743
-0.403412,-0.273912,2.499,2.54613
-0.395301,-0.273912,2.499,2.54486
-0.38719,-0.273912,2.499,2.54361
-0.379079,-0.273912,2.499,2.54239
-0.368296,-0.271939,2.481,2.52289
-0.360243,-0.271939,2.481,2.52172
-0.35219,-0.271939,2.481,2.52059
-0.341641,-0.269966,2.463,2.50119
-0.333646,-0.269966,2.463,2.50011
-0.325652,-0.269966,2.463,2.49906
-0.317658,-0.269966,2.463,2.49803
-0.309664,-0.269966,2.463,2.49703
-0.301669,-0.269966,2.463,2.49605
-0.291529,-0.267993,2.445,2.47686
-0.283593,-0.267993,2.445,2.47594
-0.275657,-0.267993,2.445,2.47504
-0.267721,-0.267993,2.445,2.47417
-0.259785,-0.267993,2.445,2.47332
-0.251849,-0.267993,2.445,2.4725
-0.243914,-0.267993,2.445,2.47171
-0.235978,-0.267993,2.445,2.47094
-0.228042,-0.267993,2.445,2.47019
-0.220106,-0.267993,2.445,2.46947
-0.213732,-0.269966,2.463,2.48695
-0.205738,-0.269966,2.463,2.48628
-0.197744,-0.269966,2.463,2.48563
-0.189749,-0.269966,2.463,2.48501
-0.183083,-0.271939,2.481,2.50257
-0.175031,-0.271939,2.481,2.50199
-0.166978,-0.271939,2.481,2.50144
-0.158925,-0.271939,2.481,2.50091
-0.151967,-0.273912,2.499,2.51856
-0.143856,-0.273912,2.499,2.51808
-0.135745,-0.273912,2.499,2.51763
-0.127634,-0.273912,2.499,2.5172
-0.119523,-0.273912,2.499,2.51681
-0.111411,-0.273912,2.499,2.51643
-0.1033,-0.273912,2.499,2.51609
-0.0951891,-0.273912,2.499,2.51577
-0.087078,-0.273912,2.499,2.51547
-0.0789668,-0.273912,2.499,2.51521
-0.0708557,-0.273912,2.499,2.51497
-0.0627446,-0.273912,2.499,2.51475
-0.055027,-0.275885,2.517,2.53267
-0.0468574,-0.275885,2.517,2.53251
-0.0386878,-0.275885,2.517,2.53237
-0.0303,-0.273912,2.499,2.51415
-0.0221889,-0.273912,2.499,2.51406
-0.0141792,-0.275885,2.517,2.53211
-0.00596664,-0.273912,2.499,2.51397
0.00214449,-0.273912,2.499,2.51397
0.0102556,-0.273912,2.499,2.51399
0.0183668,-0.273912,2.499,2.51403
0.0264779,-0.273912,2.499,2.51411
0.034589,-0.273912,2.499,2.5142
0.0427002,-0.273912,2.499,2.51433
0.0508113,-0.273912,2.499,2.51448
0.0589224,-0.273912,2.499,2.51466
0.0670336,-0.273912,2.499,2.51486
0.0751447,-0.273912,2.499,2.51509
0.0832558,-0.273912,2.499,2.51535
0.091367,-0.273912,2.499,2.51563
0.0994781,-0.273912,2.499,2.51593
0.107589,-0.273912,2.499,2.51627
0.1157,-0.273912,2.499,2.51663
0.123811,-0.273912,2.499,2.51701
0.131923,-0.273912,2.499,2.51743
0.140034,-0.273912,2.499,2.51786
0.148145,-0.273912,2.499,2.51833
0.156256,-0.273912,2.499,2.51882
0.164367,-0.273912,2.499,2.51933
0.173721,-0.275885,2.517,2.53803
0.180589,-0.273912,2.499,2.52044
0.188701,-0.273912,2.499,2.52104
0.196812,-0.273912,2.499,2.52166
0.204923,-0.273912,2.499,2.52231
0.214568,-0.275885,2.517,2.54115
0.222738,-0.275885,2.517,2.54185
0.230908,-0.275885,2.517,2.54258
0.239077,-0.275885,2.517,2.54334
0.247247,-0.275885,2.517,2.54412
0.255416,-0.275885,2.517,2.54492
0.263586,-0.275885,2.517,2.54576
0.271755,-0.275885,2.517,2.54662
0.279925,-0.275885,2.517,2.5475
0.288094,-0.275885,2.517,2.54841
0.296264,-0.275885,2.517,2.54935
0.304434,-0.275885,2.517,2.55031
0.312603,-0.275885,2.517,2.5513
0.320773,-0.275885,2.517,2.55231
0.328942,-0.275885,2.517,2.55335
0.337112,-0.275885,2.517,2.55442
0.345281,-0.275885,2.517,2.55551
0.350923,-0.273912,2.499,2.53834
0.359034,-0.273912,2.499,2.53948
0.367146,-0.273912,2.499,2.54063
0.375257,-0.273912,2.499,2.54182
0.383368,-0.273912,2.499,2.54303
0.388659,-0.271939,2.481,2.52594
0.393834,-0.269966,2.463,2.50886
0.401828,-0.269966,2.463,2.51012
0.409822,-0.269966,2.463,2.51141
0.417816,-0.269966,2.463,2.51273
0.425811,-0.269966,2.463,2.51407
0.430635,-0.267993,2.445,2.49706
0.438571,-0.267993,2.445,2.49844
0.443402,-0.26613,2.428,2.48246
0.451283,-0.26613,2.428,2.48388
0.459163,-0.26613,2.428,2.48533
0.467044,-0.26613,2.428,2.48679
0.474925,-0.26613,2.428,2.48829
0.482805,-0.26613,2.428,2.4898
0.48725,-0.264266,2.411,2.4739
0.495076,-0.264266,2.411,2.47545
0.502901,-0.264266,2.411,2.47703
0.514328,-0.26613,2.428,2.49611
0.522209,-0.26613,2.428,2.49774
0.530089,-0.26613,2.428,2.4994
0.53797,-0.26613,2.428,2.50108
0.545851,-0.26613,2.428,2.50279
0.553732,-0.26613,2.428,2.50452
0.561612,-0.26613,2.428,2.50628
0.57348,-0.267993,2.445,2.52561
0.581416,-0.267993,2.445,2.52743
0.589352,-0.267993,2.445,2.52927
0.597288,-0.267993,2.445,2.53113
0.609679,-0.269966,2.463,2.55166
0.617674,-0.269966,2.463,2.55358
0.625668,-0.269966,2.463,2.55553
0.633662,-0.269966,2.463,2.55749
0.641657,-0.269966,2.463,2.55949
0.649651,-0.269966,2.463,2.5615
0.657645,-0.269966,2.463,2.56354
0.670504,-0.271939,2.481,2.58435
0.678557,-0.271939,2.481,2.58646
0.686609,-0.271939,2.481,2.58858
0.694662,-0.271939,2.481,2.59073
0.702715,-0.271939,2.481,2.5929
0.710768,-0.271939,2.481,2.59509
0.71882,-0.271939,2.481,2.59731
0.726873,-0.271939,2.481,2.59955
0.740258,-0.273912,2.499,2.62069
0.748369,-0.273912,2.499,2.62299
0.75648,-0.273912,2.499,2.62532
0.764591,-0.273912,2.499,2.62767
0.772702,-0.273912,2.499,2.63004
0.780813,-0.273912,2.499,2.63243
0.783242,-0.271939,2.481,2.61587
0.791295,-0.271939,2.481,2.61829
0.799347,-0.271939,2.481,2.62074
0.8074,-0.271939,2.481,2.62321
0.815453,-0.271939,2.481,2.6257
0.823505,-0.271939,2.481,2.62821
0.825525,-0.269966,2.463,2.61166
0.833519,-0.269966,2.463,2.61419
0.841514,-0.269966,2.463,2.61675
0.849508,-0.269966,2.463,2.61933
0.851236,-0.267993,2.445,2.60278
0.859171,-0.267993,2.445,2.60538
0.867107,-0.267993,2.445,2.60801
0.875043,-0.267993,2.445,2.61066
0.87684,-0.26613,2.428,2.59516
0.88472,-0.26613,2.428,2.59783
0.892601,-0.26613,2.428,2.60053
0.894177,-0.264266,2.411,2.58502
0.902002,-0.264266,2.411,2.58773
0.909828,-0.264266,2.411,2.59047
0.911183,-0.262403,2.394,2.57495
0.918953,-0.262403,2.394,2.57771
0.933304,-0.264266,2.411,2.59881
0.927858,-0.26054,2.377,2.56494
0.935573,-0.26054,2.377,2.56774
0.943288,-0.26054,2.377,2.57056
0.951003,-0.26054,2.377,2.57341
nan,nan,nan,NaN
nan,nan,nan,NaN
nan,nan,nan,NaN
nan,nan,nan,NaN
nan,nan,nan,NaN
nan,nan,nan,NaN
nan,nan,nan,NaN
nan,nan,nan,NaN
nan,nan,nan,NaN
nan,nan,nan,NaN
nan,nan,nan,NaN
nan,nan,nan,NaN
nan,nan,nan,NaN
nan,nan,nan,NaN
nan,nan,nan,NaN
1.70049,-0.412348,3.762,4.14902
1.7127,-0.412348,3.762,4.15404
1.72491,-0.412348,3.762,4.15909
1.73712,-0.412348,3.762,4.16416
1.74933,-0.412348,3.762,4.16927
1.76154,-0.412348,3.762,4.17441
1.77375,-0.412348,3.762,4.17958
1.78596,-0.412348,3.762,4.18477
1.79817,-0.412348,3.762,4.19
1.8306,-0.416951,3.804,4.24209
1.86329,-0.421555,3.846,4.29433
1.87577,-0.421555,3.846,4.29976
1.88826,-0.421555,3.846,4.30522
1.90074,-0.421555,3.846,4.31071
1.91322,-0.421555,3.846,4.31623
1.90468,-0.416951,3.804,4.27458
1.89586,-0.412348,3.762,4.23284
1.90807,-0.412348,3.762,4.23833
1.89935,-0.407854,3.721,4.19759
1.89088,-0.403469,3.681,4.15788
1.90283,-0.403469,3.681,4.16333
1.89449,-0.399194,3.642,4.12463
1.88642,-0.395029,3.604,4.08699
1.89812,-0.395029,3.604,4.0924
1.90982,-0.395029,3.604,4.09784
1.92151,-0.395029,3.604,4.1033
1.93321,-0.395029,3.604,4.10879
1.94491,-0.395029,3.604,4.11431
1.95661,-0.395029,3.604,4.11985
1.9683,-0.395029,3.604,4.12542
1.98,-0.395029,3.604,4.13101
1.9917,-0.395029,3.604,4.13663
2.0034,-0.395029,3.604,4.14228
2.0151,-0.395029,3.604,4.14795
2.00542,-0.390864,3.566,4.10985
2.017,-0.390864,3.566,4.11551
2.02857,-0.390864,3.566,4.12119
2.01898,-0.386809,3.529,4.08408
2.00972,-0.382863,3.493,4.04804
2.02106,-0.382863,3.493,4.05368
2.01203,-0.379027,3.458,4.01867
2.02325,-0.379027,3.458,4.0243
2.01389,-0.37519,3.423,3.98916
2.025,-0.37519,3.423,3.99478
2.01588,-0.371464,3.389,3.96069
2.00714,-0.367846,3.356,3.92768
2.01804,-0.367846,3.356,3.93326
2.00958,-0.364339,3.324,3.9013
1.98147,-0.357324,3.26,3.83165
1.99205,-0.357324,3.26,3.83713
1.98421,-0.354036,3.23,3.80727
1.97555,-0.350638,3.199,3.77615
1.98593,-0.350638,3.199,3.78159
1.96012,-0.344281,3.141,3.7184
1.93456,-0.338033,3.084,3.6562
1.94457,-0.338033,3.084,3.66151
1.93746,-0.335073,3.057,3.63473
1.93019,-0.332114,3.03,3.60788
1.94002,-0.332114,3.03,3.61315
1.93248,-0.329155,3.003,3.5862
1.9086,-0.323455,2.951,3.52927
1.90192,-0.320715,2.926,3.50452
1.91142,-0.320715,2.926,3.50968
1.88875,-0.315344,2.877,3.456
1.86642,-0.310083,2.829,3.40337
1.8756,-0.310083,2.829,3.40841
1.86946,-0.307562,2.806,3.38572
1.84844,-0.302629,2.761,3.33638
1.8574,-0.302629,2.761,3.34136
1.85149,-0.300218,2.739,3.31968
1.84544,-0.297807,2.717,3.29794
-2.26157,-0.346746,3.26,3.98278
-2.25099,-0.346746,3.26,3.97678
-2.24041,-0.346746,3.26,3.9708
-2.22983,-0.346746,3.26,3.96484
-2.21924,-0.346746,3.26,3.9589
-2.20866,-0.346746,3.26,3.95298
-2.19808,-0.346746,3.26,3.94707
-2.1875,-0.346746,3.26,3.94119
-2.19829,-0.35015,3.292,3.97396
-2.1876,-0.35015,3.292,3.96806
-2.19808,-0.353553,3.324,4.00069
-2.18729,-0.353553,3.324,3.99477
-2.19745,-0.356957,3.356,4.02728
-2.18656,-0.356957,3.356,4.02134
-2.17567,-0.356957,3.356,4.01543
-2.16478,-0.356957,3.356,4.00954
-2.15388,-0.356957,3.356,4.00367
-2.14299,-0.356957,3.356,3.99782
-2.1321,-0.356957,3.356,3.99199
-2.10098,-0.353553,3.324,3.94818
-2.09019,-0.353553,3.324,3.94244
-2.0794,-0.353553,3.324,3.93674
-2.06861,-0.353553,3.324,3.93105
-2.05782,-0.353553,3.324,3.92538
-2.04703,-0.353553,3.324,3.91974
-2.03625,-0.353553,3.324,3.91411
-2.00596,-0.35015,3.292,3.87088
-1.99527,-0.35015,3.292,3.86536
-1.98459,-0.35015,3.292,3.85985
-1.9739,-0.35015,3.292,3.85437
-1.96322,-0.35015,3.292,3.84891
nan,nan,nan,NaN
nan,nan,nan,NaN
nan,nan,nan,NaN
nan,nan,nan,NaN
nan,nan,nan,NaN
nan,nan,nan,NaN
nan,nan,nan,NaN
nan,nan,nan,NaN
nan,nan,nan,NaN
nan,nan,nan,NaN
nan,nan,nan,NaN
nan,nan,nan,NaN
nan,nan,nan,NaN
nan,nan,nan,NaN
nan,nan,nan,NaN
nan,nan,nan,NaN
nan,nan,nan,NaN
nan,nan,nan,NaN
nan,nan,nan,NaN
nan,nan,nan,NaN
nan,nan,nan,NaN
nan,nan,nan,NaN
nan,nan,nan,NaN
nan,nan,nan,NaN
nan,nan,nan,NaN
nan,nan,nan,NaN
nan,nan,nan,NaN
nan,nan,nan,NaN
nan,nan,nan,NaN
nan,nan,nan,NaN
nan,nan,nan,NaN
-1.18741,-0.256443,2.411,2.69974
-1.17958,-0.256443,2.411,2.69631
-1.17176,-0.256443,2.411,2.6929
-1.16393,-0.256443,2.411,2.6895
-1.14795,-0.254635,2.394,2.66718
-1.14018,-0.254635,2.394,2.66385
-1.13241,-0.254635,2.394,2.66053
-1.11666,-0.252827,2.377,2.63837
-1.10894,-0.252827,2.377,2.63511
-1.10123,-0.252827,2.377,2.63187
-1.09351,-0.252827,2.377,2.62865
-1.0858,-0.252827,2.377,2.62545
-1.07808,-0.252827,2.377,2.62227
-1.07037,-0.252827,2.377,2.61911
-1.0555,-0.251125,2.361,2.59836
-1.04784,-0.251125,2.361,2.59525
-1.04017,-0.251125,2.361,2.59217
-1.03251,-0.251125,2.361,2.5891
-1.02485,-0.251125,2.361,2.58606
-1.01718,-0.251125,2.361,2.58303
-1.00952,-0.251125,2.361,2.58002
-1.00186,-0.251125,2.361,2.57703
-0.994193,-0.251125,2.361,2.57406
-0.986529,-0.251125,2.361,2.57111
-0.978866,-0.251125,2.361,2.56818
-0.964621,-0.249423,2.345,2.54789
-0.95701,-0.249423,2.345,2.54502
-0.949399,-0.249423,2.345,2.54216
-0.941787,-0.249423,2.345,2.53933
-0.934176,-0.249423,2.345,2.53652
-0.926565,-0.249423,2.345,2.53372
-0.918953,-0.249423,2.345,2.53095
-0.911342,-0.249423,2.345,2.5282
-0.903731,-0.249423,2.345,2.52546
-0.89612,-0.249423,2.345,2.52275
-0.888508,-0.249423,2.345,2.52006
-0.880897,-0.249423,2.345,2.51738
-0.873286,-0.249423,2.345,2.51473
-0.865674,-0.249423,2.345,2.5121
-0.858063,-0.249423,2.345,2.50948
-0.850452,-0.249423,2.345,2.50689
-0.842841,-0.249423,2.345,2.50432
-0.835229,-0.249423,2.345,2.50177
-0.827618,-0.249423,2.345,2.49924
-0.820007,-0.249423,2.345,2.49673
-0.812395,-0.249423,2.345,2.49424
-0.810275,-0.251125,2.361,2.50877
-0.802612,-0.251125,2.361,2.50631
-0.794949,-0.251125,2.361,2.50386
-0.787286,-0.251125,2.361,2.50144
-0.784906,-0.252827,2.377,2.51597
-0.777191,-0.252827,2.377,2.51358
-0.769475,-0.252827,2.377,2.5112
-0.767208,-0.254635,2.394,2.52679
-0.759438,-0.254635,2.394,2.52444
-0.751668,-0.254635,2.394,2.52212
-0.743897,-0.254635,2.394,2.51981
-0.736127,-0.254635,2.394,2.51753
-0.733529,-0.256443,2.411,2.53313
-0.725703,-0.256443,2.411,2.53088
-0.717878,-0.256443,2.411,2.52864
-0.715059,-0.258251,2.428,2.54425
-0.707178,-0.258251,2.428,2.54204
-0.699297,-0.258251,2.428,2.53986
-0.691417,-0.258251,2.428,2.5377
-0.683536,-0.258251,2.428,2.53557
-0.675655,-0.258251,2.428,2.53345
-0.667775,-0.258251,2.428,2.53136
-0.659894,-0.258251,2.428,2.5293
-0.652013,-0.258251,2.428,2.52725
-0.648643,-0.260059,2.445,2.54291
-0.640707,-0.260059,2.445,2.5409
-0.632771,-0.260059,2.445,2.53891
-0.624835,-0.260059,2.445,2.53694
-0.616899,-0.260059,2.445,2.535
-0.604729,-0.258251,2.428,2.51547
-0.596848,-0.258251,2.428,2.51358
-0.588968,-0.258251,2.428,2.51172
-0.581087,-0.258251,2.428,2.50989
-0.57722,-0.260059,2.445,2.52564
-0.569284,-0.260059,2.445,2.52383
-0.561348,-0.260059,2.445,2.52206
-0.553412,-0.260059,2.445,2.5203
-0.545476,-0.260059,2.445,2.51857
-0.541498,-0.261974,2.463,2.53539
-0.533504,-0.261974,2.463,2.5337
-0.525509,-0.261974,2.463,2.53203
-0.517515,-0.261974,2.463,2.53038
-0.509521,-0.261974,2.463,2.52876
-0.501526,-0.261974,2.463,2.52716
-0.497139,-0.263888,2.481,2.54404
-0.492635,-0.265803,2.499,2.56093
-0.484524,-0.265803,2.499,2.55938
-0.476412,-0.265803,2.499,2.55785
-0.468301,-0.265803,2.499,2.55636
-0.46019,-0.265803,2.499,2.55488
-0.452079,-0.265803,2.499,2.55343
-0.443968,-0.265803,2.499,2.55201
-0.435857,-0.265803,2.499,2.55061
-0.427746,-0.265803,2.499,2.54924
-0.419634,-0.265803,2.499,2.54789
-0.411523,-0.265803,2.499,2.54657
-0.403412,-0.265803,2.499,2.54527
-0.395301,-0.265803,2.499,2.544
-0.38719,-0.265803,2.499,2.54275
-0.379079,-0.265803,2.499,2.54153
-0.368296,-0.263888,2.481,2.52203
-0.360243,-0.263888,2.481,2.52087
-0.35219,-0.263888,2.481,2.51973
-0.341641,-0.261974,2.463,2.50034
-0.333646,-0.261974,2.463,2.49926
-0.325652,-0.261974,2.463,2.49821
-0.317658,-0.261974,2.463,2.49718
-0.309664,-0.261974,2.463,2.49618
-0.301669,-0.261974,2.463,2.4952
-0.291529,-0.260059,2.445,2.47601
-0.283593,-0.260059,2.445,2.47509
-0.275657,-0.260059,2.445,2.4742
-0.267721,-0.260059,2.445,2.47332
-0.259785,-0.260059,2.445,2.47248
-0.253704,-0.261974,2.463,2.48985
-0.245709,-0.261974,2.463,2.48905
-0.237715,-0.261974,2.463,2.48827
-0.229721,-0.261974,2.463,2.48752
-0.221726,-0.261974,2.463,2.4868
-0.213732,-0.261974,2.463,2.4861
-0.205738,-0.261974,2.463,2.48542
-0.197744,-0.261974,2.463,2.48477
-0.189749,-0.261974,2.463,2.48415
-0.183083,-0.263888,2.481,2.5017
-0.175031,-0.263888,2.481,2.50113
-0.166978,-0.263888,2.481,2.50058
-0.158925,-0.263888,2.481,2.50005
-0.151967,-0.265803,2.499,2.51769
-0.143856,-0.265803,2.499,2.51721
-0.135745,-0.265803,2.499,2.51676
-0.127634,-0.265803,2.499,2.51634
-0.119523,-0.265803,2.499,2.51594
-0.111411,-0.265803,2.499,2.51556
-0.1033,-0.265803,2.499,2.51522
-0.0951891,-0.265803,2.499,2.5149
-0.087078,-0.265803,2.499,2.5146
-0.0789668,-0.265803,2.499,2.51434
-0.0708557,-0.265803,2.499,2.51409
-0.0627446,-0.265803,2.499,2.51388
-0.055027,-0.267718,2.517,2.5318
-0.0468574,-0.267718,2.517,2.53163
-0.0386878,-0.267718,2.517,2.53149
-0.0303,-0.265803,2.499,2.51328
-0.0221889,-0.265803,2.499,2.51319
-0.0141792,-0.267718,2.517,2.53124
-0.00600962,-0.267718,2.517,2.5312
0.00214449,-0.265803,2.499,2.5131
0.0102556,-0.265803,2.499,2.51312
0.0183668,-0.265803,2.499,2.51316
0.0264779,-0.265803,2.499,2.51324
0.034589,-0.265803,2.499,2.51333
0.0427002,-0.265803,2.499,2.51346
0.0508113,-0.265803,2.499,2.51361
0.0589224,-0.265803,2.499,2.51379
0.0670336,-0.265803,2.499,2.51399
0.0751447,-0.265803,2.499,2.51422
0.0832558,-0.265803,2.499,2.51447
0.091367,-0.265803,2.499,2.51476
0.0994781,-0.265803,2.499,2.51506
0.107589,-0.265803,2.499,2.5154
0.1157,-0.265803,2.499,2.51576
0.123811,-0.265803,2.499,2.51614
0.131923,-0.265803,2.499,2.51656
0.140034,-0.265803,2.499,2.51699
0.148145,-0.265803,2.499,2.51746
0.156256,-0.265803,2.499,2.51795
0.164367,-0.265803,2.499,2.51847
0.173721,-0.267718,2.517,2.53715
0.18189,-0.267718,2.517,2.53772
0.19006,-0.267718,2.517,2.53832
0.199726,-0.269738,2.536,2.55811
0.206399,-0.267718,2.517,2.5396
0.214568,-0.267718,2.517,2.54028
0.222738,-0.267718,2.517,2.54098
0.230908,-0.267718,2.517,2.54171
0.239077,-0.267718,2.517,2.54246
0.247247,-0.267718,2.517,2.54324
0.255416,-0.267718,2.517,2.54405
0.263586,-0.267718,2.517,2.54489
0.271755,-0.267718,2.517,2.54574
0.279925,-0.267718,2.517,2.54663
0.288094,-0.267718,2.517,2.54754
0.296264,-0.267718,2.517,2.54848
0.304434,-0.267718,2.517,2.54944
0.312603,-0.267718,2.517,2.55043
0.320773,-0.267718,2.517,2.55144
0.328942,-0.267718,2.517,2.55248
0.337112,-0.267718,2.517,2.55355
0.345281,-0.267718,2.517,2.55464
0.350923,-0.265803,2.499,2.53748
0.359034,-0.265803,2.499,2.53861
0.367146,-0.265803,2.499,2.53977
0.375257,-0.265803,2.499,2.54096
0.383368,-0.265803,2.499,2.54217
0.388659,-0.263888,2.481,2.52509
0.393834,-0.261974,2.463,2.50801
0.401828,-0.261974,2.463,2.50928
0.409822,-0.261974,2.463,2.51057
0.417816,-0.261974,2.463,2.51189
0.425811,-0.261974,2.463,2.51323
0.430635,-0.260059,2.445,2.49622
0.438571,-0.260059,2.445,2.4976
0.446507,-0.260059,2.445,2.499
0.454442,-0.260059,2.445,2.50043
0.459163,-0.258251,2.428,2.48449
0.467044,-0.258251,2.428,2.48596
0.474925,-0.258251,2.428,2.48745
0.482805,-0.258251,2.428,2.48897
0.490686,-0.258251,2.428,2.49051
0.498567,-0.258251,2.428,2.49208
0.506447,-0.258251,2.428,2.49367
0.514328,-0.258251,2.428,2.49528
0.522209,-0.258251,2.428,2.49691
0.530089,-0.258251,2.428,2.49857
0.53797,-0.258251,2.428,2.50026
0.545851,-0.258251,2.428,2.50197
0.553732,-0.258251,2.428,2.5037
0.561612,-0.258251,2.428,2.50545
0.569493,-0.258251,2.428,2.50723
0.581416,-0.260059,2.445,2.5266
0.589352,-0.260059,2.445,2.52844
0.597288,-0.260059,2.445,2.5303
0.605224,-0.260059,2.445,2.53218
0.61316,-0.260059,2.445,2.53409
0.625668,-0.261974,2.463,2.55469
0.633662,-0.261974,2.463,2.55666
0.641657,-0.261974,2.463,2.55866
0.649651,-0.261974,2.463,2.56067
0.657645,-0.261974,2.463,2.56271
0.665639,-0.261974,2.463,2.56478
0.673634,-0.261974,2.463,2.56686
0.686609,-0.263888,2.481,2.58775
0.694662,-0.263888,2.481,2.58989
0.702715,-0.263888,2.481,2.59207
0.710768,-0.263888,2.481,2.59426
0.71882,-0.263888,2.481,2.59648
0.726873,-0.263888,2.481,2.59872
0.740258,-0.265803,2.499,2.61985
0.748369,-0.265803,2.499,2.62216
0.75648,-0.265803,2.499,2.62448
0.764591,-0.265803,2.499,2.62683
0.772702,-0.265803,2.499,2.62921
0.780813,-0.265803,2.499,2.6316
0.783242,-0.263888,2.481,2.61505
0.791295,-0.263888,2.481,2.61747
0.799347,-0.263888,2.481,2.61992
0.8074,-0.263888,2.481,2.62238
0.815453,-0.263888,2.481,2.62487
0.823505,-0.263888,2.481,2.62739
0.825525,-0.261974,2.463,2.61084
0.833519,-0.261974,2.463,2.61338
0.841514,-0.261974,2.463,2.61594
0.849508,-0.261974,2.463,2.61852
0.851236,-0.260059,2.445,2.60197
0.859171,-0.260059,2.445,2.60458
0.867107,-0.260059,2.445,2.60721
0.875043,-0.260059,2.445,2.60986
0.87684,-0.258251,2.428,2.59436
0.88472,-0.258251,2.428,2.59704
0.892601,-0.258251,2.428,2.59973
0.894177,-0.256443,2.411,2.58423
0.902002,-0.256443,2.411,2.58695
0.909828,-0.256443,2.411,2.58969
0.911183,-0.254635,2.394,2.57417
0.918953,-0.254635,2.394,2.57693
0.926724,-0.254635,2.394,2.57971
0.927858,-0.252827,2.377,2.56417
0.935573,-0.252827,2.377,2.56697
0.943288,-0.252827,2.377,2.56979
0.951003,-0.252827,2.377,2.57264
nan,nan,nan,NaN
nan,nan,nan,NaN
nan,nan,nan,NaN
nan,nan,nan,NaN
nan,nan,nan,NaN
nan,nan,nan,NaN
nan,nan,nan,NaN
nan,nan,nan,NaN
nan,nan,nan,NaN
nan,nan,nan,NaN
nan,nan,nan,NaN
nan,nan,nan,NaN
nan,nan,nan,NaN
nan,nan,nan,NaN
nan,nan,nan,NaN
nan,nan,nan,NaN
nan,nan,nan,NaN
1.72491,-0.40014,3.762,4.15789
1.73712,-0.40014,3.762,4.16297
1.76886,-0.404608,3.804,4.21462
1.78121,-0.404608,3.804,4.21981
1.79356,-0.404608,3.804,4.22504
1.8059,-0.404608,3.804,4.2303
1.81825,-0.404608,3.804,4.23558
1.85081,-0.409075,3.846,4.28772
1.86329,-0.409075,3.846,4.29312
1.87577,-0.409075,3.846,4.29856
1.88826,-0.409075,3.846,4.30402
1.90074,-0.409075,3.846,4.30951
1.91322,-0.409075,3.846,4.31503
1.92571,-0.409075,3.846,4.32058
1.91702,-0.404608,3.804,4.27891
1.92937,-0.404608,3.804,4.28446
1.94172,-0.404608,3.804,4.29003
1.91143,-0.39578,3.721,4.20191
1.92351,-0.39578,3.721,4.20742
1.93558,-0.39578,3.721,4.21295
1.90631,-0.387377,3.642,4.12895
1.91813,-0.387377,3.642,4.13442
1.92995,-0.387377,3.642,4.13992
1.94177,-0.387377,3.642,4.14544
1.95359,-0.387377,3.642,4.15099
1.96542,-0.387377,3.642,4.15657
1.97724,-0.387377,3.642,4.16217
1.98906,-0.387377,3.642,4.1678
2.00088,-0.387377,3.642,4.17346
1.9917,-0.383335,3.604,4.13553
2.0034,-0.383335,3.604,4.14118
2.0151,-0.383335,3.604,4.14685
2.00542,-0.379293,3.566,4.10876
1.99607,-0.375358,3.529,4.07174
2.00752,-0.375358,3.529,4.07736
2.01898,-0.375358,3.529,4.08301
2.00972,-0.371529,3.493,4.04698
2.02106,-0.371529,3.493,4.05262
2.01203,-0.367806,3.458,4.01762
2.02325,-0.367806,3.458,4.02326
2.01389,-0.364083,3.423,3.98813
2.025,-0.364083,3.423,3.99376
2.01588,-0.360467,3.389,3.95968
2.00714,-0.356957,3.356,3.92668
2.01804,-0.356957,3.356,3.93226
1.99024,-0.35015,3.292,3.86276
1.98147,-0.346746,3.26,3.83067
1.99205,-0.346746,3.26,3.83616
1.98421,-0.343555,3.23,3.80631
1.97555,-0.340258,3.199,3.7752
1.98593,-0.340258,3.199,3.78065
1.96012,-0.334089,3.141,3.71747
1.93456,-0.328026,3.084,3.65529
1.94457,-0.328026,3.084,3.6606
1.93746,-0.325154,3.057,3.63383
1.91299,-0.31941,3.003,3.57485
1.92273,-0.31941,3.003,3.58008
1.91575,-0.316645,2.977,3.55428
1.9086,-0.313879,2.951,3.52841
1.88567,-0.308561,2.901,3.47373
1.89509,-0.308561,2.901,3.47885
1.88875,-0.306009,2.877,3.45516
1.86642,-0.300903,2.829,3.40254
1.8756,-0.300903,2.829,3.40759
1.85414,-0.29601,2.783,3.35716
1.84844,-0.29367,2.761,3.33558
1.8574,-0.29367,2.761,3.34056
1.85149,-0.29133,2.739,3.31889
1.84544,-0.28899,2.717,3.29716
-2.26157,-0.336168,3.26,3.98187
-2.25099,-0.336168,3.26,3.97587
-2.24041,-0.336168,3.26,3.96989
-2.22983,-0.336168,3.26,3.96393
-2.21924,-0.336168,3.26,3.95799
-2.20866,-0.336168,3.26,3.95206
-2.19808,-0.336168,3.26,3.94616
-2.1875,-0.336168,3.26,3.94028
-2.19829,-0.339467,3.292,3.97303
-2.1876,-0.339467,3.292,3.96713
-2.19808,-0.342767,3.324,3.99975
-2.18729,-0.342767,3.324,3.99383
-2.19745,-0.346067,3.356,4.02633
-2.18656,-0.346067,3.356,4.02039
-2.17567,-0.346067,3.356,4.01448
-2.16478,-0.346067,3.356,4.00858
-2.15388,-0.346067,3.356,4.00271
-2.14299,-0.346067,3.356,3.99686
-2.1321,-0.346067,3.356,3.99103
-2.10098,-0.342767,3.324,3.94722
-2.09019,-0.342767,3.324,3.94149
-2.0794,-0.342767,3.324,3.93578
-2.06861,-0.342767,3.324,3.93009
-2.03801,-0.339467,3.292,3.88664
-2.02733,-0.339467,3.292,3.88105
-2.01664,-0.339467,3.292,3.87548
-2.00596,-0.339467,3.292,3.86993
-1.97588,-0.336168,3.26,3.82684
-1.9653,-0.336168,3.26,3.82139
-1.95472,-0.336168,3.26,3.81596
-1.94413,-0.336168,3.26,3.81055
nan,nan,nan,NaN
nan,nan,nan,NaN
nan,nan,nan,NaN
nan,nan,nan,NaN
nan,nan,nan,NaN
nan,nan,nan,NaN
nan,nan,nan,NaN
nan,nan,nan,NaN
nan,nan,nan,NaN
nan,nan,nan,NaN
nan,nan,nan,NaN
nan,nan,nan,NaN
nan,nan,nan,NaN
nan,nan,nan,NaN
nan,nan,nan,NaN
nan,nan,nan,NaN
nan,nan,nan,NaN
nan,nan,nan,NaN
nan,nan,nan,NaN
nan,nan,nan,NaN
nan,nan,nan,NaN
nan,nan,nan,NaN
nan,nan,nan,NaN
nan,nan,nan,NaN
nan,nan,nan,NaN
nan,nan,nan,NaN
nan,nan,nan,NaN
nan,nan,nan,NaN
nan,nan,nan,NaN
nan,nan,nan,NaN
nan,nan,nan,NaN
-1.18741,-0.24862,2.411,2.69901
-1.17958,-0.24862,2.411,2.69558
-1.1635,-0.246867,2.394,2.67318
-1.15572,-0.246867,2.394,2.66981
-1.14795,-0.246867,2.394,2.66645
-1.14018,-0.246867,2.394,2.66312
-1.13241,-0.246867,2.394,2.6598
-1.11666,-0.245114,2.377,2.63764
-1.10894,-0.245114,2.377,2.63438
-1.10123,-0.245114,2.377,2.63114
-1.08615,-0.243464,2.361,2.61023
-1.07849,-0.243464,2.361,2.60705
-1.07082,-0.243464,2.361,2.60389
-1.07037,-0.245114,2.377,2.61838
-1.0555,-0.243464,2.361,2.59763
-1.04784,-0.243464,2.361,2.59452
-1.04017,-0.243464,2.361,2.59144
-1.03251,-0.243464,2.361,2.58837
-1.02485,-0.243464,2.361,2.58532
-1.01029,-0.241814,2.345,2.5648
-1.00268,-0.241814,2.345,2.56181
-0.995066,-0.241814,2.345,2.55884
-0.987455,-0.241814,2.345,2.55589
-0.979844,-0.241814,2.345,2.55296
-0.972232,-0.241814,2.345,2.55005
-0.964621,-0.241814,2.345,2.54715
-0.95701,-0.241814,2.345,2.54428
-0.949399,-0.241814,2.345,2.54143
-0.941787,-0.241814,2.345,2.53859
-0.934176,-0.241814,2.345,2.53578
-0.926565,-0.241814,2.345,2.53299
-0.918953,-0.241814,2.345,2.53021
-0.905124,-0.240164,2.329,2.51021
-0.897565,-0.240164,2.329,2.5075
-0.890005,-0.240164,2.329,2.5048
-0.882446,-0.240164,2.329,2.50213
-0.874887,-0.240164,2.329,2.49947
-0.867327,-0.240164,2.329,2.49683
-0.859768,-0.240164,2.329,2.49422
-0.852209,-0.240164,2.329,2.49162
-0.850452,-0.241814,2.345,2.50615
-0.842841,-0.241814,2.345,2.50357
-0.835229,-0.241814,2.345,2.50102
-0.827618,-0.241814,2.345,2.49849
-0.820007,-0.241814,2.345,2.49598
-0.812395,-0.241814,2.345,2.49349
-0.804784,-0.241814,2.345,2.49102
-0.802612,-0.243464,2.361,2.50555
-0.794949,-0.243464,2.361,2.50311
-0.787286,-0.243464,2.361,2.50068
-0.779622,-0.243464,2.361,2.49828
-0.777191,-0.245114,2.377,2.51281
-0.769475,-0.245114,2.377,2.51044
-0.76176,-0.245114,2.377,2.50808
-0.754045,-0.245114,2.377,2.50575
-0.74633,-0.245114,2.377,2.50344
-0.743897,-0.246867,2.394,2.51904
-0.736127,-0.246867,2.394,2.51676
-0.728357,-0.246867,2.394,2.51449
-0.720586,-0.246867,2.394,2.51225
-0.717878,-0.24862,2.411,2.52786
-0.710052,-0.24862,2.411,2.52565
-0.702227,-0.24862,2.411,2.52346
-0.694401,-0.24862,2.411,2.52129
-0.686576,-0.24862,2.411,2.51915
-0.67875,-0.24862,2.411,2.51703
-0.670925,-0.24862,2.411,2.51493
-0.663099,-0.24862,2.411,2.51285
-0.655274,-0.24862,2.411,2.5108
-0.652013,-0.250373,2.428,2.52646
-0.644133,-0.250373,2.428,2.52444
-0.636252,-0.250373,2.428,2.52244
-0.628371,-0.250373,2.428,2.52046
-0.620491,-0.250373,2.428,2.51851
-0.61261,-0.250373,2.428,2.51658
-0.604729,-0.250373,2.428,2.51467
-0.596848,-0.250373,2.428,2.51279
-0.588968,-0.250373,2.428,2.51093
-0.581087,-0.250373,2.428,2.50909
-0.573206,-0.250373,2.428,2.50728
-0.565326,-0.250373,2.428,2.50549
-0.561348,-0.252126,2.445,2.52125
-0.549564,-0.250373,2.428,2.50198
-0.541684,-0.250373,2.428,2.50026
-0.53754,-0.252126,2.445,2.51606
-0.529605,-0.252126,2.445,2.51437
-0.521669,-0.252126,2.445,2.51271
-0.517515,-0.253982,2.463,2.52956
-0.509521,-0.253982,2.463,2.52794
-0.501526,-0.253982,2.463,2.52634
-0.493532,-0.253982,2.463,2.52477
-0.485538,-0.253982,2.463,2.52322
-0.477544,-0.253982,2.463,2.52169
-0.472981,-0.255838,2.481,2.53861
-0.464928,-0.255838,2.481,2.53712
-0.456875,-0.255838,2.481,2.53566
-0.452079,-0.257694,2.499,2.5526
-0.443968,-0.257694,2.499,2.55118
-0.435857,-0.257694,2.499,2.54978
-0.427746,-0.257694,2.499,2.54841
-0.419634,-0.257694,2.499,2.54706
-0.411523,-0.257694,2.499,2.54573
-0.403412,-0.257694,2.499,2.54443
-0.395301,-0.257694,2.499,2.54316
-0.38719,-0.257694,2.499,2.54191
-0.379079,-0.257694,2.499,2.54069
-0.368296,-0.255838,2.481,2.5212
-0.360243,-0.255838,2.481,2.52004
-0.35219,-0.255838,2.481,2.5189
-0.341641,-0.253982,2.463,2.49952
-0.333646,-0.253982,2.463,2.49844
-0.325652,-0.253982,2.463,2.49738
-0.317658,-0.253982,2.463,2.49635
-0.309664,-0.253982,2.463,2.49535
-0.301669,-0.253982,2.463,2.49437
-0.293675,-0.253982,2.463,2.49342
-0.285681,-0.253982,2.463,2.49249
-0.277686,-0.253982,2.463,2.49158
-0.269692,-0.253982,2.463,2.4907
-0.261698,-0.253982,2.463,2.48985
-0.253704,-0.253982,2.463,2.48902
-0.245709,-0.253982,2.463,2.48822
-0.237715,-0.253982,2.463,2.48745
-0.229721,-0.253982,2.463,2.48669
-0.221726,-0.253982,2.463,2.48597
-0.213732,-0.253982,2.463,2.48527
-0.207241,-0.255838,2.481,2.50275
-0.199189,-0.255838,2.481,2.5021
-0.191136,-0.255838,2.481,2.50147
-0.183083,-0.255838,2.481,2.50087
-0.1763,-0.257694,2.499,2.51843
-0.168189,-0.257694,2.499,2.51788
-0.160078,-0.257694,2.499,2.51735
-0.153062,-0.25955,2.517,2.53497
-0.144892,-0.25955,2.517,2.53449
-0.136723,-0.25955,2.517,2.53404
-0.128553,-0.25955,2.517,2.53361
-0.120383,-0.25955,2.517,2.53321
-0.112214,-0.25955,2.517,2.53283
-0.104044,-0.25955,2.517,2.53249
-0.0958747,-0.25955,2.517,2.53216
-0.0877052,-0.25955,2.517,2.53187
-0.0795356,-0.25955,2.517,2.5316
-0.0713661,-0.25955,2.517,2.53135
-0.0631965,-0.25955,2.517,2.53114
-0.055027,-0.25955,2.517,2.53095
-0.0468574,-0.25955,2.517,2.53078
-0.0386878,-0.25955,2.517,2.53064
-0.0303,-0.257694,2.499,2.51243
-0.0221889,-0.257694,2.499,2.51235
-0.0141792,-0.25955,2.517,2.53039
-0.00600962,-0.25955,2.517,2.53035
0.00215994,-0.25955,2.517,2.53035
0.0103295,-0.25955,2.517,2.53037
0.0184991,-0.25955,2.517,2.53041
0.0266686,-0.25955,2.517,2.53049
0.0348382,-0.25955,2.517,2.53059
0.0430077,-0.25955,2.517,2.53071
0.0508113,-0.257694,2.499,2.51277
0.0589224,-0.257694,2.499,2.51294
0.0670336,-0.257694,2.499,2.51315
0.0751447,-0.257694,2.499,2.51338
0.0832558,-0.257694,2.499,2.51363
0.091367,-0.257694,2.499,2.51391
0.0994781,-0.257694,2.499,2.51422
0.107589,-0.257694,2.499,2.51455
0.1157,-0.257694,2.499,2.51491
0.123811,-0.257694,2.499,2.5153
0.131923,-0.257694,2.499,2.51571
0.140034,-0.257694,2.499,2.51615
0.148145,-0.257694,2.499,2.51662
0.156256,-0.257694,2.499,2.51711
0.164367,-0.257694,2.499,2.51762
0.173721,-0.25955,2.517,2.5363
0.18189,-0.25955,2.517,2.53688
0.19006,-0.25955,2.517,2.53747
0.199726,-0.26151,2.536,2.55726
0.206399,-0.25955,2.517,2.53875
0.214568,-0.25955,2.517,2.53943
0.222738,-0.25955,2.517,2.54013
0.230908,-0.25955,2.517,2.54086
0.239077,-0.25955,2.517,2.54162
0.247247,-0.25955,2.517,2.5424
0.255416,-0.25955,2.517,2.54321
0.263586,-0.25955,2.517,2.54404
0.271755,-0.25955,2.517,2.5449
0.279925,-0.25955,2.517,2.54578
0.288094,-0.25955,2.517,2.54669
0.296264,-0.25955,2.517,2.54763
0.304434,-0.25955,2.517,2.54859
0.312603,-0.25955,2.517,2.54958
0.320773,-0.25955,2.517,2.5506
0.328942,-0.25955,2.517,2.55164
0.337112,-0.25955,2.517,2.5527
0.345281,-0.25955,2.517,2.5538
0.350923,-0.257694,2.499,2.53664
0.359034,-0.257694,2.499,2.53778
0.367146,-0.257694,2.499,2.53894
0.375257,-0.257694,2.499,2.54012
0.383368,-0.257694,2.499,2.54133
0.388659,-0.255838,2.481,2.52426
0.393834,-0.253982,2.463,2.50719
0.401828,-0.253982,2.463,2.50845
0.409822,-0.253982,2.463,2.50975
0.417816,-0.253982,2.463,2.51106
0.425811,-0.253982,2.463,2.51241
0.430635,-0.252126,2.445,2.4954
0.438571,-0.252126,2.445,2.49679
0.443402,-0.250373,2.428,2.48082
0.451283,-0.250373,2.428,2.48224
0.459163,-0.250373,2.428,2.48369
0.467044,-0.250373,2.428,2.48516
0.474925,-0.250373,2.428,2.48665
0.482805,-0.250373,2.428,2.48817
0.490686,-0.250373,2.428,2.48971
0.498567,-0.250373,2.428,2.49127
0.506447,-0.250373,2.428,2.49286
0.514328,-0.250373,2.428,2.49447
0.522209,-0.250373,2.428,2.49611
0.530089,-0.250373,2.428,2.49777
0.53797,-0.250373,2.428,2.49946
0.545851,-0.250373,2.428,2.50116
0.553732,-0.250373,2.428,2.5029
0.561612,-0.250373,2.428,2.50465
0.569493,-0.250373,2.428,2.50643
0.581416,-0.252126,2.445,2.52579
0.589352,-0.252126,2.445,2.52763
0.597288,-0.252126,2.445,2.5295
0.605224,-0.252126,2.445,2.53138
0.61316,-0.252126,2.445,2.53329
0.625668,-0.253982,2.463,2.55389
0.633662,-0.253982,2.463,2.55586
0.641657,-0.253982,2.463,2.55785
0.649651,-0.253982,2.463,2.55987
0.657645,-0.253982,2.463,2.56191
0.665639,-0.253982,2.463,2.56397
0.673634,-0.253982,2.463,2.56606
0.686609,-0.255838,2.481,2.58694
0.694662,-0.255838,2.481,2.58909
0.702715,-0.255838,2.481,2.59126
0.710768,-0.255838,2.481,2.59345
0.71882,-0.255838,2.481,2.59567
0.726873,-0.255838,2.481,2.59791
0.740258,-0.257694,2.499,2.61904
0.748369,-0.257694,2.499,2.62135
0.75648,-0.257694,2.499,2.62367
0.764591,-0.257694,2.499,2.62602
0.772702,-0.257694,2.499,2.6284
0.780813,-0.257694,2.499,2.63079
0.783242,-0.255838,2.481,2.61425
0.791295,-0.255838,2.481,2.61667
0.799347,-0.255838,2.481,2.61912
0.8074,-0.255838,2.481,2.62159
0.815453,-0.255838,2.481,2.62408
0.823505,-0.255838,2.481,2.62659
0.825525,-0.253982,2.463,2.61005
0.833519,-0.253982,2.463,2.61259
0.841514,-0.253982,2.463,2.61515
0.849508,-0.253982,2.463,2.61774
0.857502,-0.253982,2.463,2.62034
0.859171,-0.252126,2.445,2.6038
0.867107,-0.252126,2.445,2.60643
0.875043,-0.252126,2.445,2.60908
0.87684,-0.250373,2.428,2.59359
0.88472,-0.250373,2.428,2.59627
0.892601,-0.250373,2.428,2.59896
0.894177,-0.24862,2.411,2.58346
0.902002,-0.24862,2.411,2.58618
0.909828,-0.24862,2.411,2.58892
0.917653,-0.24862,2.411,2.59168
0.918953,-0.246867,2.394,2.57617
0.926724,-0.246867,2.394,2.57895
0.934494,-0.246867,2.394,2.58175
0.935573,-0.245114,2.377,2.56622
0.943288,-0.245114,2.377,2.56905
0.951003,-0.245114,2.377,2.57189
nan,nan,nan,NaN
nan,nan,nan,NaN
nan,nan,nan,NaN
nan,nan,nan,NaN
nan,nan,nan,NaN
nan,nan,nan,NaN
nan,nan,nan,NaN
nan,nan,nan,NaN
nan,nan,nan,NaN
nan,nan,nan,NaN
nan,nan,nan,NaN
nan,nan,nan,NaN
nan,nan,nan,NaN
nan,nan,nan,NaN
nan,nan,nan,NaN
nan,nan,nan,NaN
nan,nan,nan,NaN
1.74417,-0.392264,3.804,4.20314
1.75652,-0.392264,3.804,4.20828
1.76886,-0.392264,3.804,4.21345
1.78121,-0.392264,3.804,4.21865
1.79356,-0.392264,3.804,4.22388
1.8059,-0.392264,3.804,4.22913
1.81825,-0.392264,3.804,4.23442
1.85081,-0.396595,3.846,4.28655
1.86329,-0.396595,3.846,4.29195
1.89723,-0.401133,3.89,4.34655
1.90986,-0.401133,3.89,4.35208
1.90074,-0.396595,3.846,4.30834
1.91322,-0.396595,3.846,4.31387
1.92571,-0.396595,3.846,4.31942
1.93819,-0.396595,3.846,4.325
nan,nan,nan,NaN
nan,nan,nan,NaN
nan,nan,nan,NaN
nan,nan,nan,NaN
nan,nan,nan,NaN
nan,nan,nan,NaN
nan,nan,nan,NaN
nan,nan,nan,NaN
1.96257,-0.379581,3.681,4.18874
1.97451,-0.379581,3.681,4.19435
1.98646,-0.379581,3.681,4.19999
1.97724,-0.375559,3.642,4.16109
1.98906,-0.375559,3.642,4.16672
2.00088,-0.375559,3.642,4.17238
2.0127,-0.375559,3.642,4.17806
2.0034,-0.371641,3.604,4.14011
2.0151,-0.371641,3.604,4.14579
2.00542,-0.367722,3.566,4.10771
1.99607,-0.363907,3.529,4.0707
2.00752,-0.363907,3.529,4.07632
2.01898,-0.363907,3.529,4.08198
2.00972,-0.360194,3.493,4.04596
2.02106,-0.360194,3.493,4.0516
2.01203,-0.356585,3.458,4.01661
2.02325,-0.356585,3.458,4.02225
2.01389,-0.352976,3.423,3.98714
2.025,-0.352976,3.423,3.99276
2.01588,-0.34947,3.389,3.95869
2.00714,-0.346067,3.356,3.9257
2.01804,-0.346067,3.356,3.93128
1.99024,-0.339467,3.292,3.86181
1.98147,-0.336168,3.26,3.82973
1.99205,-0.336168,3.26,3.83522
2.00264,-0.336168,3.26,3.84072
nan,nan,nan,NaN
nan,nan,nan,NaN
nan,nan,nan,NaN
nan,nan,nan,NaN
nan,nan,nan,NaN
1.93746,-0.315235,3.057,3.63296
1.91299,-0.309666,3.003,3.57399
1.92273,-0.309666,3.003,3.57922
1.91575,-0.306985,2.977,3.55343
1.9086,-0.304304,2.951,3.52757
1.88567,-0.299148,2.901,3.4729
1.89509,-0.299148,2.901,3.47803
1.88875,-0.296673,2.877,3.45435
1.86642,-0.291723,2.829,3.40175
1.8756,-0.291723,2.829,3.40679
1.85414,-0.28698,2.783,3.35638
1.84844,-0.284711,2.761,3.3348
1.8574,-0.284711,2.761,3.33978
1.85149,-0.282443,2.739,3.31812
1.83118,-0.278009,2.696,3.27092
-2.19913,-0.316601,3.17,3.87109
-2.16882,-0.313705,3.141,3.82989
-2.15862,-0.313705,3.141,3.82413
-2.14843,-0.313705,3.141,3.81838
-2.13823,-0.313705,3.141,3.81266
-2.14769,-0.316601,3.17,3.8421
-2.1374,-0.316601,3.17,3.83635
-2.12711,-0.316601,3.17,3.83063
-2.11682,-0.316601,3.17,3.82493
-2.10653,-0.316601,3.17,3.81924
-2.13592,-0.322593,3.23,3.88576
-2.12544,-0.322593,3.23,3.88001
-2.13459,-0.32559,3.26,3.91026
-2.12401,-0.32559,3.26,3.90449
-2.11343,-0.32559,3.26,3.89874
-2.10285,-0.32559,3.26,3.89302
-2.09227,-0.32559,3.26,3.88731
-2.10212,-0.328786,3.292,3.91973
-2.09144,-0.328786,3.292,3.91401
-2.08075,-0.328786,3.292,3.90831
-2.07007,-0.328786,3.292,3.90263
-2.03936,-0.32559,3.26,3.8591
-2.02878,-0.32559,3.26,3.85351
-2.0182,-0.32559,3.26,3.84795
-2.00762,-0.32559,3.26,3.84241
-1.99704,-0.32559,3.26,3.8369
-1.98646,-0.32559,3.26,3.8314
-1.97588,-0.32559,3.26,3.82592
-1.9653,-0.32559,3.26,3.82047
-1.93673,-0.322593,3.23,3.77993
-1.92624,-0.322593,3.23,3.77457
nan,nan,nan,NaN
nan,nan,nan,NaN
nan,nan,nan,NaN
nan,nan,nan,NaN
nan,nan,nan,NaN
nan,nan,nan,NaN
nan,nan,nan,NaN
nan,nan,nan,NaN
nan,nan,nan,NaN
nan,nan,nan,NaN
nan,nan,nan,NaN
nan,nan,nan,NaN
nan,nan,nan,NaN
nan,nan,nan,NaN
nan,nan,nan,NaN
nan,nan,nan,NaN
nan,nan,nan,NaN
nan,nan,nan,NaN
nan,nan,nan,NaN
nan,nan,nan,NaN
nan,nan,nan,NaN
nan,nan,nan,NaN
nan,nan,nan,NaN
nan,nan,nan,NaN
nan,nan,nan,NaN
nan,nan,nan,NaN
nan,nan,nan,NaN
nan,nan,nan,NaN
nan,nan,nan,NaN
nan,nan,nan,NaN
nan,nan,nan,NaN
nan,nan,nan,NaN
nan,nan,nan,NaN
-1.1635,-0.239099,2.394,2.67248
-1.14752,-0.237401,2.377,2.65015
-1.1398,-0.237401,2.377,2.64682
-1.13209,-0.237401,2.377,2.6435
-1.12437,-0.237401,2.377,2.64021
-1.10914,-0.235803,2.361,2.61918
-1.10148,-0.235803,2.361,2.61595
-1.09381,-0.235803,2.361,2.61273
-1.08615,-0.235803,2.361,2.60953
-1.07849,-0.235803,2.361,2.60635
-1.07082,-0.235803,2.361,2.60319
-1.06316,-0.235803,2.361,2.60005
-1.0555,-0.235803,2.361,2.59692
-1.04784,-0.235803,2.361,2.59382
-1.03312,-0.234205,2.345,2.57317
-1.02551,-0.234205,2.345,2.57013
-1.0179,-0.234205,2.345,2.5671
-1.01029,-0.234205,2.345,2.56409
-1.00268,-0.234205,2.345,2.5611
-0.995066,-0.234205,2.345,2.55813
-0.987455,-0.234205,2.345,2.55518
-0.979844,-0.234205,2.345,2.55225
-0.972232,-0.234205,2.345,2.54934
-0.964621,-0.234205,2.345,2.54644
-0.95701,-0.234205,2.345,2.54357
-0.949399,-0.234205,2.345,2.54072
-0.941787,-0.234205,2.345,2.53788
-0.934176,-0.234205,2.345,2.53507
-0.926565,-0.234205,2.345,2.53227
-0.918953,-0.234205,2.345,2.5295
-0.905124,-0.232607,2.329,2.5095
-0.897565,-0.232607,2.329,2.50678
-0.890005,-0.232607,2.329,2.50409
-0.882446,-0.232607,2.329,2.50141
-0.874887,-0.232607,2.329,2.49875
-0.867327,-0.232607,2.329,2.49612
-0.859768,-0.232607,2.329,2.4935
-0.852209,-0.232607,2.329,2.4909
-0.850452,-0.234205,2.345,2.50542
-0.842841,-0.234205,2.345,2.50285
-0.835229,-0.234205,2.345,2.5003
-0.827618,-0.234205,2.345,2.49776
-0.820007,-0.234205,2.345,2.49525
-0.812395,-0.234205,2.345,2.49276
-0.804784,-0.234205,2.345,2.49029
-0.802612,-0.235803,2.361,2.50482
-0.794949,-0.235803,2.361,2.50237
-0.787286,-0.235803,2.361,2.49995
-0.779622,-0.235803,2.361,2.49755
-0.777191,-0.237401,2.377,2.51207
-0.769475,-0.237401,2.377,2.5097
-0.76176,-0.237401,2.377,2.50734
-0.754045,-0.237401,2.377,2.50501
-0.74633,-0.237401,2.377,2.5027
-0.743897,-0.239099,2.394,2.51829
-0.736127,-0.239099,2.394,2.51601
-0.728357,-0.239099,2.394,2.51374
-0.720586,-0.239099,2.394,2.5115
-0.717878,-0.240796,2.411,2.5271
-0.710052,-0.240796,2.411,2.52489
-0.702227,-0.240796,2.411,2.5227
-0.694401,-0.240796,2.411,2.52053
-0.686576,-0.240796,2.411,2.51839
-0.67875,-0.240796,2.411,2.51627
-0.670925,-0.240796,2.411,2.51417
-0.663099,-0.240796,2.411,2.51209
-0.655274,-0.240796,2.411,2.51004
-0.652013,-0.242494,2.428,2.52569
-0.644133,-0.242494,2.428,2.52367
-0.636252,-0.242494,2.428,2.52167
-0.628371,-0.242494,2.428,2.51969
-0.620491,-0.242494,2.428,2.51774
-0.61261,-0.242494,2.428,2.51581
-0.604729,-0.242494,2.428,2.5139
-0.596848,-0.242494,2.428,2.51201
-0.588968,-0.242494,2.428,2.51015
-0.581087,-0.242494,2.428,2.50832
-0.573206,-0.242494,2.428,2.5065
-0.565326,-0.242494,2.428,2.50471
-0.561348,-0.244192,2.445,2.52047
-0.549564,-0.242494,2.428,2.5012
-0.541684,-0.242494,2.428,2.49948
-0.53754,-0.244192,2.445,2.51527
-0.529605,-0.244192,2.445,2.51359
-0.521669,-0.244192,2.445,2.51193
-0.517515,-0.24599,2.463,2.52877
-0.509521,-0.24599,2.463,2.52715
-0.501526,-0.24599,2.463,2.52555
-0.493532,-0.24599,2.463,2.52398
-0.485538,-0.24599,2.463,2.52242
-0.477544,-0.24599,2.463,2.5209
-0.472981,-0.247788,2.481,2.53781
-0.464928,-0.247788,2.481,2.53632
-0.456875,-0.247788,2.481,2.53486
-0.452079,-0.249585,2.499,2.5518
-0.443968,-0.249585,2.499,2.55037
-0.435857,-0.249585,2.499,2.54897
-0.427746,-0.249585,2.499,2.5476
-0.419634,-0.249585,2.499,2.54625
-0.411523,-0.249585,2.499,2.54493
-0.403412,-0.249585,2.499,2.54363
-0.392454,-0.247788,2.481,2.52404
-0.384401,-0.247788,2.481,2.5228
-0.376348,-0.247788,2.481,2.52159
-0.368296,-0.247788,2.481,2.5204
-0.360243,-0.247788,2.481,2.51923
-0.35219,-0.247788,2.481,2.51809
-0.341641,-0.24599,2.463,2.49872
-0.333646,-0.24599,2.463,2.49764
-0.325652,-0.24599,2.463,2.49658
-0.317658,-0.24599,2.463,2.49555
-0.309664,-0.24599,2.463,2.49455
-0.301669,-0.24599,2.463,2.49357
-0.293675,-0.24599,2.463,2.49261
-0.285681,-0.24599,2.463,2.49168
-0.277686,-0.24599,2.463,2.49078
-0.269692,-0.24599,2.463,2.4899
-0.261698,-0.24599,2.463,2.48905
-0.253704,-0.24599,2.463,2.48822
-0.245709,-0.24599,2.463,2.48742
-0.237715,-0.24599,2.463,2.48664
-0.229721,-0.24599,2.463,2.48589
-0.221726,-0.24599,2.463,2.48516
-0.213732,-0.24599,2.463,2.48446
-0.207241,-0.247788,2.481,2.50194
-0.199189,-0.247788,2.481,2.50129
-0.191136,-0.247788,2.481,2.50066
-0.183083,-0.247788,2.481,2.50006
-0.1763,-0.249585,2.499,2.51761
-0.168189,-0.249585,2.499,2.51706
-0.160078,-0.249585,2.499,2.51653
-0.153062,-0.251383,2.517,2.53415
-0.144892,-0.251383,2.517,2.53367
-0.136723,-0.251383,2.517,2.53321
-0.128553,-0.251383,2.517,2.53279
-0.120383,-0.251383,2.517,2.53239
-0.112214,-0.251383,2.517,2.53201
-0.104044,-0.251383,2.517,2.53166
-0.0958747,-0.251383,2.517,2.53134
-0.0877052,-0.251383,2.517,2.53104
-0.0795356,-0.251383,2.517,2.53077
-0.0713661,-0.251383,2.517,2.53053
-0.0631965,-0.251383,2.517,2.53031
-0.055027,-0.251383,2.517,2.53012
-0.0468574,-0.251383,2.517,2.52996
-0.0386878,-0.251383,2.517,2.52982
-0.0303,-0.249585,2.499,2.51162
-0.0221889,-0.249585,2.499,2.51153
-0.0141792,-0.251383,2.517,2.52956
-0.00600962,-0.251383,2.517,2.52953
0.00214449,-0.249585,2.499,2.51143
0.0102556,-0.249585,2.499,2.51145
0.0183668,-0.249585,2.499,2.5115
0.0264779,-0.249585,2.499,2.51157
0.034589,-0.249585,2.499,2.51167
0.0427002,-0.249585,2.499,2.5118
0.0508113,-0.249585,2.499,2.51195
0.0589224,-0.249585,2.499,2.51212
0.0670336,-0.249585,2.499,2.51233
0.0751447,-0.249585,2.499,2.51256
0.0838555,-0.251383,2.517,2.53091
0.0920251,-0.251383,2.517,2.5312
0.0994781,-0.249585,2.499,2.5134
0.107589,-0.249585,2.499,2.51374
0.1157,-0.249585,2.499,2.5141
0.123811,-0.249585,2.499,2.51448
0.132873,-0.251383,2.517,2.53301
0.141042,-0.251383,2.517,2.53345
0.149212,-0.251383,2.517,2.53392
0.157382,-0.251383,2.517,2.53441
0.165551,-0.251383,2.517,2.53493
0.173721,-0.251383,2.517,2.53548
0.18189,-0.251383,2.517,2.53605
0.19006,-0.251383,2.517,2.53665
0.199726,-0.253281,2.536,2.55643
0.206399,-0.251383,2.517,2.53793
0.214568,-0.251383,2.517,2.53861
0.222738,-0.251383,2.517,2.53931
0.230908,-0.251383,2.517,2.54004
0.239077,-0.251383,2.517,2.5408
0.247247,-0.251383,2.517,2.54158
0.255416,-0.251383,2.517,2.54238
0.263586,-0.251383,2.517,2.54322
0.271755,-0.251383,2.517,2.54408
0.279925,-0.251383,2.517,2.54496
0.288094,-0.251383,2.517,2.54588
0.2985,-0.253281,2.536,2.56604
0.306732,-0.253281,2.536,2.56701
0.312603,-0.251383,2.517,2.54877
0.320773,-0.251383,2.517,2.54978
0.328942,-0.251383,2.517,2.55082
0.337112,-0.251383,2.517,2.55189
0.345281,-0.251383,2.517,2.55298
0.353451,-0.251383,2.517,2.5541
0.36162,-0.251383,2.517,2.55524
0.367146,-0.249585,2.499,2.53813
0.375257,-0.249585,2.499,2.53931
0.383368,-0.249585,2.499,2.54052
0.391479,-0.249585,2.499,2.54176
0.39959,-0.249585,2.499,2.54302
0.407701,-0.249585,2.499,2.54431
0.409822,-0.24599,2.463,2.50895
0.417816,-0.24599,2.463,2.51027
0.425811,-0.24599,2.463,2.51161
0.433805,-0.24599,2.463,2.51298
0.438571,-0.244192,2.445,2.496
0.443402,-0.242494,2.428,2.48004
0.451283,-0.242494,2.428,2.48146
0.459163,-0.242494,2.428,2.48291
0.467044,-0.242494,2.428,2.48438
0.474925,-0.242494,2.428,2.48587
0.482805,-0.242494,2.428,2.48739
0.490686,-0.242494,2.428,2.48893
0.498567,-0.242494,2.428,2.49049
0.506447,-0.242494,2.428,2.49208
0.514328,-0.242494,2.428,2.4937
0.522209,-0.242494,2.428,2.49533
0.530089,-0.242494,2.428,2.49699
0.53797,-0.242494,2.428,2.49868
0.545851,-0.242494,2.428,2.50039
0.553732,-0.242494,2.428,2.50212
0.561612,-0.242494,2.428,2.50388
0.569493,-0.242494,2.428,2.50566
0.581416,-0.244192,2.445,2.52501
0.589352,-0.244192,2.445,2.52685
0.597288,-0.244192,2.445,2.52872
0.605224,-0.244192,2.445,2.5306
0.61316,-0.244192,2.445,2.53251
0.621095,-0.244192,2.445,2.53445
0.629031,-0.244192,2.445,2.5364
0.641657,-0.24599,2.463,2.55707
0.649651,-0.24599,2.463,2.55909
0.657645,-0.24599,2.463,2.56113
0.665639,-0.24599,2.463,2.56319
0.673634,-0.24599,2.463,2.56528
0.686609,-0.247788,2.481,2.58615
0.694662,-0.247788,2.481,2.5883
0.702715,-0.247788,2.481,2.59048
0.710768,-0.247788,2.481,2.59267
0.71882,-0.247788,2.481,2.59489
0.726873,-0.247788,2.481,2.59713
0.740258,-0.249585,2.499,2.61826
0.748369,-0.249585,2.499,2.62056
0.75648,-0.249585,2.499,2.62289
0.764591,-0.249585,2.499,2.62524
0.772702,-0.249585,2.499,2.62762
0.780813,-0.249585,2.499,2.63001
0.788924,-0.249585,2.499,2.63243
0.791295,-0.247788,2.481,2.6159
0.799347,-0.247788,2.481,2.61834
0.8074,-0.247788,2.481,2.62081
0.815453,-0.247788,2.481,2.6233
0.823505,-0.247788,2.481,2.62582
0.831558,-0.247788,2.481,2.62836
0.833519,-0.24599,2.463,2.61183
0.841514,-0.24599,2.463,2.61439
0.849508,-0.24599,2.463,2.61697
0.857502,-0.24599,2.463,2.61958
0.865497,-0.24599,2.463,2.62221
0.873491,-0.24599,2.463,2.62486
0.875043,-0.244192,2.445,2.60832
0.882979,-0.244192,2.445,2.611
0.890915,-0.244192,2.445,2.61369
0.892601,-0.242494,2.428,2.59822
0.900482,-0.242494,2.428,2.60093
0.908362,-0.242494,2.428,2.60367
0.909828,-0.240796,2.411,2.58818
0.917653,-0.240796,2.411,2.59094
0.925479,-0.240796,2.411,2.59373
0.933304,-0.240796,2.411,2.59653
0.934494,-0.239099,2.394,2.58102
0.942264,-0.239099,2.394,2.58385
0.950035,-0.239099,2.394,2.58669
0.957805,-0.239099,2.394,2.58956
nan,nan,nan,NaN
nan,nan,nan,NaN
nan,nan,nan,NaN
nan,nan,nan,NaN
nan,nan,nan,NaN
nan,nan,nan,NaN
nan,nan,nan,NaN
nan,nan,nan,NaN
nan,nan,nan,NaN
nan,nan,nan,NaN
nan,nan,nan,NaN
nan,nan,nan,NaN
nan,nan,nan,NaN
nan,nan,nan,NaN
nan,nan,nan,NaN
nan,nan,nan,NaN
nan,nan,nan,NaN
nan,nan,nan,NaN
1.75652,-0.379921,3.804,4.20715
1.76886,-0.379921,3.804,4.21232
1.78121,-0.379921,3.804,4.21752
1.79356,-0.379921,3.804,4.22275
1.8059,-0.379921,3.804,4.22801
1.81825,-0.379921,3.804,4.2333
1.85081,-0.384116,3.846,4.28541
1.86329,-0.384116,3.846,4.29082
1.89723,-0.38851,3.89,4.3454
1.90986,-0.38851,3.89,4.35093
1.90074,-0.384116,3.846,4.30721
1.91322,-0.384116,3.846,4.31274
1.92571,-0.384116,3.846,4.31829
1.93819,-0.384116,3.846,4.32387
nan,nan,nan,NaN
nan,nan,nan,NaN
nan,nan,nan,NaN
nan,nan,nan,NaN
nan,nan,nan,NaN
nan,nan,nan,NaN
nan,nan,nan,NaN
nan,nan,nan,NaN
1.96257,-0.367637,3.681,4.18767
1.97451,-0.367637,3.681,4.19328
1.98646,-0.367637,3.681,4.19892
1.97724,-0.363741,3.642,4.16004
1.98906,-0.363741,3.642,4.16567
2.00088,-0.363741,3.642,4.17133
2.0127,-0.363741,3.642,4.17701
2.0034,-0.359946,3.604,4.13908
2.0151,-0.359946,3.604,4.14475
2.00542,-0.356151,3.566,4.10669
1.99607,-0.352456,3.529,4.06969
2.00752,-0.352456,3.529,4.07532
1.99838,-0.34886,3.493,4.03934
1.98958,-0.345365,3.458,4.00443
2.00081,-0.345365,3.458,4.01002
2.01203,-0.345365,3.458,4.01563
2.02325,-0.345365,3.458,4.02127
1.99388,-0.338473,3.389,3.94657
2.00488,-0.338473,3.389,3.95214
2.01588,-0.338473,3.389,3.95773
1.98801,-0.331981,3.324,3.88733
1.99879,-0.331981,3.324,3.89286
1.99024,-0.328786,3.292,3.86088
1.96324,-0.322593,3.23,3.79358
1.97372,-0.322593,3.23,3.79902
1.98421,-0.322593,3.23,3.80448
nan,nan,nan,NaN
nan,nan,nan,NaN
nan,nan,nan,NaN
1.91762,-0.305315,3.057,3.62157
1.92754,-0.305315,3.057,3.62683
1.92035,-0.302618,3.03,3.60003
1.91299,-0.299922,3.003,3.57316
1.92273,-0.299922,3.003,3.57839
1.91575,-0.297325,2.977,3.55261
1.89243,-0.292232,2.926,3.49688
1.88567,-0.289735,2.901,3.47211
1.89509,-0.289735,2.901,3.47723
1.88875,-0.287338,2.877,3.45356
1.85125,-0.280247,2.806,3.37332
1.86035,-0.280247,2.806,3.37833
1.85414,-0.27795,2.783,3.35562
1.83371,-0.273555,2.739,3.30749
1.8426,-0.273555,2.739,3.31242
1.83662,-0.271358,2.717,3.29073
1.83118,-0.269261,2.696,3.27019
-2.1589,-0.30071,3.112,3.79945
-2.1488,-0.30071,3.112,3.79372
-2.13869,-0.30071,3.112,3.78801
-2.10944,-0.298005,3.084,3.74828
-2.09943,-0.298005,3.084,3.74266
-2.08942,-0.298005,3.084,3.73705
-2.07941,-0.298005,3.084,3.73146
-2.0694,-0.298005,3.084,3.72589
-2.07809,-0.30071,3.112,3.75412
-2.06799,-0.30071,3.112,3.74854
-2.09624,-0.306315,3.17,3.81274
-2.08595,-0.306315,3.17,3.80709
-2.09465,-0.309117,3.199,3.83624
-2.08427,-0.309117,3.199,3.83058
-2.07389,-0.309117,3.199,3.82494
-2.0835,-0.312112,3.23,3.85633
-2.07302,-0.312112,3.23,3.85068
-2.06253,-0.312112,3.23,3.84504
-2.05205,-0.312112,3.23,3.83943
-2.04156,-0.312112,3.23,3.83384
-2.03108,-0.312112,3.23,3.82826
-2.0206,-0.312112,3.23,3.82271
-2.01011,-0.312112,3.23,3.81718
-1.99963,-0.312112,3.23,3.81167
-1.98915,-0.312112,3.23,3.80618
-1.97866,-0.312112,3.23,3.80071
-1.94929,-0.309117,3.199,3.75884
-1.93891,-0.309117,3.199,3.75347
-1.92852,-0.309117,3.199,3.74811
-1.91814,-0.309117,3.199,3.74278
-1.90776,-0.309117,3.199,3.73747
nan,nan,nan,NaN
nan,nan,nan,NaN
nan,nan,nan,NaN
nan,nan,nan,NaN
nan,nan,nan,NaN
nan,nan,nan,NaN
nan,nan,nan,NaN
nan,nan,nan,NaN
nan,nan,nan,NaN
nan,nan,nan,NaN
nan,nan,nan,NaN
nan,nan,nan,NaN
nan,nan,nan,NaN
nan,nan,nan,NaN
nan,nan,nan,NaN
nan,nan,nan,NaN
nan,nan,nan,NaN
nan,nan,nan,NaN
nan,nan,nan,NaN
nan,nan,nan,NaN
nan,nan,nan,NaN
nan,nan,nan,NaN
nan,nan,nan,NaN
nan,nan,nan,NaN
nan,nan,nan,NaN
nan,nan,nan,NaN
nan,nan,nan,NaN
nan,nan,nan,NaN
nan,nan,nan,NaN
nan,nan,nan,NaN
nan,nan,nan,NaN
nan,nan,nan,NaN
nan,nan,nan,NaN
-1.1635,-0.23133,2.394,2.67179
-1.14752,-0.229688,2.377,2.64947
-1.1398,-0.229688,2.377,2.64614
-1.13209,-0.229688,2.377,2.64282
-1.12437,-0.229688,2.377,2.63953
-1.10914,-0.228142,2.361,2.6185
-1.10148,-0.228142,2.361,2.61527
-1.09381,-0.228142,2.361,2.61205
-1.08615,-0.228142,2.361,2.60885
-1.07849,-0.228142,2.361,2.60567
-1.07082,-0.228142,2.361,2.60251
-1.06316,-0.228142,2.361,2.59936
-1.0555,-0.228142,2.361,2.59624
-1.04784,-0.228142,2.361,2.59313
-1.03312,-0.226596,2.345,2.57249
-1.02551,-0.226596,2.345,2.56944
-1.0179,-0.226596,2.345,2.56642
-1.01029,-0.226596,2.345,2.56341
-1.00268,-0.226596,2.345,2.56042
-0.995066,-0.226596,2.345,2.55745
-0.987455,-0.226596,2.345,2.55449
-0.979844,-0.226596,2.345,2.55156
-0.972232,-0.226596,2.345,2.54865
-0.964621,-0.226596,2.345,2.54575
-0.95701,-0.226596,2.345,2.54288
-0.949399,-0.226596,2.345,2.54003
-0.941787,-0.226596,2.345,2.53719
-0.934176,-0.226596,2.345,2.53437
-0.926565,-0.226596,2.345,2.53158
-0.918953,-0.226596,2.345,2.5288
-0.905124,-0.22505,2.329,2.50881
-0.897565,-0.22505,2.329,2.50609
-0.890005,-0.22505,2.329,2.5034
-0.882446,-0.22505,2.329,2.50072
-0.874887,-0.22505,2.329,2.49806
-0.867327,-0.22505,2.329,2.49542
-0.859768,-0.22505,2.329,2.49281
-0.852209,-0.22505,2.329,2.49021
-0.844649,-0.22505,2.329,2.48763
-0.842841,-0.226596,2.345,2.50215
-0.835229,-0.226596,2.345,2.4996
-0.827618,-0.226596,2.345,2.49706
-0.820007,-0.226596,2.345,2.49455
-0.812395,-0.226596,2.345,2.49206
-0.804784,-0.226596,2.345,2.48959
-0.797173,-0.226596,2.345,2.48714
-0.794949,-0.228142,2.361,2.50166
-0.787286,-0.228142,2.361,2.49924
-0.779622,-0.228142,2.361,2.49683
-0.771959,-0.228142,2.361,2.49445
-0.764296,-0.228142,2.361,2.49209
-0.756633,-0.228142,2.361,2.48975
-0.754045,-0.229688,2.377,2.50429
-0.74633,-0.229688,2.377,2.50198
-0.738615,-0.229688,2.377,2.49969
-0.7309,-0.229688,2.377,2.49742
-0.728357,-0.23133,2.394,2.51302
-0.720586,-0.23133,2.394,2.51078
-0.712816,-0.23133,2.394,2.50856
-0.705046,-0.23133,2.394,2.50636
-0.697275,-0.23133,2.394,2.50419
-0.689505,-0.23133,2.394,2.50203
-0.686576,-0.232973,2.411,2.51765
-0.67875,-0.232973,2.411,2.51553
-0.670925,-0.232973,2.411,2.51343
-0.663099,-0.232973,2.411,2.51135
-0.655274,-0.232973,2.411,2.5093
-0.647448,-0.232973,2.411,2.50727
-0.639623,-0.232973,2.411,2.50526
-0.631797,-0.232973,2.411,2.50327
-0.623972,-0.232973,2.411,2.50131
-0.616146,-0.232973,2.411,2.49937
-0.608321,-0.232973,2.411,2.49745
-0.600495,-0.232973,2.411,2.49555
-0.59267,-0.232973,2.411,2.49368
-0.584844,-0.232973,2.411,2.49183
-0.577019,-0.232973,2.411,2.49001
-0.569193,-0.232973,2.411,2.48821
-0.565326,-0.234616,2.428,2.50396
-0.557445,-0.234616,2.428,2.50219
-0.549564,-0.234616,2.428,2.50045
-0.541684,-0.234616,2.428,2.49873
-0.533803,-0.234616,2.428,2.49703
-0.525922,-0.234616,2.428,2.49536
-0.518042,-0.234616,2.428,2.49371
-0.513733,-0.236259,2.445,2.50954
-0.505797,-0.236259,2.445,2.50792
-0.497861,-0.236259,2.445,2.50633
-0.493532,-0.237998,2.463,2.52321
-0.485538,-0.237998,2.463,2.52166
-0.477544,-0.237998,2.463,2.52013
-0.472981,-0.239737,2.481,2.53703
-0.464928,-0.239737,2.481,2.53555
-0.456875,-0.239737,2.481,2.53408
-0.448823,-0.239737,2.481,2.53264
-0.44077,-0.239737,2.481,2.53123
-0.432717,-0.239737,2.481,2.52984
-0.424665,-0.239737,2.481,2.52847
-0.416612,-0.239737,2.481,2.52713
-0.411523,-0.241477,2.499,2.54414
-0.403412,-0.241477,2.499,2.54284
-0.392454,-0.239737,2.481,2.52326
-0.384401,-0.239737,2.481,2.52202
-0.376348,-0.239737,2.481,2.52081
-0.368296,-0.239737,2.481,2.51962
-0.360243,-0.239737,2.481,2.51845
-0.35219,-0.239737,2.481,2.51731
-0.344137,-0.239737,2.481,2.5162
-0.336085,-0.239737,2.481,2.51511
-0.328032,-0.239737,2.481,2.51405
-0.319979,-0.239737,2.481,2.51301
-0.311927,-0.239737,2.481,2.512
-0.303874,-0.239737,2.481,2.51101
-0.295821,-0.239737,2.481,2.51005
-0.287769,-0.239737,2.481,2.50911
-0.279716,-0.239737,2.481,2.5082
-0.271663,-0.239737,2.481,2.50732
-0.26361,-0.239737,2.481,2.50646
-0.255558,-0.239737,2.481,2.50562
-0.247505,-0.239737,2.481,2.50481
-0.239452,-0.239737,2.481,2.50403
-0.2314,-0.239737,2.481,2.50327
-0.223347,-0.239737,2.481,2.50254
-0.215294,-0.239737,2.481,2.50184
-0.207241,-0.239737,2.481,2.50116
-0.200634,-0.241477,2.499,2.51864
-0.192523,-0.241477,2.499,2.51801
-0.184412,-0.241477,2.499,2.5174
-0.1763,-0.241477,2.499,2.51682
-0.168189,-0.241477,2.499,2.51627
-0.161231,-0.243216,2.517,2.53386
-0.153062,-0.243216,2.517,2.53335
-0.144892,-0.243216,2.517,2.53287
-0.136723,-0.243216,2.517,2.53242
-0.128553,-0.243216,2.517,2.53199
-0.120383,-0.243216,2.517,2.53159
-0.112214,-0.243216,2.517,2.53121
-0.104044,-0.243216,2.517,2.53086
-0.0958747,-0.243216,2.517,2.53054
-0.0877052,-0.243216,2.517,2.53024
-0.0795356,-0.243216,2.517,2.52997
-0.0713661,-0.243216,2.517,2.52973
-0.0631965,-0.243216,2.517,2.52951
-0.055027,-0.243216,2.517,2.52932
-0.0468574,-0.243216,2.517,2.52916
-0.0386878,-0.243216,2.517,2.52902
-0.0305183,-0.243216,2.517,2.52891
-0.0223487,-0.243216,2.517,2.52882
-0.0141792,-0.243216,2.517,2.52876
-0.00600962,-0.243216,2.517,2.52873
0.00214449,-0.241477,2.499,2.51064
0.0102556,-0.241477,2.499,2.51066
0.0183668,-0.241477,2.499,2.51071
0.0264779,-0.241477,2.499,2.51078
0.034589,-0.241477,2.499,2.51088
0.0427002,-0.241477,2.499,2.511
0.0508113,-0.241477,2.499,2.51115
0.0589224,-0.241477,2.499,2.51133
0.0670336,-0.241477,2.499,2.51153
0.0751447,-0.241477,2.499,2.51176
0.0838555,-0.243216,2.517,2.53011
0.0920251,-0.243216,2.517,2.5304
0.0994781,-0.241477,2.499,2.51261
0.107589,-0.241477,2.499,2.51294
0.1157,-0.241477,2.499,2.5133
0.123811,-0.241477,2.499,2.51369
0.132873,-0.243216,2.517,2.53221
0.141042,-0.243216,2.517,2.53265
0.149212,-0.243216,2.517,2.53312
0.157382,-0.243216,2.517,2.53362
0.165551,-0.243216,2.517,2.53414
0.173721,-0.243216,2.517,2.53468
0.18189,-0.243216,2.517,2.53526
0.19006,-0.243216,2.517,2.53586
0.199726,-0.245052,2.536,2.55563
0.207957,-0.245052,2.536,2.55628
0.216188,-0.245052,2.536,2.55697
0.224419,-0.245052,2.536,2.55768
0.232651,-0.245052,2.536,2.55841
0.239077,-0.243216,2.517,2.54
0.247247,-0.243216,2.517,2.54078
0.255416,-0.243216,2.517,2.54159
0.263586,-0.243216,2.517,2.54242
0.271755,-0.243216,2.517,2.54328
0.279925,-0.243216,2.517,2.54417
0.288094,-0.243216,2.517,2.54508
0.2985,-0.245052,2.536,2.56524
0.306732,-0.245052,2.536,2.56621
0.312603,-0.243216,2.517,2.54797
0.320773,-0.243216,2.517,2.54899
0.328942,-0.243216,2.517,2.55003
0.337112,-0.243216,2.517,2.5511
0.345281,-0.243216,2.517,2.55219
0.353451,-0.243216,2.517,2.55331
0.36162,-0.243216,2.517,2.55445
0.36979,-0.243216,2.517,2.55562
0.37796,-0.243216,2.517,2.55681
0.386129,-0.243216,2.517,2.55803
0.391479,-0.241477,2.499,2.54098
0.39959,-0.241477,2.499,2.54224
0.407701,-0.241477,2.499,2.54353
0.412817,-0.239737,2.481,2.52651
0.417816,-0.237998,2.463,2.5095
0.425811,-0.237998,2.463,2.51084
0.433805,-0.237998,2.463,2.51221
0.441799,-0.237998,2.463,2.5136
0.443402,-0.234616,2.428,2.47928
0.451283,-0.234616,2.428,2.4807
0.459163,-0.234616,2.428,2.48215
0.467044,-0.234616,2.428,2.48362
0.474925,-0.234616,2.428,2.48511
0.482805,-0.234616,2.428,2.48663
0.490686,-0.234616,2.428,2.48817
0.498567,-0.234616,2.428,2.48974
0.506447,-0.234616,2.428,2.49133
0.514328,-0.234616,2.428,2.49294
0.522209,-0.234616,2.428,2.49458
0.530089,-0.234616,2.428,2.49624
0.53797,-0.234616,2.428,2.49793
0.545851,-0.234616,2.428,2.49964
0.553732,-0.234616,2.428,2.50137
0.561612,-0.234616,2.428,2.50313
0.569493,-0.234616,2.428,2.50491
0.581416,-0.236259,2.445,2.52426
0.589352,-0.236259,2.445,2.5261
0.597288,-0.236259,2.445,2.52796
0.605224,-0.236259,2.445,2.52985
0.61316,-0.236259,2.445,2.53176
0.621095,-0.236259,2.445,2.53369
0.629031,-0.236259,2.445,2.53565
0.641657,-0.237998,2.463,2.55631
0.649651,-0.237998,2.463,2.55833
0.657645,-0.237998,2.463,2.56037
0.665639,-0.237998,2.463,2.56244
0.673634,-0.237998,2.463,2.56453
0.686609,-0.239737,2.481,2.5854
0.694662,-0.239737,2.481,2.58755
0.702715,-0.239737,2.481,2.58972
0.710768,-0.239737,2.481,2.59192
0.71882,-0.239737,2.481,2.59414
0.726873,-0.239737,2.481,2.59638
0.740258,-0.241477,2.499,2.6175
0.748369,-0.241477,2.499,2.6198
0.75648,-0.241477,2.499,2.62213
0.764591,-0.241477,2.499,2.62448
0.772702,-0.241477,2.499,2.62686
0.780813,-0.241477,2.499,2.62925
0.788924,-0.241477,2.499,2.63168
0.791295,-0.239737,2.481,2.61514
0.799347,-0.239737,2.481,2.61759
0.8074,-0.239737,2.481,2.62006
0.815453,-0.239737,2.481,2.62256
0.823505,-0.239737,2.481,2.62507
0.831558,-0.239737,2.481,2.62761
0.833519,-0.237998,2.463,2.61109
0.841514,-0.237998,2.463,2.61365
0.849508,-0.237998,2.463,2.61623
0.857502,-0.237998,2.463,2.61884
0.865497,-0.237998,2.463,2.62147
0.873491,-0.237998,2.463,2.62412
0.875043,-0.236259,2.445,2.60759
0.882979,-0.236259,2.445,2.61027
0.890915,-0.236259,2.445,2.61296
0.892601,-0.234616,2.428,2.59749
0.900482,-0.234616,2.428,2.60021
0.908362,-0.234616,2.428,2.60295
0.909828,-0.232973,2.411,2.58747
0.917653,-0.232973,2.411,2.59023
0.925479,-0.232973,2.411,2.59301
0.933304,-0.232973,2.411,2.59581
0.934494,-0.23133,2.394,2.58032
0.942264,-0.23133,2.394,2.58314
0.950035,-0.23133,2.394,2.58598
0.957805,-0.23133,2.394,2.58885
0.972432,-0.232973,2.411,2.61014
nan,nan,nan,NaN
nan,nan,nan,NaN
nan,nan,nan,NaN
nan,nan,nan,NaN
nan,nan,nan,NaN
nan,nan,nan,NaN
nan,nan,nan,NaN
nan,nan,nan,NaN
nan,nan,nan,NaN
nan,nan,nan,NaN
nan,nan,nan,NaN
nan,nan,nan,NaN
nan,nan,nan,NaN
nan,nan,nan,NaN
nan,nan,nan,NaN
nan,nan,nan,NaN
nan,nan,nan,NaN
1.75652,-0.367578,3.804,4.20605
1.76886,-0.367578,3.804,4.21122
1.78121,-0.367578,3.804,4.21642
1.79356,-0.367578,3.804,4.22166
1.82584,-0.371636,3.846,4.27358
1.83833,-0.371636,3.846,4.27893
1.85081,-0.371636,3.846,4.28431
1.86329,-0.371636,3.846,4.28972
1.87577,-0.371636,3.846,4.29516
1.88826,-0.371636,3.846,4.30062
1.90074,-0.371636,3.846,4.30612
1.91322,-0.371636,3.846,4.31164
1.92571,-0.371636,3.846,4.3172
1.93819,-0.371636,3.846,4.32278
nan,nan,nan,NaN
nan,nan,nan,NaN
nan,nan,nan,NaN
nan,nan,nan,NaN
nan,nan,nan,NaN
nan,nan,nan,NaN
nan,nan,nan,NaN
nan,nan,nan,NaN
1.98389,-0.359557,3.721,4.23213
1.99597,-0.359557,3.721,4.23781
2.00805,-0.359557,3.721,4.24351
1.99841,-0.355692,3.681,4.20356
2.01036,-0.355692,3.681,4.20925
2.02231,-0.355692,3.681,4.21497
2.0127,-0.351924,3.642,4.176
2.02452,-0.351924,3.642,4.18171
2.03634,-0.351924,3.642,4.18745
2.00542,-0.34458,3.566,4.1057
1.99607,-0.341005,3.529,4.06871
2.00752,-0.341005,3.529,4.07434
1.99838,-0.337526,3.493,4.03838
1.98958,-0.334144,3.458,4.00348
2.00081,-0.334144,3.458,4.00907
1.99166,-0.330762,3.423,3.97405
2.00277,-0.330762,3.423,3.97963
1.99388,-0.327477,3.389,3.94565
2.00488,-0.327477,3.389,3.95122
1.99625,-0.324288,3.356,3.91828
1.98801,-0.321196,3.324,3.88643
1.99879,-0.321196,3.324,3.89196
1.97089,-0.315011,3.26,3.82247
1.96324,-0.312112,3.23,3.79271
1.97372,-0.312112,3.23,3.79814
1.98421,-0.312112,3.23,3.8036
1.95764,-0.306315,3.17,3.73832
1.96793,-0.306315,3.17,3.74372
1.94202,-0.30071,3.112,3.68055
1.91762,-0.295396,3.057,3.62074
1.92754,-0.295396,3.057,3.62601
1.92035,-0.292787,3.03,3.59922
1.91299,-0.290178,3.003,3.57236
1.92273,-0.290178,3.003,3.57759
1.91575,-0.287665,2.977,3.55181
1.89243,-0.282737,2.926,3.4961
1.88567,-0.280321,2.901,3.47133
1.89509,-0.280321,2.901,3.47646
1.87299,-0.275683,2.853,3.42399
1.85125,-0.271142,2.806,3.37258
1.86035,-0.271142,2.806,3.37758
1.85414,-0.268919,2.783,3.35488
1.83371,-0.264668,2.739,3.30676
1.8426,-0.264668,2.739,3.3117
1.82243,-0.260512,2.696,3.26459
1.81691,-0.258483,2.675,3.24401
-2.1589,-0.290612,3.112,3.79866
-2.1488,-0.290612,3.112,3.79293
-2.13869,-0.290612,3.112,3.78722
-2.10944,-0.287998,3.084,3.7475
-2.09943,-0.287998,3.084,3.74187
-2.08942,-0.287998,3.084,3.73627
-2.07941,-0.287998,3.084,3.73068
-2.0694,-0.287998,3.084,3.72511
-2.07809,-0.290612,3.112,3.75333
-2.06799,-0.290612,3.112,3.74774
-2.09624,-0.296029,3.17,3.81192
-2.08595,-0.296029,3.17,3.80628
-2.09465,-0.298737,3.199,3.83542
-2.08427,-0.298737,3.199,3.82976
-2.07389,-0.298737,3.199,3.82411
-2.0835,-0.301632,3.23,3.8555
-2.07302,-0.301632,3.23,3.84984
-2.06253,-0.301632,3.23,3.84421
-2.05205,-0.301632,3.23,3.83859
-2.04156,-0.301632,3.23,3.833
-2.03108,-0.301632,3.23,3.82742
-2.0206,-0.301632,3.23,3.82187
-2.01011,-0.301632,3.23,3.81634
-1.99963,-0.301632,3.23,3.81083
-1.98915,-0.301632,3.23,3.80534
-1.97866,-0.301632,3.23,3.79987
-1.94929,-0.298737,3.199,3.758
-1.93891,-0.298737,3.199,3.75263
-1.92852,-0.298737,3.199,3.74727
-1.91814,-0.298737,3.199,3.74194
-1.90776,-0.298737,3.199,3.73663
nan,nan,nan,NaN
nan,nan,nan,NaN
nan,nan,nan,NaN
nan,nan,nan,NaN
nan,nan,nan,NaN
nan,nan,nan,NaN
nan,nan,nan,NaN
nan,nan,nan,NaN
nan,nan,nan,NaN
nan,nan,nan,NaN
nan,nan,nan,NaN
nan,nan,nan,NaN
nan,nan,nan,NaN
nan,nan,nan,NaN
nan,nan,nan,NaN
nan,nan,nan,NaN
nan,nan,nan,NaN
nan,nan,nan,NaN
nan,nan,nan,NaN
nan,nan,nan,NaN
nan,nan,nan,NaN
nan,nan,nan,NaN
nan,nan,nan,NaN
nan,nan,nan,NaN
nan,nan,nan,NaN
nan,nan,nan,NaN
nan,nan,nan,NaN
nan,nan,nan,NaN
nan,nan,nan,NaN
nan,nan,nan,NaN
nan,nan,nan,NaN
nan,nan,nan,NaN
nan,nan,nan,NaN
-1.15523,-0.221975,2.377,2.65216
-1.14752,-0.221975,2.377,2.64881
-1.1398,-0.221975,2.377,2.64548
-1.13209,-0.221975,2.377,2.64216
-1.12437,-0.221975,2.377,2.63887
-1.10914,-0.220481,2.361,2.61785
-1.10148,-0.220481,2.361,2.61461
-1.09381,-0.220481,2.361,2.61139
-1.08615,-0.220481,2.361,2.60819
-1.07849,-0.220481,2.361,2.60501
-1.07082,-0.220481,2.361,2.60185
-1.06316,-0.220481,2.361,2.5987
-1.04835,-0.218986,2.345,2.57799
-1.04073,-0.218986,2.345,2.5749
-1.03312,-0.218986,2.345,2.57183
-1.02551,-0.218986,2.345,2.56878
-1.0179,-0.218986,2.345,2.56576
-1.01029,-0.218986,2.345,2.56275
-1.00268,-0.218986,2.345,2.55975
-0.995066,-0.218986,2.345,2.55678
-0.987455,-0.218986,2.345,2.55383
-0.979844,-0.218986,2.345,2.5509
-0.972232,-0.218986,2.345,2.54798
-0.964621,-0.218986,2.345,2.54509
-0.95701,-0.218986,2.345,2.54221
-0.949399,-0.218986,2.345,2.53936
-0.941787,-0.218986,2.345,2.53652
-0.934176,-0.218986,2.345,2.53371
-0.926565,-0.218986,2.345,2.53091
-0.918953,-0.218986,2.345,2.52813
-0.905124,-0.217492,2.329,2.50815
-0.897565,-0.217492,2.329,2.50543
-0.890005,-0.217492,2.329,2.50273
-0.882446,-0.217492,2.329,2.50005
-0.874887,-0.217492,2.329,2.49739
-0.867327,-0.217492,2.329,2.49475
-0.859768,-0.217492,2.329,2.49214
-0.852209,-0.217492,2.329,2.48954
-0.844649,-0.217492,2.329,2.48696
-0.83709,-0.217492,2.329,2.4844
-0.829531,-0.217492,2.329,2.48187
-0.821971,-0.217492,2.329,2.47935
-0.820007,-0.218986,2.345,2.49387
-0.812395,-0.218986,2.345,2.49138
-0.804784,-0.218986,2.345,2.48891
-0.797173,-0.218986,2.345,2.48646
-0.789562,-0.218986,2.345,2.48403
-0.78195,-0.218986,2.345,2.48162
-0.779622,-0.220481,2.361,2.49615
-0.771959,-0.220481,2.361,2.49376
-0.764296,-0.220481,2.361,2.4914
-0.756633,-0.220481,2.361,2.48906
-0.748969,-0.220481,2.361,2.48674
-0.741306,-0.220481,2.361,2.48445
-0.733643,-0.220481,2.361,2.48217
-0.72598,-0.220481,2.361,2.47992
-0.723184,-0.221975,2.377,2.49447
-0.715469,-0.221975,2.377,2.49225
-0.707754,-0.221975,2.377,2.49004
-0.700039,-0.221975,2.377,2.48786
-0.692324,-0.221975,2.377,2.4857
-0.684609,-0.221975,2.377,2.48356
-0.681735,-0.223562,2.394,2.4992
-0.673964,-0.223562,2.394,2.49709
-0.666194,-0.223562,2.394,2.495
-0.658424,-0.223562,2.394,2.49294
-0.650653,-0.223562,2.394,2.4909
-0.642883,-0.223562,2.394,2.48888
-0.635113,-0.223562,2.394,2.48688
-0.627342,-0.223562,2.394,2.48491
-0.619572,-0.223562,2.394,2.48296
-0.616146,-0.22515,2.411,2.49865
-0.608321,-0.22515,2.411,2.49673
-0.600495,-0.22515,2.411,2.49484
-0.59267,-0.22515,2.411,2.49296
-0.584844,-0.22515,2.411,2.49112
-0.577019,-0.22515,2.411,2.48929
-0.569193,-0.22515,2.411,2.48749
-0.561368,-0.22515,2.411,2.48571
-0.557445,-0.226737,2.428,2.50147
-0.549564,-0.226737,2.428,2.49972
-0.541684,-0.226737,2.428,2.498
-0.533803,-0.226737,2.428,2.49631
-0.525922,-0.226737,2.428,2.49463
-0.518042,-0.226737,2.428,2.49298
-0.513733,-0.228325,2.445,2.5088
-0.505797,-0.228325,2.445,2.50719
-0.497861,-0.228325,2.445,2.5056
-0.489925,-0.228325,2.445,2.50403
-0.485538,-0.230006,2.463,2.52092
-0.477544,-0.230006,2.463,2.51939
-0.469549,-0.230006,2.463,2.51789
-0.461555,-0.230006,2.463,2.51641
-0.453561,-0.230006,2.463,2.51495
-0.448823,-0.231687,2.481,2.53189
-0.44077,-0.231687,2.481,2.53048
-0.432717,-0.231687,2.481,2.52909
-0.424665,-0.231687,2.481,2.52772
-0.416612,-0.231687,2.481,2.52638
-0.408559,-0.231687,2.481,2.52507
-0.400506,-0.231687,2.481,2.52378
-0.392454,-0.231687,2.481,2.52251
-0.384401,-0.231687,2.481,2.52127
-0.376348,-0.231687,2.481,2.52006
-0.368296,-0.231687,2.481,2.51887
-0.360243,-0.231687,2.481,2.5177
-0.35219,-0.231687,2.481,2.51656
-0.344137,-0.231687,2.481,2.51545
-0.336085,-0.231687,2.481,2.51436
-0.328032,-0.231687,2.481,2.51329
-0.319979,-0.231687,2.481,2.51226
-0.311927,-0.231687,2.481,2.51124
-0.303874,-0.231687,2.481,2.51026
-0.295821,-0.231687,2.481,2.50929
-0.287769,-0.231687,2.481,2.50836
-0.279716,-0.231687,2.481,2.50745
-0.271663,-0.231687,2.481,2.50656
-0.26361,-0.231687,2.481,2.5057
-0.255558,-0.231687,2.481,2.50487
-0.247505,-0.231687,2.481,2.50406
-0.239452,-0.231687,2.481,2.50327
-0.2314,-0.231687,2.481,2.50252
-0.223347,-0.231687,2.481,2.50178
-0.215294,-0.231687,2.481,2.50108
-0.207241,-0.231687,2.481,2.5004
-0.200634,-0.233368,2.499,2.51788
-0.192523,-0.233368,2.499,2.51725
-0.184412,-0.233368,2.499,2.51664
-0.1763,-0.233368,2.499,2.51606
-0.168189,-0.233368,2.499,2.5155
-0.161231,-0.235049,2.517,2.53309
-0.154217,-0.236823,2.536,2.5517
-0.145986,-0.236823,2.536,2.55121
-0.137755,-0.236823,2.536,2.55076
-0.128553,-0.235049,2.517,2.53122
-0.120383,-0.235049,2.517,2.53082
-0.112214,-0.235049,2.517,2.53044
-0.104044,-0.235049,2.517,2.53009
-0.0958747,-0.235049,2.517,2.52977
-0.0877052,-0.235049,2.517,2.52947
-0.0795356,-0.235049,2.517,2.5292
-0.0713661,-0.235049,2.517,2.52896
-0.0631965,-0.235049,2.517,2.52874
-0.055027,-0.235049,2.517,2.52855
-0.0468574,-0.235049,2.517,2.52839
-0.0386878,-0.235049,2.517,2.52825
-0.0305183,-0.235049,2.517,2.52814
-0.0223487,-0.235049,2.517,2.52805
-0.0141792,-0.235049,2.517,2.52799
-0.00600962,-0.235049,2.517,2.52796
0.00215994,-0.235049,2.517,2.52795
0.0103295,-0.235049,2.517,2.52797
0.0184991,-0.235049,2.517,2.52802
0.0266686,-0.235049,2.517,2.52809
0.0348382,-0.235049,2.517,2.52819
0.0430077,-0.235049,2.517,2.52832
0.0511773,-0.235049,2.517,2.52847
0.0589224,-0.233368,2.499,2.51056
0.0670336,-0.233368,2.499,2.51077
0.0751447,-0.233368,2.499,2.511
0.0838555,-0.235049,2.517,2.52934
0.0920251,-0.235049,2.517,2.52963
0.100195,-0.235049,2.517,2.52994
0.107589,-0.233368,2.499,2.51218
0.1157,-0.233368,2.499,2.51254
0.123811,-0.233368,2.499,2.51292
0.132873,-0.235049,2.517,2.53144
0.141042,-0.235049,2.517,2.53188
0.149212,-0.235049,2.517,2.53235
0.157382,-0.235049,2.517,2.53285
0.165551,-0.235049,2.517,2.53337
0.173721,-0.235049,2.517,2.53391
0.18189,-0.235049,2.517,2.53449
0.19006,-0.235049,2.517,2.53509
0.199726,-0.236823,2.536,2.55485
0.207957,-0.236823,2.536,2.55551
0.216188,-0.236823,2.536,2.55619
0.224419,-0.236823,2.536,2.5569
0.232651,-0.236823,2.536,2.55764
0.239077,-0.235049,2.517,2.53923
0.247247,-0.235049,2.517,2.54001
0.255416,-0.235049,2.517,2.54082
0.263586,-0.235049,2.517,2.54166
0.271755,-0.235049,2.517,2.54252
0.279925,-0.235049,2.517,2.5434
0.288094,-0.235049,2.517,2.54431
0.296264,-0.235049,2.517,2.54525
0.306732,-0.236823,2.536,2.56544
0.312603,-0.235049,2.517,2.54721
0.320773,-0.235049,2.517,2.54822
0.328942,-0.235049,2.517,2.54926
0.337112,-0.235049,2.517,2.55033
0.345281,-0.235049,2.517,2.55142
0.353451,-0.235049,2.517,2.55254
0.36162,-0.235049,2.517,2.55368
0.36979,-0.235049,2.517,2.55485
0.37796,-0.235049,2.517,2.55605
0.386129,-0.235049,2.517,2.55727
0.391479,-0.233368,2.499,2.54022
0.39959,-0.233368,2.499,2.54148
0.407701,-0.233368,2.499,2.54277
0.412817,-0.231687,2.481,2.52576
0.417816,-0.230006,2.463,2.50875
0.425811,-0.230006,2.463,2.5101
0.433805,-0.230006,2.463,2.51147
0.441799,-0.230006,2.463,2.51286
0.443402,-0.226737,2.428,2.47855
0.451283,-0.226737,2.428,2.47997
0.459163,-0.226737,2.428,2.48142
0.467044,-0.226737,2.428,2.48289
0.474925,-0.226737,2.428,2.48438
0.482805,-0.226737,2.428,2.4859
0.490686,-0.226737,2.428,2.48744
0.498567,-0.226737,2.428,2.48901
0.506447,-0.226737,2.428,2.4906
0.514328,-0.226737,2.428,2.49221
0.522209,-0.226737,2.428,2.49385
0.530089,-0.226737,2.428,2.49551
0.53797,-0.226737,2.428,2.4972
0.545851,-0.226737,2.428,2.49891
0.553732,-0.226737,2.428,2.50064
0.561612,-0.226737,2.428,2.5024
0.569493,-0.226737,2.428,2.50418
0.581416,-0.228325,2.445,2.52353
0.589352,-0.228325,2.445,2.52537
0.597288,-0.228325,2.445,2.52723
0.605224,-0.228325,2.445,2.52912
0.61316,-0.228325,2.445,2.53103
0.621095,-0.228325,2.445,2.53297
0.629031,-0.228325,2.445,2.53492
0.641657,-0.230006,2.463,2.55558
0.649651,-0.230006,2.463,2.5576
0.657645,-0.230006,2.463,2.55964
0.665639,-0.230006,2.463,2.56171
0.673634,-0.230006,2.463,2.5638
0.686609,-0.231687,2.481,2.58466
0.694662,-0.231687,2.481,2.58681
0.702715,-0.231687,2.481,2.58899
0.710768,-0.231687,2.481,2.59118
0.724035,-0.233368,2.499,2.61222
0.732147,-0.233368,2.499,2.61448
0.740258,-0.233368,2.499,2.61676
0.748369,-0.233368,2.499,2.61907
0.761929,-0.235049,2.517,2.64028
0.770098,-0.235049,2.517,2.64265
0.772702,-0.233368,2.499,2.62612
0.780813,-0.233368,2.499,2.62852
0.788924,-0.233368,2.499,2.63094
0.797036,-0.233368,2.499,2.63339
0.805147,-0.233368,2.499,2.63585
0.813258,-0.233368,2.499,2.63834
0.815453,-0.231687,2.481,2.62183
0.823505,-0.231687,2.481,2.62435
0.831558,-0.231687,2.481,2.62689
0.839611,-0.231687,2.481,2.62945
0.847664,-0.231687,2.481,2.63203
0.855716,-0.231687,2.481,2.63463
0.857502,-0.230006,2.463,2.61813
0.865497,-0.230006,2.463,2.62075
0.873491,-0.230006,2.463,2.62341
0.881485,-0.230006,2.463,2.62608
0.882979,-0.228325,2.445,2.60956
0.890915,-0.228325,2.445,2.61226
0.898851,-0.228325,2.445,2.61497
0.900482,-0.226737,2.428,2.59951
0.908362,-0.226737,2.428,2.60225
0.916243,-0.226737,2.428,2.60501
0.924124,-0.226737,2.428,2.6078
0.925479,-0.22515,2.411,2.59232
0.933304,-0.22515,2.411,2.59512
0.94113,-0.22515,2.411,2.59795
0.942264,-0.223562,2.394,2.58246
0.950035,-0.223562,2.394,2.5853
0.957805,-0.223562,2.394,2.58817
0.972432,-0.22515,2.411,2.60945
nan,nan,nan,NaN
nan,nan,nan,NaN
nan,nan,nan,NaN
nan,nan,nan,NaN
nan,nan,nan,NaN
nan,nan,nan,NaN
nan,nan,nan,NaN
nan,nan,nan,NaN
nan,nan,nan,NaN
nan,nan,nan,NaN
nan,nan,nan,NaN
nan,nan,nan,NaN
nan,nan,nan,NaN
nan,nan,nan,NaN
nan,nan,nan,NaN
nan,nan,nan,NaN
nan,nan,nan,NaN
1.73712,-0.351312,3.762,4.15856
1.74933,-0.351312,3.762,4.16368
1.76154,-0.351312,3.762,4.16882
1.79356,-0.355234,3.804,4.2206
1.8059,-0.355234,3.804,4.22586
1.81825,-0.355234,3.804,4.23115
1.8306,-0.355234,3.804,4.23647
1.86329,-0.359156,3.846,4.28866
1.87577,-0.359156,3.846,4.29409
1.88826,-0.359156,3.846,4.29956
1.90074,-0.359156,3.846,4.30506
1.91322,-0.359156,3.846,4.31058
1.92571,-0.359156,3.846,4.31614
1.93819,-0.359156,3.846,4.32172
nan,nan,nan,NaN
nan,nan,nan,NaN
nan,nan,nan,NaN
nan,nan,nan,NaN
nan,nan,nan,NaN
nan,nan,nan,NaN
nan,nan,nan,NaN
nan,nan,nan,NaN
2.02815,-0.355234,3.804,4.3255
2.01796,-0.351312,3.762,4.28348
2.03017,-0.351312,3.762,4.28925
1.99841,-0.343748,3.681,4.20257
2.01036,-0.343748,3.681,4.20826
2.02231,-0.343748,3.681,4.21398
2.0127,-0.340106,3.642,4.17502
2.02452,-0.340106,3.642,4.18073
2.03634,-0.340106,3.642,4.18647
2.02679,-0.336557,3.604,4.14849
1.99607,-0.329554,3.529,4.06777
2.00752,-0.329554,3.529,4.0734
1.99838,-0.326192,3.493,4.03745
1.98958,-0.322923,3.458,4.00256
2.00081,-0.322923,3.458,4.00815
1.99166,-0.319655,3.423,3.97314
2.00277,-0.319655,3.423,3.97872
1.99388,-0.31648,3.389,3.94475
2.00488,-0.31648,3.389,3.95032
1.99625,-0.313398,3.356,3.91739
1.98801,-0.31041,3.324,3.88555
1.99879,-0.31041,3.324,3.89108
1.97089,-0.304433,3.26,3.82161
1.96324,-0.301632,3.23,3.79186
1.97372,-0.301632,3.23,3.7973
1.98421,-0.301632,3.23,3.80276
1.95764,-0.296029,3.17,3.7375
1.96793,-0.296029,3.17,3.7429
1.94202,-0.290612,3.112,3.67973
1.91762,-0.285476,3.057,3.61995
1.92754,-0.285476,3.057,3.62521
1.92035,-0.282955,3.03,3.59843
1.91299,-0.280433,3.003,3.57158
1.92273,-0.280433,3.003,3.57681
1.91575,-0.278005,2.977,3.55104
1.89243,-0.273243,2.926,3.49534
1.88567,-0.270908,2.901,3.47059
1.89509,-0.270908,2.901,3.47571
1.87299,-0.266426,2.853,3.42326
1.85125,-0.262037,2.806,3.37186
1.86035,-0.262037,2.806,3.37686
1.85414,-0.259889,2.783,3.35417
1.83371,-0.25578,2.739,3.30606
1.8426,-0.25578,2.739,3.311
1.82243,-0.251764,2.696,3.2639
1.81691,-0.249803,2.675,3.24333
-2.12074,-0.275557,3.057,3.73078
-2.11082,-0.275557,3.057,3.72515
-2.08234,-0.273123,3.03,3.68668
-2.07251,-0.273123,3.03,3.68114
-2.04429,-0.270689,3.003,3.64286
-2.03454,-0.270689,3.003,3.6374
-2.0248,-0.270689,3.003,3.63195
-2.03317,-0.273123,3.03,3.65913
-2.02333,-0.273123,3.03,3.65368
-2.0135,-0.273123,3.03,3.64824
-2.02152,-0.275557,3.057,3.67528
-2.02936,-0.27799,3.084,3.70225
-2.01935,-0.27799,3.084,3.69677
-2.00934,-0.27799,3.084,3.69131
-2.01749,-0.280514,3.112,3.71934
-2.02609,-0.283128,3.141,3.74848
-2.0159,-0.283128,3.141,3.74298
-2.0057,-0.283128,3.141,3.7375
-2.01393,-0.285742,3.17,3.76649
-2.00364,-0.285742,3.17,3.761
-1.97512,-0.283128,3.141,3.72117
-1.96492,-0.283128,3.141,3.71577
-1.95473,-0.283128,3.141,3.71039
-1.94453,-0.283128,3.141,3.70503
-1.93434,-0.283128,3.141,3.69969
-1.92414,-0.283128,3.141,3.69437
-1.91395,-0.283128,3.141,3.68907
-1.90375,-0.283128,3.141,3.68379
-1.89356,-0.283128,3.141,3.67853
-1.88336,-0.283128,3.141,3.6733
-1.87317,-0.283128,3.141,3.66808
nan,nan,nan,NaN
nan,nan,nan,NaN
nan,nan,nan,NaN
nan,nan,nan,NaN
nan,nan,nan,NaN
nan,nan,nan,NaN
nan,nan,nan,NaN
nan,nan,nan,NaN
nan,nan,nan,NaN
nan,nan,nan,NaN
nan,nan,nan,NaN
nan,nan,nan,NaN
nan,nan,nan,NaN
nan,nan,nan,NaN
nan,nan,nan,NaN
nan,nan,nan,NaN
nan,nan,nan,NaN
nan,nan,nan,NaN
nan,nan,nan,NaN
nan,nan,nan,NaN
nan,nan,nan,NaN
nan,nan,nan,NaN
nan,nan,nan,NaN
nan,nan,nan,NaN
nan,nan,nan,NaN
nan,nan,nan,NaN
nan,nan,nan,NaN
nan,nan,nan,NaN
nan,nan,nan,NaN
nan,nan,nan,NaN
nan,nan,nan,NaN
nan,nan,nan,NaN
nan,nan,nan,NaN
-1.15523,-0.214262,2.377,2.65153
-1.14752,-0.214262,2.377,2.64818
-1.1398,-0.214262,2.377,2.64484
-1.13209,-0.214262,2.377,2.64153
-1.1168,-0.21282,2.361,2.62047
-1.10914,-0.21282,2.361,2.61721
-1.10148,-0.21282,2.361,2.61398
-1.09381,-0.21282,2.361,2.61076
-1.08615,-0.21282,2.361,2.60755
-1.07849,-0.21282,2.361,2.60437
-1.07082,-0.21282,2.361,2.60121
-1.06316,-0.21282,2.361,2.59806
-1.04835,-0.211377,2.345,2.57735
-1.04073,-0.211377,2.345,2.57426
-1.03312,-0.211377,2.345,2.5712
-1.02551,-0.211377,2.345,2.56815
-1.0179,-0.211377,2.345,2.56512
-1.01029,-0.211377,2.345,2.56211
-1.00268,-0.211377,2.345,2.55911
-0.995066,-0.211377,2.345,2.55614
-0.987455,-0.211377,2.345,2.55319
-0.979844,-0.211377,2.345,2.55025
-0.972232,-0.211377,2.345,2.54734
-0.964621,-0.211377,2.345,2.54444
-0.95701,-0.211377,2.345,2.54157
-0.949399,-0.211377,2.345,2.53871
-0.941787,-0.211377,2.345,2.53588
-0.934176,-0.211377,2.345,2.53306
-0.926565,-0.211377,2.345,2.53026
-0.918953,-0.211377,2.345,2.52749
-0.911342,-0.211377,2.345,2.52473
-0.903731,-0.211377,2.345,2.52199
-0.89612,-0.211377,2.345,2.51927
-0.882446,-0.209935,2.329,2.4994
-0.874887,-0.209935,2.329,2.49675
-0.867327,-0.209935,2.329,2.49411
-0.859768,-0.209935,2.329,2.49149
-0.852209,-0.209935,2.329,2.48889
-0.844649,-0.209935,2.329,2.48631
-0.83709,-0.209935,2.329,2.48375
-0.829531,-0.209935,2.329,2.48122
-0.821971,-0.209935,2.329,2.4787
-0.820007,-0.211377,2.345,2.49321
-0.812395,-0.211377,2.345,2.49072
-0.804784,-0.211377,2.345,2.48825
-0.797173,-0.211377,2.345,2.4858
-0.789562,-0.211377,2.345,2.48337
-0.78195,-0.211377,2.345,2.48096
-0.774339,-0.211377,2.345,2.47857
-0.766728,-0.211377,2.345,2.4762
-0.759116,-0.211377,2.345,2.47386
-0.756633,-0.21282,2.361,2.48839
-0.748969,-0.21282,2.361,2.48607
-0.741306,-0.21282,2.361,2.48378
-0.733643,-0.21282,2.361,2.4815
-0.72598,-0.21282,2.361,2.47925
-0.723184,-0.214262,2.377,2.4938
-0.715469,-0.214262,2.377,2.49157
-0.707754,-0.214262,2.377,2.48937
-0.700039,-0.214262,2.377,2.48719
-0.692324,-0.214262,2.377,2.48503
-0.684609,-0.214262,2.377,2.48289
-0.681735,-0.215794,2.394,2.49851
-0.673964,-0.215794,2.394,2.4964
-0.666194,-0.215794,2.394,2.49432
-0.658424,-0.215794,2.394,2.49225
-0.650653,-0.215794,2.394,2.49021
-0.642883,-0.215794,2.394,2.48819
-0.635113,-0.215794,2.394,2.4862
-0.627342,-0.215794,2.394,2.48422
-0.619572,-0.215794,2.394,2.48227
-0.616146,-0.217327,2.411,2.49796
-0.608321,-0.217327,2.411,2.49604
-0.600495,-0.217327,2.411,2.49414
-0.59267,-0.217327,2.411,2.49227
-0.584844,-0.217327,2.411,2.49042
-0.577019,-0.217327,2.411,2.48859
-0.569193,-0.217327,2.411,2.48679
-0.561368,-0.217327,2.411,2.48501
-0.557445,-0.218859,2.428,2.50077
-0.549564,-0.218859,2.428,2.49902
-0.541684,-0.218859,2.428,2.4973
-0.533803,-0.218859,2.428,2.4956
-0.525922,-0.218859,2.428,2.49393
-0.518042,-0.218859,2.428,2.49228
-0.513733,-0.220391,2.445,2.50809
-0.505797,-0.220391,2.445,2.50648
-0.497861,-0.220391,2.445,2.50489
-0.489925,-0.220391,2.445,2.50332
-0.485538,-0.222014,2.463,2.5202
-0.477544,-0.222014,2.463,2.51867
-0.469549,-0.222014,2.463,2.51717
-0.461555,-0.222014,2.463,2.51569
-0.453561,-0.222014,2.463,2.51423
-0.448823,-0.223636,2.481,2.53117
-0.44077,-0.223636,2.481,2.52975
-0.432717,-0.223636,2.481,2.52836
-0.424665,-0.223636,2.481,2.527
-0.416612,-0.223636,2.481,2.52566
-0.408559,-0.223636,2.481,2.52434
-0.400506,-0.223636,2.481,2.52305
-0.392454,-0.223636,2.481,2.52178
-0.384401,-0.223636,2.481,2.52054
-0.376348,-0.223636,2.481,2.51933
-0.368296,-0.223636,2.481,2.51814
-0.360243,-0.223636,2.481,2.51697
-0.35219,-0.223636,2.481,2.51583
-0.346634,-0.225259,2.499,2.53296
-0.338523,-0.225259,2.499,2.53187
-0.328032,-0.223636,2.481,2.51256
-0.319979,-0.223636,2.481,2.51153
-0.311927,-0.223636,2.481,2.51051
-0.303874,-0.223636,2.481,2.50952
-0.295821,-0.223636,2.481,2.50856
-0.287769,-0.223636,2.481,2.50763
-0.279716,-0.223636,2.481,2.50671
-0.271663,-0.223636,2.481,2.50583
-0.26361,-0.223636,2.481,2.50497
-0.255558,-0.223636,2.481,2.50413
-0.247505,-0.223636,2.481,2.50332
-0.239452,-0.223636,2.481,2.50254
-0.2314,-0.223636,2.481,2.50178
-0.223347,-0.223636,2.481,2.50105
-0.215294,-0.223636,2.481,2.50035
-0.207241,-0.223636,2.481,2.49966
-0.200634,-0.225259,2.499,2.51714
-0.192523,-0.225259,2.499,2.51651
-0.184412,-0.225259,2.499,2.5159
-0.1763,-0.225259,2.499,2.51532
-0.168189,-0.225259,2.499,2.51476
-0.161231,-0.226881,2.517,2.53234
-0.154217,-0.228594,2.536,2.55095
-0.145986,-0.228594,2.536,2.55046
-0.137755,-0.228594,2.536,2.55001
-0.128553,-0.226881,2.517,2.53047
-0.120383,-0.226881,2.517,2.53007
-0.112214,-0.226881,2.517,2.5297
-0.104044,-0.226881,2.517,2.52935
-0.0958747,-0.226881,2.517,2.52902
-0.0877052,-0.226881,2.517,2.52873
-0.0795356,-0.226881,2.517,2.52846
-0.0713661,-0.226881,2.517,2.52821
-0.0631965,-0.226881,2.517,2.528
-0.055027,-0.226881,2.517,2.5278
-0.0468574,-0.226881,2.517,2.52764
-0.0386878,-0.226881,2.517,2.5275
-0.0305183,-0.226881,2.517,2.52739
-0.0221889,-0.225259,2.499,2.50923
-0.0140778,-0.225259,2.499,2.50917
-0.00596664,-0.225259,2.499,2.50914
0.00214449,-0.225259,2.499,2.50913
0.0103295,-0.226881,2.517,2.52723
0.0183668,-0.225259,2.499,2.5092
0.0264779,-0.225259,2.499,2.50927
0.034589,-0.225259,2.499,2.50937
0.0427002,-0.225259,2.499,2.5095
0.0508113,-0.225259,2.499,2.50965
0.0589224,-0.225259,2.499,2.50982
0.0670336,-0.225259,2.499,2.51003
0.0751447,-0.225259,2.499,2.51026
0.0838555,-0.226881,2.517,2.5286
0.0920251,-0.226881,2.517,2.52888
0.100195,-0.226881,2.517,2.52919
0.107589,-0.225259,2.499,2.51144
0.1157,-0.225259,2.499,2.5118
0.123811,-0.225259,2.499,2.51218
0.132873,-0.226881,2.517,2.5307
0.141042,-0.226881,2.517,2.53114
0.149212,-0.226881,2.517,2.53161
0.157382,-0.226881,2.517,2.5321
0.165551,-0.226881,2.517,2.53262
0.173721,-0.226881,2.517,2.53317
0.18189,-0.226881,2.517,2.53374
0.191494,-0.228594,2.536,2.55347
0.201222,-0.230307,2.555,2.57324
0.209515,-0.230307,2.555,2.5739
0.216188,-0.228594,2.536,2.55544
0.224419,-0.228594,2.536,2.55615
0.232651,-0.228594,2.536,2.55689
0.240882,-0.228594,2.536,2.55765
0.249113,-0.228594,2.536,2.55844
0.257344,-0.228594,2.536,2.55925
0.265575,-0.228594,2.536,2.56009
0.273807,-0.228594,2.536,2.56096
0.282038,-0.228594,2.536,2.56185
0.288094,-0.226881,2.517,2.54357
0.296264,-0.226881,2.517,2.54451
0.306732,-0.228594,2.536,2.56469
0.312603,-0.226881,2.517,2.54647
0.320773,-0.226881,2.517,2.54748
0.331425,-0.228594,2.536,2.56776
0.337112,-0.226881,2.517,2.54959
0.345281,-0.226881,2.517,2.55068
0.353451,-0.226881,2.517,2.5518
0.36162,-0.226881,2.517,2.55295
0.36979,-0.226881,2.517,2.55412
0.37796,-0.226881,2.517,2.55531
0.386129,-0.226881,2.517,2.55653
0.391479,-0.225259,2.499,2.53949
0.39959,-0.225259,2.499,2.54075
0.407701,-0.225259,2.499,2.54204
0.415812,-0.225259,2.499,2.54335
0.417816,-0.222014,2.463,2.50803
0.425811,-0.222014,2.463,2.50938
0.433805,-0.222014,2.463,2.51075
0.441799,-0.222014,2.463,2.51214
0.446507,-0.220391,2.445,2.49519
0.454442,-0.220391,2.445,2.49662
0.462378,-0.220391,2.445,2.49808
0.470314,-0.220391,2.445,2.49956
0.47825,-0.220391,2.445,2.50106
0.482805,-0.218859,2.428,2.48519
0.490686,-0.218859,2.428,2.48674
0.498567,-0.218859,2.428,2.4883
0.506447,-0.218859,2.428,2.48989
0.514328,-0.218859,2.428,2.49151
0.522209,-0.218859,2.428,2.49315
0.530089,-0.218859,2.428,2.49481
0.53797,-0.218859,2.428,2.4965
0.545851,-0.218859,2.428,2.49821
0.557609,-0.220391,2.445,2.51744
0.565544,-0.220391,2.445,2.51921
0.57348,-0.220391,2.445,2.52101
0.581416,-0.220391,2.445,2.52282
0.589352,-0.220391,2.445,2.52467
0.597288,-0.220391,2.445,2.52653
0.605224,-0.220391,2.445,2.52842
0.61316,-0.220391,2.445,2.53033
0.621095,-0.220391,2.445,2.53226
0.629031,-0.220391,2.445,2.53422
0.641657,-0.222014,2.463,2.55487
0.649651,-0.222014,2.463,2.55689
0.657645,-0.222014,2.463,2.55894
0.670504,-0.223636,2.481,2.57972
0.678557,-0.223636,2.481,2.58182
0.686609,-0.223636,2.481,2.58395
0.694662,-0.223636,2.481,2.5861
0.702715,-0.223636,2.481,2.58828
0.715924,-0.225259,2.499,2.60927
0.724035,-0.225259,2.499,2.61151
0.732147,-0.225259,2.499,2.61377
0.740258,-0.225259,2.499,2.61605
0.748369,-0.225259,2.499,2.61836
0.761929,-0.226881,2.517,2.63956
0.770098,-0.226881,2.517,2.64193
0.772702,-0.225259,2.499,2.62542
0.780813,-0.225259,2.499,2.62782
0.788924,-0.225259,2.499,2.63024
0.797036,-0.225259,2.499,2.63268
0.805147,-0.225259,2.499,2.63515
0.813258,-0.225259,2.499,2.63764
0.821369,-0.225259,2.499,2.64015
0.82948,-0.225259,2.499,2.64268
0.831558,-0.223636,2.481,2.62619
0.839611,-0.223636,2.481,2.62875
0.847664,-0.223636,2.481,2.63133
0.855716,-0.223636,2.481,2.63394
0.863769,-0.223636,2.481,2.63656
0.865497,-0.222014,2.463,2.62007
0.873491,-0.222014,2.463,2.62272
0.881485,-0.222014,2.463,2.62539
0.889479,-0.222014,2.463,2.62809
0.897474,-0.222014,2.463,2.6308
0.898851,-0.220391,2.445,2.61429
0.906787,-0.220391,2.445,2.61703
0.914722,-0.220391,2.445,2.61979
0.916243,-0.218859,2.428,2.60434
0.924124,-0.218859,2.428,2.60712
0.925479,-0.217327,2.411,2.59165
0.933304,-0.217327,2.411,2.59446
0.94113,-0.217327,2.411,2.59728
0.948955,-0.217327,2.411,2.60013
0.956781,-0.217327,2.411,2.60299
0.964606,-0.217327,2.411,2.60588
nan,nan,nan,NaN
nan,nan,nan,NaN
nan,nan,nan,NaN
nan,nan,nan,NaN
nan,nan,nan,NaN
nan,nan,nan,NaN
nan,nan,nan,NaN
nan,nan,nan,NaN
nan,nan,nan,NaN
nan,nan,nan,NaN
nan,nan,nan,NaN
nan,nan,nan,NaN
nan,nan,nan,NaN
nan,nan,nan,NaN
nan,nan,nan,NaN
nan,nan,nan,NaN
nan,nan,nan,NaN
nan,nan,nan,NaN
1.73712,-0.339105,3.762,4.15755
1.74933,-0.339105,3.762,4.16267
1.76154,-0.339105,3.762,4.16781
1.79356,-0.342891,3.804,4.21958
1.8059,-0.342891,3.804,4.22484
1.81825,-0.342891,3.804,4.23013
1.8306,-0.342891,3.804,4.23545
1.86329,-0.346677,3.846,4.28763
1.87577,-0.346677,3.846,4.29307
1.88826,-0.346677,3.846,4.29854
1.90074,-0.346677,3.846,4.30404
1.91322,-0.346677,3.846,4.30956
1.92571,-0.346677,3.846,4.31512
1.93819,-0.346677,3.846,4.3207
nan,nan,nan,NaN
nan,nan,nan,NaN
nan,nan,nan,NaN
nan,nan,nan,NaN
nan,nan,nan,NaN
nan,nan,nan,NaN
nan,nan,nan,NaN
nan,nan,nan,NaN
2.02815,-0.342891,3.804,4.32451
2.01796,-0.339105,3.762,4.2825
2.03017,-0.339105,3.762,4.28827
1.99841,-0.331804,3.681,4.20161
2.01036,-0.331804,3.681,4.2073
2.02231,-0.331804,3.681,4.21302
2.0127,-0.328288,3.642,4.17407
2.02452,-0.328288,3.642,4.17979
2.03634,-0.328288,3.642,4.18553
2.02679,-0.324863,3.604,4.14756
1.99607,-0.318103,3.529,4.06686
2.00752,-0.318103,3.529,4.07249
1.99838,-0.314858,3.493,4.03655
1.98958,-0.311703,3.458,4.00167
2.00081,-0.311703,3.458,4.00726
1.99166,-0.308548,3.423,3.97226
2.00277,-0.308548,3.423,3.97784
1.99388,-0.305483,3.389,3.94388
2.00488,-0.305483,3.389,3.94945
1.99625,-0.302508,3.356,3.91654
1.96887,-0.296739,3.292,3.84731
1.97955,-0.296739,3.292,3.85278
1.97089,-0.293855,3.26,3.82078
1.96324,-0.291151,3.23,3.79104
1.97372,-0.291151,3.23,3.79648
1.94735,-0.285742,3.17,3.73132
1.93973,-0.283128,3.141,3.70251
1.94992,-0.283128,3.141,3.70786
1.94202,-0.280514,3.112,3.67895
1.91762,-0.275557,3.057,3.61918
1.92754,-0.275557,3.057,3.62444
1.92035,-0.273123,3.03,3.59767
1.91299,-0.270689,3.003,3.57083
1.90609,-0.268346,2.977,3.5451
1.91575,-0.268346,2.977,3.5503
1.89243,-0.263748,2.926,3.49461
1.88567,-0.261495,2.901,3.46986
1.89509,-0.261495,2.901,3.47499
1.87299,-0.257168,2.853,3.42255
1.85125,-0.252932,2.806,3.37116
1.86035,-0.252932,2.806,3.37617
1.83948,-0.248875,2.761,3.32697
1.83371,-0.246892,2.739,3.30539
1.8426,-0.246892,2.739,3.31033
1.82243,-0.243016,2.696,3.26324
1.81691,-0.241123,2.675,3.24268
-2.10201,-0.263291,3.03,3.69712
-2.09218,-0.263291,3.03,3.69153
-2.06379,-0.260945,3.003,3.65312
-2.03625,-0.258686,2.977,3.61604
-2.02659,-0.258686,2.977,3.61061
-2.01693,-0.258686,2.977,3.6052
-2.00727,-0.258686,2.977,3.5998
-1.9976,-0.258686,2.977,3.59442
-2.0053,-0.260945,3.003,3.62041
-1.99556,-0.260945,3.003,3.61502
-1.98581,-0.260945,3.003,3.60965
-1.99383,-0.263291,3.03,3.6367
-2.00167,-0.265637,3.057,3.66367
-1.99175,-0.265637,3.057,3.65826
-1.98183,-0.265637,3.057,3.65287
-1.98932,-0.267983,3.084,3.67971
-1.97931,-0.267983,3.084,3.67431
-1.98718,-0.270416,3.112,3.70224
-1.97708,-0.270416,3.112,3.69683
-1.96698,-0.270416,3.112,3.69143
-1.95688,-0.270416,3.112,3.68606
-1.94678,-0.270416,3.112,3.68071
-1.93668,-0.270416,3.112,3.67538
-1.90924,-0.267983,3.084,3.63704
-1.89923,-0.267983,3.084,3.6318
-1.88922,-0.267983,3.084,3.62657
-1.87921,-0.267983,3.084,3.62137
-1.85284,-0.265637,3.057,3.58453
-1.84292,-0.265637,3.057,3.57941
-1.833,-0.265637,3.057,3.57431
-1.87317,-0.272936,3.141,3.66731
nan,nan,nan,NaN
nan,nan,nan,NaN
nan,nan,nan,NaN
nan,nan,nan,NaN
nan,nan,nan,NaN
nan,nan,nan,NaN
nan,nan,nan,NaN
nan,nan,nan,NaN
nan,nan,nan,NaN
nan,nan,nan,NaN
nan,nan,nan,NaN
nan,nan,nan,NaN
nan,nan,nan,NaN
nan,nan,nan,NaN
nan,nan,nan,NaN
nan,nan,nan,NaN
nan,nan,nan,NaN
nan,nan,nan,NaN
nan,nan,nan,NaN
nan,nan,nan,NaN
nan,nan,nan,NaN
nan,nan,nan,NaN
nan,nan,nan,NaN
nan,nan,nan,NaN
nan,nan,nan,NaN
nan,nan,nan,NaN
nan,nan,nan,NaN
nan,nan,nan,NaN
nan,nan,nan,NaN
nan,nan,nan,NaN
nan,nan,nan,NaN
nan,nan,nan,NaN
nan,nan,nan,NaN
-1.15523,-0.206549,2.377,2.65092
-1.14752,-0.206549,2.377,2.64756
-1.1398,-0.206549,2.377,2.64423
-1.13209,-0.206549,2.377,2.64091
-1.1168,-0.205158,2.361,2.61986
-1.10914,-0.205158,2.361,2.6166
-1.10148,-0.205158,2.361,2.61336
-1.09381,-0.205158,2.361,2.61014
-1.08615,-0.205158,2.361,2.60694
-1.07849,-0.205158,2.361,2.60376
-1.07082,-0.205158,2.361,2.60059
-1.06316,-0.205158,2.361,2.59745
-1.04835,-0.203768,2.345,2.57674
-1.04073,-0.203768,2.345,2.57365
-1.03312,-0.203768,2.345,2.57058
-1.02551,-0.203768,2.345,2.56753
-1.0179,-0.203768,2.345,2.5645
-1.01029,-0.203768,2.345,2.56149
-1.00268,-0.203768,2.345,2.5585
-0.995066,-0.203768,2.345,2.55552
-0.987455,-0.203768,2.345,2.55257
-0.979844,-0.203768,2.345,2.54964
-0.972232,-0.203768,2.345,2.54672
-0.964621,-0.203768,2.345,2.54382
-0.95701,-0.203768,2.345,2.54095
-0.949399,-0.203768,2.345,2.53809
-0.941787,-0.203768,2.345,2.53525
-0.934176,-0.203768,2.345,2.53244
-0.926565,-0.203768,2.345,2.52964
-0.918953,-0.203768,2.345,2.52686
-0.911342,-0.203768,2.345,2.5241
-0.903731,-0.203768,2.345,2.52136
-0.89612,-0.203768,2.345,2.51865
-0.888508,-0.203768,2.345,2.51595
-0.880897,-0.203768,2.345,2.51327
-0.873286,-0.203768,2.345,2.51061
-0.865674,-0.203768,2.345,2.50798
-0.852209,-0.202378,2.329,2.48826
-0.844649,-0.202378,2.329,2.48569
-0.83709,-0.202378,2.329,2.48313
-0.829531,-0.202378,2.329,2.48059
-0.821971,-0.202378,2.329,2.47807
-0.820007,-0.203768,2.345,2.49258
-0.812395,-0.203768,2.345,2.49009
-0.804784,-0.203768,2.345,2.48761
-0.797173,-0.203768,2.345,2.48516
-0.789562,-0.203768,2.345,2.48273
-0.78195,-0.203768,2.345,2.48032
-0.774339,-0.203768,2.345,2.47793
-0.766728,-0.203768,2.345,2.47556
-0.759116,-0.203768,2.345,2.47322
-0.756633,-0.205158,2.361,2.48775
-0.748969,-0.205158,2.361,2.48543
-0.741306,-0.205158,2.361,2.48313
-0.733643,-0.205158,2.361,2.48086
-0.72598,-0.205158,2.361,2.4786
-0.723184,-0.206549,2.377,2.49315
-0.715469,-0.206549,2.377,2.49092
-0.707754,-0.206549,2.377,2.48872
-0.700039,-0.206549,2.377,2.48653
-0.692324,-0.206549,2.377,2.48437
-0.684609,-0.206549,2.377,2.48223
-0.676894,-0.206549,2.377,2.48012
-0.669178,-0.206549,2.377,2.47802
-0.666194,-0.208026,2.394,2.49366
-0.658424,-0.208026,2.394,2.49159
-0.650653,-0.208026,2.394,2.48955
-0.642883,-0.208026,2.394,2.48753
-0.635113,-0.208026,2.394,2.48553
-0.627342,-0.208026,2.394,2.48356
-0.619572,-0.208026,2.394,2.48161
-0.611802,-0.208026,2.394,2.47968
-0.604031,-0.208026,2.394,2.47777
-0.596261,-0.208026,2.394,2.47589
-0.588491,-0.208026,2.394,2.47403
-0.584844,-0.209503,2.411,2.48975
-0.577019,-0.209503,2.411,2.48792
-0.569193,-0.209503,2.411,2.48612
-0.561368,-0.209503,2.411,2.48434
-0.553542,-0.209503,2.411,2.48258
-0.545717,-0.209503,2.411,2.48085
-0.537891,-0.209503,2.411,2.47914
-0.530066,-0.209503,2.411,2.47745
-0.52224,-0.209503,2.411,2.47579
-0.514415,-0.209503,2.411,2.47415
-0.510161,-0.21098,2.428,2.48997
-0.50228,-0.21098,2.428,2.48837
-0.497861,-0.212458,2.445,2.5042
-0.489925,-0.212458,2.445,2.50264
-0.485538,-0.214022,2.463,2.51951
-0.477544,-0.214022,2.463,2.51798
-0.469549,-0.214022,2.463,2.51648
-0.461555,-0.214022,2.463,2.515
-0.453561,-0.214022,2.463,2.51354
-0.448823,-0.215586,2.481,2.53047
-0.44077,-0.215586,2.481,2.52905
-0.432717,-0.215586,2.481,2.52766
-0.424665,-0.215586,2.481,2.5263
-0.416612,-0.215586,2.481,2.52496
-0.408559,-0.215586,2.481,2.52364
-0.400506,-0.215586,2.481,2.52235
-0.392454,-0.215586,2.481,2.52108
-0.384401,-0.215586,2.481,2.51984
-0.376348,-0.215586,2.481,2.51863
-0.368296,-0.215586,2.481,2.51744
-0.360243,-0.215586,2.481,2.51627
-0.35219,-0.215586,2.481,2.51513
-0.346634,-0.21715,2.499,2.53225
-0.338523,-0.21715,2.499,2.53116
-0.328032,-0.215586,2.481,2.51186
-0.319979,-0.215586,2.481,2.51082
-0.311927,-0.215586,2.481,2.50981
-0.303874,-0.215586,2.481,2.50882
-0.295821,-0.215586,2.481,2.50786
-0.289856,-0.21715,2.499,2.52511
-0.281745,-0.21715,2.499,2.52419
-0.273634,-0.21715,2.499,2.5233
-0.265523,-0.21715,2.499,2.52243
-0.257412,-0.21715,2.499,2.52159
-0.249301,-0.21715,2.499,2.52077
-0.24119,-0.21715,2.499,2.51999
-0.233078,-0.21715,2.499,2.51922
-0.224967,-0.21715,2.499,2.51848
-0.216856,-0.21715,2.499,2.51777
-0.208745,-0.21715,2.499,2.51709
-0.202079,-0.218714,2.517,2.53455
-0.193909,-0.218714,2.517,2.53392
-0.18574,-0.218714,2.517,2.5333
-0.17757,-0.218714,2.517,2.53272
-0.169401,-0.218714,2.517,2.53216
-0.161231,-0.218714,2.517,2.53162
-0.154217,-0.220365,2.536,2.55022
-0.145986,-0.220365,2.536,2.54974
-0.137755,-0.220365,2.536,2.54928
-0.129523,-0.220365,2.536,2.54885
-0.121292,-0.220365,2.536,2.54844
-0.113061,-0.220365,2.536,2.54807
-0.10483,-0.220365,2.536,2.54771
-0.0965985,-0.220365,2.536,2.54739
-0.0883672,-0.220365,2.536,2.54709
-0.080136,-0.220365,2.536,2.54682
-0.0719048,-0.220365,2.536,2.54657
-0.0636736,-0.220365,2.536,2.54635
-0.0554423,-0.220365,2.536,2.54616
-0.0468574,-0.218714,2.517,2.52692
-0.0386878,-0.218714,2.517,2.52678
-0.0305183,-0.218714,2.517,2.52667
-0.0221889,-0.21715,2.499,2.50852
-0.0140778,-0.21715,2.499,2.50846
-0.00596664,-0.21715,2.499,2.50842
0.00214449,-0.21715,2.499,2.50842
0.0103295,-0.218714,2.517,2.52651
0.0183668,-0.21715,2.499,2.50848
0.0264779,-0.21715,2.499,2.50856
0.034589,-0.21715,2.499,2.50866
0.0427002,-0.21715,2.499,2.50878
0.0508113,-0.21715,2.499,2.50893
0.0589224,-0.21715,2.499,2.50911
0.0670336,-0.21715,2.499,2.50931
0.0751447,-0.21715,2.499,2.50954
0.0838555,-0.218714,2.517,2.52788
0.0920251,-0.218714,2.517,2.52816
0.100195,-0.218714,2.517,2.52847
0.108364,-0.218714,2.517,2.52881
0.116534,-0.218714,2.517,2.52917
0.124703,-0.218714,2.517,2.52956
0.132873,-0.218714,2.517,2.52998
0.141042,-0.218714,2.517,2.53042
0.150338,-0.220365,2.536,2.54999
0.15857,-0.220365,2.536,2.55049
0.166801,-0.220365,2.536,2.55102
0.175032,-0.220365,2.536,2.55157
0.183263,-0.220365,2.536,2.55214
0.191494,-0.220365,2.536,2.55275
0.201222,-0.222016,2.555,2.57251
0.209515,-0.222016,2.555,2.57317
0.217808,-0.222016,2.555,2.57386
0.226101,-0.222016,2.555,2.57458
0.234394,-0.222016,2.555,2.57532
0.240882,-0.220365,2.536,2.55693
0.249113,-0.220365,2.536,2.55772
0.257344,-0.220365,2.536,2.55853
0.265575,-0.220365,2.536,2.55937
0.273807,-0.220365,2.536,2.56024
0.282038,-0.220365,2.536,2.56113
0.290269,-0.220365,2.536,2.56205
0.2985,-0.220365,2.536,2.563
0.306732,-0.220365,2.536,2.56397
0.312603,-0.218714,2.517,2.54575
0.320773,-0.218714,2.517,2.54677
0.331425,-0.220365,2.536,2.56704
0.337112,-0.218714,2.517,2.54888
0.345281,-0.218714,2.517,2.54997
0.353451,-0.218714,2.517,2.55109
0.36162,-0.218714,2.517,2.55223
0.36979,-0.218714,2.517,2.5534
0.37796,-0.218714,2.517,2.5546
0.386129,-0.218714,2.517,2.55582
0.394299,-0.218714,2.517,2.55707
0.39959,-0.21715,2.499,2.54004
0.407701,-0.21715,2.499,2.54133
0.415812,-0.21715,2.499,2.54265
0.42087,-0.215586,2.481,2.52566
0.428923,-0.215586,2.481,2.52702
0.436975,-0.215586,2.481,2.5284
0.441799,-0.214022,2.463,2.51145
0.449794,-0.214022,2.463,2.51286
0.457788,-0.214022,2.463,2.51431
0.465782,-0.214022,2.463,2.51578
0.473776,-0.214022,2.463,2.51727
0.481771,-0.214022,2.463,2.51878
0.486186,-0.212458,2.445,2.50191
0.494122,-0.212458,2.445,2.50346
0.502058,-0.212458,2.445,2.50504
0.509993,-0.212458,2.445,2.50664
0.517929,-0.212458,2.445,2.50827
0.525865,-0.212458,2.445,2.50992
0.533801,-0.212458,2.445,2.51159
0.541737,-0.212458,2.445,2.51329
0.549673,-0.212458,2.445,2.51502
0.557609,-0.212458,2.445,2.51676
0.565544,-0.212458,2.445,2.51853
0.57348,-0.212458,2.445,2.52033
0.581416,-0.212458,2.445,2.52214
0.589352,-0.212458,2.445,2.52398
0.597288,-0.212458,2.445,2.52585
0.605224,-0.212458,2.445,2.52774
0.61316,-0.212458,2.445,2.52965
0.625668,-0.214022,2.463,2.55022
0.633662,-0.214022,2.463,2.5522
0.641657,-0.214022,2.463,2.55419
0.649651,-0.214022,2.463,2.55621
0.657645,-0.214022,2.463,2.55826
0.670504,-0.215586,2.481,2.57903
0.678557,-0.215586,2.481,2.58114
0.686609,-0.215586,2.481,2.58327
0.694662,-0.215586,2.481,2.58542
0.702715,-0.215586,2.481,2.58759
0.715924,-0.21715,2.499,2.60858
0.724035,-0.21715,2.499,2.61082
0.732147,-0.21715,2.499,2.61308
0.74559,-0.218714,2.517,2.6342
0.753759,-0.218714,2.517,2.63653
0.761929,-0.218714,2.517,2.63888
0.770098,-0.218714,2.517,2.64125
0.772702,-0.21715,2.499,2.62473
0.780813,-0.21715,2.499,2.62713
0.788924,-0.21715,2.499,2.62955
0.802777,-0.218714,2.517,2.65096
0.810946,-0.218714,2.517,2.65344
0.813258,-0.21715,2.499,2.63696
0.821369,-0.21715,2.499,2.63947
0.82948,-0.21715,2.499,2.64201
0.831558,-0.215586,2.481,2.62551
0.839611,-0.215586,2.481,2.62808
0.847664,-0.215586,2.481,2.63066
0.855716,-0.215586,2.481,2.63327
0.863769,-0.215586,2.481,2.63589
0.865497,-0.214022,2.463,2.6194
0.873491,-0.214022,2.463,2.62205
0.881485,-0.214022,2.463,2.62473
0.889479,-0.214022,2.463,2.62742
0.897474,-0.214022,2.463,2.63014
0.898851,-0.212458,2.445,2.61364
0.906787,-0.212458,2.445,2.61638
0.914722,-0.212458,2.445,2.61914
0.916243,-0.21098,2.428,2.60369
0.924124,-0.21098,2.428,2.60647
0.925479,-0.209503,2.411,2.59101
0.933304,-0.209503,2.411,2.59381
0.94113,-0.209503,2.411,2.59664
0.948955,-0.209503,2.411,2.59949
0.956781,-0.209503,2.411,2.60235
0.964606,-0.209503,2.411,2.60524
nan,nan,nan,NaN
nan,nan,nan,NaN
nan,nan,nan,NaN
nan,nan,nan,NaN
nan,nan,nan,NaN
nan,nan,nan,NaN
nan,nan,nan,NaN
nan,nan,nan,NaN
nan,nan,nan,NaN
nan,nan,nan,NaN
nan,nan,nan,NaN
nan,nan,nan,NaN
nan,nan,nan,NaN
nan,nan,nan,NaN
nan,nan,nan,NaN
nan,nan,nan,NaN
nan,nan,nan,NaN
nan,nan,nan,NaN
1.73712,-0.326898,3.762,4.15657
1.74933,-0.326898,3.762,4.16169
1.76154,-0.326898,3.762,4.16684
1.77375,-0.326898,3.762,4.17201
1.78596,-0.326898,3.762,4.17722
1.79817,-0.326898,3.762,4.18246
1.8306,-0.330548,3.804,4.23447
1.84294,-0.330548,3.804,4.23983
1.85529,-0.330548,3.804,4.24521
1.86764,-0.330548,3.804,4.25062
1.87998,-0.330548,3.804,4.25606
1.89233,-0.330548,3.804,4.26153
1.90468,-0.330548,3.804,4.26702
1.91702,-0.330548,3.804,4.27255
nan,nan,nan,NaN
nan,nan,nan,NaN
nan,nan,nan,NaN
nan,nan,nan,NaN
nan,nan,nan,NaN
nan,nan,nan,NaN
nan,nan,nan,NaN
nan,nan,nan,NaN
2.05054,-0.334197,3.846,4.37128
2.04049,-0.330548,3.804,4.32935
2.05284,-0.330548,3.804,4.33519
2.02013,-0.323335,3.721,4.24633
2.0322,-0.323335,3.721,4.25209
2.04428,-0.323335,3.721,4.25787
2.03425,-0.31986,3.681,4.21785
2.02452,-0.316471,3.642,4.17888
2.03634,-0.316471,3.642,4.18462
2.02679,-0.313169,3.604,4.14666
1.99607,-0.306652,3.529,4.06598
2.00752,-0.306652,3.529,4.07161
1.99838,-0.303523,3.493,4.03568
1.98958,-0.300482,3.458,4.00081
2.00081,-0.300482,3.458,4.0064
1.99166,-0.297441,3.423,3.97141
2.00277,-0.297441,3.423,3.977
1.99388,-0.294486,3.389,3.94305
2.00488,-0.294486,3.389,3.94862
1.99625,-0.291619,3.356,3.91571
1.96887,-0.286058,3.292,3.8465
1.97955,-0.286058,3.292,3.85198
1.97089,-0.283277,3.26,3.81998
1.96324,-0.28067,3.23,3.79025
1.97372,-0.28067,3.23,3.79569
1.94735,-0.275456,3.17,3.73054
1.93973,-0.272936,3.141,3.70175
1.94992,-0.272936,3.141,3.7071
1.94202,-0.270416,3.112,3.67819
1.91762,-0.265637,3.057,3.61844
1.92754,-0.265637,3.057,3.6237
1.92035,-0.263291,3.03,3.59694
1.89642,-0.258686,2.977,3.53919
1.90609,-0.258686,2.977,3.54438
1.91575,-0.258686,2.977,3.54958
1.89243,-0.254254,2.926,3.49391
1.88567,-0.252082,2.901,3.46917
1.89509,-0.252082,2.901,3.47429
1.85724,-0.245825,2.829,3.39308
1.85125,-0.243827,2.806,3.37049
1.86035,-0.243827,2.806,3.3755
1.83948,-0.239916,2.761,3.32632
1.83371,-0.238005,2.739,3.30474
1.8426,-0.238005,2.739,3.30968
1.82243,-0.234268,2.696,3.2626
1.80265,-0.230619,2.654,3.21659
-2.10201,-0.253459,3.03,3.69643
-2.09218,-0.253459,3.03,3.69085
-2.06379,-0.251201,3.003,3.65244
-2.03625,-0.249026,2.977,3.61537
-2.02659,-0.249026,2.977,3.60993
-2.01693,-0.249026,2.977,3.60452
-2.00727,-0.249026,2.977,3.59912
-1.9976,-0.249026,2.977,3.59374
-2.0053,-0.251201,3.003,3.61972
-1.99556,-0.251201,3.003,3.61433
-1.98581,-0.251201,3.003,3.60895
-1.99383,-0.253459,3.03,3.636
-2.00167,-0.255718,3.057,3.66297
-1.99175,-0.255718,3.057,3.65756
-1.98183,-0.255718,3.057,3.65216
-1.98932,-0.257976,3.084,3.679
-1.97931,-0.257976,3.084,3.67359
-1.98718,-0.260318,3.112,3.70151
-1.97708,-0.260318,3.112,3.6961
-1.96698,-0.260318,3.112,3.69071
-1.95688,-0.260318,3.112,3.68533
-1.94678,-0.260318,3.112,3.67998
-1.93668,-0.260318,3.112,3.67465
-1.90924,-0.257976,3.084,3.63632
-1.89923,-0.257976,3.084,3.63107
-1.88922,-0.257976,3.084,3.62585
-1.87921,-0.257976,3.084,3.62064
-1.85284,-0.255718,3.057,3.5838
-1.84292,-0.255718,3.057,3.57869
-1.833,-0.255718,3.057,3.57359
nan,nan,nan,NaN
nan,nan,nan,NaN
nan,nan,nan,NaN
nan,nan,nan,NaN
nan,nan,nan,NaN
nan,nan,nan,NaN
nan,nan,nan,NaN
nan,nan,nan,NaN
nan,nan,nan,NaN
nan,nan,nan,NaN
nan,nan,nan,NaN
nan,nan,nan,NaN
nan,nan,nan,NaN
nan,nan,nan,NaN
nan,nan,nan,NaN
nan,nan,nan,NaN
nan,nan,nan,NaN
nan,nan,nan,NaN
nan,nan,nan,NaN
nan,nan,nan,NaN
nan,nan,nan,NaN
nan,nan,nan,NaN
nan,nan,nan,NaN
nan,nan,nan,NaN
nan,nan,nan,NaN
nan,nan,nan,NaN
nan,nan,nan,NaN
nan,nan,nan,NaN
nan,nan,nan,NaN
nan,nan,nan,NaN
nan,nan,nan,NaN
nan,nan,nan,NaN
nan,nan,nan,NaN
nan,nan,nan,NaN
-1.15523,-0.198836,2.377,2.65033
-1.14752,-0.198836,2.377,2.64697
-1.1398,-0.198836,2.377,2.64364
-1.13209,-0.198836,2.377,2.64032
-1.1168,-0.197497,2.361,2.61927
-1.10914,-0.197497,2.361,2.61601
-1.10148,-0.197497,2.361,2.61277
-1.09381,-0.197497,2.361,2.60955
-1.08615,-0.197497,2.361,2.60635
-1.07849,-0.197497,2.361,2.60316
-1.07082,-0.197497,2.361,2.6
-1.06316,-0.197497,2.361,2.59685
-1.04835,-0.196159,2.345,2.57615
-1.04073,-0.196159,2.345,2.57306
-1.03312,-0.196159,2.345,2.56999
-1.02551,-0.196159,2.345,2.56694
-1.0179,-0.196159,2.345,2.56391
-1.01029,-0.196159,2.345,2.5609
-1.00268,-0.196159,2.345,2.5579
-0.995066,-0.196159,2.345,2.55493
-0.987455,-0.196159,2.345,2.55197
-0.979844,-0.196159,2.345,2.54904
-0.972232,-0.196159,2.345,2.54612
-0.964621,-0.196159,2.345,2.54323
-0.95701,-0.196159,2.345,2.54035
-0.949399,-0.196159,2.345,2.53749
-0.941787,-0.196159,2.345,2.53465
-0.934176,-0.196159,2.345,2.53184
-0.926565,-0.196159,2.345,2.52904
-0.918953,-0.196159,2.345,2.52626
-0.911342,-0.196159,2.345,2.5235
-0.903731,-0.196159,2.345,2.52076
-0.89612,-0.196159,2.345,2.51804
-0.888508,-0.196159,2.345,2.51534
-0.880897,-0.196159,2.345,2.51266
-0.873286,-0.196159,2.345,2.51001
-0.865674,-0.196159,2.345,2.50737
-0.852209,-0.194821,2.329,2.48766
-0.844649,-0.194821,2.329,2.48508
-0.83709,-0.194821,2.329,2.48252
-0.829531,-0.194821,2.329,2.47998
-0.821971,-0.194821,2.329,2.47746
-0.820007,-0.196159,2.345,2.49197
-0.812395,-0.196159,2.345,2.48948
-0.804784,-0.196159,2.345,2.487
-0.797173,-0.196159,2.345,2.48455
-0.789562,-0.196159,2.345,2.48212
-0.78195,-0.196159,2.345,2.47971
-0.774339,-0.196159,2.345,2.47732
-0.766728,-0.196159,2.345,2.47495
-0.759116,-0.196159,2.345,2.4726
-0.751505,-0.196159,2.345,2.47028
-0.743894,-0.196159,2.345,2.46797
-0.736283,-0.196159,2.345,2.46569
-0.728671,-0.196159,2.345,2.46343
-0.72598,-0.197497,2.361,2.47798
-0.718317,-0.197497,2.361,2.47574
-0.710653,-0.197497,2.361,2.47353
-0.70299,-0.197497,2.361,2.47134
-0.695327,-0.197497,2.361,2.46917
-0.687664,-0.197497,2.361,2.46702
-0.68,-0.197497,2.361,2.4649
-0.676894,-0.198836,2.377,2.47949
-0.669178,-0.198836,2.377,2.47739
-0.661463,-0.198836,2.377,2.47532
-0.653748,-0.198836,2.377,2.47327
-0.646033,-0.198836,2.377,2.47124
-0.638318,-0.198836,2.377,2.46923
-0.635113,-0.200258,2.394,2.4849
-0.627342,-0.200258,2.394,2.48292
-0.619572,-0.200258,2.394,2.48097
-0.611802,-0.200258,2.394,2.47904
-0.604031,-0.200258,2.394,2.47713
-0.596261,-0.200258,2.394,2.47525
-0.588491,-0.200258,2.394,2.47339
-0.58072,-0.200258,2.394,2.47155
-0.57295,-0.200258,2.394,2.46974
-0.56518,-0.200258,2.394,2.46795
-0.561368,-0.20168,2.411,2.48369
-0.553542,-0.20168,2.411,2.48194
-0.545717,-0.20168,2.411,2.4802
-0.537891,-0.20168,2.411,2.47849
-0.530066,-0.20168,2.411,2.47681
-0.52224,-0.20168,2.411,2.47514
-0.514415,-0.20168,2.411,2.4735
-0.510161,-0.203102,2.428,2.48932
-0.50228,-0.203102,2.428,2.48771
-0.497861,-0.204524,2.445,2.50354
-0.489925,-0.204524,2.445,2.50198
-0.485538,-0.20603,2.463,2.51884
-0.477544,-0.20603,2.463,2.51731
-0.469549,-0.20603,2.463,2.51581
-0.461555,-0.20603,2.463,2.51433
-0.453561,-0.20603,2.463,2.51287
-0.448823,-0.207535,2.481,2.5298
-0.44077,-0.207535,2.481,2.52838
-0.432717,-0.207535,2.481,2.52699
-0.424665,-0.207535,2.481,2.52562
-0.416612,-0.207535,2.481,2.52428
-0.408559,-0.207535,2.481,2.52297
-0.400506,-0.207535,2.481,2.52167
-0.395301,-0.209041,2.499,2.53869
-0.38719,-0.209041,2.499,2.53744
-0.379079,-0.209041,2.499,2.53622
-0.370968,-0.209041,2.499,2.53502
-0.362857,-0.209041,2.499,2.53384
-0.354745,-0.209041,2.499,2.53269
-0.346634,-0.209041,2.499,2.53157
-0.338523,-0.209041,2.499,2.53047
-0.330412,-0.209041,2.499,2.5294
-0.322301,-0.209041,2.499,2.52835
-0.31419,-0.209041,2.499,2.52733
-0.306079,-0.209041,2.499,2.52634
-0.297967,-0.209041,2.499,2.52537
-0.289856,-0.209041,2.499,2.52442
-0.281745,-0.209041,2.499,2.52351
-0.273634,-0.209041,2.499,2.52261
-0.265523,-0.209041,2.499,2.52175
-0.257412,-0.209041,2.499,2.5209
-0.249301,-0.209041,2.499,2.52009
-0.24119,-0.209041,2.499,2.5193
-0.234757,-0.210547,2.517,2.53668
-0.226588,-0.210547,2.517,2.53593
-0.218418,-0.210547,2.517,2.53522
-0.210249,-0.210547,2.517,2.53453
-0.202079,-0.210547,2.517,2.53386
-0.193909,-0.210547,2.517,2.53322
-0.187142,-0.212136,2.536,2.55173
-0.178911,-0.212136,2.536,2.55114
-0.170679,-0.212136,2.536,2.55057
-0.163665,-0.213725,2.555,2.56914
-0.155372,-0.213725,2.555,2.56863
-0.14708,-0.213725,2.555,2.56814
-0.138787,-0.213725,2.555,2.56768
-0.130494,-0.213725,2.555,2.56724
-0.122201,-0.213725,2.555,2.56683
-0.113908,-0.213725,2.555,2.56645
-0.105615,-0.213725,2.555,2.5661
-0.0973222,-0.213725,2.555,2.56577
-0.0890293,-0.213725,2.555,2.56547
-0.080136,-0.212136,2.536,2.54612
-0.0719048,-0.212136,2.536,2.54587
-0.0636736,-0.212136,2.536,2.54565
-0.0554423,-0.212136,2.536,2.54546
-0.0468574,-0.210547,2.517,2.52623
-0.0386878,-0.210547,2.517,2.52609
-0.0305183,-0.210547,2.517,2.52598
-0.0223487,-0.210547,2.517,2.52589
-0.0141792,-0.210547,2.517,2.52583
-0.00600962,-0.210547,2.517,2.5258
0.00215994,-0.210547,2.517,2.52579
0.0103295,-0.210547,2.517,2.52581
0.0183668,-0.209041,2.499,2.5078
0.0264779,-0.209041,2.499,2.50787
0.0348382,-0.210547,2.517,2.52603
0.0430077,-0.210547,2.517,2.52616
0.0508113,-0.209041,2.499,2.50824
0.0589224,-0.209041,2.499,2.50842
0.0670336,-0.209041,2.499,2.50862
0.0751447,-0.209041,2.499,2.50885
0.0838555,-0.210547,2.517,2.52718
0.0920251,-0.210547,2.517,2.52747
0.100195,-0.210547,2.517,2.52778
0.108364,-0.210547,2.517,2.52811
0.116534,-0.210547,2.517,2.52848
0.124703,-0.210547,2.517,2.52887
0.133876,-0.212136,2.536,2.54838
0.142107,-0.212136,2.536,2.54882
0.150338,-0.212136,2.536,2.54929
0.15857,-0.212136,2.536,2.54979
0.166801,-0.212136,2.536,2.55032
0.175032,-0.212136,2.536,2.55087
0.183263,-0.212136,2.536,2.55145
0.192929,-0.213725,2.555,2.57117
0.201222,-0.213725,2.555,2.57181
0.209515,-0.213725,2.555,2.57247
0.217808,-0.213725,2.555,2.57316
0.226101,-0.213725,2.555,2.57387
0.234394,-0.213725,2.555,2.57462
0.242687,-0.213725,2.555,2.57538
0.250979,-0.213725,2.555,2.57618
0.259272,-0.213725,2.555,2.577
0.267565,-0.213725,2.555,2.57785
0.275858,-0.213725,2.555,2.57872
0.284151,-0.213725,2.555,2.57962
0.290269,-0.212136,2.536,2.56136
0.2985,-0.212136,2.536,2.5623
0.306732,-0.212136,2.536,2.56328
0.314963,-0.212136,2.536,2.56427
0.323194,-0.212136,2.536,2.5653
0.331425,-0.212136,2.536,2.56635
0.337112,-0.210547,2.517,2.54819
0.345281,-0.210547,2.517,2.54928
0.353451,-0.210547,2.517,2.5504
0.36162,-0.210547,2.517,2.55155
0.36979,-0.210547,2.517,2.55272
0.37796,-0.210547,2.517,2.55391
0.386129,-0.210547,2.517,2.55514
0.394299,-0.210547,2.517,2.55638
0.39959,-0.209041,2.499,2.53936
0.407701,-0.209041,2.499,2.54065
0.415812,-0.209041,2.499,2.54197
0.42087,-0.207535,2.481,2.52499
0.428923,-0.207535,2.481,2.52634
0.436975,-0.207535,2.481,2.52772
0.441799,-0.20603,2.463,2.51078
0.449794,-0.20603,2.463,2.5122
0.457788,-0.20603,2.463,2.51364
0.465782,-0.20603,2.463,2.51511
0.473776,-0.20603,2.463,2.5166
0.481771,-0.20603,2.463,2.51812
0.486186,-0.204524,2.445,2.50125
0.494122,-0.204524,2.445,2.5028
0.502058,-0.204524,2.445,2.50438
0.509993,-0.204524,2.445,2.50598
0.517929,-0.204524,2.445,2.50761
0.525865,-0.204524,2.445,2.50926
0.533801,-0.204524,2.445,2.51094
0.541737,-0.204524,2.445,2.51263
0.549673,-0.204524,2.445,2.51436
0.557609,-0.204524,2.445,2.5161
0.565544,-0.204524,2.445,2.51788
0.57348,-0.204524,2.445,2.51967
0.581416,-0.204524,2.445,2.52149
0.589352,-0.204524,2.445,2.52333
0.597288,-0.204524,2.445,2.52519
0.605224,-0.204524,2.445,2.52708
0.61316,-0.204524,2.445,2.529
0.625668,-0.20603,2.463,2.54956
0.633662,-0.20603,2.463,2.55154
0.641657,-0.20603,2.463,2.55353
0.649651,-0.20603,2.463,2.55556
0.657645,-0.20603,2.463,2.5576
0.665639,-0.20603,2.463,2.55967
0.673634,-0.20603,2.463,2.56176
0.686609,-0.207535,2.481,2.58261
0.694662,-0.207535,2.481,2.58476
0.702715,-0.207535,2.481,2.58694
0.710768,-0.207535,2.481,2.58914
0.724035,-0.209041,2.499,2.61016
0.732147,-0.209041,2.499,2.61242
0.740258,-0.209041,2.499,2.6147
0.748369,-0.209041,2.499,2.61701
0.761929,-0.210547,2.517,2.63821
0.770098,-0.210547,2.517,2.64058
0.772702,-0.209041,2.499,2.62407
0.780813,-0.209041,2.499,2.62647
0.788924,-0.209041,2.499,2.6289
0.802777,-0.210547,2.517,2.6503
0.810946,-0.210547,2.517,2.65278
0.813258,-0.209041,2.499,2.6363
0.821369,-0.209041,2.499,2.63882
0.82948,-0.209041,2.499,2.64135
0.837591,-0.209041,2.499,2.64391
0.845702,-0.209041,2.499,2.64649
0.847664,-0.207535,2.481,2.63001
0.855716,-0.207535,2.481,2.63262
0.863769,-0.207535,2.481,2.63525
0.871822,-0.207535,2.481,2.6379
0.879874,-0.207535,2.481,2.64057
0.887927,-0.207535,2.481,2.64326
0.889479,-0.20603,2.463,2.62678
0.897474,-0.20603,2.463,2.6295
0.905468,-0.20603,2.463,2.63224
0.906787,-0.204524,2.445,2.61574
0.914722,-0.204524,2.445,2.61851
0.922658,-0.204524,2.445,2.62129
0.924124,-0.203102,2.428,2.60585
0.932004,-0.203102,2.428,2.60865
0.939885,-0.203102,2.428,2.61148
0.947766,-0.203102,2.428,2.61433
0.948955,-0.20168,2.411,2.59887
0.956781,-0.20168,2.411,2.60174
0.964606,-0.20168,2.411,2.60462
0.979289,-0.203102,2.428,2.62592
nan,nan,nan,NaN
nan,nan,nan,NaN
nan,nan,nan,NaN
nan,nan,nan,NaN
nan,nan,nan,NaN
nan,nan,nan,NaN
nan,nan,nan,NaN
nan,nan,nan,NaN
nan,nan,nan,NaN
nan,nan,nan,NaN
nan,nan,nan,NaN
nan,nan,nan,NaN
nan,nan,nan,NaN
nan,nan,nan,NaN
nan,nan,nan,NaN
nan,nan,nan,NaN
nan,nan,nan,NaN
nan,nan,nan,NaN
nan,nan,nan,NaN
1.76154,-0.314691,3.762,4.1659
1.77375,-0.314691,3.762,4.17108
1.78596,-0.314691,3.762,4.17628
1.79817,-0.314691,3.762,4.18152
1.81038,-0.314691,3.762,4.18679
1.8226,-0.314691,3.762,4.19208
1.83481,-0.314691,3.762,4.1974
1.84702,-0.314691,3.762,4.20275
1.85923,-0.314691,3.762,4.20814
1.89233,-0.318204,3.804,4.26059
1.90468,-0.318204,3.804,4.26608
1.91702,-0.318204,3.804,4.27161
nan,nan,nan,NaN
nan,nan,nan,NaN
nan,nan,nan,NaN
nan,nan,nan,NaN
nan,nan,nan,NaN
nan,nan,nan,NaN
nan,nan,nan,NaN
nan,nan,nan,NaN
2.05054,-0.321718,3.846,4.37035
2.04049,-0.318204,3.804,4.32843
2.05284,-0.318204,3.804,4.33426
2.02013,-0.311261,3.721,4.24543
2.0322,-0.311261,3.721,4.25119
2.04428,-0.311261,3.721,4.25697
2.03425,-0.307915,3.681,4.21696
2.02452,-0.304653,3.642,4.178
2.03634,-0.304653,3.642,4.18374
2.02679,-0.301474,3.604,4.14579
1.99607,-0.2952,3.529,4.06513
2.00752,-0.2952,3.529,4.07077
1.99838,-0.292189,3.493,4.03484
1.98958,-0.289261,3.458,3.99998
2.00081,-0.289261,3.458,4.00558
1.99166,-0.286334,3.423,3.9706
2.00277,-0.286334,3.423,3.97618
1.99388,-0.283489,3.389,3.94224
2.00488,-0.283489,3.389,3.94781
1.99625,-0.280729,3.356,3.91492
1.96887,-0.275375,3.292,3.84572
1.97955,-0.275375,3.292,3.8512
1.97089,-0.272699,3.26,3.81921
1.96324,-0.270189,3.23,3.78949
1.97372,-0.270189,3.23,3.79493
1.98421,-0.270189,3.23,3.80039
nan,nan,nan,NaN
nan,nan,nan,NaN
1.94202,-0.260318,3.112,3.67747
1.91762,-0.255718,3.057,3.61772
1.92754,-0.255718,3.057,3.62299
1.92035,-0.253459,3.03,3.59623
1.89642,-0.249026,2.977,3.5385
1.90609,-0.249026,2.977,3.54369
1.91575,-0.249026,2.977,3.54889
1.89243,-0.24476,2.926,3.49323
1.88567,-0.242668,2.901,3.46849
1.89509,-0.242668,2.901,3.47362
1.85724,-0.236646,2.829,3.39243
1.85125,-0.234722,2.806,3.36984
1.86035,-0.234722,2.806,3.37486
1.83948,-0.230957,2.761,3.32568
1.83371,-0.229117,2.739,3.30411
1.8426,-0.229117,2.739,3.30905
1.82243,-0.22552,2.696,3.26198
1.80265,-0.222007,2.654,3.21598
-2.08328,-0.241456,3.003,3.66284
-2.07353,-0.241456,3.003,3.6573
-2.06379,-0.241456,3.003,3.65178
-2.01847,-0.237275,2.951,3.58314
-2.00889,-0.237275,2.951,3.57776
-1.99931,-0.237275,2.951,3.57239
-1.97288,-0.235265,2.926,3.53682
-1.96338,-0.235265,2.926,3.53153
-1.97058,-0.237275,2.951,3.55639
-1.961,-0.237275,2.951,3.55109
-1.95142,-0.237275,2.951,3.54581
-1.95895,-0.239366,2.977,3.57174
-1.94929,-0.239366,2.977,3.56645
-1.95657,-0.241456,3.003,3.59228
-1.94682,-0.241456,3.003,3.58698
-1.95449,-0.243627,3.03,3.6139
-1.94466,-0.243627,3.03,3.60859
-1.95206,-0.245798,3.057,3.63541
-1.94214,-0.245798,3.057,3.63009
-1.93222,-0.245798,3.057,3.62479
-1.9223,-0.245798,3.057,3.61951
-1.91237,-0.245798,3.057,3.61425
-1.90245,-0.245798,3.057,3.60901
-1.89253,-0.245798,3.057,3.60379
-1.88261,-0.245798,3.057,3.59859
-1.87268,-0.245798,3.057,3.59341
-1.84631,-0.243627,3.03,3.55656
-1.83648,-0.243627,3.03,3.55146
-1.84292,-0.245798,3.057,3.57799
-1.80062,-0.241456,3.003,3.50978
-1.79087,-0.241456,3.003,3.50479
nan,nan,nan,NaN
nan,nan,nan,NaN
nan,nan,nan,NaN
nan,nan,nan,NaN
nan,nan,nan,NaN
nan,nan,nan,NaN
nan,nan,nan,NaN
nan,nan,nan,NaN
nan,nan,nan,NaN
nan,nan,nan,NaN
nan,nan,nan,NaN
nan,nan,nan,NaN
nan,nan,nan,NaN
nan,nan,nan,NaN
nan,nan,nan,NaN
nan,nan,nan,NaN
nan,nan,nan,NaN
nan,nan,nan,NaN
nan,nan,nan,NaN
nan,nan,nan,NaN
nan,nan,nan,NaN
nan,nan,nan,NaN
nan,nan,nan,NaN
nan,nan,nan,NaN
nan,nan,nan,NaN
nan,nan,nan,NaN
nan,nan,nan,NaN
nan,nan,nan,NaN
nan,nan,nan,NaN
nan,nan,nan,NaN
nan,nan,nan,NaN
nan,nan,nan,NaN
-1.17127,-0.19249,2.394,2.67211
-1.15523,-0.191123,2.377,2.64976
-1.14752,-0.191123,2.377,2.6464
-1.1398,-0.191123,2.377,2.64307
-1.13209,-0.191123,2.377,2.63975
-1.1168,-0.189836,2.361,2.6187
-1.10914,-0.189836,2.361,2.61544
-1.10148,-0.189836,2.361,2.6122
-1.09381,-0.189836,2.361,2.60898
-1.08615,-0.189836,2.361,2.60578
-1.07849,-0.189836,2.361,2.60259
-1.07082,-0.189836,2.361,2.59943
-1.06316,-0.189836,2.361,2.59628
-1.04835,-0.18855,2.345,2.57558
-1.04073,-0.18855,2.345,2.57249
-1.03312,-0.18855,2.345,2.56942
-1.02551,-0.18855,2.345,2.56637
-1.0179,-0.18855,2.345,2.56334
-1.01029,-0.18855,2.345,2.56032
-1.00268,-0.18855,2.345,2.55733
-1.00186,-0.189836,2.361,2.57178
-0.987455,-0.18855,2.345,2.5514
-0.979844,-0.18855,2.345,2.54846
-0.972232,-0.18855,2.345,2.54555
-0.964621,-0.18855,2.345,2.54265
-0.95701,-0.18855,2.345,2.53977
-0.949399,-0.18855,2.345,2.53691
-0.941787,-0.18855,2.345,2.53408
-0.934176,-0.18855,2.345,2.53126
-0.926565,-0.18855,2.345,2.52846
-0.918953,-0.18855,2.345,2.52568
-0.911342,-0.18855,2.345,2.52292
-0.903731,-0.18855,2.345,2.52018
-0.89612,-0.18855,2.345,2.51746
-0.888508,-0.18855,2.345,2.51476
-0.880897,-0.18855,2.345,2.51208
-0.873286,-0.18855,2.345,2.50942
-0.865674,-0.18855,2.345,2.50678
-0.858063,-0.18855,2.345,2.50417
-0.844649,-0.187263,2.329,2.4845
-0.83709,-0.187263,2.329,2.48194
-0.829531,-0.187263,2.329,2.4794
-0.827618,-0.18855,2.345,2.4939
-0.820007,-0.18855,2.345,2.49138
-0.812395,-0.18855,2.345,2.48889
-0.804784,-0.18855,2.345,2.48641
-0.797173,-0.18855,2.345,2.48396
-0.789562,-0.18855,2.345,2.48153
-0.78195,-0.18855,2.345,2.47912
-0.774339,-0.18855,2.345,2.47673
-0.766728,-0.18855,2.345,2.47436
-0.759116,-0.18855,2.345,2.47201
-0.751505,-0.18855,2.345,2.46968
-0.743894,-0.18855,2.345,2.46738
-0.736283,-0.18855,2.345,2.46509
-0.728671,-0.18855,2.345,2.46283
-0.72598,-0.189836,2.361,2.47738
-0.718317,-0.189836,2.361,2.47514
-0.710653,-0.189836,2.361,2.47293
-0.70299,-0.189836,2.361,2.47074
-0.695327,-0.189836,2.361,2.46857
-0.687664,-0.189836,2.361,2.46642
-0.68,-0.189836,2.361,2.4643
-0.676894,-0.191123,2.377,2.47888
-0.669178,-0.191123,2.377,2.47678
-0.661463,-0.191123,2.377,2.47471
-0.653748,-0.191123,2.377,2.47266
-0.646033,-0.191123,2.377,2.47063
-0.638318,-0.191123,2.377,2.46862
-0.630603,-0.191123,2.377,2.46664
-0.627342,-0.19249,2.394,2.48231
-0.619572,-0.19249,2.394,2.48035
-0.611802,-0.19249,2.394,2.47843
-0.604031,-0.19249,2.394,2.47652
-0.596261,-0.19249,2.394,2.47463
-0.588491,-0.19249,2.394,2.47277
-0.58072,-0.19249,2.394,2.47094
-0.57295,-0.19249,2.394,2.46912
-0.56518,-0.19249,2.394,2.46733
-0.561368,-0.193857,2.411,2.48307
-0.553542,-0.193857,2.411,2.48131
-0.545717,-0.193857,2.411,2.47958
-0.537891,-0.193857,2.411,2.47787
-0.530066,-0.193857,2.411,2.47618
-0.52224,-0.193857,2.411,2.47452
-0.518042,-0.195223,2.428,2.49031
-0.510161,-0.195223,2.428,2.48869
-0.50228,-0.195223,2.428,2.48708
-0.497861,-0.19659,2.445,2.50291
-0.489925,-0.19659,2.445,2.50134
-0.485538,-0.198038,2.463,2.5182
-0.477544,-0.198038,2.463,2.51667
-0.469549,-0.198038,2.463,2.51517
-0.461555,-0.198038,2.463,2.51369
-0.453561,-0.198038,2.463,2.51223
-0.448823,-0.199485,2.481,2.52915
-0.44077,-0.199485,2.481,2.52773
-0.432717,-0.199485,2.481,2.52634
-0.424665,-0.199485,2.481,2.52497
-0.419634,-0.200932,2.499,2.54194
-0.411523,-0.200932,2.499,2.54062
-0.403412,-0.200932,2.499,2.53931
-0.395301,-0.200932,2.499,2.53804
-0.38719,-0.200932,2.499,2.53679
-0.379079,-0.200932,2.499,2.53556
-0.370968,-0.200932,2.499,2.53436
-0.362857,-0.200932,2.499,2.53319
-0.354745,-0.200932,2.499,2.53204
-0.349131,-0.20238,2.517,2.54914
-0.340961,-0.20238,2.517,2.54804
-0.332792,-0.20238,2.517,2.54696
-0.324622,-0.20238,2.517,2.5459
-0.316453,-0.20238,2.517,2.54488
-0.308283,-0.20238,2.517,2.54387
-0.300114,-0.20238,2.517,2.5429
-0.291944,-0.20238,2.517,2.54194
-0.283775,-0.20238,2.517,2.54102
-0.275605,-0.20238,2.517,2.54012
-0.267435,-0.20238,2.517,2.53925
-0.259266,-0.20238,2.517,2.5384
-0.251096,-0.20238,2.517,2.53758
-0.242927,-0.20238,2.517,2.53678
-0.234757,-0.20238,2.517,2.53601
-0.228298,-0.203907,2.536,2.55441
-0.220067,-0.203907,2.536,2.55368
-0.211836,-0.203907,2.536,2.55299
-0.203604,-0.203907,2.536,2.55232
-0.195373,-0.203907,2.536,2.55167
-0.188544,-0.205435,2.555,2.57017
-0.180251,-0.205435,2.555,2.56958
-0.171958,-0.205435,2.555,2.56901
-0.163665,-0.205435,2.555,2.56847
-0.155372,-0.205435,2.555,2.56795
-0.14708,-0.205435,2.555,2.56746
-0.138787,-0.205435,2.555,2.567
-0.130494,-0.205435,2.555,2.56657
-0.122201,-0.205435,2.555,2.56616
-0.113908,-0.205435,2.555,2.56578
-0.105615,-0.205435,2.555,2.56542
-0.0973222,-0.205435,2.555,2.56509
-0.0890293,-0.205435,2.555,2.56479
-0.080136,-0.203907,2.536,2.54545
-0.0719048,-0.203907,2.536,2.5452
-0.0636736,-0.203907,2.536,2.54498
-0.0554423,-0.203907,2.536,2.54479
-0.0468574,-0.20238,2.517,2.52556
-0.0386878,-0.20238,2.517,2.52542
-0.0305183,-0.20238,2.517,2.52531
-0.0223487,-0.20238,2.517,2.52522
-0.0141792,-0.20238,2.517,2.52516
-0.00600962,-0.20238,2.517,2.52513
0.00215994,-0.20238,2.517,2.52512
0.0103295,-0.20238,2.517,2.52514
0.0183668,-0.200932,2.499,2.50713
0.0264779,-0.200932,2.499,2.5072
0.0348382,-0.20238,2.517,2.52536
0.0427002,-0.200932,2.499,2.50743
0.0508113,-0.200932,2.499,2.50758
0.0589224,-0.200932,2.499,2.50776
0.0670336,-0.200932,2.499,2.50796
0.0751447,-0.200932,2.499,2.50819
0.0838555,-0.20238,2.517,2.52652
0.0920251,-0.20238,2.517,2.5268
0.100195,-0.20238,2.517,2.52711
0.108364,-0.20238,2.517,2.52745
0.116534,-0.20238,2.517,2.52781
0.124703,-0.20238,2.517,2.5282
0.132873,-0.20238,2.517,2.52862
0.142107,-0.203907,2.536,2.54815
0.150338,-0.203907,2.536,2.54862
0.15857,-0.203907,2.536,2.54912
0.166801,-0.203907,2.536,2.54965
0.175032,-0.203907,2.536,2.5502
0.183263,-0.203907,2.536,2.55078
0.192929,-0.205435,2.555,2.5705
0.201222,-0.205435,2.555,2.57113
0.209515,-0.205435,2.555,2.57179
0.217808,-0.205435,2.555,2.57248
0.226101,-0.205435,2.555,2.5732
0.234394,-0.205435,2.555,2.57394
0.242687,-0.205435,2.555,2.57471
0.250979,-0.205435,2.555,2.5755
0.259272,-0.205435,2.555,2.57632
0.267565,-0.205435,2.555,2.57717
0.275858,-0.205435,2.555,2.57805
0.284151,-0.205435,2.555,2.57895
0.290269,-0.203907,2.536,2.56069
0.2985,-0.203907,2.536,2.56164
0.306732,-0.203907,2.536,2.56261
0.314963,-0.203907,2.536,2.56361
0.323194,-0.203907,2.536,2.56463
0.328942,-0.20238,2.517,2.54646
0.337112,-0.20238,2.517,2.54753
0.345281,-0.20238,2.517,2.54862
0.353451,-0.20238,2.517,2.54974
0.36162,-0.20238,2.517,2.55089
0.367146,-0.200932,2.499,2.53381
0.375257,-0.200932,2.499,2.53499
0.383368,-0.200932,2.499,2.53621
0.391479,-0.200932,2.499,2.53745
0.39959,-0.200932,2.499,2.53871
0.407701,-0.200932,2.499,2.54
0.412817,-0.199485,2.481,2.52301
0.42087,-0.199485,2.481,2.52434
0.428923,-0.199485,2.481,2.52569
0.436975,-0.199485,2.481,2.52707
0.445028,-0.199485,2.481,2.52848
0.453081,-0.199485,2.481,2.52991
0.461134,-0.199485,2.481,2.53136
0.469186,-0.199485,2.481,2.53284
0.473776,-0.198038,2.463,2.51596
0.481771,-0.198038,2.463,2.51748
0.489765,-0.198038,2.463,2.51902
0.497759,-0.198038,2.463,2.52059
0.505754,-0.198038,2.463,2.52218
0.513748,-0.198038,2.463,2.52379
0.521742,-0.198038,2.463,2.52543
0.525865,-0.19659,2.445,2.50863
0.533801,-0.19659,2.445,2.5103
0.541737,-0.19659,2.445,2.512
0.549673,-0.19659,2.445,2.51373
0.561714,-0.198038,2.463,2.53399
0.569708,-0.198038,2.463,2.53578
0.577702,-0.198038,2.463,2.53758
0.585697,-0.198038,2.463,2.53941
0.593691,-0.198038,2.463,2.54127
0.601685,-0.198038,2.463,2.54315
0.609679,-0.198038,2.463,2.54505
0.617674,-0.198038,2.463,2.54698
0.625668,-0.198038,2.463,2.54893
0.633662,-0.198038,2.463,2.5509
0.641657,-0.198038,2.463,2.5529
0.649651,-0.198038,2.463,2.55492
0.657645,-0.198038,2.463,2.55697
0.665639,-0.198038,2.463,2.55904
0.673634,-0.198038,2.463,2.56113
0.686609,-0.199485,2.481,2.58197
0.694662,-0.199485,2.481,2.58413
0.702715,-0.199485,2.481,2.5863
0.710768,-0.199485,2.481,2.5885
0.724035,-0.200932,2.499,2.60952
0.732147,-0.200932,2.499,2.61178
0.740258,-0.200932,2.499,2.61407
0.748369,-0.200932,2.499,2.61638
0.761929,-0.20238,2.517,2.63757
0.770098,-0.20238,2.517,2.63994
0.778268,-0.20238,2.517,2.64234
0.786437,-0.20238,2.517,2.64476
0.794607,-0.20238,2.517,2.6472
0.802777,-0.20238,2.517,2.64966
0.810946,-0.20238,2.517,2.65215
0.819116,-0.20238,2.517,2.65466
0.821369,-0.200932,2.499,2.63819
0.82948,-0.200932,2.499,2.64072
0.837591,-0.200932,2.499,2.64328
0.845702,-0.200932,2.499,2.64586
0.853814,-0.200932,2.499,2.64847
0.861925,-0.200932,2.499,2.65109
0.870036,-0.200932,2.499,2.65374
0.871822,-0.199485,2.481,2.63728
0.879874,-0.199485,2.481,2.63995
0.887927,-0.199485,2.481,2.64264
0.889479,-0.198038,2.463,2.62617
0.897474,-0.198038,2.463,2.62889
0.905468,-0.198038,2.463,2.63163
0.913462,-0.198038,2.463,2.63439
0.914722,-0.19659,2.445,2.6179
0.922658,-0.19659,2.445,2.62068
0.924124,-0.195223,2.428,2.60525
0.932004,-0.195223,2.428,2.60805
0.939885,-0.195223,2.428,2.61088
0.947766,-0.195223,2.428,2.61372
0.948955,-0.193857,2.411,2.59827
0.956781,-0.193857,2.411,2.60114
0.964606,-0.193857,2.411,2.60403
0.979289,-0.195223,2.428,2.62532
nan,nan,nan,NaN
nan,nan,nan,NaN
nan,nan,nan,NaN
nan,nan,nan,NaN
nan,nan,nan,NaN
nan,nan,nan,NaN
nan,nan,nan,NaN
nan,nan,nan,NaN
nan,nan,nan,NaN
nan,nan,nan,NaN
nan,nan,nan,NaN
nan,nan,nan,NaN
nan,nan,nan,NaN
nan,nan,nan,NaN
nan,nan,nan,NaN
nan,nan,nan,NaN
nan,nan,nan,NaN
nan,nan,nan,NaN
nan,nan,nan,NaN
1.76154,-0.302484,3.762,4.16499
1.77375,-0.302484,3.762,4.17017
1.78596,-0.302484,3.762,4.17538
1.79817,-0.302484,3.762,4.18062
1.81038,-0.302484,3.762,4.18589
1.8226,-0.302484,3.762,4.19118
1.83481,-0.302484,3.762,4.19651
1.84702,-0.302484,3.762,4.20186
1.85923,-0.302484,3.762,4.20724
nan,nan,nan,NaN
nan,nan,nan,NaN
nan,nan,nan,NaN
nan,nan,nan,NaN
nan,nan,nan,NaN
nan,nan,nan,NaN
nan,nan,nan,NaN
nan,nan,nan,NaN
nan,nan,nan,NaN
nan,nan,nan,NaN
nan,nan,nan,NaN
2.05054,-0.309238,3.846,4.36945
2.04049,-0.305861,3.804,4.32754
2.05284,-0.305861,3.804,4.33337
2.02013,-0.299187,3.721,4.24456
2.0322,-0.299187,3.721,4.25032
2.04428,-0.299187,3.721,4.25611
2.03425,-0.295971,3.681,4.21611
2.02452,-0.292835,3.642,4.17715
2.03634,-0.292835,3.642,4.18289
2.02679,-0.28978,3.604,4.14496
1.99607,-0.283749,3.529,4.06431
2.00752,-0.283749,3.529,4.06995
1.99838,-0.280855,3.493,4.03404
1.98958,-0.278041,3.458,3.99919
1.98055,-0.275227,3.423,3.96425
1.99166,-0.275227,3.423,3.96981
1.98288,-0.272493,3.389,3.93591
1.97447,-0.269839,3.356,3.90308
1.98536,-0.269839,3.356,3.90861
1.97722,-0.267266,3.324,3.87683
1.96887,-0.264693,3.292,3.84497
1.97955,-0.264693,3.292,3.85045
1.97089,-0.262121,3.26,3.81847
1.9444,-0.257216,3.199,3.75239
1.95478,-0.257216,3.199,3.75778
1.96516,-0.257216,3.199,3.76319
nan,nan,nan,NaN
nan,nan,nan,NaN
1.92455,-0.247969,3.084,3.64368
1.91762,-0.245798,3.057,3.61703
1.92754,-0.245798,3.057,3.6223
1.92035,-0.243627,3.03,3.59555
1.89642,-0.239366,2.977,3.53783
1.88944,-0.237275,2.951,3.51208
1.89902,-0.237275,2.951,3.51724
1.89243,-0.235265,2.926,3.49258
1.87007,-0.231325,2.877,3.43916
1.87941,-0.231325,2.877,3.44425
1.85724,-0.227466,2.829,3.3918
1.83607,-0.223767,2.783,3.34161
1.84511,-0.223767,2.783,3.34658
1.83948,-0.221998,2.761,3.32507
1.81899,-0.218461,2.717,3.27697
1.8278,-0.218461,2.717,3.28187
1.82243,-0.216772,2.696,3.26139
1.80265,-0.213395,2.654,3.2154
-2.08328,-0.231712,3.003,3.66221
-2.05558,-0.229706,2.977,3.62501
-2.04592,-0.229706,2.977,3.61954
-2.01847,-0.2277,2.951,3.58252
-1.99187,-0.225771,2.926,3.54683
-1.98238,-0.225771,2.926,3.54151
-1.95602,-0.223842,2.901,3.50599
-1.94661,-0.223842,2.901,3.50074
-1.95389,-0.225771,2.926,3.52564
-1.94439,-0.225771,2.926,3.52038
-1.93489,-0.225771,2.926,3.51515
-1.92539,-0.225771,2.926,3.50993
-1.9159,-0.225771,2.926,3.50473
-1.92269,-0.2277,2.951,3.52944
-1.92997,-0.229706,2.977,3.55529
-1.9203,-0.229706,2.977,3.55005
-1.91064,-0.229706,2.977,3.54483
-1.90098,-0.229706,2.977,3.53963
-1.90783,-0.231712,3.003,3.56532
-1.89809,-0.231712,3.003,3.56012
-1.90532,-0.233795,3.03,3.58689
-1.89548,-0.233795,3.03,3.58168
-1.86885,-0.231712,3.003,3.54461
-1.8591,-0.231712,3.003,3.53948
-1.84935,-0.231712,3.003,3.53437
-1.8396,-0.231712,3.003,3.52928
-1.81401,-0.229706,2.977,3.4937
-1.80435,-0.229706,2.977,3.48869
nan,nan,nan,NaN
-1.76944,-0.2277,2.951,3.44836
-1.75986,-0.2277,2.951,3.44345
nan,nan,nan,NaN
nan,nan,nan,NaN
nan,nan,nan,NaN
nan,nan,nan,NaN
nan,nan,nan,NaN
nan,nan,nan,NaN
nan,nan,nan,NaN
nan,nan,nan,NaN
nan,nan,nan,NaN
nan,nan,nan,NaN
nan,nan,nan,NaN
nan,nan,nan,NaN
nan,nan,nan,NaN
nan,nan,nan,NaN
nan,nan,nan,NaN
nan,nan,nan,NaN
nan,nan,nan,NaN
nan,nan,nan,NaN
nan,nan,nan,NaN
nan,nan,nan,NaN
nan,nan,nan,NaN
nan,nan,nan,NaN
nan,nan,nan,NaN
nan,nan,nan,NaN
nan,nan,nan,NaN
nan,nan,nan,NaN
nan,nan,nan,NaN
nan,nan,nan,NaN
nan,nan,nan,NaN
nan,nan,nan,NaN
nan,nan,nan,NaN
nan,nan,nan,NaN
-1.17127,-0.184722,2.394,2.67156
-1.1635,-0.184722,2.394,2.66816
-1.14752,-0.18341,2.377,2.64586
-1.1398,-0.18341,2.377,2.64252
-1.13209,-0.18341,2.377,2.6392
-1.12437,-0.18341,2.377,2.6359
-1.11666,-0.18341,2.377,2.63262
-1.10894,-0.18341,2.377,2.62936
-1.10123,-0.18341,2.377,2.62611
-1.09351,-0.18341,2.377,2.62289
-1.0858,-0.18341,2.377,2.61968
-1.07082,-0.182175,2.361,2.59888
-1.06316,-0.182175,2.361,2.59573
-1.0555,-0.182175,2.361,2.5926
-1.04784,-0.182175,2.361,2.58949
-1.04017,-0.182175,2.361,2.5864
-1.03251,-0.182175,2.361,2.58333
-1.02485,-0.182175,2.361,2.58027
-1.01718,-0.182175,2.361,2.57724
-1.00952,-0.182175,2.361,2.57423
-1.00186,-0.182175,2.361,2.57123
-0.994193,-0.182175,2.361,2.56825
-0.986529,-0.182175,2.361,2.5653
-0.978866,-0.182175,2.361,2.56236
-0.971203,-0.182175,2.361,2.55944
-0.96354,-0.182175,2.361,2.55654
-0.955876,-0.182175,2.361,2.55367
-0.948213,-0.182175,2.361,2.55081
-0.94055,-0.182175,2.361,2.54797
-0.932887,-0.182175,2.361,2.54515
-0.925224,-0.182175,2.361,2.54235
-0.91756,-0.182175,2.361,2.53957
-0.909897,-0.182175,2.361,2.53681
-0.902234,-0.182175,2.361,2.53407
-0.894571,-0.182175,2.361,2.53136
-0.880897,-0.180941,2.345,2.51152
-0.873286,-0.180941,2.345,2.50886
-0.865674,-0.180941,2.345,2.50622
-0.858063,-0.180941,2.345,2.5036
-0.850452,-0.180941,2.345,2.50101
-0.842841,-0.180941,2.345,2.49843
-0.835229,-0.180941,2.345,2.49587
-0.827618,-0.180941,2.345,2.49333
-0.820007,-0.180941,2.345,2.49082
-0.812395,-0.180941,2.345,2.48832
-0.804784,-0.180941,2.345,2.48585
-0.797173,-0.180941,2.345,2.48339
-0.789562,-0.180941,2.345,2.48096
-0.78195,-0.180941,2.345,2.47855
-0.774339,-0.180941,2.345,2.47616
-0.766728,-0.180941,2.345,2.47379
-0.759116,-0.180941,2.345,2.47144
-0.751505,-0.180941,2.345,2.46911
-0.743894,-0.180941,2.345,2.46681
-0.736283,-0.180941,2.345,2.46452
-0.733643,-0.182175,2.361,2.47906
-0.72598,-0.182175,2.361,2.4768
-0.718317,-0.182175,2.361,2.47457
-0.710653,-0.182175,2.361,2.47235
-0.70299,-0.182175,2.361,2.47016
-0.695327,-0.182175,2.361,2.46799
-0.687664,-0.182175,2.361,2.46584
-0.684609,-0.18341,2.377,2.48041
-0.676894,-0.18341,2.377,2.4783
-0.669178,-0.18341,2.377,2.4762
-0.661463,-0.18341,2.377,2.47413
-0.653748,-0.18341,2.377,2.47207
-0.646033,-0.18341,2.377,2.47005
-0.638318,-0.18341,2.377,2.46804
-0.630603,-0.18341,2.377,2.46606
-0.627342,-0.184722,2.394,2.48172
-0.619572,-0.184722,2.394,2.47976
-0.611802,-0.184722,2.394,2.47783
-0.604031,-0.184722,2.394,2.47593
-0.596261,-0.184722,2.394,2.47404
-0.588491,-0.184722,2.394,2.47218
-0.58072,-0.184722,2.394,2.47034
-0.57295,-0.184722,2.394,2.46853
-0.56518,-0.184722,2.394,2.46674
-0.561368,-0.186033,2.411,2.48247
-0.553542,-0.186033,2.411,2.48071
-0.545717,-0.186033,2.411,2.47898
-0.537891,-0.186033,2.411,2.47727
-0.530066,-0.186033,2.411,2.47558
-0.52224,-0.186033,2.411,2.47392
-0.518042,-0.187345,2.428,2.48971
-0.510161,-0.187345,2.428,2.48808
-0.50228,-0.187345,2.428,2.48648
-0.497861,-0.188657,2.445,2.5023
-0.489925,-0.188657,2.445,2.50073
-0.481989,-0.188657,2.445,2.49919
-0.474054,-0.188657,2.445,2.49767
-0.469549,-0.190046,2.463,2.51455
-0.461555,-0.190046,2.463,2.51307
-0.453561,-0.190046,2.463,2.51161
-0.448823,-0.191435,2.481,2.52853
-0.44077,-0.191435,2.481,2.52711
-0.432717,-0.191435,2.481,2.52572
-0.424665,-0.191435,2.481,2.52435
-0.419634,-0.192823,2.499,2.54131
-0.411523,-0.192823,2.499,2.53999
-0.403412,-0.192823,2.499,2.53869
-0.395301,-0.192823,2.499,2.53741
-0.38719,-0.192823,2.499,2.53616
-0.379079,-0.192823,2.499,2.53493
-0.370968,-0.192823,2.499,2.53373
-0.362857,-0.192823,2.499,2.53256
-0.354745,-0.192823,2.499,2.53141
-0.349131,-0.194212,2.517,2.54851
-0.340961,-0.194212,2.517,2.5474
-0.332792,-0.194212,2.517,2.54632
-0.324622,-0.194212,2.517,2.54527
-0.316453,-0.194212,2.517,2.54424
-0.308283,-0.194212,2.517,2.54324
-0.300114,-0.194212,2.517,2.54226
-0.291944,-0.194212,2.517,2.54131
-0.283775,-0.194212,2.517,2.54038
-0.275605,-0.194212,2.517,2.53948
-0.267435,-0.194212,2.517,2.53861
-0.259266,-0.194212,2.517,2.53776
-0.251096,-0.194212,2.517,2.53694
-0.242927,-0.194212,2.517,2.53614
-0.234757,-0.194212,2.517,2.53537
-0.228298,-0.195678,2.536,2.55376
-0.220067,-0.195678,2.536,2.55304
-0.211836,-0.195678,2.536,2.55234
-0.203604,-0.195678,2.536,2.55167
-0.195373,-0.195678,2.536,2.55103
-0.188544,-0.197144,2.555,2.56952
-0.180251,-0.197144,2.555,2.56893
-0.171958,-0.197144,2.555,2.56836
-0.164882,-0.19861,2.574,2.58691
-0.155372,-0.197144,2.555,2.5673
-0.14708,-0.197144,2.555,2.56681
-0.138787,-0.197144,2.555,2.56635
-0.130494,-0.197144,2.555,2.56591
-0.122201,-0.197144,2.555,2.56551
-0.113908,-0.197144,2.555,2.56512
-0.105615,-0.197144,2.555,2.56477
-0.0973222,-0.197144,2.555,2.56444
-0.0890293,-0.197144,2.555,2.56414
-0.0807364,-0.197144,2.555,2.56387
-0.0724435,-0.197144,2.555,2.56362
-0.0641506,-0.197144,2.555,2.5634
-0.0558577,-0.197144,2.555,2.5632
-0.0472111,-0.195678,2.536,2.54398
-0.0389799,-0.195678,2.536,2.54384
-0.0307487,-0.195678,2.536,2.54372
-0.0223487,-0.194212,2.517,2.52458
-0.0141792,-0.194212,2.517,2.52452
-0.00600962,-0.194212,2.517,2.52449
0.00215994,-0.194212,2.517,2.52448
0.0103295,-0.194212,2.517,2.5245
0.0183668,-0.192823,2.499,2.5065
0.0264779,-0.192823,2.499,2.50657
0.0348382,-0.194212,2.517,2.52472
0.0427002,-0.192823,2.499,2.50679
0.0508113,-0.192823,2.499,2.50694
0.0589224,-0.192823,2.499,2.50712
0.0675164,-0.194212,2.517,2.52538
0.075686,-0.194212,2.517,2.52562
0.0838555,-0.194212,2.517,2.52587
0.0920251,-0.194212,2.517,2.52616
0.100195,-0.194212,2.517,2.52647
0.108364,-0.194212,2.517,2.52681
0.116534,-0.194212,2.517,2.52717
0.124703,-0.194212,2.517,2.52756
0.132873,-0.194212,2.517,2.52798
0.142107,-0.195678,2.536,2.5475
0.150338,-0.195678,2.536,2.54798
0.15857,-0.195678,2.536,2.54848
0.16805,-0.197144,2.555,2.5681
0.176343,-0.197144,2.555,2.56866
0.184636,-0.197144,2.555,2.56924
0.192929,-0.197144,2.555,2.56985
0.202718,-0.19861,2.574,2.5896
0.211073,-0.19861,2.574,2.59027
0.217808,-0.197144,2.555,2.57183
0.226101,-0.197144,2.555,2.57255
0.236137,-0.19861,2.574,2.59243
0.242687,-0.197144,2.555,2.57406
0.250979,-0.197144,2.555,2.57486
0.259272,-0.197144,2.555,2.57568
0.267565,-0.197144,2.555,2.57653
0.275858,-0.197144,2.555,2.5774
0.284151,-0.197144,2.555,2.5783
0.292444,-0.197144,2.555,2.57923
0.2985,-0.195678,2.536,2.56099
0.306732,-0.195678,2.536,2.56197
0.314963,-0.195678,2.536,2.56296
0.323194,-0.195678,2.536,2.56399
0.328942,-0.194212,2.517,2.54582
0.337112,-0.194212,2.517,2.54689
0.345281,-0.194212,2.517,2.54799
0.353451,-0.194212,2.517,2.5491
0.36162,-0.194212,2.517,2.55025
0.367146,-0.192823,2.499,2.53318
0.375257,-0.192823,2.499,2.53436
0.383368,-0.192823,2.499,2.53558
0.391479,-0.192823,2.499,2.53682
0.39959,-0.192823,2.499,2.53808
0.407701,-0.192823,2.499,2.53937
0.412817,-0.191435,2.481,2.52239
0.42087,-0.191435,2.481,2.52372
0.428923,-0.191435,2.481,2.52507
0.436975,-0.191435,2.481,2.52645
0.445028,-0.191435,2.481,2.52786
0.453081,-0.191435,2.481,2.52929
0.461134,-0.191435,2.481,2.53074
0.469186,-0.191435,2.481,2.53222
0.477239,-0.191435,2.481,2.53373
0.485292,-0.191435,2.481,2.53525
0.493344,-0.191435,2.481,2.53681
0.501397,-0.191435,2.481,2.53839
0.50945,-0.191435,2.481,2.53999
0.517502,-0.191435,2.481,2.54162
0.525555,-0.191435,2.481,2.54327
0.529737,-0.190046,2.463,2.52648
0.537731,-0.190046,2.463,2.52817
0.545725,-0.190046,2.463,2.52988
0.553719,-0.190046,2.463,2.53162
0.561714,-0.190046,2.463,2.53338
0.569708,-0.190046,2.463,2.53516
0.577702,-0.190046,2.463,2.53697
0.585697,-0.190046,2.463,2.5388
0.593691,-0.190046,2.463,2.54066
0.601685,-0.190046,2.463,2.54254
0.609679,-0.190046,2.463,2.54444
0.617674,-0.190046,2.463,2.54637
0.625668,-0.190046,2.463,2.54832
0.633662,-0.190046,2.463,2.5503
0.641657,-0.190046,2.463,2.55229
0.649651,-0.190046,2.463,2.55432
0.657645,-0.190046,2.463,2.55636
0.670504,-0.191435,2.481,2.57713
0.678557,-0.191435,2.481,2.57923
0.686609,-0.191435,2.481,2.58136
0.694662,-0.191435,2.481,2.58352
0.702715,-0.191435,2.481,2.58569
0.710768,-0.191435,2.481,2.58789
0.724035,-0.192823,2.499,2.60891
0.732147,-0.192823,2.499,2.61117
0.740258,-0.192823,2.499,2.61346
0.748369,-0.192823,2.499,2.61577
0.761929,-0.194212,2.517,2.63696
0.770098,-0.194212,2.517,2.63933
0.778268,-0.194212,2.517,2.64172
0.786437,-0.194212,2.517,2.64414
0.794607,-0.194212,2.517,2.64658
0.802777,-0.194212,2.517,2.64905
0.810946,-0.194212,2.517,2.65154
0.819116,-0.194212,2.517,2.65405
0.821369,-0.192823,2.499,2.63758
0.82948,-0.192823,2.499,2.64012
0.837591,-0.192823,2.499,2.64268
0.845702,-0.192823,2.499,2.64526
0.853814,-0.192823,2.499,2.64786
0.861925,-0.192823,2.499,2.65049
0.870036,-0.192823,2.499,2.65314
0.871822,-0.191435,2.481,2.63668
0.879874,-0.191435,2.481,2.63935
0.887927,-0.191435,2.481,2.64205
0.89598,-0.191435,2.481,2.64477
0.904033,-0.191435,2.481,2.64751
0.905468,-0.190046,2.463,2.63104
0.913462,-0.190046,2.463,2.6338
0.914722,-0.188657,2.445,2.61731
0.922658,-0.188657,2.445,2.6201
0.924124,-0.187345,2.428,2.60467
0.932004,-0.187345,2.428,2.60747
0.939885,-0.187345,2.428,2.6103
0.947766,-0.187345,2.428,2.61315
0.948955,-0.186033,2.411,2.5977
0.956781,-0.186033,2.411,2.60057
0.964606,-0.186033,2.411,2.60346
0.979289,-0.187345,2.428,2.62475
nan,nan,nan,NaN
nan,nan,nan,NaN
nan,nan,nan,NaN
nan,nan,nan,NaN
nan,nan,nan,NaN
nan,nan,nan,NaN
nan,nan,nan,NaN
nan,nan,nan,NaN
nan,nan,nan,NaN
nan,nan,nan,NaN
nan,nan,nan,NaN
nan,nan,nan,NaN
nan,nan,nan,NaN
nan,nan,nan,NaN
nan,nan,nan,NaN
nan,nan,nan,NaN
nan,nan,nan,NaN
nan,nan,nan,NaN
nan,nan,nan,NaN
1.74234,-0.287113,3.721,4.11874
1.75442,-0.287113,3.721,4.12387
1.78596,-0.290277,3.762,4.17451
1.77858,-0.287113,3.721,4.1342
1.79065,-0.287113,3.721,4.13941
1.80273,-0.287113,3.721,4.14465
1.83481,-0.290277,3.762,4.19564
1.84702,-0.290277,3.762,4.201
1.85923,-0.290277,3.762,4.20638
nan,nan,nan,NaN
nan,nan,nan,NaN
nan,nan,nan,NaN
nan,nan,nan,NaN
nan,nan,nan,NaN
nan,nan,nan,NaN
nan,nan,nan,NaN
nan,nan,nan,NaN
nan,nan,nan,NaN
nan,nan,nan,NaN
nan,nan,nan,NaN
2.02815,-0.293518,3.804,4.32087
2.01796,-0.290277,3.762,4.27891
2.03017,-0.290277,3.762,4.28468
2.02013,-0.287113,3.721,4.24372
2.01036,-0.284027,3.681,4.2038
2.02231,-0.284027,3.681,4.20953
2.03425,-0.284027,3.681,4.21528
2.02452,-0.281018,3.642,4.17634
2.03634,-0.281018,3.642,4.18208
2.02679,-0.278085,3.604,4.14416
1.99607,-0.272298,3.529,4.06353
2.00752,-0.272298,3.529,4.06917
1.99838,-0.269521,3.493,4.03326
1.96944,-0.264119,3.423,3.95795
1.98055,-0.264119,3.423,3.96349
1.99166,-0.264119,3.423,3.96906
1.98288,-0.261496,3.389,3.93516
1.97447,-0.25895,3.356,3.90235
1.98536,-0.25895,3.356,3.90787
1.97722,-0.256481,3.324,3.8761
1.94973,-0.251542,3.26,3.80688
1.96031,-0.251542,3.26,3.81231
1.95275,-0.249228,3.23,3.78263
1.9444,-0.246836,3.199,3.75169
1.95478,-0.246836,3.199,3.75709
1.94735,-0.244598,3.17,3.72839
1.93973,-0.24236,3.141,3.69962
1.94992,-0.24236,3.141,3.70497
1.92455,-0.237962,3.084,3.64302
1.91762,-0.235879,3.057,3.61637
1.92754,-0.235879,3.057,3.62164
1.90324,-0.231712,3.003,3.56287
1.89642,-0.229706,2.977,3.53719
1.88944,-0.2277,2.951,3.51144
1.89902,-0.2277,2.951,3.51661
1.87626,-0.223842,2.901,3.46212
1.85447,-0.220138,2.853,3.40986
1.86373,-0.220138,2.853,3.41491
1.85724,-0.218286,2.829,3.3912
1.83607,-0.214737,2.783,3.34101
1.84511,-0.214737,2.783,3.34599
1.82482,-0.211342,2.739,3.29799
1.81899,-0.209644,2.717,3.27639
1.8278,-0.209644,2.717,3.2813
1.80823,-0.206404,2.675,3.23542
1.80265,-0.204783,2.654,3.21484
-2.08328,-0.221968,3.003,3.6616
-2.05558,-0.220046,2.977,3.62441
-2.04592,-0.220046,2.977,3.61894
-2.01847,-0.218124,2.951,3.58193
-1.99187,-0.216276,2.926,3.54624
-1.98238,-0.216276,2.926,3.54091
-1.95602,-0.214429,2.901,3.5054
-1.94661,-0.214429,2.901,3.50015
-1.93719,-0.214429,2.901,3.49492
-1.92778,-0.214429,2.901,3.48971
-1.91836,-0.214429,2.901,3.48452
-1.90894,-0.214429,2.901,3.47935
-1.89953,-0.214429,2.901,3.47419
-1.89011,-0.214429,2.901,3.46905
-1.8969,-0.216276,2.926,3.49378
-1.90353,-0.218124,2.951,3.51844
-1.89395,-0.218124,2.951,3.51327
-1.88438,-0.218124,2.951,3.50811
-1.90783,-0.221968,3.003,3.5647
-1.89809,-0.221968,3.003,3.5595
-1.90532,-0.223964,3.03,3.58626
-1.89548,-0.223964,3.03,3.58105
-1.86885,-0.221968,3.003,3.54399
-1.8591,-0.221968,3.003,3.53886
-1.84935,-0.221968,3.003,3.53375
-1.8396,-0.221968,3.003,3.52866
-1.81401,-0.220046,2.977,3.49308
-1.80435,-0.220046,2.977,3.48807
nan,nan,nan,NaN
-1.76944,-0.218124,2.951,3.44774
-1.75986,-0.218124,2.951,3.44283
nan,nan,nan,NaN
nan,nan,nan,NaN
nan,nan,nan,NaN
nan,nan,nan,NaN
nan,nan,nan,NaN
nan,nan,nan,NaN
nan,nan,nan,NaN
nan,nan,nan,NaN
nan,nan,nan,NaN
nan,nan,nan,NaN
nan,nan,nan,NaN
nan,nan,nan,NaN
nan,nan,nan,NaN
nan,nan,nan,NaN
nan,nan,nan,NaN
nan,nan,nan,NaN
nan,nan,nan,NaN
nan,nan,nan,NaN
nan,nan,nan,NaN
nan,nan,nan,NaN
nan,nan,nan,NaN
nan,nan,nan,NaN
nan,nan,nan,NaN
nan,nan,nan,NaN
nan,nan,nan,NaN
nan,nan,nan,NaN
nan,nan,nan,NaN
nan,nan,nan,NaN
nan,nan,nan,NaN
nan,nan,nan,NaN
nan,nan,nan,NaN
nan,nan,nan,NaN
-1.17958,-0.17821,2.411,2.69
-1.17176,-0.17821,2.411,2.68658
-1.16393,-0.17821,2.411,2.68317
-1.15611,-0.17821,2.411,2.67979
-1.14828,-0.17821,2.411,2.67642
-1.13241,-0.176953,2.394,2.65422
-1.12464,-0.176953,2.394,2.65092
-1.11687,-0.176953,2.394,2.64763
-1.1091,-0.176953,2.394,2.64436
-1.10133,-0.176953,2.394,2.64111
-1.09356,-0.176953,2.394,2.63788
-1.07082,-0.174514,2.361,2.59835
-1.06316,-0.174514,2.361,2.59521
-1.0555,-0.174514,2.361,2.59208
-1.04784,-0.174514,2.361,2.58896
-1.04017,-0.174514,2.361,2.58587
-1.03251,-0.174514,2.361,2.5828
-1.02485,-0.174514,2.361,2.57975
-1.01718,-0.174514,2.361,2.57671
-1.00952,-0.174514,2.361,2.57369
-1.00186,-0.174514,2.361,2.5707
-0.994193,-0.174514,2.361,2.56772
-0.986529,-0.174514,2.361,2.56476
-0.978866,-0.174514,2.361,2.56183
-0.971203,-0.174514,2.361,2.55891
-0.96354,-0.174514,2.361,2.55601
-0.955876,-0.174514,2.361,2.55313
-0.948213,-0.174514,2.361,2.55027
-0.94055,-0.174514,2.361,2.54743
-0.932887,-0.174514,2.361,2.54461
-0.925224,-0.174514,2.361,2.54181
-0.91756,-0.174514,2.361,2.53903
-0.909897,-0.174514,2.361,2.53627
-0.902234,-0.174514,2.361,2.53354
-0.894571,-0.174514,2.361,2.53082
-0.880897,-0.173332,2.345,2.51099
-0.873286,-0.173332,2.345,2.50833
-0.865674,-0.173332,2.345,2.50569
-0.858063,-0.173332,2.345,2.50307
-0.850452,-0.173332,2.345,2.50047
-0.842841,-0.173332,2.345,2.49789
-0.835229,-0.173332,2.345,2.49533
-0.827618,-0.173332,2.345,2.49279
-0.820007,-0.173332,2.345,2.49028
-0.812395,-0.173332,2.345,2.48778
-0.804784,-0.173332,2.345,2.48531
-0.797173,-0.173332,2.345,2.48285
-0.789562,-0.173332,2.345,2.48042
-0.78195,-0.173332,2.345,2.47801
-0.774339,-0.173332,2.345,2.47562
-0.766728,-0.173332,2.345,2.47324
-0.759116,-0.173332,2.345,2.4709
-0.751505,-0.173332,2.345,2.46857
-0.743894,-0.173332,2.345,2.46626
-0.736283,-0.173332,2.345,2.46398
-0.733643,-0.174514,2.361,2.47851
-0.72598,-0.174514,2.361,2.47625
-0.718317,-0.174514,2.361,2.47402
-0.710653,-0.174514,2.361,2.4718
-0.70299,-0.174514,2.361,2.46961
-0.695327,-0.174514,2.361,2.46744
-0.687664,-0.174514,2.361,2.46529
-0.684609,-0.175697,2.377,2.47986
-0.676894,-0.175697,2.377,2.47774
-0.669178,-0.175697,2.377,2.47564
-0.661463,-0.175697,2.377,2.47357
-0.653748,-0.175697,2.377,2.47151
-0.646033,-0.175697,2.377,2.46949
-0.638318,-0.175697,2.377,2.46748
-0.630603,-0.175697,2.377,2.46549
-0.627342,-0.176953,2.394,2.48115
-0.619572,-0.176953,2.394,2.4792
-0.611802,-0.176953,2.394,2.47727
-0.604031,-0.176953,2.394,2.47536
-0.596261,-0.176953,2.394,2.47347
-0.588491,-0.176953,2.394,2.47161
-0.584844,-0.17821,2.411,2.48731
-0.577019,-0.17821,2.411,2.48548
-0.569193,-0.17821,2.411,2.48368
-0.561368,-0.17821,2.411,2.4819
-0.553542,-0.17821,2.411,2.48014
-0.545717,-0.17821,2.411,2.4784
-0.537891,-0.17821,2.411,2.47669
-0.530066,-0.17821,2.411,2.475
-0.52224,-0.17821,2.411,2.47334
-0.518042,-0.179467,2.428,2.48913
-0.510161,-0.179467,2.428,2.4875
-0.50228,-0.179467,2.428,2.4859
-0.497861,-0.180723,2.445,2.50171
-0.489925,-0.180723,2.445,2.50014
-0.481989,-0.180723,2.445,2.4986
-0.474054,-0.180723,2.445,2.49708
-0.469549,-0.182054,2.463,2.51396
-0.464928,-0.183384,2.481,2.53084
-0.456875,-0.183384,2.481,2.52937
-0.448823,-0.183384,2.481,2.52793
-0.443968,-0.184715,2.499,2.54484
-0.435857,-0.184715,2.499,2.54344
-0.427746,-0.184715,2.499,2.54206
-0.419634,-0.184715,2.499,2.54071
-0.414487,-0.186045,2.517,2.55768
-0.406318,-0.186045,2.517,2.55636
-0.398148,-0.186045,2.517,2.55508
-0.389979,-0.186045,2.517,2.55382
-0.381809,-0.186045,2.517,2.55258
-0.37364,-0.186045,2.517,2.55137
-0.36547,-0.186045,2.517,2.55019
-0.357301,-0.186045,2.517,2.54903
-0.349131,-0.186045,2.517,2.5479
-0.340961,-0.186045,2.517,2.54679
-0.332792,-0.186045,2.517,2.54571
-0.324622,-0.186045,2.517,2.54466
-0.316453,-0.186045,2.517,2.54363
-0.308283,-0.186045,2.517,2.54262
-0.300114,-0.186045,2.517,2.54165
-0.291944,-0.186045,2.517,2.5407
-0.283775,-0.186045,2.517,2.53977
-0.275605,-0.186045,2.517,2.53887
-0.267435,-0.186045,2.517,2.538
-0.259266,-0.186045,2.517,2.53715
-0.251096,-0.186045,2.517,2.53633
-0.242927,-0.186045,2.517,2.53553
-0.234757,-0.186045,2.517,2.53476
-0.228298,-0.187449,2.536,2.55315
-0.220067,-0.187449,2.536,2.55242
-0.211836,-0.187449,2.536,2.55173
-0.20513,-0.188854,2.555,2.57017
-0.196837,-0.188854,2.555,2.56952
-0.188544,-0.188854,2.555,2.5689
-0.181592,-0.190258,2.574,2.5874
-0.173237,-0.190258,2.574,2.58683
-0.164882,-0.190258,2.574,2.58628
-0.157683,-0.191663,2.593,2.60485
-0.149267,-0.191663,2.593,2.60436
-0.139819,-0.190258,2.574,2.58481
-0.131464,-0.190258,2.574,2.58437
-0.12311,-0.190258,2.574,2.58396
-0.114755,-0.190258,2.574,2.58357
-0.1064,-0.190258,2.574,2.58321
-0.0980459,-0.190258,2.574,2.58288
-0.0896914,-0.190258,2.574,2.58258
-0.0813368,-0.190258,2.574,2.5823
-0.0729822,-0.190258,2.574,2.58205
-0.0646277,-0.190258,2.574,2.58183
-0.0558577,-0.188854,2.555,2.56258
-0.0472111,-0.187449,2.536,2.54336
-0.0389799,-0.187449,2.536,2.54322
-0.0307487,-0.187449,2.536,2.5431
-0.0225174,-0.187449,2.536,2.54302
-0.0142862,-0.187449,2.536,2.54296
-0.00600962,-0.186045,2.517,2.52387
0.00215994,-0.186045,2.517,2.52387
0.0103295,-0.186045,2.517,2.52389
0.0184991,-0.186045,2.517,2.52393
0.0266686,-0.186045,2.517,2.52401
0.0348382,-0.186045,2.517,2.52411
0.0430077,-0.186045,2.517,2.52423
0.0511773,-0.186045,2.517,2.52439
0.0593468,-0.186045,2.517,2.52456
0.0675164,-0.186045,2.517,2.52477
0.075686,-0.186045,2.517,2.525
0.0838555,-0.186045,2.517,2.52526
0.0920251,-0.186045,2.517,2.52554
0.100195,-0.186045,2.517,2.52585
0.109182,-0.187449,2.536,2.54526
0.117413,-0.187449,2.536,2.54563
0.125645,-0.187449,2.536,2.54602
0.133876,-0.187449,2.536,2.54644
0.142107,-0.187449,2.536,2.54689
0.150338,-0.187449,2.536,2.54736
0.15857,-0.187449,2.536,2.54786
0.16805,-0.188854,2.555,2.56748
0.177655,-0.190258,2.574,2.58713
0.186009,-0.190258,2.574,2.58772
0.194364,-0.190258,2.574,2.58833
0.202718,-0.190258,2.574,2.58897
0.211073,-0.190258,2.574,2.58964
0.219428,-0.190258,2.574,2.59033
0.227782,-0.190258,2.574,2.59105
0.236137,-0.190258,2.574,2.5918
0.244491,-0.190258,2.574,2.59258
0.252846,-0.190258,2.574,2.59338
0.2612,-0.190258,2.574,2.59421
0.269555,-0.190258,2.574,2.59506
0.275858,-0.188854,2.555,2.57678
0.284151,-0.188854,2.555,2.57768
0.292444,-0.188854,2.555,2.57861
0.300737,-0.188854,2.555,2.57956
0.30903,-0.188854,2.555,2.58054
0.314963,-0.187449,2.536,2.56235
0.323194,-0.187449,2.536,2.56337
0.331425,-0.187449,2.536,2.56442
0.339657,-0.187449,2.536,2.5655
0.345281,-0.186045,2.517,2.54738
0.353451,-0.186045,2.517,2.5485
0.36162,-0.186045,2.517,2.54964
0.36979,-0.186045,2.517,2.55081
0.37796,-0.186045,2.517,2.55201
0.386129,-0.186045,2.517,2.55323
0.391479,-0.184715,2.499,2.53621
0.39959,-0.184715,2.499,2.53748
0.407701,-0.184715,2.499,2.53877
0.415812,-0.184715,2.499,2.54008
0.423923,-0.184715,2.499,2.54142
0.432035,-0.184715,2.499,2.54279
0.440146,-0.184715,2.499,2.54418
0.445028,-0.183384,2.481,2.52726
0.453081,-0.183384,2.481,2.52869
0.461134,-0.183384,2.481,2.53015
0.469186,-0.183384,2.481,2.53163
0.477239,-0.183384,2.481,2.53313
0.485292,-0.183384,2.481,2.53466
0.493344,-0.183384,2.481,2.53621
0.501397,-0.183384,2.481,2.53779
0.50945,-0.183384,2.481,2.5394
0.517502,-0.183384,2.481,2.54102
0.525555,-0.183384,2.481,2.54268
0.529737,-0.182054,2.463,2.52589
0.537731,-0.182054,2.463,2.52758
0.545725,-0.182054,2.463,2.52929
0.553719,-0.182054,2.463,2.53103
0.561714,-0.182054,2.463,2.53279
0.569708,-0.182054,2.463,2.53458
0.577702,-0.182054,2.463,2.53639
0.585697,-0.182054,2.463,2.53822
0.593691,-0.182054,2.463,2.54008
0.601685,-0.182054,2.463,2.54196
0.609679,-0.182054,2.463,2.54386
0.617674,-0.182054,2.463,2.54579
0.625668,-0.182054,2.463,2.54774
0.633662,-0.182054,2.463,2.54971
0.641657,-0.182054,2.463,2.55171
0.649651,-0.182054,2.463,2.55373
0.657645,-0.182054,2.463,2.55578
0.670504,-0.183384,2.481,2.57654
0.678557,-0.183384,2.481,2.57865
0.686609,-0.183384,2.481,2.58078
0.694662,-0.183384,2.481,2.58293
0.702715,-0.183384,2.481,2.58511
0.710768,-0.183384,2.481,2.58731
0.724035,-0.184715,2.499,2.60832
0.732147,-0.184715,2.499,2.61059
0.740258,-0.184715,2.499,2.61287
0.748369,-0.184715,2.499,2.61518
0.761929,-0.186045,2.517,2.63637
0.770098,-0.186045,2.517,2.63874
0.778268,-0.186045,2.517,2.64114
0.786437,-0.186045,2.517,2.64356
0.794607,-0.186045,2.517,2.646
0.802777,-0.186045,2.517,2.64846
0.810946,-0.186045,2.517,2.65095
0.819116,-0.186045,2.517,2.65346
0.821369,-0.184715,2.499,2.637
0.82948,-0.184715,2.499,2.63954
0.837591,-0.184715,2.499,2.6421
0.845702,-0.184715,2.499,2.64468
0.853814,-0.184715,2.499,2.64728
0.861925,-0.184715,2.499,2.64991
0.870036,-0.184715,2.499,2.65256
0.871822,-0.183384,2.481,2.63611
0.879874,-0.183384,2.481,2.63878
0.887927,-0.183384,2.481,2.64148
0.89598,-0.183384,2.481,2.6442
0.904033,-0.183384,2.481,2.64694
0.905468,-0.182054,2.463,2.63047
0.913462,-0.182054,2.463,2.63323
0.914722,-0.180723,2.445,2.61675
0.922658,-0.180723,2.445,2.61954
0.930594,-0.180723,2.445,2.62234
0.932004,-0.179467,2.428,2.60692
0.939885,-0.179467,2.428,2.60975
0.947766,-0.179467,2.428,2.6126
0.962338,-0.180723,2.445,2.63378
0.970273,-0.180723,2.445,2.63669
0.971408,-0.179467,2.428,2.62126
0.979289,-0.179467,2.428,2.62419
nan,nan,nan,NaN
nan,nan,nan,NaN
nan,nan,nan,NaN
nan,nan,nan,NaN
nan,nan,nan,NaN
nan,nan,nan,NaN
nan,nan,nan,NaN
nan,nan,nan,NaN
nan,nan,nan,NaN
nan,nan,nan,NaN
nan,nan,nan,NaN
nan,nan,nan,NaN
nan,nan,nan,NaN
nan,nan,nan,NaN
nan,nan,nan,NaN
nan,nan,nan,NaN
nan,nan,nan,NaN
nan,nan,nan,NaN
nan,nan,nan,NaN
1.74234,-0.275039,3.721,4.11792
1.75442,-0.275039,3.721,4.12304
1.7665,-0.275039,3.721,4.1282
1.77858,-0.275039,3.721,4.13338
1.77141,-0.272083,3.681,4.0941
1.78335,-0.272083,3.681,4.09929
1.81481,-0.275039,3.721,4.1491
1.82689,-0.275039,3.721,4.1544
1.83896,-0.275039,3.721,4.15972
1.85104,-0.275039,3.721,4.16507
1.86312,-0.275039,3.721,4.17046
nan,nan,nan,NaN
nan,nan,nan,NaN
nan,nan,nan,NaN
nan,nan,nan,NaN
nan,nan,nan,NaN
nan,nan,nan,NaN
nan,nan,nan,NaN
nan,nan,nan,NaN
nan,nan,nan,NaN
2.02815,-0.281174,3.804,4.32005
2.01796,-0.27807,3.762,4.2781
2.03017,-0.27807,3.762,4.28387
2.02013,-0.275039,3.721,4.24292
2.01036,-0.272083,3.681,4.20301
2.02231,-0.272083,3.681,4.20874
2.03425,-0.272083,3.681,4.2145
2.02452,-0.2692,3.642,4.17556
2.03634,-0.2692,3.642,4.18131
2.02679,-0.266391,3.604,4.14339
1.99607,-0.260847,3.529,4.06278
2.00752,-0.260847,3.529,4.06842
1.99838,-0.258186,3.493,4.03252
1.96944,-0.253012,3.423,3.95723
1.98055,-0.253012,3.423,3.96277
1.99166,-0.253012,3.423,3.96833
1.98288,-0.250499,3.389,3.93445
1.97447,-0.24806,3.356,3.90164
1.98536,-0.24806,3.356,3.90716
1.97722,-0.245695,3.324,3.8754
1.94973,-0.240964,3.26,3.80619
1.96031,-0.240964,3.26,3.81162
1.95275,-0.238747,3.23,3.78195
1.9444,-0.236455,3.199,3.75102
1.95478,-0.236455,3.199,3.75642
1.94735,-0.234312,3.17,3.72773
1.93973,-0.232168,3.141,3.69896
1.94992,-0.232168,3.141,3.70432
1.92455,-0.227955,3.084,3.64238
1.91762,-0.225959,3.057,3.61574
1.92754,-0.225959,3.057,3.62101
1.90324,-0.221968,3.003,3.56225
1.89642,-0.220046,2.977,3.53658
1.88944,-0.218124,2.951,3.51084
1.89902,-0.218124,2.951,3.516
1.87626,-0.214429,2.901,3.46152
1.85447,-0.210881,2.853,3.40928
1.86373,-0.210881,2.853,3.41432
1.85724,-0.209107,2.829,3.39062
1.83607,-0.205707,2.783,3.34044
1.84511,-0.205707,2.783,3.34542
1.82482,-0.202454,2.739,3.29744
1.81899,-0.200828,2.717,3.27584
1.8278,-0.200828,2.717,3.28075
1.80823,-0.197724,2.675,3.23488
1.80265,-0.196171,2.654,3.2143
-2.10201,-0.214132,3.03,3.69394
-2.07353,-0.212224,3.003,3.65549
-2.06379,-0.212224,3.003,3.64997
-2.01847,-0.208549,2.951,3.58136
-1.99187,-0.206782,2.926,3.54567
-1.98238,-0.206782,2.926,3.54035
-1.95602,-0.205015,2.901,3.50483
-1.94661,-0.205015,2.901,3.49959
-1.93719,-0.205015,2.901,3.49436
-1.92778,-0.205015,2.901,3.48915
-1.91836,-0.205015,2.901,3.48395
-1.90894,-0.205015,2.901,3.47878
-1.89953,-0.205015,2.901,3.47362
-1.89011,-0.205015,2.901,3.46848
-1.8969,-0.206782,2.926,3.4932
-1.90353,-0.208549,2.951,3.51786
-1.89395,-0.208549,2.951,3.51269
-1.88438,-0.208549,2.951,3.50753
-1.89132,-0.210386,2.977,3.53325
-1.88165,-0.210386,2.977,3.52809
-1.87199,-0.210386,2.977,3.52294
-1.86233,-0.210386,2.977,3.51782
-1.85267,-0.210386,2.977,3.51271
-1.843,-0.210386,2.977,3.50763
-1.81733,-0.208549,2.951,3.47197
-1.80775,-0.208549,2.951,3.46697
-1.79817,-0.208549,2.951,3.46198
-1.77344,-0.206782,2.926,3.42773
-1.76394,-0.206782,2.926,3.42283
-1.73946,-0.205015,2.901,3.38874
-1.73004,-0.205015,2.901,3.38391
nan,nan,nan,NaN
nan,nan,nan,NaN
nan,nan,nan,NaN
nan,nan,nan,NaN
nan,nan,nan,NaN
nan,nan,nan,NaN
nan,nan,nan,NaN
nan,nan,nan,NaN
nan,nan,nan,NaN
nan,nan,nan,NaN
nan,nan,nan,NaN
nan,nan,nan,NaN
nan,nan,nan,NaN
nan,nan,nan,NaN
nan,nan,nan,NaN
nan,nan,nan,NaN
nan,nan,nan,NaN
nan,nan,nan,NaN
nan,nan,nan,NaN
nan,nan,nan,NaN
nan,nan,nan,NaN
nan,nan,nan,NaN
nan,nan,nan,NaN
nan,nan,nan,NaN
nan,nan,nan,NaN
nan,nan,nan,NaN
nan,nan,nan,NaN
nan,nan,nan,NaN
nan,nan,nan,NaN
nan,nan,nan,NaN
nan,nan,nan,NaN
nan,nan,nan,NaN
-1.17958,-0.170387,2.411,2.68949
-1.17176,-0.170387,2.411,2.68607
-1.16393,-0.170387,2.411,2.68266
-1.15611,-0.170387,2.411,2.67928
-1.14828,-0.170387,2.411,2.67591
-1.13241,-0.169185,2.394,2.65372
-1.12464,-0.169185,2.394,2.65041
-1.11687,-0.169185,2.394,2.64712
-1.1091,-0.169185,2.394,2.64386
-1.10133,-0.169185,2.394,2.6406
-1.09356,-0.169185,2.394,2.63737
-1.07808,-0.167984,2.377,2.61546
-1.07037,-0.167984,2.377,2.61228
-1.06265,-0.167984,2.377,2.60913
-1.05494,-0.167984,2.377,2.606
-1.04017,-0.166853,2.361,2.58537
-1.03251,-0.166853,2.361,2.58229
-1.02485,-0.166853,2.361,2.57924
-1.01718,-0.166853,2.361,2.5762
-1.00952,-0.166853,2.361,2.57319
-1.00186,-0.166853,2.361,2.57019
-0.994193,-0.166853,2.361,2.56721
-0.986529,-0.166853,2.361,2.56425
-0.978866,-0.166853,2.361,2.56132
-0.971203,-0.166853,2.361,2.5584
-0.96354,-0.166853,2.361,2.5555
-0.955876,-0.166853,2.361,2.55262
-0.954639,-0.167984,2.377,2.56704
-0.946924,-0.167984,2.377,2.56418
-0.932887,-0.166853,2.361,2.5441
-0.925224,-0.166853,2.361,2.5413
-0.91756,-0.166853,2.361,2.53852
-0.909897,-0.166853,2.361,2.53576
-0.902234,-0.166853,2.361,2.53302
-0.894571,-0.166853,2.361,2.5303
-0.886907,-0.166853,2.361,2.5276
-0.879244,-0.166853,2.361,2.52492
-0.871581,-0.166853,2.361,2.52226
-0.863918,-0.166853,2.361,2.51963
-0.856255,-0.166853,2.361,2.51701
-0.848591,-0.166853,2.361,2.51441
-0.840928,-0.166853,2.361,2.51184
-0.833265,-0.166853,2.361,2.50928
-0.825602,-0.166853,2.361,2.50675
-0.817938,-0.166853,2.361,2.50423
-0.810275,-0.166853,2.361,2.50174
-0.802612,-0.166853,2.361,2.49927
-0.794949,-0.166853,2.361,2.49682
-0.787286,-0.166853,2.361,2.49439
-0.774339,-0.165722,2.345,2.47509
-0.766728,-0.165722,2.345,2.47272
-0.759116,-0.165722,2.345,2.47037
-0.751505,-0.165722,2.345,2.46805
-0.748969,-0.166853,2.361,2.48256
-0.741306,-0.166853,2.361,2.48026
-0.733643,-0.166853,2.361,2.47798
-0.72598,-0.166853,2.361,2.47572
-0.718317,-0.166853,2.361,2.47349
-0.710653,-0.166853,2.361,2.47127
-0.70299,-0.166853,2.361,2.46908
-0.695327,-0.166853,2.361,2.46691
-0.687664,-0.166853,2.361,2.46476
-0.684609,-0.167984,2.377,2.47932
-0.676894,-0.167984,2.377,2.4772
-0.669178,-0.167984,2.377,2.47511
-0.661463,-0.167984,2.377,2.47303
-0.653748,-0.167984,2.377,2.47098
-0.646033,-0.167984,2.377,2.46895
-0.638318,-0.167984,2.377,2.46694
-0.635113,-0.169185,2.394,2.48258
-0.627342,-0.169185,2.394,2.48061
-0.619572,-0.169185,2.394,2.47865
-0.611802,-0.169185,2.394,2.47672
-0.604031,-0.169185,2.394,2.47482
-0.596261,-0.169185,2.394,2.47293
-0.59267,-0.170387,2.411,2.48862
-0.584844,-0.170387,2.411,2.48676
-0.577019,-0.170387,2.411,2.48494
-0.569193,-0.170387,2.411,2.48313
-0.561368,-0.170387,2.411,2.48135
-0.553542,-0.170387,2.411,2.47959
-0.545717,-0.170387,2.411,2.47785
-0.541684,-0.171588,2.428,2.4936
-0.533803,-0.171588,2.428,2.4919
-0.525922,-0.171588,2.428,2.49023
-0.518042,-0.171588,2.428,2.48857
-0.513733,-0.17279,2.445,2.50436
-0.505797,-0.17279,2.445,2.50274
-0.497861,-0.17279,2.445,2.50115
-0.489925,-0.17279,2.445,2.49958
-0.485538,-0.174062,2.463,2.51643
-0.477544,-0.174062,2.463,2.5149
-0.469549,-0.174062,2.463,2.51339
-0.464928,-0.175334,2.481,2.53027
-0.456875,-0.175334,2.481,2.5288
-0.452079,-0.176606,2.499,2.5457
-0.443968,-0.176606,2.499,2.54427
-0.435857,-0.176606,2.499,2.54287
-0.427746,-0.176606,2.499,2.54149
-0.422657,-0.177878,2.517,2.55843
-0.414487,-0.177878,2.517,2.55709
-0.406318,-0.177878,2.517,2.55578
-0.398148,-0.177878,2.517,2.5545
-0.389979,-0.177878,2.517,2.55324
-0.381809,-0.177878,2.517,2.552
-0.37364,-0.177878,2.517,2.55079
-0.36547,-0.177878,2.517,2.54961
-0.357301,-0.177878,2.517,2.54845
-0.349131,-0.177878,2.517,2.54732
-0.340961,-0.177878,2.517,2.54621
-0.332792,-0.177878,2.517,2.54513
-0.324622,-0.177878,2.517,2.54407
-0.316453,-0.177878,2.517,2.54304
-0.308283,-0.177878,2.517,2.54204
-0.300114,-0.177878,2.517,2.54106
-0.291944,-0.177878,2.517,2.54011
-0.283775,-0.177878,2.517,2.53918
-0.275605,-0.177878,2.517,2.53828
-0.267435,-0.177878,2.517,2.53741
-0.261223,-0.179221,2.536,2.55571
-0.252992,-0.179221,2.536,2.55488
-0.244761,-0.179221,2.536,2.55408
-0.236529,-0.179221,2.536,2.5533
-0.228298,-0.179221,2.536,2.55255
-0.220067,-0.179221,2.536,2.55183
-0.213423,-0.180563,2.555,2.57025
-0.206655,-0.181906,2.574,2.58868
-0.198301,-0.181906,2.574,2.58803
-0.189946,-0.181906,2.574,2.5874
-0.182932,-0.183249,2.593,2.6059
-0.174516,-0.183249,2.593,2.60532
-0.1661,-0.183249,2.593,2.60477
-0.157683,-0.183249,2.593,2.60425
-0.149267,-0.183249,2.593,2.60375
-0.140851,-0.183249,2.593,2.60328
-0.132435,-0.183249,2.593,2.60284
-0.124018,-0.183249,2.593,2.60242
-0.115602,-0.183249,2.593,2.60204
-0.107186,-0.183249,2.593,2.60168
-0.0987696,-0.183249,2.593,2.60134
-0.0903534,-0.183249,2.593,2.60104
-0.0813368,-0.181906,2.574,2.5817
-0.0729822,-0.181906,2.574,2.58145
-0.0646277,-0.181906,2.574,2.58123
-0.0558577,-0.180563,2.555,2.56198
-0.0472111,-0.179221,2.536,2.54276
-0.0389799,-0.179221,2.536,2.54262
-0.0307487,-0.179221,2.536,2.54251
-0.0223487,-0.177878,2.517,2.52338
-0.0141792,-0.177878,2.517,2.52332
-0.00600962,-0.177878,2.517,2.52328
0.00215994,-0.177878,2.517,2.52328
0.0103295,-0.177878,2.517,2.5233
0.0184991,-0.177878,2.517,2.52335
0.0266686,-0.177878,2.517,2.52342
0.0348382,-0.177878,2.517,2.52352
0.0430077,-0.177878,2.517,2.52364
0.0511773,-0.177878,2.517,2.5238
0.0593468,-0.177878,2.517,2.52398
0.0675164,-0.177878,2.517,2.52418
0.075686,-0.177878,2.517,2.52441
0.0838555,-0.177878,2.517,2.52467
0.0920251,-0.177878,2.517,2.52496
0.100195,-0.177878,2.517,2.52527
0.108364,-0.177878,2.517,2.5256
0.116534,-0.177878,2.517,2.52597
0.124703,-0.177878,2.517,2.52636
0.133876,-0.179221,2.536,2.54585
0.142107,-0.179221,2.536,2.54629
0.150338,-0.179221,2.536,2.54677
0.15857,-0.179221,2.536,2.54727
0.16805,-0.180563,2.555,2.56688
0.176343,-0.180563,2.555,2.56744
0.184636,-0.180563,2.555,2.56802
0.192929,-0.180563,2.555,2.56863
0.202718,-0.181906,2.574,2.58837
0.211073,-0.181906,2.574,2.58904
0.219428,-0.181906,2.574,2.58973
0.227782,-0.181906,2.574,2.59045
0.236137,-0.181906,2.574,2.5912
0.244491,-0.181906,2.574,2.59198
0.252846,-0.181906,2.574,2.59278
0.2612,-0.181906,2.574,2.59361
0.267565,-0.180563,2.555,2.57531
0.275858,-0.180563,2.555,2.57618
0.284151,-0.180563,2.555,2.57709
0.292444,-0.180563,2.555,2.57801
0.2985,-0.179221,2.536,2.55979
0.306732,-0.179221,2.536,2.56076
0.314963,-0.179221,2.536,2.56176
0.320773,-0.177878,2.517,2.54359
0.328942,-0.177878,2.517,2.54463
0.337112,-0.177878,2.517,2.5457
0.345281,-0.177878,2.517,2.54679
0.350923,-0.176606,2.499,2.52969
0.359034,-0.176606,2.499,2.53083
0.367146,-0.176606,2.499,2.53199
0.375257,-0.176606,2.499,2.53318
0.383368,-0.176606,2.499,2.5344
0.388659,-0.175334,2.481,2.51737
0.396712,-0.175334,2.481,2.51863
0.404765,-0.175334,2.481,2.51991
0.412817,-0.175334,2.481,2.52121
0.42087,-0.175334,2.481,2.52255
0.428923,-0.175334,2.481,2.5239
0.436975,-0.175334,2.481,2.52528
0.445028,-0.175334,2.481,2.52669
0.453081,-0.175334,2.481,2.52812
0.464479,-0.176606,2.499,2.54793
0.47259,-0.176606,2.499,2.54942
0.480701,-0.176606,2.499,2.55093
0.488812,-0.176606,2.499,2.55247
0.493344,-0.175334,2.481,2.53564
0.501397,-0.175334,2.481,2.53722
0.513146,-0.176606,2.499,2.55725
0.521257,-0.176606,2.499,2.55889
0.529368,-0.176606,2.499,2.56055
0.533608,-0.175334,2.481,2.54378
0.541661,-0.175334,2.481,2.54549
0.549713,-0.175334,2.481,2.54721
0.557766,-0.175334,2.481,2.54896
0.565819,-0.175334,2.481,2.55074
0.573871,-0.175334,2.481,2.55253
0.581924,-0.175334,2.481,2.55436
0.589977,-0.175334,2.481,2.5562
0.59803,-0.175334,2.481,2.55807
0.606082,-0.175334,2.481,2.55997
0.614135,-0.175334,2.481,2.56189
0.622188,-0.175334,2.481,2.56383
0.63024,-0.175334,2.481,2.5658
0.638293,-0.175334,2.481,2.56779
0.646346,-0.175334,2.481,2.5698
0.654399,-0.175334,2.481,2.57184
0.662451,-0.175334,2.481,2.5739
0.670504,-0.175334,2.481,2.57598
0.678557,-0.175334,2.481,2.57809
0.686609,-0.175334,2.481,2.58022
0.699702,-0.176606,2.499,2.60111
0.707813,-0.176606,2.499,2.6033
0.715924,-0.176606,2.499,2.60552
0.724035,-0.176606,2.499,2.60776
0.73742,-0.177878,2.517,2.62882
0.74559,-0.177878,2.517,2.63113
0.753759,-0.177878,2.517,2.63345
0.761929,-0.177878,2.517,2.6358
0.770098,-0.177878,2.517,2.63818
0.778268,-0.177878,2.517,2.64057
0.792374,-0.179221,2.536,2.66294
0.794607,-0.177878,2.517,2.64544
0.802777,-0.177878,2.517,2.6479
0.810946,-0.177878,2.517,2.65039
0.819116,-0.177878,2.517,2.6529
0.827285,-0.177878,2.517,2.65543
0.835455,-0.177878,2.517,2.65799
0.843624,-0.177878,2.517,2.66057
0.851794,-0.177878,2.517,2.66317
0.859963,-0.177878,2.517,2.6658
0.868133,-0.177878,2.517,2.66844
0.870036,-0.176606,2.499,2.65201
0.878147,-0.176606,2.499,2.65468
0.886258,-0.176606,2.499,2.65738
0.894369,-0.176606,2.499,2.66009
0.89598,-0.175334,2.481,2.64365
0.904033,-0.175334,2.481,2.64639
0.912085,-0.175334,2.481,2.64915
0.913462,-0.174062,2.463,2.63269
0.921457,-0.174062,2.463,2.63548
0.929451,-0.174062,2.463,2.63828
0.930594,-0.17279,2.445,2.62181
0.932004,-0.171588,2.428,2.60639
0.939885,-0.171588,2.428,2.60922
0.947766,-0.171588,2.428,2.61207
0.962338,-0.17279,2.445,2.63324
0.970273,-0.17279,2.445,2.63615
0.978209,-0.17279,2.445,2.63909
nan,nan,nan,NaN
nan,nan,nan,NaN
nan,nan,nan,NaN
nan,nan,nan,NaN
nan,nan,nan,NaN
nan,nan,nan,NaN
nan,nan,nan,NaN
nan,nan,nan,NaN
nan,nan,nan,NaN
nan,nan,nan,NaN
nan,nan,nan,NaN
nan,nan,nan,NaN
nan,nan,nan,NaN
nan,nan,nan,NaN
nan,nan,nan,NaN
nan,nan,nan,NaN
nan,nan,nan,NaN
nan,nan,nan,NaN
nan,nan,nan,NaN
nan,nan,nan,NaN
1.74234,-0.262965,3.721,4.11713
1.75442,-0.262965,3.721,4.12226
1.7665,-0.262965,3.721,4.12741
1.77858,-0.262965,3.721,4.13259
1.77141,-0.260138,3.681,4.09333
1.78335,-0.260138,3.681,4.09851
1.81481,-0.262965,3.721,4.14832
1.82689,-0.262965,3.721,4.15361
1.83896,-0.262965,3.721,4.15894
1.85104,-0.262965,3.721,4.16429
1.86312,-0.262965,3.721,4.16968
nan,nan,nan,NaN
nan,nan,nan,NaN
nan,nan,nan,NaN
nan,nan,nan,NaN
nan,nan,nan,NaN
nan,nan,nan,NaN
nan,nan,nan,NaN
nan,nan,nan,NaN
nan,nan,nan,NaN
nan,nan,nan,NaN
2.01796,-0.265863,3.762,4.27732
2.03017,-0.265863,3.762,4.2831
2.02013,-0.262965,3.721,4.24216
2.01036,-0.260138,3.681,4.20226
2.02231,-0.260138,3.681,4.20799
2.03425,-0.260138,3.681,4.21374
2.02452,-0.257382,3.642,4.17482
2.03634,-0.257382,3.642,4.18056
2.02679,-0.254697,3.604,4.14265
1.99607,-0.249396,3.529,4.06206
2.00752,-0.249396,3.529,4.0677
1.99838,-0.246852,3.493,4.03181
1.98958,-0.244379,3.458,3.99699
1.98055,-0.241905,3.423,3.96208
1.99166,-0.241905,3.423,3.96764
1.98288,-0.239503,3.389,3.93376
1.97447,-0.23717,3.356,3.90096
1.98536,-0.23717,3.356,3.90649
1.97722,-0.234909,3.324,3.87473
1.94973,-0.230386,3.26,3.80554
1.96031,-0.230386,3.26,3.81097
1.95275,-0.228266,3.23,3.7813
1.9444,-0.226075,3.199,3.75039
1.95478,-0.226075,3.199,3.75578
1.94735,-0.224026,3.17,3.7271
1.93973,-0.221976,3.141,3.69834
1.94992,-0.221976,3.141,3.70369
1.92455,-0.217948,3.084,3.64176
1.91762,-0.21604,3.057,3.61513
1.92754,-0.21604,3.057,3.62041
1.90324,-0.212224,3.003,3.56165
1.89642,-0.210386,2.977,3.53599
1.87343,-0.206782,2.926,3.48052
1.88293,-0.206782,2.926,3.48564
1.87626,-0.205015,2.901,3.46095
1.85447,-0.201623,2.853,3.40871
1.86373,-0.201623,2.853,3.41376
1.85724,-0.199927,2.829,3.39007
1.83607,-0.196676,2.783,3.3399
1.84511,-0.196676,2.783,3.34487
1.82482,-0.193567,2.739,3.2969
1.80493,-0.190528,2.696,3.25
1.81368,-0.190528,2.696,3.25486
1.80823,-0.189044,2.675,3.23436
1.80265,-0.18756,2.654,3.21379
-2.10201,-0.2043,3.03,3.69338
-2.07353,-0.202479,3.003,3.65493
-2.06379,-0.202479,3.003,3.64941
-2.01847,-0.198973,2.951,3.58081
-1.99187,-0.197288,2.926,3.54513
-1.98238,-0.197288,2.926,3.5398
-1.95602,-0.195602,2.901,3.5043
-1.94661,-0.195602,2.901,3.49905
-1.93719,-0.195602,2.901,3.49382
-1.92778,-0.195602,2.901,3.48861
-1.91836,-0.195602,2.901,3.48341
-1.90894,-0.195602,2.901,3.47824
-1.89953,-0.195602,2.901,3.47308
-1.89011,-0.195602,2.901,3.46794
-1.8807,-0.195602,2.901,3.46281
-1.88741,-0.197288,2.926,3.48751
-1.87791,-0.197288,2.926,3.48238
-1.86841,-0.197288,2.926,3.47726
-1.8748,-0.198973,2.951,3.50184
-1.86522,-0.198973,2.951,3.49672
-1.85564,-0.198973,2.951,3.49162
-1.84606,-0.198973,2.951,3.48654
-1.82093,-0.197288,2.926,3.45198
-1.81143,-0.197288,2.926,3.44698
-1.80193,-0.197288,2.926,3.442
-1.79244,-0.197288,2.926,3.43704
-1.78294,-0.197288,2.926,3.43209
-1.75829,-0.195602,2.901,3.39789
-1.74887,-0.195602,2.901,3.39302
-1.73946,-0.195602,2.901,3.38818
-1.71573,-0.193984,2.877,3.35537
-1.70639,-0.193984,2.877,3.3506
-1.69705,-0.193984,2.877,3.34585
nan,nan,nan,NaN
nan,nan,nan,NaN
nan,nan,nan,NaN
nan,nan,nan,NaN
nan,nan,nan,NaN
nan,nan,nan,NaN
nan,nan,nan,NaN
nan,nan,nan,NaN
nan,nan,nan,NaN
nan,nan,nan,NaN
nan,nan,nan,NaN
nan,nan,nan,NaN
nan,nan,nan,NaN
nan,nan,nan,NaN
nan,nan,nan,NaN
nan,nan,nan,NaN
nan,nan,nan,NaN
nan,nan,nan,NaN
nan,nan,nan,NaN
nan,nan,nan,NaN
nan,nan,nan,NaN
nan,nan,nan,NaN
nan,nan,nan,NaN
nan,nan,nan,NaN
nan,nan,nan,NaN
nan,nan,nan,NaN
nan,nan,nan,NaN
nan,nan,nan,NaN
nan,nan,nan,NaN
nan,nan,nan,NaN
nan,nan,nan,NaN
nan,nan,nan,NaN
-1.18035,-0.164856,2.445,2.72
-1.16426,-0.16371,2.428,2.69768
-1.15638,-0.16371,2.428,2.69429
-1.1485,-0.16371,2.428,2.69092
-1.13263,-0.162563,2.411,2.66874
-1.1248,-0.162563,2.411,2.66543
-1.11698,-0.162563,2.411,2.66214
-1.10133,-0.161417,2.394,2.64012
-1.09356,-0.161417,2.394,2.63689
-1.08579,-0.161417,2.394,2.63367
-1.07802,-0.161417,2.394,2.63048
-1.06265,-0.160271,2.377,2.60865
-1.05494,-0.160271,2.377,2.60551
-1.04722,-0.160271,2.377,2.6024
-1.03951,-0.160271,2.377,2.59931
-1.03179,-0.160271,2.377,2.59623
-1.02408,-0.160271,2.377,2.59317
-1.01636,-0.160271,2.377,2.59014
-1.00865,-0.160271,2.377,2.58712
-1.00093,-0.160271,2.377,2.58412
-0.993215,-0.160271,2.377,2.58114
-0.9855,-0.160271,2.377,2.57818
-0.977785,-0.160271,2.377,2.57524
-0.970069,-0.160271,2.377,2.57232
-0.962354,-0.160271,2.377,2.56942
-0.954639,-0.160271,2.377,2.56654
-0.946924,-0.160271,2.377,2.56369
-0.945926,-0.161417,2.394,2.57916
-0.938156,-0.161417,2.394,2.57632
-0.930385,-0.161417,2.394,2.5735
-0.916063,-0.160271,2.377,2.55245
-0.908348,-0.160271,2.377,2.54969
-0.900633,-0.160271,2.377,2.54695
-0.892918,-0.160271,2.377,2.54423
-0.885203,-0.160271,2.377,2.54153
-0.877488,-0.160271,2.377,2.53886
-0.869772,-0.160271,2.377,2.5362
-0.862057,-0.160271,2.377,2.53357
-0.854342,-0.160271,2.377,2.53095
-0.840928,-0.159192,2.361,2.51134
-0.833265,-0.159192,2.361,2.50878
-0.831197,-0.160271,2.377,2.52323
-0.817938,-0.159192,2.361,2.50373
-0.810275,-0.159192,2.361,2.50124
-0.802612,-0.159192,2.361,2.49877
-0.794949,-0.159192,2.361,2.49632
-0.787286,-0.159192,2.361,2.49389
-0.779622,-0.159192,2.361,2.49148
-0.771959,-0.159192,2.361,2.48909
-0.764296,-0.159192,2.361,2.48673
-0.756633,-0.159192,2.361,2.48438
-0.748969,-0.159192,2.361,2.48206
-0.741306,-0.159192,2.361,2.47976
-0.738615,-0.160271,2.377,2.49427
-0.7309,-0.160271,2.377,2.49199
-0.723184,-0.160271,2.377,2.48974
-0.715469,-0.160271,2.377,2.48751
-0.707754,-0.160271,2.377,2.4853
-0.700039,-0.160271,2.377,2.48312
-0.692324,-0.160271,2.377,2.48095
-0.684609,-0.160271,2.377,2.47881
-0.681735,-0.161417,2.394,2.4944
-0.673964,-0.161417,2.394,2.49229
-0.666194,-0.161417,2.394,2.4902
-0.658424,-0.161417,2.394,2.48813
-0.650653,-0.161417,2.394,2.48609
-0.642883,-0.161417,2.394,2.48407
-0.635113,-0.161417,2.394,2.48207
-0.627342,-0.161417,2.394,2.48009
-0.619572,-0.161417,2.394,2.47814
-0.611802,-0.161417,2.394,2.47621
-0.608321,-0.162563,2.411,2.49187
-0.600495,-0.162563,2.411,2.48997
-0.59267,-0.162563,2.411,2.48809
-0.584844,-0.162563,2.411,2.48624
-0.577019,-0.162563,2.411,2.48441
-0.569193,-0.162563,2.411,2.48261
-0.561368,-0.162563,2.411,2.48082
-0.557445,-0.16371,2.428,2.49654
-0.549564,-0.16371,2.428,2.4948
-0.541684,-0.16371,2.428,2.49307
-0.533803,-0.16371,2.428,2.49137
-0.525922,-0.16371,2.428,2.48969
-0.518042,-0.16371,2.428,2.48804
-0.513733,-0.164856,2.445,2.50382
-0.505797,-0.164856,2.445,2.50221
-0.497861,-0.164856,2.445,2.50061
-0.489925,-0.164856,2.445,2.49905
-0.485538,-0.16607,2.463,2.51589
-0.477544,-0.16607,2.463,2.51436
-0.469549,-0.16607,2.463,2.51285
-0.464928,-0.167283,2.481,2.52972
-0.456875,-0.167283,2.481,2.52826
-0.448823,-0.167283,2.481,2.52681
-0.443968,-0.168497,2.499,2.54372
-0.435857,-0.168497,2.499,2.54231
-0.427746,-0.168497,2.499,2.54094
-0.419634,-0.168497,2.499,2.53958
-0.414487,-0.169711,2.517,2.55654
-0.406318,-0.169711,2.517,2.55523
-0.398148,-0.169711,2.517,2.55394
-0.389979,-0.169711,2.517,2.55268
-0.381809,-0.169711,2.517,2.55144
-0.37364,-0.169711,2.517,2.55024
-0.36547,-0.169711,2.517,2.54905
-0.357301,-0.169711,2.517,2.54789
-0.349131,-0.169711,2.517,2.54676
-0.340961,-0.169711,2.517,2.54565
-0.332792,-0.169711,2.517,2.54457
-0.324622,-0.169711,2.517,2.54352
-0.316453,-0.169711,2.517,2.54249
-0.308283,-0.169711,2.517,2.54148
-0.300114,-0.169711,2.517,2.5405
-0.291944,-0.169711,2.517,2.53955
-0.283775,-0.169711,2.517,2.53863
-0.275605,-0.169711,2.517,2.53773
-0.267435,-0.169711,2.517,2.53685
-0.261223,-0.170992,2.536,2.55515
-0.252992,-0.170992,2.536,2.55432
-0.244761,-0.170992,2.536,2.55352
-0.236529,-0.170992,2.536,2.55274
-0.228298,-0.170992,2.536,2.55199
-0.220067,-0.170992,2.536,2.55127
-0.213423,-0.172273,2.555,2.56968
-0.20513,-0.172273,2.555,2.569
-0.196837,-0.172273,2.555,2.56836
-0.189946,-0.173554,2.574,2.58683
-0.182932,-0.174835,2.593,2.60532
-0.174516,-0.174835,2.593,2.60474
-0.1661,-0.174835,2.593,2.60419
-0.157683,-0.174835,2.593,2.60367
-0.149267,-0.174835,2.593,2.60317
-0.140851,-0.174835,2.593,2.6027
-0.132435,-0.174835,2.593,2.60226
-0.124018,-0.174835,2.593,2.60185
-0.115602,-0.174835,2.593,2.60146
-0.107186,-0.174835,2.593,2.6011
-0.0987696,-0.174835,2.593,2.60076
-0.0903534,-0.174835,2.593,2.60046
-0.0813368,-0.173554,2.574,2.58113
-0.0729822,-0.173554,2.574,2.58088
-0.0646277,-0.173554,2.574,2.58065
-0.0558577,-0.172273,2.555,2.56141
-0.0472111,-0.170992,2.536,2.5422
-0.0389799,-0.170992,2.536,2.54206
-0.0307487,-0.170992,2.536,2.54194
-0.0223487,-0.169711,2.517,2.52281
-0.0141792,-0.169711,2.517,2.52275
-0.00600962,-0.169711,2.517,2.52272
0.00215994,-0.169711,2.517,2.52272
0.0103295,-0.169711,2.517,2.52274
0.0184991,-0.169711,2.517,2.52278
0.0266686,-0.169711,2.517,2.52286
0.0348382,-0.169711,2.517,2.52296
0.0430077,-0.169711,2.517,2.52308
0.0511773,-0.169711,2.517,2.52323
0.0593468,-0.169711,2.517,2.52341
0.0675164,-0.169711,2.517,2.52362
0.075686,-0.169711,2.517,2.52385
0.0838555,-0.169711,2.517,2.52411
0.0920251,-0.169711,2.517,2.52439
0.100195,-0.169711,2.517,2.5247
0.108364,-0.169711,2.517,2.52504
0.116534,-0.169711,2.517,2.52541
0.124703,-0.169711,2.517,2.5258
0.133876,-0.170992,2.536,2.54528
0.142107,-0.170992,2.536,2.54573
0.151465,-0.172273,2.555,2.56528
0.159758,-0.172273,2.555,2.56578
0.16805,-0.172273,2.555,2.56631
0.176343,-0.172273,2.555,2.56687
0.184636,-0.172273,2.555,2.56745
0.192929,-0.172273,2.555,2.56806
0.201222,-0.172273,2.555,2.56869
0.209515,-0.172273,2.555,2.56936
0.217808,-0.172273,2.555,2.57005
0.226101,-0.172273,2.555,2.57076
0.234394,-0.172273,2.555,2.57151
0.242687,-0.172273,2.555,2.57228
0.250979,-0.172273,2.555,2.57307
0.259272,-0.172273,2.555,2.57389
0.265575,-0.170992,2.536,2.55559
0.273807,-0.170992,2.536,2.55646
0.282038,-0.170992,2.536,2.55736
0.290269,-0.170992,2.536,2.55828
0.2985,-0.170992,2.536,2.55923
0.306732,-0.170992,2.536,2.5602
0.312603,-0.169711,2.517,2.54201
0.320773,-0.169711,2.517,2.54303
0.328942,-0.169711,2.517,2.54407
0.337112,-0.169711,2.517,2.54514
0.342812,-0.168497,2.499,2.52803
0.350923,-0.168497,2.499,2.52914
0.359034,-0.168497,2.499,2.53028
0.367146,-0.168497,2.499,2.53144
0.372554,-0.167283,2.481,2.51439
0.380606,-0.167283,2.481,2.51559
0.388659,-0.167283,2.481,2.51682
0.396712,-0.167283,2.481,2.51808
0.404765,-0.167283,2.481,2.51936
0.412817,-0.167283,2.481,2.52067
0.42087,-0.167283,2.481,2.522
0.428923,-0.167283,2.481,2.52336
0.436975,-0.167283,2.481,2.52474
0.445028,-0.167283,2.481,2.52614
0.456368,-0.168497,2.499,2.54591
0.464479,-0.168497,2.499,2.54738
0.47259,-0.168497,2.499,2.54887
0.480701,-0.168497,2.499,2.55039
0.488812,-0.168497,2.499,2.55193
0.496924,-0.168497,2.499,2.55349
0.505035,-0.168497,2.499,2.55508
0.513146,-0.168497,2.499,2.5567
0.521257,-0.168497,2.499,2.55834
0.529368,-0.168497,2.499,2.56
0.537479,-0.168497,2.499,2.56169
0.54559,-0.168497,2.499,2.56341
0.553702,-0.168497,2.499,2.56515
0.561813,-0.168497,2.499,2.56691
0.569924,-0.168497,2.499,2.5687
0.578035,-0.168497,2.499,2.57051
0.586146,-0.168497,2.499,2.57235
0.594257,-0.168497,2.499,2.57421
0.602368,-0.168497,2.499,2.57609
0.606082,-0.167283,2.481,2.55943
0.614135,-0.167283,2.481,2.56135
0.622188,-0.167283,2.481,2.56329
0.63024,-0.167283,2.481,2.56526
0.638293,-0.167283,2.481,2.56725
0.646346,-0.167283,2.481,2.56926
0.654399,-0.167283,2.481,2.5713
0.662451,-0.167283,2.481,2.57336
0.670504,-0.167283,2.481,2.57545
0.678557,-0.167283,2.481,2.57755
0.691591,-0.168497,2.499,2.5984
0.699702,-0.168497,2.499,2.60057
0.707813,-0.168497,2.499,2.60277
0.715924,-0.168497,2.499,2.60498
0.724035,-0.168497,2.499,2.60722
0.73742,-0.169711,2.517,2.62828
0.74559,-0.169711,2.517,2.63059
0.753759,-0.169711,2.517,2.63292
0.761929,-0.169711,2.517,2.63527
0.770098,-0.169711,2.517,2.63764
0.778268,-0.169711,2.517,2.64004
0.792374,-0.170992,2.536,2.6624
0.794607,-0.169711,2.517,2.6449
0.802777,-0.169711,2.517,2.64737
0.810946,-0.169711,2.517,2.64985
0.819116,-0.169711,2.517,2.65237
0.827285,-0.169711,2.517,2.6549
0.835455,-0.169711,2.517,2.65746
0.843624,-0.169711,2.517,2.66004
0.851794,-0.169711,2.517,2.66264
0.859963,-0.169711,2.517,2.66526
0.868133,-0.169711,2.517,2.66791
0.876303,-0.169711,2.517,2.67058
0.878147,-0.168497,2.499,2.65415
0.886258,-0.168497,2.499,2.65685
0.894369,-0.168497,2.499,2.65957
0.90248,-0.168497,2.499,2.6623
0.910591,-0.168497,2.499,2.66506
0.912085,-0.167283,2.481,2.64863
0.920138,-0.167283,2.481,2.65141
0.921457,-0.16607,2.463,2.63496
0.929451,-0.16607,2.463,2.63777
0.930594,-0.164856,2.445,2.6213
0.93853,-0.164856,2.445,2.62413
0.946466,-0.164856,2.445,2.62698
0.954402,-0.164856,2.445,2.62985
0.962338,-0.164856,2.445,2.63274
0.970273,-0.164856,2.445,2.63565
0.978209,-0.164856,2.445,2.63858
nan,nan,nan,NaN
nan,nan,nan,NaN
nan,nan,nan,NaN
nan,nan,nan,NaN
nan,nan,nan,NaN
nan,nan,nan,NaN
nan,nan,nan,NaN
nan,nan,nan,NaN
nan,nan,nan,NaN
nan,nan,nan,NaN
nan,nan,nan,NaN
nan,nan,nan,NaN
nan,nan,nan,NaN
nan,nan,nan,NaN
nan,nan,nan,NaN
nan,nan,nan,NaN
nan,nan,nan,NaN
nan,nan,nan,NaN
1.64662,-0.24044,3.566,3.93516
1.65819,-0.24044,3.566,3.94002
1.66977,-0.24044,3.566,3.94491
1.69926,-0.243002,3.604,3.99191
1.729,-0.245564,3.642,4.03905
1.72265,-0.243002,3.604,4.00192
1.73435,-0.243002,3.604,4.00697
1.74605,-0.243002,3.604,4.01205
1.75775,-0.243002,3.604,4.01716
1.76944,-0.243002,3.604,4.02229
1.76236,-0.24044,3.566,3.98498
1.77394,-0.24044,3.566,3.99011
1.78551,-0.24044,3.566,3.99527
1.79708,-0.24044,3.566,4.00046
nan,nan,nan,NaN
nan,nan,nan,NaN
nan,nan,nan,NaN
nan,nan,nan,NaN
nan,nan,nan,NaN
nan,nan,nan,NaN
nan,nan,nan,NaN
nan,nan,nan,NaN
1.98389,-0.250891,3.721,4.22429
1.97451,-0.248194,3.681,4.1845
1.98646,-0.248194,3.681,4.19015
1.99841,-0.248194,3.681,4.19583
2.01036,-0.248194,3.681,4.20154
2.02231,-0.248194,3.681,4.20727
2.0127,-0.245564,3.642,4.16838
2.02452,-0.245564,3.642,4.17411
2.03634,-0.245564,3.642,4.17985
2.02679,-0.243002,3.604,4.14195
1.99607,-0.237945,3.529,4.06137
2.00752,-0.237945,3.529,4.06702
1.99838,-0.235518,3.493,4.03114
1.98958,-0.233158,3.458,3.99632
1.98055,-0.230798,3.423,3.96141
1.99166,-0.230798,3.423,3.96698
1.98288,-0.228506,3.389,3.93311
1.97447,-0.226281,3.356,3.90032
1.98536,-0.226281,3.356,3.90584
1.97722,-0.224123,3.324,3.87409
1.94973,-0.219808,3.26,3.80491
1.96031,-0.219808,3.26,3.81035
1.95275,-0.217785,3.23,3.78069
1.92677,-0.21374,3.17,3.71578
1.93706,-0.21374,3.17,3.72113
1.94735,-0.21374,3.17,3.72649
1.92182,-0.209829,3.112,3.6636
1.93192,-0.209829,3.112,3.66891
1.92455,-0.207941,3.084,3.64118
1.91762,-0.20612,3.057,3.61455
1.92754,-0.20612,3.057,3.61983
1.90324,-0.202479,3.003,3.56109
1.89642,-0.200726,2.977,3.53543
1.87343,-0.197288,2.926,3.47996
1.88293,-0.197288,2.926,3.48509
1.87626,-0.195602,2.901,3.46041
1.85447,-0.192366,2.853,3.40818
1.86373,-0.192366,2.853,3.41323
1.84214,-0.189197,2.806,3.36198
1.82156,-0.186162,2.761,3.31298
1.83052,-0.186162,2.761,3.31792
1.82482,-0.184679,2.739,3.29639
1.80493,-0.18178,2.696,3.2495
1.81368,-0.18178,2.696,3.25436
1.80823,-0.180364,2.675,3.23386
1.78839,-0.177532,2.633,3.18787
-2.12074,-0.196201,3.057,3.72576
-2.07353,-0.192735,3.003,3.65441
-2.06379,-0.192735,3.003,3.64889
-2.03625,-0.191066,2.977,3.61184
-2.00889,-0.189398,2.951,3.5749
-1.99931,-0.189398,2.951,3.56953
-1.97288,-0.187793,2.926,3.53398
-1.94661,-0.186189,2.901,3.49853
-1.93719,-0.186189,2.901,3.4933
-1.92778,-0.186189,2.901,3.48809
-1.91836,-0.186189,2.901,3.4829
-1.90894,-0.186189,2.901,3.47772
-1.89953,-0.186189,2.901,3.47256
-1.87447,-0.184648,2.877,3.43873
-1.86514,-0.184648,2.877,3.43365
-1.87128,-0.186189,2.901,3.45719
-1.86186,-0.186189,2.901,3.4521
-1.86841,-0.187793,2.926,3.47674
-1.85891,-0.187793,2.926,3.47164
-1.84942,-0.187793,2.926,3.46657
-1.83992,-0.187793,2.926,3.46151
-1.83042,-0.187793,2.926,3.45647
-1.80537,-0.186189,2.901,3.42196
-1.79595,-0.186189,2.901,3.417
-1.80193,-0.187793,2.926,3.44147
-1.79244,-0.187793,2.926,3.43651
-1.7677,-0.186189,2.901,3.40224
-1.75829,-0.186189,2.901,3.39736
-1.74887,-0.186189,2.901,3.3925
-1.72507,-0.184648,2.877,3.35962
-1.71573,-0.184648,2.877,3.35484
-1.70639,-0.184648,2.877,3.35007
-1.6829,-0.183108,2.853,3.31742
-1.67364,-0.183108,2.853,3.31273
nan,nan,nan,NaN
nan,nan,nan,NaN
nan,nan,nan,NaN
nan,nan,nan,NaN
nan,nan,nan,NaN
nan,nan,nan,NaN
nan,nan,nan,NaN
nan,nan,nan,NaN
nan,nan,nan,NaN
nan,nan,nan,NaN
nan,nan,nan,NaN
nan,nan,nan,NaN
nan,nan,nan,NaN
nan,nan,nan,NaN
nan,nan,nan,NaN
nan,nan,nan,NaN
nan,nan,nan,NaN
nan,nan,nan,NaN
nan,nan,nan,NaN
nan,nan,nan,NaN
nan,nan,nan,NaN
nan,nan,nan,NaN
nan,nan,nan,NaN
nan,nan,nan,NaN
nan,nan,nan,NaN
nan,nan,nan,NaN
nan,nan,nan,NaN
nan,nan,nan,NaN
nan,nan,nan,NaN
nan,nan,nan,NaN
nan,nan,nan,NaN
-1.18904,-0.158078,2.463,2.73956
-1.18104,-0.158078,2.463,2.73609
-1.17305,-0.158078,2.463,2.73265
-1.15654,-0.156922,2.445,2.70929
-1.1486,-0.156922,2.445,2.70591
-1.14067,-0.156922,2.445,2.70255
-1.12485,-0.155831,2.428,2.68044
-1.10915,-0.15474,2.411,2.6584
-1.10133,-0.15474,2.411,2.65514
-1.0935,-0.15474,2.411,2.65191
-1.08568,-0.15474,2.411,2.64869
-1.07025,-0.153649,2.394,2.62684
-1.06248,-0.153649,2.394,2.62368
-1.05471,-0.153649,2.394,2.62055
-1.04694,-0.153649,2.394,2.61743
-1.03917,-0.153649,2.394,2.61433
-1.0314,-0.153649,2.394,2.61125
-1.02363,-0.153649,2.394,2.60819
-1.01586,-0.153649,2.394,2.60515
-1.00809,-0.153649,2.394,2.60213
-1.00032,-0.153649,2.394,2.59913
-0.992548,-0.153649,2.394,2.59615
-0.984778,-0.153649,2.394,2.59319
-0.977007,-0.153649,2.394,2.59025
-0.969237,-0.153649,2.394,2.58733
-0.961466,-0.153649,2.394,2.58443
-0.953696,-0.153649,2.394,2.58155
-0.945926,-0.153649,2.394,2.57869
-0.938156,-0.153649,2.394,2.57585
-0.930385,-0.153649,2.394,2.57303
-0.916063,-0.152558,2.377,2.55197
-0.908348,-0.152558,2.377,2.54922
-0.900633,-0.152558,2.377,2.54648
-0.892918,-0.152558,2.377,2.54376
-0.885203,-0.152558,2.377,2.54106
-0.877488,-0.152558,2.377,2.53838
-0.869772,-0.152558,2.377,2.53573
-0.862057,-0.152558,2.377,2.53309
-0.854342,-0.152558,2.377,2.53047
-0.840928,-0.151531,2.361,2.51086
-0.833265,-0.151531,2.361,2.50831
-0.831197,-0.152558,2.377,2.52275
-0.817938,-0.151531,2.361,2.50326
-0.810275,-0.151531,2.361,2.50077
-0.802612,-0.151531,2.361,2.49829
-0.794949,-0.151531,2.361,2.49584
-0.787286,-0.151531,2.361,2.49341
-0.779622,-0.151531,2.361,2.491
-0.771959,-0.151531,2.361,2.48861
-0.764296,-0.151531,2.361,2.48625
-0.756633,-0.151531,2.361,2.4839
-0.748969,-0.151531,2.361,2.48158
-0.741306,-0.151531,2.361,2.47928
-0.738615,-0.152558,2.377,2.49378
-0.7309,-0.152558,2.377,2.49151
-0.723184,-0.152558,2.377,2.48926
-0.715469,-0.152558,2.377,2.48703
-0.707754,-0.152558,2.377,2.48482
-0.700039,-0.152558,2.377,2.48263
-0.692324,-0.152558,2.377,2.48047
-0.684609,-0.152558,2.377,2.47832
-0.681735,-0.153649,2.394,2.49391
-0.673964,-0.153649,2.394,2.4918
-0.666194,-0.153649,2.394,2.48971
-0.658424,-0.153649,2.394,2.48764
-0.650653,-0.153649,2.394,2.4856
-0.642883,-0.153649,2.394,2.48357
-0.635113,-0.153649,2.394,2.48157
-0.627342,-0.153649,2.394,2.4796
-0.619572,-0.153649,2.394,2.47764
-0.611802,-0.153649,2.394,2.47571
-0.608321,-0.15474,2.411,2.49137
-0.600495,-0.15474,2.411,2.48947
-0.59267,-0.15474,2.411,2.48759
-0.584844,-0.15474,2.411,2.48574
-0.577019,-0.15474,2.411,2.48391
-0.569193,-0.15474,2.411,2.48211
-0.561368,-0.15474,2.411,2.48032
-0.557445,-0.155831,2.428,2.49604
-0.549564,-0.155831,2.428,2.49429
-0.541684,-0.155831,2.428,2.49257
-0.533803,-0.155831,2.428,2.49087
-0.525922,-0.155831,2.428,2.48919
-0.518042,-0.155831,2.428,2.48754
-0.513733,-0.156922,2.445,2.50331
-0.505797,-0.156922,2.445,2.5017
-0.497861,-0.156922,2.445,2.5001
-0.493532,-0.158078,2.463,2.51693
-0.485538,-0.158078,2.463,2.51537
-0.477544,-0.158078,2.463,2.51384
-0.469549,-0.158078,2.463,2.51234
-0.464928,-0.159233,2.481,2.5292
-0.456875,-0.159233,2.481,2.52774
-0.448823,-0.159233,2.481,2.52629
-0.443968,-0.160388,2.499,2.54319
-0.435857,-0.160388,2.499,2.54179
-0.427746,-0.160388,2.499,2.54041
-0.419634,-0.160388,2.499,2.53906
-0.414487,-0.161543,2.517,2.55601
-0.406318,-0.161543,2.517,2.5547
-0.398148,-0.161543,2.517,2.55341
-0.389979,-0.161543,2.517,2.55215
-0.381809,-0.161543,2.517,2.55091
-0.37646,-0.162763,2.536,2.56895
-0.368229,-0.162763,2.536,2.56776
-0.359998,-0.162763,2.536,2.56659
-0.351766,-0.162763,2.536,2.56545
-0.343535,-0.162763,2.536,2.56433
-0.335304,-0.162763,2.536,2.56324
-0.327073,-0.162763,2.536,2.56218
-0.318842,-0.162763,2.536,2.56114
-0.31061,-0.162763,2.536,2.56013
-0.300114,-0.161543,2.517,2.53997
-0.291944,-0.161543,2.517,2.53902
-0.283775,-0.161543,2.517,2.53809
-0.275605,-0.161543,2.517,2.53719
-0.269454,-0.162763,2.536,2.55546
-0.261223,-0.162763,2.536,2.55461
-0.252992,-0.162763,2.536,2.55378
-0.244761,-0.162763,2.536,2.55298
-0.238301,-0.163982,2.555,2.57132
-0.230009,-0.163982,2.555,2.57057
-0.221716,-0.163982,2.555,2.56984
-0.213423,-0.163982,2.555,2.56914
-0.20513,-0.163982,2.555,2.56846
-0.196837,-0.163982,2.555,2.56781
-0.189946,-0.165202,2.574,2.58628
-0.181592,-0.165202,2.574,2.58568
-0.173237,-0.165202,2.574,2.58511
-0.164882,-0.165202,2.574,2.58456
-0.157683,-0.166421,2.593,2.60312
-0.149267,-0.166421,2.593,2.60262
-0.140851,-0.166421,2.593,2.60215
-0.132435,-0.166421,2.593,2.60171
-0.124018,-0.166421,2.593,2.60129
-0.115602,-0.166421,2.593,2.60091
-0.107186,-0.166421,2.593,2.60054
-0.0987696,-0.166421,2.593,2.60021
-0.0896914,-0.165202,2.574,2.58086
-0.0813368,-0.165202,2.574,2.58058
-0.0729822,-0.165202,2.574,2.58033
-0.0646277,-0.165202,2.574,2.58011
-0.0558577,-0.163982,2.555,2.56087
-0.0475648,-0.163982,2.555,2.5607
-0.0392719,-0.163982,2.555,2.56056
-0.0307487,-0.162763,2.536,2.5414
-0.0225174,-0.162763,2.536,2.54132
-0.0142862,-0.162763,2.536,2.54126
-0.00600962,-0.161543,2.517,2.52219
0.00215994,-0.161543,2.517,2.52218
0.0103295,-0.161543,2.517,2.5222
0.0183668,-0.160388,2.499,2.50421
0.0264779,-0.160388,2.499,2.50428
0.034589,-0.160388,2.499,2.50438
0.0430077,-0.161543,2.517,2.52255
0.0511773,-0.161543,2.517,2.5227
0.0589224,-0.160388,2.499,2.50483
0.0670336,-0.160388,2.499,2.50504
0.0751447,-0.160388,2.499,2.50527
0.0832558,-0.160388,2.499,2.50553
0.091367,-0.160388,2.499,2.50581
0.0994781,-0.160388,2.499,2.50612
0.107589,-0.160388,2.499,2.50645
0.116534,-0.161543,2.517,2.52487
0.124703,-0.161543,2.517,2.52526
0.133876,-0.162763,2.536,2.54474
0.142107,-0.162763,2.536,2.54519
0.151465,-0.163982,2.555,2.56473
0.159758,-0.163982,2.555,2.56524
0.16805,-0.163982,2.555,2.56577
0.176343,-0.163982,2.555,2.56632
0.184636,-0.163982,2.555,2.56691
0.192929,-0.163982,2.555,2.56752
0.201222,-0.163982,2.555,2.56815
0.209515,-0.163982,2.555,2.56882
0.217808,-0.163982,2.555,2.5695
0.226101,-0.163982,2.555,2.57022
0.234394,-0.163982,2.555,2.57096
0.242687,-0.163982,2.555,2.57173
0.250979,-0.163982,2.555,2.57253
0.259272,-0.163982,2.555,2.57335
0.265575,-0.162763,2.536,2.55506
0.273807,-0.162763,2.536,2.55593
0.282038,-0.162763,2.536,2.55682
0.290269,-0.162763,2.536,2.55774
0.2985,-0.162763,2.536,2.55869
0.306732,-0.162763,2.536,2.55966
0.312603,-0.161543,2.517,2.54148
0.320773,-0.161543,2.517,2.5425
0.328942,-0.161543,2.517,2.54354
0.337112,-0.161543,2.517,2.54461
0.342812,-0.160388,2.499,2.5275
0.350923,-0.160388,2.499,2.52861
0.359034,-0.160388,2.499,2.52975
0.367146,-0.160388,2.499,2.53091
0.372554,-0.159233,2.481,2.51386
0.380606,-0.159233,2.481,2.51507
0.388659,-0.159233,2.481,2.5163
0.396712,-0.159233,2.481,2.51756
0.404765,-0.159233,2.481,2.51884
0.412817,-0.159233,2.481,2.52015
0.42087,-0.159233,2.481,2.52148
0.428923,-0.159233,2.481,2.52283
0.436975,-0.159233,2.481,2.52422
0.445028,-0.159233,2.481,2.52562
0.456368,-0.160388,2.499,2.54539
0.464479,-0.160388,2.499,2.54685
0.47259,-0.160388,2.499,2.54835
0.480701,-0.160388,2.499,2.54986
0.488812,-0.160388,2.499,2.5514
0.496924,-0.160388,2.499,2.55297
0.505035,-0.160388,2.499,2.55456
0.516842,-0.161543,2.517,2.57459
0.521257,-0.160388,2.499,2.55782
0.529368,-0.160388,2.499,2.55948
0.537479,-0.160388,2.499,2.56117
0.54559,-0.160388,2.499,2.56289
0.553702,-0.160388,2.499,2.56463
0.561813,-0.160388,2.499,2.56639
0.569924,-0.160388,2.499,2.56818
0.578035,-0.160388,2.499,2.56999
0.586146,-0.160388,2.499,2.57183
0.594257,-0.160388,2.499,2.57369
0.602368,-0.160388,2.499,2.57557
0.606082,-0.159233,2.481,2.55892
0.614135,-0.159233,2.481,2.56084
0.622188,-0.159233,2.481,2.56278
0.63024,-0.159233,2.481,2.56475
0.638293,-0.159233,2.481,2.56674
0.646346,-0.159233,2.481,2.56875
0.654399,-0.159233,2.481,2.57079
0.662451,-0.159233,2.481,2.57285
0.670504,-0.159233,2.481,2.57494
0.678557,-0.159233,2.481,2.57704
0.691591,-0.160388,2.499,2.59789
0.699702,-0.160388,2.499,2.60006
0.707813,-0.160388,2.499,2.60225
0.715924,-0.160388,2.499,2.60447
0.724035,-0.160388,2.499,2.60671
0.73742,-0.161543,2.517,2.62777
0.74559,-0.161543,2.517,2.63007
0.753759,-0.161543,2.517,2.6324
0.761929,-0.161543,2.517,2.63475
0.770098,-0.161543,2.517,2.63713
0.778268,-0.161543,2.517,2.63952
0.792374,-0.162763,2.536,2.66189
0.794607,-0.161543,2.517,2.64439
0.802777,-0.161543,2.517,2.64685
0.810946,-0.161543,2.517,2.64934
0.819116,-0.161543,2.517,2.65186
0.827285,-0.161543,2.517,2.65439
0.835455,-0.161543,2.517,2.65695
0.843624,-0.161543,2.517,2.65953
0.851794,-0.161543,2.517,2.66213
0.859963,-0.161543,2.517,2.66476
0.868133,-0.161543,2.517,2.6674
0.876303,-0.161543,2.517,2.67007
0.878147,-0.160388,2.499,2.65365
0.886258,-0.160388,2.499,2.65635
0.894369,-0.160388,2.499,2.65906
0.90248,-0.160388,2.499,2.6618
0.910591,-0.160388,2.499,2.66456
0.912085,-0.159233,2.481,2.64813
0.920138,-0.159233,2.481,2.65092
0.921457,-0.158078,2.463,2.63447
0.929451,-0.158078,2.463,2.63728
0.930594,-0.156922,2.445,2.62081
0.93853,-0.156922,2.445,2.62364
0.946466,-0.156922,2.445,2.62649
0.954402,-0.156922,2.445,2.62936
0.962338,-0.156922,2.445,2.63225
0.970273,-0.156922,2.445,2.63516
0.978209,-0.156922,2.445,2.63809
nan,nan,nan,NaN
nan,nan,nan,NaN
nan,nan,nan,NaN
1.01739,-0.158078,2.463,2.66954
1.02538,-0.158078,2.463,2.6726
nan,nan,nan,NaN
nan,nan,nan,NaN
nan,nan,nan,NaN
nan,nan,nan,NaN
nan,nan,nan,NaN
nan,nan,nan,NaN
nan,nan,nan,NaN
nan,nan,nan,NaN
nan,nan,nan,NaN
nan,nan,nan,NaN
nan,nan,nan,NaN
nan,nan,nan,NaN
nan,nan,nan,NaN
1.64662,-0.228869,3.566,3.93447
1.65819,-0.228869,3.566,3.93933
1.66977,-0.228869,3.566,3.94422
1.69926,-0.231308,3.604,3.99121
1.729,-0.233747,3.642,4.03834
1.72265,-0.231308,3.604,4.00123
1.73435,-0.231308,3.604,4.00628
1.74605,-0.231308,3.604,4.01136
1.75775,-0.231308,3.604,4.01647
1.76944,-0.231308,3.604,4.0216
1.76236,-0.228869,3.566,3.9843
1.77394,-0.228869,3.566,3.98943
1.78551,-0.228869,3.566,3.99459
1.79708,-0.228869,3.566,3.99978
nan,nan,nan,NaN
nan,nan,nan,NaN
nan,nan,nan,NaN
nan,nan,nan,NaN
nan,nan,nan,NaN
nan,nan,nan,NaN
nan,nan,nan,NaN
nan,nan,nan,NaN
1.94177,-0.233747,3.642,4.13392
1.95359,-0.233747,3.642,4.13948
1.96542,-0.233747,3.642,4.14508
1.97724,-0.233747,3.642,4.15069
1.98906,-0.233747,3.642,4.15634
2.00088,-0.233747,3.642,4.16201
2.0127,-0.233747,3.642,4.16771
2.0034,-0.231308,3.604,4.12988
2.0151,-0.231308,3.604,4.13557
2.00542,-0.228869,3.566,4.09762
1.99607,-0.226494,3.529,4.06072
2.00752,-0.226494,3.529,4.06636
1.99838,-0.224184,3.493,4.03049
1.96944,-0.219691,3.423,3.95524
1.98055,-0.219691,3.423,3.96078
1.99166,-0.219691,3.423,3.96635
1.98288,-0.217509,3.389,3.93249
1.97447,-0.215391,3.356,3.8997
1.98536,-0.215391,3.356,3.90523
1.95818,-0.211283,3.292,3.83619
1.94973,-0.20923,3.26,3.80432
1.96031,-0.20923,3.26,3.80975
1.95275,-0.207304,3.23,3.7801
1.92677,-0.203453,3.17,3.7152
1.93706,-0.203453,3.17,3.72055
1.92953,-0.201592,3.141,3.69183
1.92182,-0.199731,3.112,3.66303
1.93192,-0.199731,3.112,3.66834
1.92455,-0.197934,3.084,3.64062
1.90068,-0.194468,3.03,3.58208
1.91052,-0.194468,3.03,3.58731
1.90324,-0.192735,3.003,3.56054
1.87986,-0.189398,2.951,3.50402
1.87343,-0.187793,2.926,3.47944
1.88293,-0.187793,2.926,3.48456
1.86074,-0.184648,2.877,3.43126
1.83887,-0.181568,2.829,3.379
1.84806,-0.181568,2.829,3.38401
1.84214,-0.180092,2.806,3.36148
1.82156,-0.177203,2.761,3.31249
1.83052,-0.177203,2.761,3.31743
1.81017,-0.174379,2.717,3.26943
1.80493,-0.173032,2.696,3.24902
1.81368,-0.173032,2.696,3.25389
1.79404,-0.170336,2.654,3.20801
1.78839,-0.168988,2.633,3.18741
-2.12074,-0.186281,3.057,3.72525
-2.07353,-0.182991,3.003,3.65391
-2.06379,-0.182991,3.003,3.64838
-2.03625,-0.181407,2.977,3.61134
-2.00889,-0.179822,2.951,3.57441
-1.99931,-0.179822,2.951,3.56903
-1.97288,-0.178299,2.926,3.53349
-1.96338,-0.178299,2.926,3.52819
-1.95389,-0.178299,2.926,3.52292
-1.94439,-0.178299,2.926,3.51766
-1.91836,-0.176775,2.901,3.48241
-1.90894,-0.176775,2.901,3.47723
-1.89953,-0.176775,2.901,3.47207
-1.87447,-0.175313,2.877,3.43824
-1.86514,-0.175313,2.877,3.43316
-1.87128,-0.176775,2.901,3.45669
-1.86186,-0.176775,2.901,3.45161
-1.86841,-0.178299,2.926,3.47624
-1.85891,-0.178299,2.926,3.47114
-1.84942,-0.178299,2.926,3.46607
-1.83992,-0.178299,2.926,3.46101
-1.83042,-0.178299,2.926,3.45597
-1.80537,-0.176775,2.901,3.42146
-1.79595,-0.176775,2.901,3.4165
-1.80193,-0.178299,2.926,3.44096
-1.79244,-0.178299,2.926,3.436
-1.7677,-0.176775,2.901,3.40174
-1.75829,-0.176775,2.901,3.39686
-1.74887,-0.176775,2.901,3.39199
-1.72507,-0.175313,2.877,3.35912
-1.71573,-0.175313,2.877,3.35434
-1.70639,-0.175313,2.877,3.34957
-1.6829,-0.173851,2.853,3.31692
-1.67364,-0.173851,2.853,3.31223
nan,nan,nan,NaN
nan,nan,nan,NaN
nan,nan,nan,NaN
nan,nan,nan,NaN
nan,nan,nan,NaN
nan,nan,nan,NaN
nan,nan,nan,NaN
nan,nan,nan,NaN
nan,nan,nan,NaN
nan,nan,nan,NaN
nan,nan,nan,NaN
nan,nan,nan,NaN
nan,nan,nan,NaN
nan,nan,nan,NaN
nan,nan,nan,NaN
nan,nan,nan,NaN
nan,nan,nan,NaN
nan,nan,nan,NaN
nan,nan,nan,NaN
nan,nan,nan,NaN
nan,nan,nan,NaN
nan,nan,nan,NaN
nan,nan,nan,NaN
nan,nan,nan,NaN
nan,nan,nan,NaN
nan,nan,nan,NaN
nan,nan,nan,NaN
nan,nan,nan,NaN
nan,nan,nan,NaN
-1.23144,-0.153376,2.517,2.80629
-1.22327,-0.153376,2.517,2.80272
-1.18904,-0.150085,2.463,2.73911
-1.18104,-0.150085,2.463,2.73564
-1.17305,-0.150085,2.463,2.7322
-1.15654,-0.148989,2.445,2.70884
-1.1486,-0.148989,2.445,2.70546
-1.14067,-0.148989,2.445,2.7021
-1.12485,-0.147953,2.428,2.67999
-1.10915,-0.146917,2.411,2.65796
-1.10133,-0.146917,2.411,2.6547
-1.0935,-0.146917,2.411,2.65146
-1.08568,-0.146917,2.411,2.64824
-1.07025,-0.145881,2.394,2.6264
-1.06248,-0.145881,2.394,2.62324
-1.05471,-0.145881,2.394,2.6201
-1.04694,-0.145881,2.394,2.61698
-1.03917,-0.145881,2.394,2.61388
-1.0314,-0.145881,2.394,2.61081
-1.02363,-0.145881,2.394,2.60775
-1.01586,-0.145881,2.394,2.6047
-1.00809,-0.145881,2.394,2.60168
-1.00032,-0.145881,2.394,2.59868
-0.992548,-0.145881,2.394,2.5957
-0.984778,-0.145881,2.394,2.59274
-0.977007,-0.145881,2.394,2.5898
-0.969237,-0.145881,2.394,2.58688
-0.961466,-0.145881,2.394,2.58398
-0.953696,-0.145881,2.394,2.5811
-0.945926,-0.145881,2.394,2.57823
-0.938156,-0.145881,2.394,2.57539
-0.930385,-0.145881,2.394,2.57257
-0.922615,-0.145881,2.394,2.56977
-0.914845,-0.145881,2.394,2.56699
-0.907074,-0.145881,2.394,2.56423
-0.892918,-0.144845,2.377,2.54331
-0.885203,-0.144845,2.377,2.54061
-0.877488,-0.144845,2.377,2.53793
-0.869772,-0.144845,2.377,2.53527
-0.862057,-0.144845,2.377,2.53264
-0.854342,-0.144845,2.377,2.53002
-0.846627,-0.144845,2.377,2.52743
-0.838912,-0.144845,2.377,2.52485
-0.831197,-0.144845,2.377,2.5223
-0.823481,-0.144845,2.377,2.51977
-0.815766,-0.144845,2.377,2.51726
-0.808051,-0.144845,2.377,2.51477
-0.800336,-0.144845,2.377,2.5123
-0.792621,-0.144845,2.377,2.50985
-0.784906,-0.144845,2.377,2.50743
-0.777191,-0.144845,2.377,2.50502
-0.769475,-0.144845,2.377,2.50264
-0.76176,-0.144845,2.377,2.50028
-0.754045,-0.144845,2.377,2.49794
-0.74633,-0.144845,2.377,2.49562
-0.738615,-0.144845,2.377,2.49332
-0.7309,-0.144845,2.377,2.49105
-0.723184,-0.144845,2.377,2.4888
-0.715469,-0.144845,2.377,2.48657
-0.707754,-0.144845,2.377,2.48436
-0.700039,-0.144845,2.377,2.48217
-0.692324,-0.144845,2.377,2.48
-0.689505,-0.145881,2.394,2.49558
-0.681735,-0.145881,2.394,2.49345
-0.673964,-0.145881,2.394,2.49133
-0.666194,-0.145881,2.394,2.48924
-0.658424,-0.145881,2.394,2.48717
-0.650653,-0.145881,2.394,2.48513
-0.642883,-0.145881,2.394,2.48311
-0.635113,-0.145881,2.394,2.48111
-0.627342,-0.145881,2.394,2.47913
-0.619572,-0.145881,2.394,2.47717
-0.616146,-0.146917,2.411,2.49282
-0.608321,-0.146917,2.411,2.4909
-0.600495,-0.146917,2.411,2.489
-0.59267,-0.146917,2.411,2.48712
-0.584844,-0.146917,2.411,2.48527
-0.581087,-0.147953,2.428,2.50095
-0.573206,-0.147953,2.428,2.49913
-0.565326,-0.147953,2.428,2.49733
-0.557445,-0.147953,2.428,2.49556
-0.549564,-0.147953,2.428,2.49381
-0.541684,-0.147953,2.428,2.49209
-0.533803,-0.147953,2.428,2.49039
-0.525922,-0.147953,2.428,2.48871
-0.521669,-0.148989,2.445,2.50447
-0.513733,-0.148989,2.445,2.50283
-0.505797,-0.148989,2.445,2.50121
-0.497861,-0.148989,2.445,2.49962
-0.493532,-0.150085,2.463,2.51644
-0.485538,-0.150085,2.463,2.51488
-0.477544,-0.150085,2.463,2.51335
-0.472981,-0.151182,2.481,2.5302
-0.464928,-0.151182,2.481,2.52871
-0.456875,-0.151182,2.481,2.52724
-0.452079,-0.152279,2.499,2.54412
-0.443968,-0.152279,2.499,2.5427
-0.435857,-0.152279,2.499,2.54129
-0.427746,-0.152279,2.499,2.53991
-0.422657,-0.153376,2.517,2.55684
-0.414487,-0.153376,2.517,2.55551
-0.406318,-0.153376,2.517,2.55419
-0.398148,-0.153376,2.517,2.55291
-0.392923,-0.154534,2.536,2.57091
-0.384691,-0.154534,2.536,2.56966
-0.37646,-0.154534,2.536,2.56844
-0.368229,-0.154534,2.536,2.56725
-0.359998,-0.154534,2.536,2.56608
-0.351766,-0.154534,2.536,2.56494
-0.343535,-0.154534,2.536,2.56382
-0.335304,-0.154534,2.536,2.56273
-0.327073,-0.154534,2.536,2.56167
-0.318842,-0.154534,2.536,2.56063
-0.31061,-0.154534,2.536,2.55962
-0.302379,-0.154534,2.536,2.55863
-0.294148,-0.154534,2.536,2.55767
-0.285917,-0.154534,2.536,2.55674
-0.277685,-0.154534,2.536,2.55583
-0.269454,-0.154534,2.536,2.55495
-0.261223,-0.154534,2.536,2.5541
-0.252992,-0.154534,2.536,2.55327
-0.244761,-0.154534,2.536,2.55247
-0.238301,-0.155692,2.555,2.57081
-0.230009,-0.155692,2.555,2.57005
-0.221716,-0.155692,2.555,2.56932
-0.213423,-0.155692,2.555,2.56862
-0.206655,-0.156849,2.574,2.58704
-0.198301,-0.156849,2.574,2.58639
-0.189946,-0.156849,2.574,2.58576
-0.181592,-0.156849,2.574,2.58516
-0.173237,-0.156849,2.574,2.58459
-0.164882,-0.156849,2.574,2.58404
-0.157683,-0.158007,2.593,2.60259
-0.149267,-0.158007,2.593,2.60209
-0.140851,-0.158007,2.593,2.60163
-0.133456,-0.159226,2.613,2.62125
-0.124975,-0.159226,2.613,2.62083
-0.115602,-0.158007,2.593,2.60038
-0.107186,-0.158007,2.593,2.60002
-0.0987696,-0.158007,2.593,2.59969
-0.0896914,-0.156849,2.574,2.58033
-0.0813368,-0.156849,2.574,2.58006
-0.0729822,-0.156849,2.574,2.57981
-0.0646277,-0.156849,2.574,2.57958
-0.0558577,-0.155692,2.555,2.56035
-0.0475648,-0.155692,2.555,2.56018
-0.0392719,-0.155692,2.555,2.56004
-0.0307487,-0.154534,2.536,2.54089
-0.0225174,-0.154534,2.536,2.5408
-0.0142862,-0.154534,2.536,2.54074
-0.00605498,-0.154534,2.536,2.54071
0.00215994,-0.153376,2.517,2.52167
0.0103295,-0.153376,2.517,2.52169
0.0183668,-0.152279,2.499,2.5037
0.0264779,-0.152279,2.499,2.50378
0.034589,-0.152279,2.499,2.50387
0.0430077,-0.153376,2.517,2.52204
0.0511773,-0.153376,2.517,2.52219
0.0589224,-0.152279,2.499,2.50433
0.0670336,-0.152279,2.499,2.50453
0.0751447,-0.152279,2.499,2.50476
0.0832558,-0.152279,2.499,2.50502
0.091367,-0.152279,2.499,2.5053
0.0994781,-0.152279,2.499,2.50561
0.107589,-0.152279,2.499,2.50595
0.116534,-0.153376,2.517,2.52436
0.124703,-0.153376,2.517,2.52475
0.132873,-0.153376,2.517,2.52517
0.141042,-0.153376,2.517,2.52561
0.149212,-0.153376,2.517,2.52608
0.157382,-0.153376,2.517,2.52658
0.166801,-0.154534,2.536,2.54617
0.175032,-0.154534,2.536,2.54673
0.183263,-0.154534,2.536,2.5473
0.192929,-0.155692,2.555,2.567
0.201222,-0.155692,2.555,2.56764
0.209515,-0.155692,2.555,2.5683
0.217808,-0.155692,2.555,2.56899
0.226101,-0.155692,2.555,2.56971
0.234394,-0.155692,2.555,2.57045
0.242687,-0.155692,2.555,2.57122
0.249113,-0.154534,2.536,2.55289
0.257344,-0.154534,2.536,2.5537
0.265575,-0.154534,2.536,2.55455
0.273807,-0.154534,2.536,2.55542
0.282038,-0.154534,2.536,2.55631
0.290269,-0.154534,2.536,2.55723
0.296264,-0.153376,2.517,2.53901
0.304434,-0.153376,2.517,2.53998
0.312603,-0.153376,2.517,2.54097
0.320773,-0.153376,2.517,2.54199
0.32659,-0.152279,2.499,2.52485
0.334701,-0.152279,2.499,2.52591
0.342812,-0.152279,2.499,2.527
0.350923,-0.152279,2.499,2.52811
0.359034,-0.152279,2.499,2.52925
0.364501,-0.151182,2.481,2.51219
0.372554,-0.151182,2.481,2.51337
0.380606,-0.151182,2.481,2.51457
0.388659,-0.151182,2.481,2.5158
0.396712,-0.151182,2.481,2.51706
0.404765,-0.151182,2.481,2.51834
0.412817,-0.151182,2.481,2.51965
0.417816,-0.150085,2.463,2.50269
0.425811,-0.150085,2.463,2.50404
0.436975,-0.151182,2.481,2.52372
0.445028,-0.151182,2.481,2.52513
0.453081,-0.151182,2.481,2.52656
0.464479,-0.152279,2.499,2.54636
0.47259,-0.152279,2.499,2.54785
0.480701,-0.152279,2.499,2.54937
0.488812,-0.152279,2.499,2.55091
0.496924,-0.152279,2.499,2.55247
0.505035,-0.152279,2.499,2.55407
0.516842,-0.153376,2.517,2.57409
0.521257,-0.152279,2.499,2.55732
0.529368,-0.152279,2.499,2.55899
0.537479,-0.152279,2.499,2.56068
0.54559,-0.152279,2.499,2.56239
0.553702,-0.152279,2.499,2.56413
0.561813,-0.152279,2.499,2.5659
0.569924,-0.152279,2.499,2.56768
0.578035,-0.152279,2.499,2.5695
0.586146,-0.152279,2.499,2.57133
0.594257,-0.152279,2.499,2.57319
0.602368,-0.152279,2.499,2.57508
0.610479,-0.152279,2.499,2.57699
0.618591,-0.152279,2.499,2.57892
0.626702,-0.152279,2.499,2.58088
0.634813,-0.152279,2.499,2.58286
0.638293,-0.151182,2.481,2.56625
0.646346,-0.151182,2.481,2.56826
0.654399,-0.151182,2.481,2.5703
0.662451,-0.151182,2.481,2.57236
0.675369,-0.152279,2.499,2.59313
0.68348,-0.152279,2.499,2.59525
0.691591,-0.152279,2.499,2.5974
0.699702,-0.152279,2.499,2.59957
0.707813,-0.152279,2.499,2.60177
0.715924,-0.152279,2.499,2.60399
0.724035,-0.152279,2.499,2.60623
0.73742,-0.153376,2.517,2.62728
0.74559,-0.153376,2.517,2.62959
0.753759,-0.153376,2.517,2.63191
0.761929,-0.153376,2.517,2.63426
0.770098,-0.153376,2.517,2.63664
0.778268,-0.153376,2.517,2.63904
0.792374,-0.154534,2.536,2.6614
0.800605,-0.154534,2.536,2.66386
0.802777,-0.153376,2.517,2.64637
0.810946,-0.153376,2.517,2.64886
0.819116,-0.153376,2.517,2.65137
0.827285,-0.153376,2.517,2.65391
0.835455,-0.153376,2.517,2.65646
0.843624,-0.153376,2.517,2.65904
0.851794,-0.153376,2.517,2.66165
0.859963,-0.153376,2.517,2.66427
0.868133,-0.153376,2.517,2.66692
0.876303,-0.153376,2.517,2.66959
0.884472,-0.153376,2.517,2.67228
0.892642,-0.153376,2.517,2.675
0.894369,-0.152279,2.499,2.65859
0.90248,-0.152279,2.499,2.66133
0.910591,-0.152279,2.499,2.66409
0.918703,-0.152279,2.499,2.66687
0.920138,-0.151182,2.481,2.65045
0.921457,-0.150085,2.463,2.634
0.929451,-0.150085,2.463,2.63681
0.937445,-0.150085,2.463,2.63964
0.93853,-0.148989,2.445,2.62318
0.946466,-0.148989,2.445,2.62603
0.954402,-0.148989,2.445,2.6289
0.962338,-0.148989,2.445,2.63179
0.970273,-0.148989,2.445,2.6347
0.978209,-0.148989,2.445,2.63763
nan,nan,nan,NaN
nan,nan,nan,NaN
nan,nan,nan,NaN
1.01739,-0.150085,2.463,2.66908
1.02538,-0.150085,2.463,2.67213
nan,nan,nan,NaN
nan,nan,nan,NaN
nan,nan,nan,NaN
nan,nan,nan,NaN
nan,nan,nan,NaN
nan,nan,nan,NaN
nan,nan,nan,NaN
nan,nan,nan,NaN
nan,nan,nan,NaN
nan,nan,nan,NaN
nan,nan,nan,NaN
nan,nan,nan,NaN
nan,nan,nan,NaN
nan,nan,nan,NaN
nan,nan,nan,NaN
nan,nan,nan,NaN
nan,nan,nan,NaN
nan,nan,nan,NaN
nan,nan,nan,NaN
nan,nan,nan,NaN
nan,nan,nan,NaN
nan,nan,nan,NaN
nan,nan,nan,NaN
nan,nan,nan,NaN
nan,nan,nan,NaN
nan,nan,nan,NaN
nan,nan,nan,NaN
nan,nan,nan,NaN
nan,nan,nan,NaN
nan,nan,nan,NaN
nan,nan,nan,NaN
nan,nan,nan,NaN
nan,nan,nan,NaN
nan,nan,nan,NaN
nan,nan,nan,NaN
1.94177,-0.221929,3.642,4.13327
1.95359,-0.221929,3.642,4.13883
1.96542,-0.221929,3.642,4.14443
1.97724,-0.221929,3.642,4.15005
1.98906,-0.221929,3.642,4.15569
2.00088,-0.221929,3.642,4.16136
2.0127,-0.221929,3.642,4.16706
2.0034,-0.219614,3.604,4.12924
2.0151,-0.219614,3.604,4.13493
2.00542,-0.217298,3.566,4.09699
1.99607,-0.215043,3.529,4.0601
2.00752,-0.215043,3.529,4.06574
1.99838,-0.21285,3.493,4.02987
1.96944,-0.208584,3.423,3.95464
1.98055,-0.208584,3.423,3.96018
1.99166,-0.208584,3.423,3.96575
1.98288,-0.206512,3.389,3.93189
1.97447,-0.204501,3.356,3.89911
1.98536,-0.204501,3.356,3.90464
1.95818,-0.200601,3.292,3.83562
1.94973,-0.198652,3.26,3.80375
1.96031,-0.198652,3.26,3.80918
1.95275,-0.196823,3.23,3.77954
1.9444,-0.194934,3.199,3.74864
1.95478,-0.194934,3.199,3.75403
1.92953,-0.1914,3.141,3.69129
1.92182,-0.189633,3.112,3.6625
1.93192,-0.189633,3.112,3.66781
1.92455,-0.187927,3.084,3.64009
1.90068,-0.184636,3.03,3.58156
1.91052,-0.184636,3.03,3.58679
1.90324,-0.182991,3.003,3.56003
1.87986,-0.179822,2.951,3.50352
1.87343,-0.178299,2.926,3.47894
1.88293,-0.178299,2.926,3.48406
1.86074,-0.175313,2.877,3.43077
1.83887,-0.172388,2.829,3.37852
1.84806,-0.172388,2.829,3.38353
1.84214,-0.170987,2.806,3.361
1.82156,-0.168244,2.761,3.31202
1.83052,-0.168244,2.761,3.31696
1.81017,-0.165563,2.717,3.26898
1.80493,-0.164284,2.696,3.24856
1.81368,-0.164284,2.696,3.25343
1.79404,-0.161724,2.654,3.20756
1.78839,-0.160445,2.633,3.18697
-2.12074,-0.176362,3.057,3.72477
-2.07353,-0.173247,3.003,3.65343
-2.06379,-0.173247,3.003,3.64791
-2.03625,-0.171747,2.977,3.61087
-2.00889,-0.170247,2.951,3.57394
-1.99931,-0.170247,2.951,3.56856
-1.97288,-0.168804,2.926,3.53302
-1.96338,-0.168804,2.926,3.52772
-1.95389,-0.168804,2.926,3.52245
-1.94439,-0.168804,2.926,3.51719
-1.91836,-0.167362,2.901,3.48194
-1.90894,-0.167362,2.901,3.47676
-1.89953,-0.167362,2.901,3.4716
-1.87447,-0.165978,2.877,3.43778
-1.86514,-0.165978,2.877,3.4327
-1.87128,-0.167362,2.901,3.45623
-1.86186,-0.167362,2.901,3.45114
-1.85245,-0.167362,2.901,3.44607
-1.84303,-0.167362,2.901,3.44101
-1.83362,-0.167362,2.901,3.43598
-1.8242,-0.167362,2.901,3.43096
-1.81478,-0.167362,2.901,3.42597
-1.80537,-0.167362,2.901,3.42099
-1.79595,-0.167362,2.901,3.41603
-1.78654,-0.167362,2.901,3.41109
-1.77712,-0.167362,2.901,3.40617
-1.7677,-0.167362,2.901,3.40126
-1.74374,-0.165978,2.877,3.36828
-1.7344,-0.165978,2.877,3.36346
-1.72507,-0.165978,2.877,3.35865
-1.71573,-0.165978,2.877,3.35386
-1.70639,-0.165978,2.877,3.3491
-1.6829,-0.164593,2.853,3.31645
-1.67364,-0.164593,2.853,3.31176
nan,nan,nan,NaN
nan,nan,nan,NaN
nan,nan,nan,NaN
nan,nan,nan,NaN
nan,nan,nan,NaN
nan,nan,nan,NaN
nan,nan,nan,NaN
nan,nan,nan,NaN
nan,nan,nan,NaN
nan,nan,nan,NaN
nan,nan,nan,NaN
nan,nan,nan,NaN
nan,nan,nan,NaN
nan,nan,nan,NaN
nan,nan,nan,NaN
nan,nan,nan,NaN
nan,nan,nan,NaN
nan,nan,nan,NaN
nan,nan,nan,NaN
nan,nan,nan,NaN
nan,nan,nan,NaN
nan,nan,nan,NaN
nan,nan,nan,NaN
nan,nan,nan,NaN
nan,nan,nan,NaN
nan,nan,nan,NaN
nan,nan,nan,NaN
nan,nan,nan,NaN
nan,nan,nan,NaN
-1.23144,-0.145209,2.517,2.80586
-1.22327,-0.145209,2.517,2.80228
-1.20641,-0.14417,2.499,2.77871
-1.1983,-0.14417,2.499,2.7752
-1.19019,-0.14417,2.499,2.7717
-1.17357,-0.143132,2.481,2.74829
-1.15706,-0.142093,2.463,2.72495
-1.14906,-0.142093,2.463,2.72156
-1.13273,-0.141055,2.445,2.69833
-1.12479,-0.141055,2.445,2.69501
-1.10909,-0.140074,2.428,2.67299
-1.10121,-0.140074,2.428,2.66973
-1.09333,-0.140074,2.428,2.66649
-1.07785,-0.139094,2.411,2.64462
-1.07003,-0.139094,2.411,2.64144
-1.0622,-0.139094,2.411,2.63828
-1.05437,-0.139094,2.411,2.63514
-1.04655,-0.139094,2.411,2.63202
-1.03872,-0.139094,2.411,2.62892
-1.02363,-0.138113,2.394,2.60732
-1.01586,-0.138113,2.394,2.60428
-1.01525,-0.139094,2.411,2.61973
-1.00742,-0.139094,2.411,2.61671
-0.999596,-0.139094,2.411,2.61371
-0.99177,-0.139094,2.411,2.61072
-0.983945,-0.139094,2.411,2.60776
-0.976119,-0.139094,2.411,2.60482
-0.968294,-0.139094,2.411,2.6019
-0.960468,-0.139094,2.411,2.59899
-0.952643,-0.139094,2.411,2.59611
-0.944817,-0.139094,2.411,2.59325
-0.936992,-0.139094,2.411,2.59041
-0.929166,-0.139094,2.411,2.58759
-0.914845,-0.138113,2.394,2.56656
-0.907074,-0.138113,2.394,2.5638
-0.899304,-0.138113,2.394,2.56107
-0.891534,-0.138113,2.394,2.55835
-0.883763,-0.138113,2.394,2.55565
-0.875993,-0.138113,2.394,2.55297
-0.862057,-0.137132,2.377,2.53221
-0.854342,-0.137132,2.377,2.52959
-0.846627,-0.137132,2.377,2.527
-0.838912,-0.137132,2.377,2.52442
-0.831197,-0.137132,2.377,2.52187
-0.823481,-0.137132,2.377,2.51934
-0.815766,-0.137132,2.377,2.51683
-0.808051,-0.137132,2.377,2.51434
-0.800336,-0.137132,2.377,2.51187
-0.792621,-0.137132,2.377,2.50942
-0.784906,-0.137132,2.377,2.50699
-0.782749,-0.138113,2.394,2.5225
-0.774979,-0.138113,2.394,2.5201
-0.767208,-0.138113,2.394,2.51772
-0.759438,-0.138113,2.394,2.51536
-0.751668,-0.138113,2.394,2.51303
-0.738615,-0.137132,2.377,2.49289
-0.7309,-0.137132,2.377,2.49061
-0.723184,-0.137132,2.377,2.48836
-0.715469,-0.137132,2.377,2.48613
-0.712816,-0.138113,2.394,2.50168
-0.705046,-0.138113,2.394,2.49948
-0.697275,-0.138113,2.394,2.4973
-0.689505,-0.138113,2.394,2.49514
-0.686576,-0.139094,2.411,2.51071
-0.67875,-0.139094,2.411,2.50858
-0.670925,-0.139094,2.411,2.50647
-0.663099,-0.139094,2.411,2.50439
-0.655274,-0.139094,2.411,2.50233
-0.647448,-0.139094,2.411,2.50029
-0.639623,-0.139094,2.411,2.49828
-0.631797,-0.139094,2.411,2.49628
-0.623972,-0.139094,2.411,2.49432
-0.616146,-0.139094,2.411,2.49237
-0.608321,-0.139094,2.411,2.49045
-0.600495,-0.139094,2.411,2.48855
-0.596848,-0.140074,2.428,2.5042
-0.588968,-0.140074,2.428,2.50234
-0.581087,-0.140074,2.428,2.50049
-0.573206,-0.140074,2.428,2.49867
-0.565326,-0.140074,2.428,2.49688
-0.557445,-0.140074,2.428,2.49511
-0.549564,-0.140074,2.428,2.49336
-0.545476,-0.141055,2.445,2.50908
-0.53754,-0.141055,2.445,2.50736
-0.529605,-0.141055,2.445,2.50567
-0.521669,-0.141055,2.445,2.50401
-0.513733,-0.141055,2.445,2.50237
-0.509521,-0.142093,2.463,2.51916
-0.501526,-0.142093,2.463,2.51756
-0.493532,-0.142093,2.463,2.51598
-0.489086,-0.143132,2.481,2.5328
-0.481034,-0.143132,2.481,2.53125
-0.472981,-0.143132,2.481,2.52974
-0.464928,-0.143132,2.481,2.52824
-0.456875,-0.143132,2.481,2.52677
-0.452079,-0.14417,2.499,2.54365
-0.443968,-0.14417,2.499,2.54222
-0.438996,-0.145209,2.517,2.55912
-0.430827,-0.145209,2.517,2.55773
-0.422657,-0.145209,2.517,2.55637
-0.414487,-0.145209,2.517,2.55503
-0.406318,-0.145209,2.517,2.55372
-0.401154,-0.146305,2.536,2.5717
-0.392923,-0.146305,2.536,2.57043
-0.384691,-0.146305,2.536,2.56918
-0.37646,-0.146305,2.536,2.56796
-0.368229,-0.146305,2.536,2.56677
-0.359998,-0.146305,2.536,2.5656
-0.351766,-0.146305,2.536,2.56446
-0.343535,-0.146305,2.536,2.56334
-0.335304,-0.146305,2.536,2.56225
-0.327073,-0.146305,2.536,2.56119
-0.318842,-0.146305,2.536,2.56015
-0.31061,-0.146305,2.536,2.55914
-0.302379,-0.146305,2.536,2.55815
-0.294148,-0.146305,2.536,2.55719
-0.285917,-0.146305,2.536,2.55626
-0.277685,-0.146305,2.536,2.55535
-0.269454,-0.146305,2.536,2.55447
-0.261223,-0.146305,2.536,2.55361
-0.252992,-0.146305,2.536,2.55278
-0.244761,-0.146305,2.536,2.55198
-0.236529,-0.146305,2.536,2.5512
-0.228298,-0.146305,2.536,2.55046
-0.220067,-0.146305,2.536,2.54973
-0.211836,-0.146305,2.536,2.54903
-0.20513,-0.147401,2.555,2.56746
-0.196837,-0.147401,2.555,2.56681
-0.189946,-0.148497,2.574,2.58527
-0.181592,-0.148497,2.574,2.58467
-0.171958,-0.147401,2.555,2.56502
-0.163665,-0.147401,2.555,2.56448
-0.156528,-0.148497,2.574,2.58303
-0.148173,-0.148497,2.574,2.58253
-0.139819,-0.148497,2.574,2.58207
-0.132435,-0.149593,2.593,2.60069
-0.124018,-0.149593,2.593,2.60027
-0.115602,-0.149593,2.593,2.59988
-0.1064,-0.148497,2.574,2.58047
-0.0980459,-0.148497,2.574,2.58014
-0.0896914,-0.148497,2.574,2.57984
-0.0807364,-0.147401,2.555,2.56052
-0.0724435,-0.147401,2.555,2.56027
-0.0641506,-0.147401,2.555,2.56005
-0.0558577,-0.147401,2.555,2.55986
-0.0472111,-0.146305,2.536,2.54066
-0.0389799,-0.146305,2.536,2.54052
-0.0307487,-0.146305,2.536,2.5404
-0.0225174,-0.146305,2.536,2.54032
-0.0142862,-0.146305,2.536,2.54026
-0.00605498,-0.146305,2.536,2.54022
0.00215994,-0.145209,2.517,2.52119
0.0103295,-0.145209,2.517,2.52121
0.0183668,-0.14417,2.499,2.50322
0.0264779,-0.14417,2.499,2.5033
0.034589,-0.14417,2.499,2.50339
0.0427002,-0.14417,2.499,2.50352
0.0508113,-0.14417,2.499,2.50367
0.0589224,-0.14417,2.499,2.50385
0.0670336,-0.14417,2.499,2.50405
0.0751447,-0.14417,2.499,2.50428
0.0832558,-0.14417,2.499,2.50454
0.091367,-0.14417,2.499,2.50482
0.0994781,-0.14417,2.499,2.50513
0.107589,-0.14417,2.499,2.50547
0.1157,-0.14417,2.499,2.50583
0.123811,-0.14417,2.499,2.50622
0.132873,-0.145209,2.517,2.52468
0.141042,-0.145209,2.517,2.52513
0.149212,-0.145209,2.517,2.5256
0.157382,-0.145209,2.517,2.52609
0.165551,-0.145209,2.517,2.52661
0.175032,-0.146305,2.536,2.54624
0.183263,-0.146305,2.536,2.54682
0.191494,-0.146305,2.536,2.54742
0.199726,-0.146305,2.536,2.54806
0.207957,-0.146305,2.536,2.54871
0.216188,-0.146305,2.536,2.5494
0.224419,-0.146305,2.536,2.55011
0.232651,-0.146305,2.536,2.55085
0.240882,-0.146305,2.536,2.55161
0.249113,-0.146305,2.536,2.5524
0.257344,-0.146305,2.536,2.55322
0.265575,-0.146305,2.536,2.55406
0.273807,-0.146305,2.536,2.55493
0.282038,-0.146305,2.536,2.55583
0.288094,-0.145209,2.517,2.53759
0.296264,-0.145209,2.517,2.53853
0.304434,-0.145209,2.517,2.5395
0.312603,-0.145209,2.517,2.54049
0.318479,-0.14417,2.499,2.52333
0.32659,-0.14417,2.499,2.52437
0.334701,-0.14417,2.499,2.52543
0.342812,-0.14417,2.499,2.52652
0.348396,-0.143132,2.481,2.50943
0.356448,-0.143132,2.481,2.51056
0.361856,-0.142093,2.463,2.49349
0.369851,-0.142093,2.463,2.49466
0.377845,-0.142093,2.463,2.49586
0.385839,-0.142093,2.463,2.49708
0.393834,-0.142093,2.463,2.49833
0.401828,-0.142093,2.463,2.4996
0.409822,-0.142093,2.463,2.5009
0.417816,-0.142093,2.463,2.50223
0.425811,-0.142093,2.463,2.50357
0.436975,-0.143132,2.481,2.52325
0.445028,-0.143132,2.481,2.52466
0.453081,-0.143132,2.481,2.52609
0.461134,-0.143132,2.481,2.52755
0.469186,-0.143132,2.481,2.52903
0.480701,-0.14417,2.499,2.54889
0.488812,-0.14417,2.499,2.55044
0.496924,-0.14417,2.499,2.552
0.505035,-0.14417,2.499,2.55359
0.513146,-0.14417,2.499,2.55521
0.521257,-0.14417,2.499,2.55685
0.529368,-0.14417,2.499,2.55852
0.541351,-0.145209,2.517,2.57865
0.54952,-0.145209,2.517,2.58038
0.55769,-0.145209,2.517,2.58213
0.565859,-0.145209,2.517,2.58391
0.574029,-0.145209,2.517,2.58571
0.582199,-0.145209,2.517,2.58753
0.590368,-0.145209,2.517,2.58938
0.598538,-0.145209,2.517,2.59126
0.606707,-0.145209,2.517,2.59316
0.610479,-0.14417,2.499,2.57652
0.618591,-0.14417,2.499,2.57846
0.626702,-0.14417,2.499,2.58042
0.634813,-0.14417,2.499,2.5824
0.642924,-0.14417,2.499,2.5844
0.651035,-0.14417,2.499,2.58643
0.659146,-0.14417,2.499,2.58849
0.667257,-0.14417,2.499,2.59056
0.675369,-0.14417,2.499,2.59266
0.68348,-0.14417,2.499,2.59479
0.691591,-0.14417,2.499,2.59694
0.699702,-0.14417,2.499,2.59911
0.707813,-0.14417,2.499,2.6013
0.715924,-0.14417,2.499,2.60352
0.724035,-0.14417,2.499,2.60577
0.73742,-0.145209,2.517,2.62682
0.74559,-0.145209,2.517,2.62912
0.753759,-0.145209,2.517,2.63145
0.761929,-0.145209,2.517,2.6338
0.770098,-0.145209,2.517,2.63618
0.778268,-0.145209,2.517,2.63857
0.792374,-0.146305,2.536,2.66093
0.800605,-0.146305,2.536,2.66339
0.802777,-0.145209,2.517,2.64591
0.810946,-0.145209,2.517,2.6484
0.819116,-0.145209,2.517,2.65091
0.83353,-0.146305,2.536,2.67348
0.841761,-0.146305,2.536,2.67605
0.849993,-0.146305,2.536,2.67865
0.851794,-0.145209,2.517,2.66119
0.859963,-0.145209,2.517,2.66382
0.868133,-0.145209,2.517,2.66646
0.876303,-0.145209,2.517,2.66914
0.884472,-0.145209,2.517,2.67183
0.892642,-0.145209,2.517,2.67454
0.894369,-0.14417,2.499,2.65814
0.90248,-0.14417,2.499,2.66088
0.910591,-0.14417,2.499,2.66364
0.918703,-0.14417,2.499,2.66642
0.920138,-0.143132,2.481,2.65
0.921457,-0.142093,2.463,2.63356
0.929451,-0.142093,2.463,2.63637
0.937445,-0.142093,2.463,2.6392
0.945439,-0.142093,2.463,2.64205
0.953434,-0.142093,2.463,2.64492
0.961428,-0.142093,2.463,2.64781
0.962338,-0.141055,2.445,2.63135
0.970273,-0.141055,2.445,2.63427
0.978209,-0.141055,2.445,2.6372
nan,nan,nan,NaN
nan,nan,nan,NaN
nan,nan,nan,NaN
nan,nan,nan,NaN
nan,nan,nan,NaN
nan,nan,nan,NaN
nan,nan,nan,NaN
nan,nan,nan,NaN
nan,nan,nan,NaN
nan,nan,nan,NaN
nan,nan,nan,NaN
nan,nan,nan,NaN
nan,nan,nan,NaN
nan,nan,nan,NaN
nan,nan,nan,NaN
nan,nan,nan,NaN
nan,nan,nan,NaN
nan,nan,nan,NaN
nan,nan,nan,NaN
nan,nan,nan,NaN
nan,nan,nan,NaN
nan,nan,nan,NaN
nan,nan,nan,NaN
nan,nan,nan,NaN
nan,nan,nan,NaN
nan,nan,nan,NaN
nan,nan,nan,NaN
nan,nan,nan,NaN
nan,nan,nan,NaN
nan,nan,nan,NaN
nan,nan,nan,NaN
nan,nan,nan,NaN
nan,nan,nan,NaN
nan,nan,nan,NaN
nan,nan,nan,NaN
nan,nan,nan,NaN
nan,nan,nan,NaN
nan,nan,nan,NaN
nan,nan,nan,NaN
1.87007,-0.203592,3.529,3.99906
1.88153,-0.203592,3.529,4.00443
1.91283,-0.205727,3.566,4.05186
1.94491,-0.207919,3.604,4.10058
1.95661,-0.207919,3.604,4.10614
1.9683,-0.207919,3.604,4.11172
1.98,-0.207919,3.604,4.11734
1.9917,-0.207919,3.604,4.12297
1.98227,-0.205727,3.566,4.08511
1.99385,-0.205727,3.566,4.09073
2.00542,-0.205727,3.566,4.09639
1.97571,-0.201515,3.493,4.01809
1.98704,-0.201515,3.493,4.02368
1.97836,-0.199496,3.458,3.98892
1.96944,-0.197477,3.423,3.95407
1.96088,-0.195516,3.389,3.92028
1.97188,-0.195516,3.389,3.9258
1.96357,-0.193612,3.356,3.89305
1.95564,-0.191766,3.324,3.86138
1.96643,-0.191766,3.324,3.86686
1.95818,-0.189919,3.292,3.83508
1.94973,-0.188073,3.26,3.80321
1.96031,-0.188073,3.26,3.80865
1.95275,-0.186343,3.23,3.779
1.9444,-0.184554,3.199,3.74811
1.95478,-0.184554,3.199,3.75351
1.92953,-0.181208,3.141,3.69077
1.90453,-0.17792,3.084,3.62904
1.91454,-0.17792,3.084,3.6343
1.9077,-0.176362,3.057,3.60772
1.88375,-0.173247,3.003,3.54916
1.89349,-0.173247,3.003,3.55434
1.87028,-0.170247,2.951,3.49791
1.86394,-0.168804,2.926,3.47336
1.84206,-0.165978,2.877,3.42021
1.8514,-0.165978,2.877,3.42525
1.84521,-0.164593,2.853,3.40169
1.82392,-0.161882,2.806,3.3506
1.83303,-0.161882,2.806,3.35557
1.82704,-0.160555,2.783,3.33301
1.80704,-0.158016,2.739,3.28519
1.81593,-0.158016,2.739,3.29009
1.81017,-0.156747,2.717,3.26854
1.79087,-0.154324,2.675,3.22283
1.79955,-0.154324,2.675,3.22766
1.77984,-0.151901,2.633,3.18176
1.7748,-0.150747,2.613,3.16234
-2.13947,-0.167913,3.084,3.75721
-2.09218,-0.164973,3.03,3.68583
-2.08234,-0.164973,3.03,3.68025
-2.07251,-0.164973,3.03,3.6747
-2.02659,-0.162087,2.977,3.60498
-2.01693,-0.162087,2.977,3.59956
-2.00727,-0.162087,2.977,3.59415
-1.98016,-0.160671,2.951,3.55742
-1.97058,-0.160671,2.951,3.5521
-1.94439,-0.15931,2.926,3.51675
-1.93489,-0.15931,2.926,3.5115
-1.90894,-0.157949,2.901,3.47632
-1.89953,-0.157949,2.901,3.47116
-1.89011,-0.157949,2.901,3.46602
-1.8807,-0.157949,2.901,3.46089
-1.87128,-0.157949,2.901,3.45578
-1.86186,-0.157949,2.901,3.45069
-1.85245,-0.157949,2.901,3.44562
-1.84303,-0.157949,2.901,3.44057
-1.83362,-0.157949,2.901,3.43553
-1.8242,-0.157949,2.901,3.43052
-1.81478,-0.157949,2.901,3.42552
-1.80537,-0.157949,2.901,3.42054
-1.79595,-0.157949,2.901,3.41558
-1.78654,-0.157949,2.901,3.41064
-1.77712,-0.157949,2.901,3.40572
-1.7677,-0.157949,2.901,3.40081
-1.74374,-0.156642,2.877,3.36783
-1.7344,-0.156642,2.877,3.36301
-1.72507,-0.156642,2.877,3.3582
-1.71573,-0.156642,2.877,3.35341
-1.70639,-0.156642,2.877,3.34865
-1.6829,-0.155336,2.853,3.316
-1.67364,-0.155336,2.853,3.31131
-1.66438,-0.155336,2.853,3.30664
nan,nan,nan,NaN
nan,nan,nan,NaN
nan,nan,nan,NaN
nan,nan,nan,NaN
nan,nan,nan,NaN
nan,nan,nan,NaN
nan,nan,nan,NaN
nan,nan,nan,NaN
nan,nan,nan,NaN
nan,nan,nan,NaN
nan,nan,nan,NaN
nan,nan,nan,NaN
nan,nan,nan,NaN
nan,nan,nan,NaN
nan,nan,nan,NaN
nan,nan,nan,NaN
nan,nan,nan,NaN
nan,nan,nan,NaN
nan,nan,nan,NaN
nan,nan,nan,NaN
nan,nan,nan,NaN
nan,nan,nan,NaN
nan,nan,nan,NaN
nan,nan,nan,NaN
nan,nan,nan,NaN
nan,nan,nan,NaN
nan,nan,nan,NaN
nan,nan,nan,NaN
-1.24074,-0.138076,2.536,2.82662
-1.23251,-0.138076,2.536,2.82302
-1.2151,-0.137042,2.517,2.79831
-1.20693,-0.137042,2.517,2.79477
-1.19876,-0.137042,2.517,2.79126
-1.18208,-0.136061,2.499,2.76782
-1.16551,-0.135081,2.481,2.74445
-1.15746,-0.135081,2.481,2.74104
-1.14107,-0.134101,2.463,2.71779
-1.13308,-0.134101,2.463,2.71445
-1.11686,-0.133121,2.445,2.6913
-1.10892,-0.133121,2.445,2.68802
-1.10099,-0.133121,2.445,2.68476
-1.08545,-0.132196,2.428,2.66287
-1.07757,-0.132196,2.428,2.65967
-1.06969,-0.132196,2.428,2.65648
-1.05437,-0.13127,2.411,2.63474
-1.04655,-0.13127,2.411,2.63162
-1.03872,-0.13127,2.411,2.62852
-1.0309,-0.13127,2.411,2.62543
-1.03029,-0.132196,2.428,2.64086
-1.02241,-0.132196,2.428,2.6378
-1.01452,-0.132196,2.428,2.63475
-1.00664,-0.132196,2.428,2.63173
-0.998763,-0.132196,2.428,2.62872
-0.990883,-0.132196,2.428,2.62574
-0.983002,-0.132196,2.428,2.62278
-0.975121,-0.132196,2.428,2.61983
-0.967241,-0.132196,2.428,2.61691
-0.95936,-0.132196,2.428,2.61401
-0.951479,-0.132196,2.428,2.61112
-0.943599,-0.132196,2.428,2.60826
-0.929166,-0.13127,2.411,2.58718
-0.921341,-0.13127,2.411,2.58438
-0.913515,-0.13127,2.411,2.5816
-0.90569,-0.13127,2.411,2.57884
-0.897864,-0.13127,2.411,2.5761
-0.890039,-0.13127,2.411,2.57339
-0.875993,-0.130345,2.394,2.55257
-0.868223,-0.130345,2.394,2.54991
-0.860452,-0.130345,2.394,2.54727
-0.852682,-0.130345,2.394,2.54466
-0.844912,-0.130345,2.394,2.54207
-0.837141,-0.130345,2.394,2.53949
-0.829371,-0.130345,2.394,2.53694
-0.815766,-0.129419,2.377,2.51642
-0.808051,-0.129419,2.377,2.51393
-0.800336,-0.129419,2.377,2.51146
-0.792621,-0.129419,2.377,2.50901
-0.784906,-0.129419,2.377,2.50658
-0.782749,-0.130345,2.394,2.52209
-0.774979,-0.130345,2.394,2.51969
-0.767208,-0.130345,2.394,2.51731
-0.759438,-0.130345,2.394,2.51495
-0.751668,-0.130345,2.394,2.51261
-0.738615,-0.129419,2.377,2.49247
-0.7309,-0.129419,2.377,2.4902
-0.723184,-0.129419,2.377,2.48795
-0.715469,-0.129419,2.377,2.48571
-0.712816,-0.130345,2.394,2.50127
-0.705046,-0.130345,2.394,2.49906
-0.697275,-0.130345,2.394,2.49688
-0.689505,-0.130345,2.394,2.49472
-0.686576,-0.13127,2.411,2.51029
-0.67875,-0.13127,2.411,2.50816
-0.670925,-0.13127,2.411,2.50605
-0.663099,-0.13127,2.411,2.50397
-0.655274,-0.13127,2.411,2.50191
-0.647448,-0.13127,2.411,2.49987
-0.639623,-0.13127,2.411,2.49785
-0.631797,-0.13127,2.411,2.49586
-0.623972,-0.13127,2.411,2.49389
-0.616146,-0.13127,2.411,2.49194
-0.608321,-0.13127,2.411,2.49002
-0.600495,-0.13127,2.411,2.48812
-0.596848,-0.132196,2.428,2.50377
-0.588968,-0.132196,2.428,2.50191
-0.581087,-0.132196,2.428,2.50006
-0.573206,-0.132196,2.428,2.49824
-0.565326,-0.132196,2.428,2.49645
-0.557445,-0.132196,2.428,2.49468
-0.549564,-0.132196,2.428,2.49293
-0.545476,-0.133121,2.445,2.50864
-0.53754,-0.133121,2.445,2.50693
-0.529605,-0.133121,2.445,2.50524
-0.521669,-0.133121,2.445,2.50357
-0.513733,-0.133121,2.445,2.50193
-0.509521,-0.134101,2.463,2.51872
-0.501526,-0.134101,2.463,2.51712
-0.493532,-0.134101,2.463,2.51554
-0.489086,-0.135081,2.481,2.53235
-0.481034,-0.135081,2.481,2.53081
-0.472981,-0.135081,2.481,2.52929
-0.464928,-0.135081,2.481,2.5278
-0.456875,-0.135081,2.481,2.52633
-0.452079,-0.136061,2.499,2.5432
-0.443968,-0.136061,2.499,2.54178
-0.438996,-0.137042,2.517,2.55867
-0.430827,-0.137042,2.517,2.55728
-0.422657,-0.137042,2.517,2.55592
-0.414487,-0.137042,2.517,2.55458
-0.406318,-0.137042,2.517,2.55327
-0.401154,-0.138076,2.536,2.57124
-0.392923,-0.138076,2.536,2.56997
-0.384691,-0.138076,2.536,2.56873
-0.37646,-0.138076,2.536,2.56751
-0.368229,-0.138076,2.536,2.56631
-0.359998,-0.138076,2.536,2.56514
-0.351766,-0.138076,2.536,2.564
-0.343535,-0.138076,2.536,2.56288
-0.335304,-0.138076,2.536,2.56179
-0.327073,-0.138076,2.536,2.56073
-0.318842,-0.138076,2.536,2.55969
-0.31061,-0.138076,2.536,2.55868
-0.302379,-0.138076,2.536,2.55769
-0.294148,-0.138076,2.536,2.55673
-0.285917,-0.138076,2.536,2.5558
-0.277685,-0.138076,2.536,2.55489
-0.269454,-0.138076,2.536,2.55401
-0.261223,-0.138076,2.536,2.55315
-0.252992,-0.138076,2.536,2.55233
-0.244761,-0.138076,2.536,2.55152
-0.236529,-0.138076,2.536,2.55075
-0.228298,-0.138076,2.536,2.55
-0.220067,-0.138076,2.536,2.54927
-0.211836,-0.138076,2.536,2.54858
-0.20513,-0.13911,2.555,2.56699
-0.196837,-0.13911,2.555,2.56634
-0.188544,-0.13911,2.555,2.56572
-0.180251,-0.13911,2.555,2.56513
-0.171958,-0.13911,2.555,2.56456
-0.163665,-0.13911,2.555,2.56401
-0.155372,-0.13911,2.555,2.5635
-0.148173,-0.140145,2.574,2.58207
-0.139819,-0.140145,2.574,2.5816
-0.131464,-0.140145,2.574,2.58116
-0.12311,-0.140145,2.574,2.58075
-0.114755,-0.140145,2.574,2.58037
-0.1064,-0.140145,2.574,2.58001
-0.0980459,-0.140145,2.574,2.57968
-0.0890293,-0.13911,2.555,2.56033
-0.0807364,-0.13911,2.555,2.56006
-0.0724435,-0.13911,2.555,2.55981
-0.0641506,-0.13911,2.555,2.55959
-0.0558577,-0.13911,2.555,2.55939
-0.0472111,-0.138076,2.536,2.54019
-0.0389799,-0.138076,2.536,2.54006
-0.0307487,-0.138076,2.536,2.53994
-0.0225174,-0.138076,2.536,2.53986
-0.0142862,-0.138076,2.536,2.5398
-0.00605498,-0.138076,2.536,2.53976
0.00215994,-0.137042,2.517,2.52073
0.0103295,-0.137042,2.517,2.52075
0.0183668,-0.136061,2.499,2.50277
0.0264779,-0.136061,2.499,2.50284
0.034589,-0.136061,2.499,2.50294
0.0427002,-0.136061,2.499,2.50307
0.0508113,-0.136061,2.499,2.50322
0.0589224,-0.136061,2.499,2.50339
0.0670336,-0.136061,2.499,2.5036
0.0751447,-0.136061,2.499,2.50383
0.0832558,-0.136061,2.499,2.50409
0.091367,-0.136061,2.499,2.50437
0.0994781,-0.136061,2.499,2.50468
0.107589,-0.136061,2.499,2.50501
0.1157,-0.136061,2.499,2.50537
0.123811,-0.136061,2.499,2.50576
0.131923,-0.136061,2.499,2.50618
0.140034,-0.136061,2.499,2.50662
0.149212,-0.137042,2.517,2.52514
0.157382,-0.137042,2.517,2.52564
0.165551,-0.137042,2.517,2.52616
0.173721,-0.137042,2.517,2.52671
0.18189,-0.137042,2.517,2.52728
0.19006,-0.137042,2.517,2.52788
0.199726,-0.138076,2.536,2.5476
0.207957,-0.138076,2.536,2.54826
0.216188,-0.138076,2.536,2.54894
0.224419,-0.138076,2.536,2.54965
0.232651,-0.138076,2.536,2.55039
0.240882,-0.138076,2.536,2.55115
0.249113,-0.138076,2.536,2.55194
0.257344,-0.138076,2.536,2.55276
0.265575,-0.138076,2.536,2.5536
0.273807,-0.138076,2.536,2.55447
0.282038,-0.138076,2.536,2.55537
0.288094,-0.137042,2.517,2.53714
0.296264,-0.137042,2.517,2.53808
0.304434,-0.137042,2.517,2.53905
0.312603,-0.137042,2.517,2.54004
0.318479,-0.136061,2.499,2.52288
0.32659,-0.136061,2.499,2.52392
0.334701,-0.136061,2.499,2.52498
0.342812,-0.136061,2.499,2.52607
0.348396,-0.135081,2.481,2.50898
0.356448,-0.135081,2.481,2.51011
0.361856,-0.134101,2.463,2.49305
0.369851,-0.134101,2.463,2.49422
0.377845,-0.134101,2.463,2.49542
0.385839,-0.134101,2.463,2.49664
0.393834,-0.134101,2.463,2.49789
0.401828,-0.134101,2.463,2.49916
0.409822,-0.134101,2.463,2.50046
0.417816,-0.134101,2.463,2.50178
0.425811,-0.134101,2.463,2.50313
0.436975,-0.135081,2.481,2.52281
0.445028,-0.135081,2.481,2.52421
0.453081,-0.135081,2.481,2.52565
0.461134,-0.135081,2.481,2.5271
0.469186,-0.135081,2.481,2.52859
0.480701,-0.136061,2.499,2.54845
0.488812,-0.136061,2.499,2.54999
0.496924,-0.136061,2.499,2.55156
0.505035,-0.136061,2.499,2.55315
0.513146,-0.136061,2.499,2.55477
0.521257,-0.136061,2.499,2.55641
0.529368,-0.136061,2.499,2.55807
0.541351,-0.137042,2.517,2.5782
0.54952,-0.137042,2.517,2.57993
0.55769,-0.137042,2.517,2.58168
0.565859,-0.137042,2.517,2.58346
0.574029,-0.137042,2.517,2.58526
0.582199,-0.137042,2.517,2.58709
0.590368,-0.137042,2.517,2.58894
0.598538,-0.137042,2.517,2.59081
0.606707,-0.137042,2.517,2.59271
0.614877,-0.137042,2.517,2.59464
0.618591,-0.136061,2.499,2.57802
0.626702,-0.136061,2.499,2.57997
0.634813,-0.136061,2.499,2.58196
0.642924,-0.136061,2.499,2.58396
0.651035,-0.136061,2.499,2.58599
0.659146,-0.136061,2.499,2.58805
0.667257,-0.136061,2.499,2.59012
0.675369,-0.136061,2.499,2.59223
0.68348,-0.136061,2.499,2.59435
0.691591,-0.136061,2.499,2.5965
0.699702,-0.136061,2.499,2.59867
0.707813,-0.136061,2.499,2.60087
0.715924,-0.136061,2.499,2.60309
0.724035,-0.136061,2.499,2.60533
0.73742,-0.137042,2.517,2.62638
0.74559,-0.137042,2.517,2.62868
0.753759,-0.137042,2.517,2.63101
0.761929,-0.137042,2.517,2.63336
0.770098,-0.137042,2.517,2.63574
0.778268,-0.137042,2.517,2.63814
0.792374,-0.138076,2.536,2.66049
0.800605,-0.138076,2.536,2.66296
0.802777,-0.137042,2.517,2.64547
0.810946,-0.137042,2.517,2.64796
0.819116,-0.137042,2.517,2.65048
0.83353,-0.138076,2.536,2.67304
0.841761,-0.138076,2.536,2.67562
0.849993,-0.138076,2.536,2.67822
0.851794,-0.137042,2.517,2.66076
0.859963,-0.137042,2.517,2.66338
0.868133,-0.137042,2.517,2.66603
0.876303,-0.137042,2.517,2.6687
0.884472,-0.137042,2.517,2.6714
0.892642,-0.137042,2.517,2.67411
0.894369,-0.136061,2.499,2.65771
0.90248,-0.136061,2.499,2.66045
0.910591,-0.136061,2.499,2.66321
0.918703,-0.136061,2.499,2.66599
0.920138,-0.135081,2.481,2.64958
0.921457,-0.134101,2.463,2.63314
0.929451,-0.134101,2.463,2.63595
0.937445,-0.134101,2.463,2.63878
0.945439,-0.134101,2.463,2.64163
0.953434,-0.134101,2.463,2.6445
0.961428,-0.134101,2.463,2.64739
0.962338,-0.133121,2.445,2.63094
0.970273,-0.133121,2.445,2.63385
0.978209,-0.133121,2.445,2.63679
0.986145,-0.133121,2.445,2.63974
nan,nan,nan,NaN
nan,nan,nan,NaN
nan,nan,nan,NaN
nan,nan,nan,NaN
nan,nan,nan,NaN
nan,nan,nan,NaN
nan,nan,nan,NaN
nan,nan,nan,NaN
nan,nan,nan,NaN
nan,nan,nan,NaN
nan,nan,nan,NaN
nan,nan,nan,NaN
nan,nan,nan,NaN
nan,nan,nan,NaN
nan,nan,nan,NaN
nan,nan,nan,NaN
nan,nan,nan,NaN
nan,nan,nan,NaN
nan,nan,nan,NaN
nan,nan,nan,NaN
nan,nan,nan,NaN
nan,nan,nan,NaN
nan,nan,nan,NaN
nan,nan,nan,NaN
nan,nan,nan,NaN
nan,nan,nan,NaN
nan,nan,nan,NaN
nan,nan,nan,NaN
nan,nan,nan,NaN
nan,nan,nan,NaN
nan,nan,nan,NaN
nan,nan,nan,NaN
nan,nan,nan,NaN
nan,nan,nan,NaN
nan,nan,nan,NaN
nan,nan,nan,NaN
1.79168,-0.18637,3.423,3.86805
1.80279,-0.18637,3.423,3.87321
1.8139,-0.18637,3.423,3.87839
1.84367,-0.188276,3.458,3.92331
1.87367,-0.190181,3.493,3.96836
1.90444,-0.192141,3.529,4.01468
1.91589,-0.192141,3.529,4.02012
1.92734,-0.192141,3.529,4.02559
1.95913,-0.194156,3.566,4.07336
1.9707,-0.194156,3.566,4.07894
1.96171,-0.192141,3.529,4.04216
1.97316,-0.192141,3.529,4.04773
1.98461,-0.192141,3.529,4.05333
1.97571,-0.190181,3.493,4.01754
1.98704,-0.190181,3.493,4.02313
1.97836,-0.188276,3.458,3.98837
1.96944,-0.18637,3.423,3.95353
1.96088,-0.184519,3.389,3.91975
1.97188,-0.184519,3.389,3.92526
1.96357,-0.182722,3.356,3.89252
1.95564,-0.18098,3.324,3.86086
1.96643,-0.18098,3.324,3.86634
1.95818,-0.179237,3.292,3.83456
1.93179,-0.175862,3.23,3.76771
1.94227,-0.175862,3.23,3.77309
1.93401,-0.174174,3.199,3.74224
1.9444,-0.174174,3.199,3.74761
nan,nan,nan,NaN
1.91172,-0.169437,3.112,3.65622
1.90453,-0.167913,3.084,3.62856
1.91454,-0.167913,3.084,3.63383
1.89085,-0.164973,3.03,3.57539
1.88375,-0.163502,3.003,3.5487
1.89349,-0.163502,3.003,3.55388
1.87028,-0.160671,2.951,3.49745
1.83272,-0.156642,2.877,3.41475
1.82669,-0.155336,2.853,3.39125
1.83595,-0.155336,2.853,3.39624
1.82969,-0.154029,2.829,3.37265
1.80897,-0.151524,2.783,3.32272
1.81801,-0.151524,2.783,3.32764
1.79815,-0.149129,2.739,3.2799
1.79253,-0.147931,2.717,3.25839
1.80135,-0.147931,2.717,3.26325
1.78218,-0.145644,2.675,3.21761
1.77681,-0.144501,2.654,3.19713
1.78542,-0.144501,2.654,3.20193
1.77984,-0.143357,2.633,3.18136
1.76122,-0.141179,2.593,3.13775
-2.13947,-0.157906,3.084,3.75677
-2.12946,-0.157906,3.084,3.75108
-2.11945,-0.157906,3.084,3.74541
-2.07251,-0.155141,3.03,3.67427
-2.04429,-0.153758,3.003,3.63604
-2.03454,-0.153758,3.003,3.63057
-2.00727,-0.152427,2.977,3.59373
-1.9976,-0.152427,2.977,3.58834
-1.98794,-0.152427,2.977,3.58297
-1.961,-0.151096,2.951,3.54637
-1.93489,-0.149816,2.926,3.51109
-1.90894,-0.148536,2.901,3.47591
-1.89953,-0.148536,2.901,3.47074
-1.89011,-0.148536,2.901,3.4656
-1.8807,-0.148536,2.901,3.46047
-1.87128,-0.148536,2.901,3.45537
-1.86186,-0.148536,2.901,3.45028
-1.85245,-0.148536,2.901,3.4452
-1.84303,-0.148536,2.901,3.44015
-1.83362,-0.148536,2.901,3.43511
-1.8242,-0.148536,2.901,3.4301
-1.81478,-0.148536,2.901,3.4251
-1.80537,-0.148536,2.901,3.42012
-1.79595,-0.148536,2.901,3.41516
-1.78654,-0.148536,2.901,3.41022
-1.77712,-0.148536,2.901,3.40529
-1.7677,-0.148536,2.901,3.40039
-1.74374,-0.147307,2.877,3.36741
-1.7344,-0.147307,2.877,3.36259
-1.72507,-0.147307,2.877,3.35778
-1.71573,-0.147307,2.877,3.35299
-1.70639,-0.147307,2.877,3.34822
-1.6829,-0.146078,2.853,3.31558
-1.67364,-0.146078,2.853,3.31089
-1.66438,-0.146078,2.853,3.30622
nan,nan,nan,NaN
nan,nan,nan,NaN
nan,nan,nan,NaN
nan,nan,nan,NaN
nan,nan,nan,NaN
nan,nan,nan,NaN
nan,nan,nan,NaN
nan,nan,nan,NaN
nan,nan,nan,NaN
nan,nan,nan,NaN
nan,nan,nan,NaN
nan,nan,nan,NaN
nan,nan,nan,NaN
nan,nan,nan,NaN
nan,nan,nan,NaN
nan,nan,nan,NaN
nan,nan,nan,NaN
nan,nan,nan,NaN
nan,nan,nan,NaN
nan,nan,nan,NaN
nan,nan,nan,NaN
nan,nan,nan,NaN
nan,nan,nan,NaN
nan,nan,nan,NaN
nan,nan,nan,NaN
nan,nan,nan,NaN
nan,nan,nan,NaN
-1.27704,-0.132766,2.593,2.89346
-1.24074,-0.129847,2.536,2.82623
-1.23251,-0.129847,2.536,2.82263
-1.2151,-0.128874,2.517,2.79792
-1.20693,-0.128874,2.517,2.79439
-1.19876,-0.128874,2.517,2.79087
-1.18208,-0.127953,2.499,2.76743
-1.16551,-0.127031,2.481,2.74407
-1.15746,-0.127031,2.481,2.74066
-1.14107,-0.126109,2.463,2.71741
-1.13308,-0.126109,2.463,2.71406
-1.11686,-0.125188,2.445,2.69092
-1.10892,-0.125188,2.445,2.68764
-1.10099,-0.125188,2.445,2.68438
-1.08545,-0.124317,2.428,2.66249
-1.07757,-0.124317,2.428,2.65929
-1.06969,-0.124317,2.428,2.6561
-1.05437,-0.123447,2.411,2.63436
-1.04655,-0.123447,2.411,2.63124
-1.03872,-0.123447,2.411,2.62814
-1.0309,-0.123447,2.411,2.62505
-1.03029,-0.124317,2.428,2.64048
-1.02241,-0.124317,2.428,2.63741
-1.01452,-0.124317,2.428,2.63437
-1.00664,-0.124317,2.428,2.63134
-0.998763,-0.124317,2.428,2.62834
-0.990883,-0.124317,2.428,2.62536
-0.983002,-0.124317,2.428,2.62239
-0.975121,-0.124317,2.428,2.61945
-0.967241,-0.124317,2.428,2.61652
-0.95936,-0.124317,2.428,2.61362
-0.951479,-0.124317,2.428,2.61074
-0.943599,-0.124317,2.428,2.60788
-0.929166,-0.123447,2.411,2.5868
-0.921341,-0.123447,2.411,2.58399
-0.913515,-0.123447,2.411,2.58121
-0.90569,-0.123447,2.411,2.57846
-0.897864,-0.123447,2.411,2.57572
-0.890039,-0.123447,2.411,2.573
-0.875993,-0.122576,2.394,2.55218
-0.868223,-0.122576,2.394,2.54952
-0.860452,-0.122576,2.394,2.54689
-0.852682,-0.122576,2.394,2.54427
-0.844912,-0.122576,2.394,2.54168
-0.837141,-0.122576,2.394,2.53911
-0.829371,-0.122576,2.394,2.53656
-0.821601,-0.122576,2.394,2.53403
-0.81383,-0.122576,2.394,2.53152
-0.80606,-0.122576,2.394,2.52903
-0.79829,-0.122576,2.394,2.52656
-0.790519,-0.122576,2.394,2.52412
-0.782749,-0.122576,2.394,2.5217
-0.774979,-0.122576,2.394,2.5193
-0.767208,-0.122576,2.394,2.51692
-0.759438,-0.122576,2.394,2.51456
-0.751668,-0.122576,2.394,2.51222
-0.743897,-0.122576,2.394,2.50991
-0.736127,-0.122576,2.394,2.50762
-0.728357,-0.122576,2.394,2.50535
-0.720586,-0.122576,2.394,2.5031
-0.712816,-0.122576,2.394,2.50087
-0.710052,-0.123447,2.411,2.51641
-0.702227,-0.123447,2.411,2.51422
-0.694401,-0.123447,2.411,2.51204
-0.686576,-0.123447,2.411,2.50989
-0.67875,-0.123447,2.411,2.50776
-0.670925,-0.123447,2.411,2.50565
-0.663099,-0.123447,2.411,2.50357
-0.655274,-0.123447,2.411,2.50151
-0.647448,-0.123447,2.411,2.49947
-0.639623,-0.123447,2.411,2.49745
-0.631797,-0.123447,2.411,2.49546
-0.623972,-0.123447,2.411,2.49349
-0.620491,-0.124317,2.428,2.50911
-0.61261,-0.124317,2.428,2.50718
-0.604729,-0.124317,2.428,2.50526
-0.596848,-0.124317,2.428,2.50337
-0.588968,-0.124317,2.428,2.5015
-0.585156,-0.125188,2.445,2.51716
-0.57722,-0.125188,2.445,2.51533
-0.569284,-0.125188,2.445,2.51352
-0.561348,-0.125188,2.445,2.51173
-0.553412,-0.125188,2.445,2.50997
-0.545476,-0.125188,2.445,2.50823
-0.53754,-0.125188,2.445,2.50652
-0.529605,-0.125188,2.445,2.50483
-0.525509,-0.126109,2.463,2.52159
-0.517515,-0.126109,2.463,2.51994
-0.509521,-0.126109,2.463,2.51831
-0.501526,-0.126109,2.463,2.5167
-0.497139,-0.127031,2.481,2.5335
-0.489086,-0.127031,2.481,2.53194
-0.481034,-0.127031,2.481,2.53039
-0.472981,-0.127031,2.481,2.52888
-0.464928,-0.127031,2.481,2.52738
-0.456875,-0.127031,2.481,2.52591
-0.448823,-0.127031,2.481,2.52447
-0.443968,-0.127953,2.499,2.54135
-0.435857,-0.127953,2.499,2.53995
-0.427746,-0.127953,2.499,2.53857
-0.422657,-0.128874,2.517,2.55549
-0.414487,-0.128874,2.517,2.55415
-0.406318,-0.128874,2.517,2.55284
-0.398148,-0.128874,2.517,2.55155
-0.392923,-0.129847,2.536,2.56954
-0.384691,-0.129847,2.536,2.5683
-0.37646,-0.129847,2.536,2.56708
-0.368229,-0.129847,2.536,2.56588
-0.359998,-0.129847,2.536,2.56471
-0.351766,-0.129847,2.536,2.56357
-0.343535,-0.129847,2.536,2.56245
-0.335304,-0.129847,2.536,2.56136
-0.327073,-0.129847,2.536,2.5603
-0.318842,-0.129847,2.536,2.55926
-0.31061,-0.129847,2.536,2.55825
-0.302379,-0.129847,2.536,2.55726
-0.294148,-0.129847,2.536,2.5563
-0.285917,-0.129847,2.536,2.55537
-0.277685,-0.129847,2.536,2.55446
-0.269454,-0.129847,2.536,2.55358
-0.261223,-0.129847,2.536,2.55272
-0.252992,-0.129847,2.536,2.55189
-0.244761,-0.129847,2.536,2.55109
-0.236529,-0.129847,2.536,2.55031
-0.230009,-0.13082,2.555,2.56867
-0.221716,-0.13082,2.555,2.56794
-0.213423,-0.13082,2.555,2.56723
-0.20513,-0.13082,2.555,2.56656
-0.196837,-0.13082,2.555,2.56591
-0.188544,-0.13082,2.555,2.56529
-0.180251,-0.13082,2.555,2.56469
-0.171958,-0.13082,2.555,2.56412
-0.163665,-0.13082,2.555,2.56358
-0.155372,-0.13082,2.555,2.56306
-0.148173,-0.131793,2.574,2.58163
-0.139819,-0.131793,2.574,2.58116
-0.131464,-0.131793,2.574,2.58072
-0.12311,-0.131793,2.574,2.58031
-0.114755,-0.131793,2.574,2.57993
-0.1064,-0.131793,2.574,2.57957
-0.0980459,-0.131793,2.574,2.57924
-0.0890293,-0.13082,2.555,2.5599
-0.0807364,-0.13082,2.555,2.55962
-0.0724435,-0.13082,2.555,2.55937
-0.0641506,-0.13082,2.555,2.55915
-0.0558577,-0.13082,2.555,2.55896
-0.0472111,-0.129847,2.536,2.53976
-0.0389799,-0.129847,2.536,2.53962
-0.0307487,-0.129847,2.536,2.53951
-0.0225174,-0.129847,2.536,2.53942
-0.0142862,-0.129847,2.536,2.53936
-0.00605498,-0.129847,2.536,2.53933
0.00215994,-0.128874,2.517,2.5203
0.0103295,-0.128874,2.517,2.52032
0.0183668,-0.127953,2.499,2.50234
0.0264779,-0.127953,2.499,2.50241
0.034589,-0.127953,2.499,2.50251
0.0427002,-0.127953,2.499,2.50264
0.0508113,-0.127953,2.499,2.50279
0.0589224,-0.127953,2.499,2.50297
0.0670336,-0.127953,2.499,2.50317
0.0751447,-0.127953,2.499,2.5034
0.0832558,-0.127953,2.499,2.50366
0.091367,-0.127953,2.499,2.50394
0.0994781,-0.127953,2.499,2.50425
0.107589,-0.127953,2.499,2.50459
0.1157,-0.127953,2.499,2.50495
0.123811,-0.127953,2.499,2.50533
0.131923,-0.127953,2.499,2.50575
0.140034,-0.127953,2.499,2.50619
0.149212,-0.128874,2.517,2.52471
0.157382,-0.128874,2.517,2.52521
0.165551,-0.128874,2.517,2.52573
0.173721,-0.128874,2.517,2.52628
0.18189,-0.128874,2.517,2.52685
0.19006,-0.128874,2.517,2.52745
0.199726,-0.129847,2.536,2.54716
0.207957,-0.129847,2.536,2.54782
0.216188,-0.129847,2.536,2.54851
0.224419,-0.129847,2.536,2.54922
0.232651,-0.129847,2.536,2.54996
0.240882,-0.129847,2.536,2.55072
0.249113,-0.129847,2.536,2.55151
0.257344,-0.129847,2.536,2.55233
0.263586,-0.128874,2.517,2.53404
0.271755,-0.128874,2.517,2.53491
0.279925,-0.128874,2.517,2.53579
0.288094,-0.128874,2.517,2.53671
0.296264,-0.128874,2.517,2.53765
0.304434,-0.128874,2.517,2.53862
0.310368,-0.127953,2.499,2.52145
0.318479,-0.127953,2.499,2.52246
0.324237,-0.127031,2.481,2.50532
0.33229,-0.127031,2.481,2.50638
0.340343,-0.127031,2.481,2.50746
0.348396,-0.127031,2.481,2.50856
0.356448,-0.127031,2.481,2.50969
0.361856,-0.126109,2.463,2.49263
0.369851,-0.126109,2.463,2.4938
0.377845,-0.126109,2.463,2.495
0.385839,-0.126109,2.463,2.49623
0.393834,-0.126109,2.463,2.49747
0.401828,-0.126109,2.463,2.49875
0.409822,-0.126109,2.463,2.50005
0.417816,-0.126109,2.463,2.50137
0.425811,-0.126109,2.463,2.50272
0.433805,-0.126109,2.463,2.50409
0.441799,-0.126109,2.463,2.50549
0.449794,-0.126109,2.463,2.50691
0.461134,-0.127031,2.481,2.52669
0.469186,-0.127031,2.481,2.52817
0.477239,-0.127031,2.481,2.52968
0.485292,-0.127031,2.481,2.53121
0.493344,-0.127031,2.481,2.53276
0.501397,-0.127031,2.481,2.53434
0.513146,-0.127953,2.499,2.55435
0.521257,-0.127953,2.499,2.55599
0.529368,-0.127953,2.499,2.55766
0.537479,-0.127953,2.499,2.55935
0.54952,-0.128874,2.517,2.57951
0.55769,-0.128874,2.517,2.58126
0.565859,-0.128874,2.517,2.58304
0.574029,-0.128874,2.517,2.58484
0.582199,-0.128874,2.517,2.58667
0.590368,-0.128874,2.517,2.58852
0.598538,-0.128874,2.517,2.59039
0.606707,-0.128874,2.517,2.59229
0.614877,-0.128874,2.517,2.59422
0.618591,-0.127953,2.499,2.5776
0.626702,-0.127953,2.499,2.57956
0.634813,-0.127953,2.499,2.58154
0.642924,-0.127953,2.499,2.58355
0.651035,-0.127953,2.499,2.58558
0.659146,-0.127953,2.499,2.58763
0.667257,-0.127953,2.499,2.58971
0.675369,-0.127953,2.499,2.59181
0.68348,-0.127953,2.499,2.59394
0.691591,-0.127953,2.499,2.59609
0.699702,-0.127953,2.499,2.59826
0.707813,-0.127953,2.499,2.60046
0.715924,-0.127953,2.499,2.60268
0.724035,-0.127953,2.499,2.60492
0.73742,-0.128874,2.517,2.62596
0.74559,-0.128874,2.517,2.62827
0.753759,-0.128874,2.517,2.6306
0.761929,-0.128874,2.517,2.63295
0.770098,-0.128874,2.517,2.63533
0.778268,-0.128874,2.517,2.63773
0.792374,-0.129847,2.536,2.66008
0.800605,-0.129847,2.536,2.66254
0.802777,-0.128874,2.517,2.64506
0.810946,-0.128874,2.517,2.64755
0.819116,-0.128874,2.517,2.65007
0.83353,-0.129847,2.536,2.67263
0.841761,-0.129847,2.536,2.6752
0.849993,-0.129847,2.536,2.67781
0.851794,-0.128874,2.517,2.66035
0.859963,-0.128874,2.517,2.66297
0.868133,-0.128874,2.517,2.66562
0.876303,-0.128874,2.517,2.6683
0.884472,-0.128874,2.517,2.67099
0.892642,-0.128874,2.517,2.67371
0.894369,-0.127953,2.499,2.65731
0.90248,-0.127953,2.499,2.66005
0.910591,-0.127953,2.499,2.66281
0.918703,-0.127953,2.499,2.66559
0.920138,-0.127031,2.481,2.64918
0.921457,-0.126109,2.463,2.63275
0.929451,-0.126109,2.463,2.63556
0.937445,-0.126109,2.463,2.63839
0.93853,-0.125188,2.445,2.62193
0.946466,-0.125188,2.445,2.62478
0.954402,-0.125188,2.445,2.62766
0.962338,-0.125188,2.445,2.63055
0.970273,-0.125188,2.445,2.63346
0.978209,-0.125188,2.445,2.6364
0.986145,-0.125188,2.445,2.63935
1.0014,-0.126109,2.463,2.66178
1.00939,-0.126109,2.463,2.6648
1.02482,-0.127031,2.481,2.68733
1.04786,-0.128874,2.517,2.72945
1.07995,-0.131793,2.574,2.79448
1.0883,-0.131793,2.574,2.79772
1.12179,-0.134814,2.633,2.86519
1.15739,-0.138039,2.696,2.93718
1.16614,-0.138039,2.696,2.94064
1.20321,-0.141367,2.761,3.0151
1.25257,-0.146078,2.853,3.11927
1.28306,-0.148536,2.901,3.17555
1.29247,-0.148536,2.901,3.17936
1.32433,-0.151096,2.951,3.23807
1.3339,-0.151096,2.951,3.242
1.34348,-0.151096,2.951,3.24595
1.3769,-0.153758,3.003,3.30719
1.38665,-0.153758,3.003,3.31126
1.3964,-0.153758,3.003,3.31535
1.40614,-0.153758,3.003,3.31947
1.42862,-0.155141,3.03,3.3535
1.43846,-0.155141,3.03,3.3577
1.43538,-0.153758,3.003,3.33196
1.44513,-0.153758,3.003,3.33617
1.45488,-0.153758,3.003,3.34041
1.46463,-0.153758,3.003,3.34466
1.47437,-0.153758,3.003,3.34894
1.48412,-0.153758,3.003,3.35325
1.49387,-0.153758,3.003,3.35757
1.51713,-0.155141,3.03,3.39215
1.54057,-0.156523,3.057,3.42682
1.56419,-0.157906,3.084,3.4616
1.5742,-0.157906,3.084,3.46614
1.62839,-0.162309,3.17,3.56748
1.65367,-0.163794,3.199,3.60486
1.66405,-0.163794,3.199,3.60964
1.72311,-0.168555,3.292,3.71951
1.7675,-0.171832,3.356,3.79689
1.7784,-0.171832,3.356,3.80197
1.80688,-0.173522,3.389,3.84451
1.8549,-0.177055,3.458,3.92807
1.90444,-0.18069,3.529,4.01415
1.91589,-0.18069,3.529,4.01959
1.92734,-0.18069,3.529,4.02506
1.95913,-0.182585,3.566,4.07282
1.9707,-0.182585,3.566,4.0784
1.96171,-0.18069,3.529,4.04163
1.97316,-0.18069,3.529,4.0472
1.98461,-0.18069,3.529,4.0528
1.97571,-0.178847,3.493,4.01702
1.98704,-0.178847,3.493,4.02261
1.97836,-0.177055,3.458,3.98786
1.96944,-0.175263,3.423,3.95302
1.96088,-0.173522,3.389,3.91925
1.97188,-0.173522,3.389,3.92476
1.96357,-0.171832,3.356,3.89203
1.95564,-0.170194,3.324,3.86037
1.96643,-0.170194,3.324,3.86585
1.95818,-0.168555,3.292,3.83408
1.93179,-0.165381,3.23,3.76723
1.94227,-0.165381,3.23,3.77262
1.93401,-0.163794,3.199,3.74177
1.9444,-0.163794,3.199,3.74715
nan,nan,nan,NaN
1.91172,-0.159339,3.112,3.65576
1.90453,-0.157906,3.084,3.62811
1.91454,-0.157906,3.084,3.63338
1.89085,-0.155141,3.03,3.57495
1.90068,-0.155141,3.03,3.58016
nan,nan,nan,NaN
nan,nan,nan,NaN
1.83272,-0.147307,2.877,3.41434
1.82669,-0.146078,2.853,3.39083
1.83595,-0.146078,2.853,3.39583
1.82969,-0.144849,2.829,3.37224
1.80897,-0.142494,2.783,3.32232
1.81801,-0.142494,2.783,3.32724
1.79815,-0.140241,2.739,3.2795
1.79253,-0.139115,2.717,3.25801
1.80135,-0.139115,2.717,3.26287
1.78218,-0.136964,2.675,3.21723
1.77681,-0.135889,2.654,3.19675
1.78542,-0.135889,2.654,3.20155
1.77984,-0.134814,2.633,3.18099
1.76122,-0.132766,2.593,3.13738
-2.13947,-0.147898,3.084,3.75636
-2.12946,-0.147898,3.084,3.75067
-2.11945,-0.147898,3.084,3.745
-2.07251,-0.145309,3.03,3.67387
-2.04429,-0.144014,3.003,3.63564
-2.03454,-0.144014,3.003,3.63017
-2.00727,-0.142767,2.977,3.59333
-1.9976,-0.142767,2.977,3.58794
-1.98794,-0.142767,2.977,3.58257
-1.961,-0.14152,2.951,3.54598
-1.93489,-0.140321,2.926,3.51069
-1.90894,-0.139122,2.901,3.47552
-1.89953,-0.139122,2.901,3.47035
-1.89011,-0.139122,2.901,3.46521
-1.8807,-0.139122,2.901,3.46008
-1.87128,-0.139122,2.901,3.45497
-1.86186,-0.139122,2.901,3.44988
-1.85245,-0.139122,2.901,3.44481
-1.84303,-0.139122,2.901,3.43976
-1.81845,-0.137971,2.877,3.4063
-1.80911,-0.137971,2.877,3.40133
-1.81478,-0.139122,2.901,3.4247
-1.80537,-0.139122,2.901,3.41972
-1.79595,-0.139122,2.901,3.41476
-1.78654,-0.139122,2.901,3.40982
-1.77712,-0.139122,2.901,3.4049
-1.75308,-0.137971,2.877,3.37186
-1.74374,-0.137971,2.877,3.36702
-1.7344,-0.137971,2.877,3.36219
-1.72507,-0.137971,2.877,3.35738
-1.71573,-0.137971,2.877,3.35259
-1.70639,-0.137971,2.877,3.34783
-1.6829,-0.13682,2.853,3.31519
-1.67364,-0.13682,2.853,3.3105
-1.66438,-0.13682,2.853,3.30582
nan,nan,nan,NaN
nan,nan,nan,NaN
nan,nan,nan,NaN
nan,nan,nan,NaN
nan,nan,nan,NaN
nan,nan,nan,NaN
nan,nan,nan,NaN
nan,nan,nan,NaN
nan,nan,nan,NaN
nan,nan,nan,NaN
nan,nan,nan,NaN
nan,nan,nan,NaN
nan,nan,nan,NaN
nan,nan,nan,NaN
nan,nan,nan,NaN
nan,nan,nan,NaN
nan,nan,nan,NaN
nan,nan,nan,NaN
nan,nan,nan,NaN
nan,nan,nan,NaN
nan,nan,nan,NaN
nan,nan,nan,NaN
nan,nan,nan,NaN
nan,nan,nan,NaN
nan,nan,nan,NaN
nan,nan,nan,NaN
nan,nan,nan,NaN
-1.27704,-0.124352,2.593,2.89309
-1.25933,-0.123441,2.574,2.86821
-1.25098,-0.123441,2.574,2.86455
-1.23345,-0.122529,2.555,2.83979
-1.21605,-0.121618,2.536,2.81511
-1.20781,-0.121618,2.536,2.81157
-1.1906,-0.120707,2.517,2.787
-1.17397,-0.119844,2.499,2.76362
-1.16586,-0.119844,2.499,2.76018
-1.15775,-0.119844,2.499,2.75676
-1.14136,-0.118981,2.481,2.73353
-1.12508,-0.118117,2.463,2.71037
-1.11709,-0.118117,2.463,2.70707
-1.10099,-0.117254,2.445,2.68402
-1.09305,-0.117254,2.445,2.68077
-1.08512,-0.117254,2.445,2.67755
-1.07718,-0.117254,2.445,2.67434
-1.06924,-0.117254,2.445,2.67115
-1.06131,-0.117254,2.445,2.66799
-1.05337,-0.117254,2.445,2.66484
-1.03817,-0.116439,2.428,2.64321
-1.03029,-0.116439,2.428,2.64012
-1.02241,-0.116439,2.428,2.63705
-1.01452,-0.116439,2.428,2.63401
-1.00664,-0.116439,2.428,2.63098
-0.998763,-0.116439,2.428,2.62798
-0.990883,-0.116439,2.428,2.62499
-0.989885,-0.117254,2.445,2.64039
-0.981949,-0.117254,2.445,2.63742
-0.967241,-0.116439,2.428,2.61616
-0.95936,-0.116439,2.428,2.61326
-0.951479,-0.116439,2.428,2.61037
-0.943599,-0.116439,2.428,2.60751
-0.935718,-0.116439,2.428,2.60467
-0.921341,-0.115624,2.411,2.58363
-0.913515,-0.115624,2.411,2.58085
-0.90569,-0.115624,2.411,2.57809
-0.897864,-0.115624,2.411,2.57535
-0.890039,-0.115624,2.411,2.57264
-0.875993,-0.114808,2.394,2.55182
-0.868223,-0.114808,2.394,2.54916
-0.860452,-0.114808,2.394,2.54653
-0.852682,-0.114808,2.394,2.54391
-0.844912,-0.114808,2.394,2.54132
-0.837141,-0.114808,2.394,2.53874
-0.829371,-0.114808,2.394,2.53619
-0.821601,-0.114808,2.394,2.53366
-0.81383,-0.114808,2.394,2.53115
-0.80606,-0.114808,2.394,2.52867
-0.79829,-0.114808,2.394,2.5262
-0.790519,-0.114808,2.394,2.52375
-0.782749,-0.114808,2.394,2.52133
-0.774979,-0.114808,2.394,2.51893
-0.767208,-0.114808,2.394,2.51655
-0.759438,-0.114808,2.394,2.51419
-0.751668,-0.114808,2.394,2.51186
-0.743897,-0.114808,2.394,2.50954
-0.741354,-0.115624,2.411,2.52505
-0.733529,-0.115624,2.411,2.52277
-0.725703,-0.115624,2.411,2.5205
-0.717878,-0.115624,2.411,2.51826
-0.710052,-0.115624,2.411,2.51604
-0.702227,-0.115624,2.411,2.51384
-0.694401,-0.115624,2.411,2.51167
-0.686576,-0.115624,2.411,2.50952
-0.67875,-0.115624,2.411,2.50739
-0.670925,-0.115624,2.411,2.50528
-0.663099,-0.115624,2.411,2.5032
-0.659894,-0.116439,2.428,2.51877
-0.652013,-0.116439,2.428,2.51672
-0.644133,-0.116439,2.428,2.51469
-0.636252,-0.116439,2.428,2.51268
-0.628371,-0.116439,2.428,2.5107
-0.620491,-0.116439,2.428,2.50874
-0.61261,-0.116439,2.428,2.5068
-0.604729,-0.116439,2.428,2.50488
-0.601027,-0.117254,2.445,2.52052
-0.593092,-0.117254,2.445,2.51864
-0.585156,-0.117254,2.445,2.51678
-0.57722,-0.117254,2.445,2.51495
-0.569284,-0.117254,2.445,2.51314
-0.561348,-0.117254,2.445,2.51135
-0.553412,-0.117254,2.445,2.50959
-0.549492,-0.118117,2.463,2.52631
-0.541498,-0.118117,2.463,2.52459
-0.533504,-0.118117,2.463,2.52288
-0.525509,-0.118117,2.463,2.52121
-0.517515,-0.118117,2.463,2.51955
-0.509521,-0.118117,2.463,2.51792
-0.501526,-0.118117,2.463,2.51632
-0.497139,-0.118981,2.481,2.53311
-0.489086,-0.118981,2.481,2.53155
-0.481034,-0.118981,2.481,2.53
-0.472981,-0.118981,2.481,2.52848
-0.464928,-0.118981,2.481,2.52699
-0.456875,-0.118981,2.481,2.52552
-0.448823,-0.118981,2.481,2.52408
-0.443968,-0.119844,2.499,2.54096
-0.435857,-0.119844,2.499,2.53955
-0.427746,-0.119844,2.499,2.53817
-0.422657,-0.120707,2.517,2.55509
-0.414487,-0.120707,2.517,2.55375
-0.406318,-0.120707,2.517,2.55244
-0.398148,-0.120707,2.517,2.55115
-0.392923,-0.121618,2.536,2.56914
-0.384691,-0.121618,2.536,2.56789
-0.37646,-0.121618,2.536,2.56667
-0.368229,-0.121618,2.536,2.56548
-0.359998,-0.121618,2.536,2.56431
-0.351766,-0.121618,2.536,2.56317
-0.346109,-0.122529,2.555,2.58125
-0.337816,-0.122529,2.555,2.58015
-0.329523,-0.122529,2.555,2.57907
-0.32123,-0.122529,2.555,2.57803
-0.312937,-0.122529,2.555,2.57701
-0.304645,-0.122529,2.555,2.57601
-0.296352,-0.122529,2.555,2.57505
-0.288059,-0.122529,2.555,2.57411
-0.277685,-0.121618,2.536,2.55405
-0.269454,-0.121618,2.536,2.55317
-0.26318,-0.122529,2.555,2.57144
-0.254887,-0.122529,2.555,2.5706
-0.244761,-0.121618,2.536,2.55069
-0.236529,-0.121618,2.536,2.54991
-0.230009,-0.122529,2.555,2.56826
-0.221716,-0.122529,2.555,2.56753
-0.213423,-0.122529,2.555,2.56682
-0.20513,-0.122529,2.555,2.56615
-0.196837,-0.122529,2.555,2.5655
-0.188544,-0.122529,2.555,2.56488
-0.180251,-0.122529,2.555,2.56428
-0.171958,-0.122529,2.555,2.56371
-0.163665,-0.122529,2.555,2.56317
-0.155372,-0.122529,2.555,2.56265
-0.148173,-0.123441,2.574,2.58121
-0.138787,-0.122529,2.555,2.5617
-0.130494,-0.122529,2.555,2.56126
-0.12311,-0.123441,2.574,2.5799
-0.114755,-0.123441,2.574,2.57951
-0.1064,-0.123441,2.574,2.57915
-0.0980459,-0.123441,2.574,2.57882
-0.0890293,-0.122529,2.555,2.55949
-0.0807364,-0.122529,2.555,2.55921
-0.0719048,-0.121618,2.536,2.53993
-0.0636736,-0.121618,2.536,2.53971
-0.0554423,-0.121618,2.536,2.53952
-0.0472111,-0.121618,2.536,2.53935
-0.0389799,-0.121618,2.536,2.53921
-0.0307487,-0.121618,2.536,2.5391
-0.0225174,-0.121618,2.536,2.53901
-0.0142862,-0.121618,2.536,2.53895
-0.00605498,-0.121618,2.536,2.53892
0.00215994,-0.120707,2.517,2.51989
0.0103295,-0.120707,2.517,2.51991
0.0183668,-0.119844,2.499,2.50194
0.0264779,-0.119844,2.499,2.50201
0.034589,-0.119844,2.499,2.50211
0.0427002,-0.119844,2.499,2.50224
0.0508113,-0.119844,2.499,2.50239
0.0589224,-0.119844,2.499,2.50257
0.0670336,-0.119844,2.499,2.50277
0.0751447,-0.119844,2.499,2.503
0.0826561,-0.118981,2.481,2.48523
0.0907089,-0.118981,2.481,2.48551
0.0987616,-0.118981,2.481,2.48581
0.106814,-0.118981,2.481,2.48615
0.1157,-0.119844,2.499,2.50455
0.123811,-0.119844,2.499,2.50493
0.131923,-0.119844,2.499,2.50535
0.140034,-0.119844,2.499,2.50579
0.149212,-0.120707,2.517,2.52431
0.157382,-0.120707,2.517,2.5248
0.165551,-0.120707,2.517,2.52533
0.173721,-0.120707,2.517,2.52587
0.18189,-0.120707,2.517,2.52645
0.19006,-0.120707,2.517,2.52705
0.199726,-0.121618,2.536,2.54676
0.207957,-0.121618,2.536,2.54742
0.216188,-0.121618,2.536,2.5481
0.222738,-0.120707,2.517,2.52972
0.230908,-0.120707,2.517,2.53045
0.239077,-0.120707,2.517,2.53121
0.247247,-0.120707,2.517,2.53199
0.255416,-0.120707,2.517,2.5328
0.263586,-0.120707,2.517,2.53364
0.271755,-0.120707,2.517,2.5345
0.279925,-0.120707,2.517,2.53539
0.286034,-0.119844,2.499,2.51817
0.294145,-0.119844,2.499,2.5191
0.302256,-0.119844,2.499,2.52006
0.310368,-0.119844,2.499,2.52105
0.318479,-0.119844,2.499,2.52206
0.324237,-0.118981,2.481,2.50492
0.33229,-0.118981,2.481,2.50598
0.340343,-0.118981,2.481,2.50706
0.345868,-0.118117,2.463,2.48997
0.353862,-0.118117,2.463,2.49109
0.361856,-0.118117,2.463,2.49224
0.369851,-0.118117,2.463,2.49341
0.377845,-0.118117,2.463,2.49461
0.38302,-0.117254,2.445,2.4776
0.390955,-0.117254,2.445,2.47883
0.398891,-0.117254,2.445,2.4801
0.406827,-0.117254,2.445,2.48139
0.417816,-0.118117,2.463,2.50098
0.425811,-0.118117,2.463,2.50233
0.433805,-0.118117,2.463,2.5037
0.441799,-0.118117,2.463,2.5051
0.449794,-0.118117,2.463,2.50652
0.457788,-0.118117,2.463,2.50797
0.465782,-0.118117,2.463,2.50944
0.477239,-0.118981,2.481,2.52928
0.485292,-0.118981,2.481,2.53082
0.493344,-0.118981,2.481,2.53237
0.501397,-0.118981,2.481,2.53395
0.50945,-0.118981,2.481,2.53556
0.521257,-0.119844,2.499,2.5556
0.529368,-0.119844,2.499,2.55726
0.537479,-0.119844,2.499,2.55895
0.54952,-0.120707,2.517,2.57911
0.55769,-0.120707,2.517,2.58087
0.565859,-0.120707,2.517,2.58265
0.574029,-0.120707,2.517,2.58445
0.582199,-0.120707,2.517,2.58627
0.590368,-0.120707,2.517,2.58813
0.598538,-0.120707,2.517,2.59
0.606707,-0.120707,2.517,2.5919
0.614877,-0.120707,2.517,2.59383
0.618591,-0.119844,2.499,2.57721
0.626702,-0.119844,2.499,2.57917
0.634813,-0.119844,2.499,2.58115
0.642924,-0.119844,2.499,2.58316
0.651035,-0.119844,2.499,2.58519
0.659146,-0.119844,2.499,2.58725
0.667257,-0.119844,2.499,2.58932
0.675369,-0.119844,2.499,2.59143
0.68348,-0.119844,2.499,2.59355
0.691591,-0.119844,2.499,2.5957
0.699702,-0.119844,2.499,2.59787
0.707813,-0.119844,2.499,2.60007
0.715924,-0.119844,2.499,2.60229
0.724035,-0.119844,2.499,2.60453
0.73742,-0.120707,2.517,2.62558
0.74559,-0.120707,2.517,2.62788
0.753759,-0.120707,2.517,2.63021
0.761929,-0.120707,2.517,2.63256
0.770098,-0.120707,2.517,2.63494
0.778268,-0.120707,2.517,2.63734
0.792374,-0.121618,2.536,2.65969
0.800605,-0.121618,2.536,2.66215
0.802777,-0.120707,2.517,2.64468
0.810946,-0.120707,2.517,2.64717
0.819116,-0.120707,2.517,2.64968
0.827285,-0.120707,2.517,2.65222
0.841761,-0.121618,2.536,2.67482
0.849993,-0.121618,2.536,2.67742
0.858224,-0.121618,2.536,2.68004
0.859963,-0.120707,2.517,2.66259
0.868133,-0.120707,2.517,2.66524
0.876303,-0.120707,2.517,2.66791
0.884472,-0.120707,2.517,2.67061
0.892642,-0.120707,2.517,2.67333
0.900811,-0.120707,2.517,2.67606
0.90248,-0.119844,2.499,2.65967
0.910591,-0.119844,2.499,2.66243
0.918703,-0.119844,2.499,2.66522
0.920138,-0.118981,2.481,2.64881
0.921457,-0.118117,2.463,2.63238
0.929451,-0.118117,2.463,2.63519
0.937445,-0.118117,2.463,2.63802
0.93853,-0.117254,2.445,2.62157
0.946466,-0.117254,2.445,2.62442
0.954402,-0.117254,2.445,2.62729
0.962338,-0.117254,2.445,2.63018
0.970273,-0.117254,2.445,2.6331
0.978209,-0.117254,2.445,2.63603
0.993405,-0.118117,2.463,2.65842
1.0014,-0.118117,2.463,2.66141
1.00939,-0.118117,2.463,2.66443
1.02482,-0.118981,2.481,2.68696
1.04786,-0.120707,2.517,2.72908
1.07995,-0.123441,2.574,2.7941
1.0883,-0.123441,2.574,2.79734
1.12179,-0.12627,2.633,2.8648
1.15739,-0.129291,2.696,2.93678
1.16614,-0.129291,2.696,2.94024
1.20321,-0.132408,2.761,3.01469
1.25257,-0.13682,2.853,3.11885
1.28306,-0.139122,2.901,3.17512
1.29247,-0.139122,2.901,3.17894
1.32433,-0.14152,2.951,3.23763
1.3339,-0.14152,2.951,3.24156
1.34348,-0.14152,2.951,3.24552
1.3769,-0.144014,3.003,3.30675
1.38665,-0.144014,3.003,3.31082
1.3964,-0.144014,3.003,3.31492
1.40614,-0.144014,3.003,3.31903
1.42862,-0.145309,3.03,3.35305
1.43846,-0.145309,3.03,3.35726
1.43538,-0.144014,3.003,3.33153
1.44513,-0.144014,3.003,3.33574
1.45488,-0.144014,3.003,3.33997
1.46463,-0.144014,3.003,3.34423
1.47437,-0.144014,3.003,3.34851
1.48412,-0.144014,3.003,3.35281
1.49387,-0.144014,3.003,3.35714
1.51713,-0.145309,3.03,3.39171
1.54057,-0.146604,3.057,3.42638
1.56419,-0.147898,3.084,3.46116
1.5742,-0.147898,3.084,3.46569
1.62839,-0.152023,3.17,3.56702
1.65367,-0.153413,3.199,3.60441
1.66405,-0.153413,3.199,3.60918
1.72311,-0.157873,3.292,3.71905
1.7675,-0.160943,3.356,3.79641
1.7784,-0.160943,3.356,3.80149
1.80688,-0.162525,3.389,3.84403
1.8549,-0.165834,3.458,3.92758
1.88501,-0.167513,3.493,3.9727
1.89635,-0.167513,3.493,3.97809
1.90768,-0.167513,3.493,3.98351
1.91902,-0.167513,3.493,3.98895
1.93036,-0.167513,3.493,3.99442
1.94169,-0.167513,3.493,3.99991
1.95303,-0.167513,3.493,4.00543
1.94469,-0.165834,3.458,3.97078
1.95591,-0.165834,3.458,3.97629
1.96713,-0.165834,3.458,3.98182
1.95833,-0.164156,3.423,3.94702
1.94988,-0.162525,3.389,3.91328
1.94179,-0.160943,3.356,3.88062
1.95268,-0.160943,3.356,3.88608
1.94485,-0.159408,3.324,3.85446
1.93681,-0.157873,3.292,3.82275
1.9475,-0.157873,3.292,3.82818
1.93915,-0.156339,3.26,3.79636
1.93179,-0.1549,3.23,3.76679
1.94227,-0.1549,3.23,3.77218
1.91648,-0.152023,3.17,3.70741
1.89152,-0.149241,3.112,3.64481
1.90162,-0.149241,3.112,3.65006
1.89452,-0.147898,3.084,3.62245
1.87118,-0.145309,3.03,3.56417
1.88101,-0.145309,3.03,3.56935
1.85777,-0.142767,2.977,3.51201
1.83545,-0.140321,2.926,3.45688
1.84494,-0.140321,2.926,3.46193
1.8386,-0.139122,2.901,3.43738
1.81743,-0.13682,2.853,3.38547
1.82669,-0.13682,2.853,3.39045
1.82051,-0.135669,2.829,3.36688
1.79994,-0.133464,2.783,3.31703
1.79467,-0.132408,2.761,3.29568
1.80364,-0.132408,2.761,3.30057
1.78371,-0.130298,2.717,3.2528
1.76482,-0.128284,2.675,3.20728
1.7735,-0.128284,2.675,3.21207
1.76819,-0.127277,2.654,3.19162
1.76275,-0.12627,2.633,3.17111
1.77129,-0.12627,2.633,3.17586
1.7528,-0.124352,2.593,3.13232
1.74831,-0.123441,2.574,3.11405
-2.1589,-0.139143,3.112,3.79008
-2.12946,-0.137891,3.084,3.75029
-2.11945,-0.137891,3.084,3.74462
-2.09097,-0.136684,3.057,3.70623
-2.06267,-0.135477,3.03,3.66795
-2.05284,-0.135477,3.03,3.66243
-2.0248,-0.13427,3.003,3.62434
-1.9976,-0.133107,2.977,3.58757
-1.98794,-0.133107,2.977,3.5822
-1.97828,-0.133107,2.977,3.57685
-1.95142,-0.131945,2.951,3.54032
-1.90894,-0.129709,2.901,3.47515
-1.89953,-0.129709,2.901,3.46999
-1.89011,-0.129709,2.901,3.46484
-1.8807,-0.129709,2.901,3.45972
-1.87128,-0.129709,2.901,3.45461
-1.86186,-0.129709,2.901,3.44952
nan,nan,nan,NaN
nan,nan,nan,NaN
-1.81845,-0.128636,2.877,3.40594
-1.80911,-0.128636,2.877,3.40096
-1.79977,-0.128636,2.877,3.39601
-1.79043,-0.128636,2.877,3.39107
-1.78109,-0.128636,2.877,3.38614
-1.77176,-0.128636,2.877,3.38124
-1.76242,-0.128636,2.877,3.37636
-1.75308,-0.128636,2.877,3.37149
-1.74374,-0.128636,2.877,3.36665
-1.7344,-0.128636,2.877,3.36182
-1.72507,-0.128636,2.877,3.35701
-1.71573,-0.128636,2.877,3.35222
-1.70639,-0.128636,2.877,3.34745
-1.69705,-0.128636,2.877,3.3427
-1.67364,-0.127563,2.853,3.31013
-1.66438,-0.127563,2.853,3.30545
nan,nan,nan,NaN
nan,nan,nan,NaN
nan,nan,nan,NaN
nan,nan,nan,NaN
nan,nan,nan,NaN
nan,nan,nan,NaN
nan,nan,nan,NaN
nan,nan,nan,NaN
nan,nan,nan,NaN
nan,nan,nan,NaN
nan,nan,nan,NaN
nan,nan,nan,NaN
nan,nan,nan,NaN
nan,nan,nan,NaN
nan,nan,nan,NaN
nan,nan,nan,NaN
nan,nan,nan,NaN
nan,nan,nan,NaN
nan,nan,nan,NaN
nan,nan,nan,NaN
nan,nan,nan,NaN
nan,nan,nan,NaN
nan,nan,nan,NaN
nan,nan,nan,NaN
nan,nan,nan,NaN
nan,nan,nan,NaN
nan,nan,nan,NaN
-1.28689,-0.116832,2.613,2.91505
-1.26863,-0.115938,2.593,2.88903
-1.26021,-0.115938,2.593,2.88535
-1.24262,-0.115088,2.574,2.86056
-1.22516,-0.114239,2.555,2.83586
-1.21686,-0.114239,2.555,2.83228
-1.19958,-0.113389,2.536,2.8077
-1.18243,-0.11254,2.517,2.78318
-1.16586,-0.111735,2.499,2.75984
-1.15775,-0.111735,2.499,2.75642
-1.14136,-0.11093,2.481,2.7332
-1.1333,-0.11093,2.481,2.72984
-1.12525,-0.11093,2.481,2.72651
-1.10909,-0.110125,2.463,2.70344
-1.1011,-0.110125,2.463,2.70017
-1.0931,-0.110125,2.463,2.69692
-1.08511,-0.110125,2.463,2.69369
-1.06924,-0.109321,2.445,2.67082
-1.06131,-0.109321,2.445,2.66765
-1.05337,-0.109321,2.445,2.6645
-1.04544,-0.109321,2.445,2.66137
-1.0375,-0.109321,2.445,2.65827
-1.02956,-0.109321,2.445,2.65518
-1.02163,-0.109321,2.445,2.65211
-1.01369,-0.109321,2.445,2.64907
-1.00576,-0.109321,2.445,2.64604
-0.997821,-0.109321,2.445,2.64303
-0.989885,-0.109321,2.445,2.64005
-0.981949,-0.109321,2.445,2.63708
-0.974013,-0.109321,2.445,2.63414
-0.966077,-0.109321,2.445,2.63121
-0.958141,-0.109321,2.445,2.62831
-0.950205,-0.109321,2.445,2.62543
-0.935718,-0.10856,2.428,2.60433
-0.927837,-0.10856,2.428,2.60151
-0.919957,-0.10856,2.428,2.59871
-0.90569,-0.1078,2.411,2.57775
-0.897864,-0.1078,2.411,2.57502
-0.890039,-0.1078,2.411,2.5723
-0.882213,-0.1078,2.411,2.5696
-0.874388,-0.1078,2.411,2.56692
-0.866562,-0.1078,2.411,2.56427
-0.852682,-0.10704,2.394,2.54357
-0.844912,-0.10704,2.394,2.54098
-0.837141,-0.10704,2.394,2.5384
-0.829371,-0.10704,2.394,2.53585
-0.821601,-0.10704,2.394,2.53332
-0.81383,-0.10704,2.394,2.53081
-0.80606,-0.10704,2.394,2.52832
-0.79829,-0.10704,2.394,2.52586
-0.790519,-0.10704,2.394,2.52341
-0.782749,-0.10704,2.394,2.52099
-0.774979,-0.10704,2.394,2.51859
-0.772656,-0.1078,2.411,2.53408
-0.764831,-0.1078,2.411,2.5317
-0.757005,-0.1078,2.411,2.52935
-0.74918,-0.1078,2.411,2.52702
-0.741354,-0.1078,2.411,2.52471
-0.733529,-0.1078,2.411,2.52242
-0.725703,-0.1078,2.411,2.52016
-0.722939,-0.10856,2.428,2.53567
-0.715059,-0.10856,2.428,2.53343
-0.707178,-0.10856,2.428,2.53122
-0.694401,-0.1078,2.411,2.51132
-0.686576,-0.1078,2.411,2.50917
-0.67875,-0.1078,2.411,2.50704
-0.670925,-0.1078,2.411,2.50493
-0.663099,-0.1078,2.411,2.50285
-0.659894,-0.10856,2.428,2.51842
-0.652013,-0.10856,2.428,2.51636
-0.644133,-0.10856,2.428,2.51433
-0.636252,-0.10856,2.428,2.51233
-0.628371,-0.10856,2.428,2.51034
-0.620491,-0.10856,2.428,2.50838
-0.61261,-0.10856,2.428,2.50644
-0.604729,-0.10856,2.428,2.50453
-0.601027,-0.109321,2.445,2.52016
-0.593092,-0.109321,2.445,2.51828
-0.585156,-0.109321,2.445,2.51642
-0.57722,-0.109321,2.445,2.51459
-0.569284,-0.109321,2.445,2.51278
-0.561348,-0.109321,2.445,2.51099
-0.553412,-0.109321,2.445,2.50923
-0.549492,-0.110125,2.463,2.52595
-0.541498,-0.110125,2.463,2.52423
-0.533504,-0.110125,2.463,2.52252
-0.525509,-0.110125,2.463,2.52084
-0.517515,-0.110125,2.463,2.51919
-0.509521,-0.110125,2.463,2.51756
-0.501526,-0.110125,2.463,2.51595
-0.493532,-0.110125,2.463,2.51437
-0.489086,-0.11093,2.481,2.53118
-0.481034,-0.11093,2.481,2.52964
-0.472981,-0.11093,2.481,2.52812
-0.464928,-0.11093,2.481,2.52662
-0.456875,-0.11093,2.481,2.52515
-0.448823,-0.11093,2.481,2.52371
-0.443968,-0.111735,2.499,2.54059
-0.435857,-0.111735,2.499,2.53918
-0.427746,-0.111735,2.499,2.5378
-0.419634,-0.111735,2.499,2.53645
-0.414487,-0.11254,2.517,2.55338
-0.406318,-0.11254,2.517,2.55207
-0.398148,-0.11254,2.517,2.55078
-0.392923,-0.113389,2.536,2.56876
-0.384691,-0.113389,2.536,2.56752
-0.37646,-0.113389,2.536,2.5663
-0.368229,-0.113389,2.536,2.5651
-0.359998,-0.113389,2.536,2.56393
-0.351766,-0.113389,2.536,2.56279
-0.346109,-0.114239,2.555,2.58087
-0.337816,-0.114239,2.555,2.57977
-0.329523,-0.114239,2.555,2.57869
-0.32123,-0.114239,2.555,2.57765
-0.312937,-0.114239,2.555,2.57663
-0.304645,-0.114239,2.555,2.57563
-0.296352,-0.114239,2.555,2.57467
-0.288059,-0.114239,2.555,2.57372
-0.277685,-0.113389,2.536,2.55368
-0.269454,-0.113389,2.536,2.55279
-0.26318,-0.114239,2.555,2.57106
-0.254887,-0.114239,2.555,2.57022
-0.244761,-0.113389,2.536,2.55031
-0.236529,-0.113389,2.536,2.54953
-0.228298,-0.113389,2.536,2.54878
-0.220067,-0.113389,2.536,2.54805
-0.213423,-0.114239,2.555,2.56644
-0.20513,-0.114239,2.555,2.56577
-0.196837,-0.114239,2.555,2.56512
-0.188544,-0.114239,2.555,2.56449
-0.180251,-0.114239,2.555,2.5639
-0.171958,-0.114239,2.555,2.56333
-0.163665,-0.114239,2.555,2.56278
-0.156528,-0.115088,2.574,2.58132
-0.148173,-0.115088,2.574,2.58083
-0.138787,-0.114239,2.555,2.56132
-0.130494,-0.114239,2.555,2.56088
-0.122201,-0.114239,2.555,2.56047
-0.113908,-0.114239,2.555,2.56009
-0.105615,-0.114239,2.555,2.55973
-0.0973222,-0.114239,2.555,2.5594
-0.0890293,-0.114239,2.555,2.5591
-0.0807364,-0.114239,2.555,2.55883
-0.0719048,-0.113389,2.536,2.53955
-0.0636736,-0.113389,2.536,2.53933
-0.0554423,-0.113389,2.536,2.53914
-0.0472111,-0.113389,2.536,2.53897
-0.0389799,-0.113389,2.536,2.53883
-0.0307487,-0.113389,2.536,2.53872
-0.0225174,-0.113389,2.536,2.53863
-0.0142862,-0.113389,2.536,2.53857
-0.00600962,-0.11254,2.517,2.51952
0.00215994,-0.11254,2.517,2.51952
0.0103295,-0.11254,2.517,2.51954
0.0183668,-0.111735,2.499,2.50156
0.0264779,-0.111735,2.499,2.50164
0.034589,-0.111735,2.499,2.50174
0.0427002,-0.111735,2.499,2.50186
0.0508113,-0.111735,2.499,2.50201
0.0589224,-0.111735,2.499,2.50219
0.0670336,-0.111735,2.499,2.50239
0.0746034,-0.11093,2.481,2.4846
0.0826561,-0.11093,2.481,2.48485
0.0907089,-0.11093,2.481,2.48513
0.0987616,-0.11093,2.481,2.48544
0.106814,-0.11093,2.481,2.48577
0.114867,-0.11093,2.481,2.48613
0.12292,-0.11093,2.481,2.48652
0.131923,-0.111735,2.499,2.50497
0.140034,-0.111735,2.499,2.50541
0.148145,-0.111735,2.499,2.50588
0.156256,-0.111735,2.499,2.50637
0.164367,-0.111735,2.499,2.50689
0.172478,-0.111735,2.499,2.50744
0.180589,-0.111735,2.499,2.50801
0.19006,-0.11254,2.517,2.52667
0.198229,-0.11254,2.517,2.5273
0.206399,-0.11254,2.517,2.52795
0.214568,-0.11254,2.517,2.52864
0.222738,-0.11254,2.517,2.52934
0.230908,-0.11254,2.517,2.53007
0.239077,-0.11254,2.517,2.53083
0.247247,-0.11254,2.517,2.53162
0.255416,-0.11254,2.517,2.53243
0.263586,-0.11254,2.517,2.53327
0.271755,-0.11254,2.517,2.53413
0.279925,-0.11254,2.517,2.53502
0.286034,-0.111735,2.499,2.5178
0.294145,-0.111735,2.499,2.51873
0.302256,-0.111735,2.499,2.51969
0.310368,-0.111735,2.499,2.52068
0.316185,-0.11093,2.481,2.50353
0.324237,-0.11093,2.481,2.50456
0.33229,-0.11093,2.481,2.50561
0.337874,-0.110125,2.463,2.4885
0.345868,-0.110125,2.463,2.4896
0.353862,-0.110125,2.463,2.49073
0.361856,-0.110125,2.463,2.49187
0.369851,-0.110125,2.463,2.49305
0.377845,-0.110125,2.463,2.49425
0.38302,-0.109321,2.445,2.47723
0.390955,-0.109321,2.445,2.47847
0.398891,-0.109321,2.445,2.47974
0.406827,-0.109321,2.445,2.48102
0.417816,-0.110125,2.463,2.50061
0.425811,-0.110125,2.463,2.50196
0.433805,-0.110125,2.463,2.50333
0.441799,-0.110125,2.463,2.50473
0.449794,-0.110125,2.463,2.50615
0.457788,-0.110125,2.463,2.5076
0.465782,-0.110125,2.463,2.50907
0.477239,-0.11093,2.481,2.52892
0.485292,-0.11093,2.481,2.53045
0.493344,-0.11093,2.481,2.53201
0.501397,-0.11093,2.481,2.53359
0.50945,-0.11093,2.481,2.53519
0.521257,-0.111735,2.499,2.55523
0.529368,-0.111735,2.499,2.5569
0.537479,-0.111735,2.499,2.55859
0.54952,-0.11254,2.517,2.57875
0.55769,-0.11254,2.517,2.5805
0.565859,-0.11254,2.517,2.58228
0.574029,-0.11254,2.517,2.58408
0.582199,-0.11254,2.517,2.58591
0.590368,-0.11254,2.517,2.58776
0.598538,-0.11254,2.517,2.58963
0.606707,-0.11254,2.517,2.59153
0.614877,-0.11254,2.517,2.59346
0.623046,-0.11254,2.517,2.59541
0.631216,-0.11254,2.517,2.59738
0.634813,-0.111735,2.499,2.58079
0.642924,-0.111735,2.499,2.5828
0.651035,-0.111735,2.499,2.58483
0.659146,-0.111735,2.499,2.58688
0.667257,-0.111735,2.499,2.58896
0.675369,-0.111735,2.499,2.59106
0.68348,-0.111735,2.499,2.59319
0.691591,-0.111735,2.499,2.59534
0.699702,-0.111735,2.499,2.59751
0.707813,-0.111735,2.499,2.59971
0.715924,-0.111735,2.499,2.60193
0.729251,-0.11254,2.517,2.62293
0.73742,-0.11254,2.517,2.62521
0.74559,-0.11254,2.517,2.62752
0.753759,-0.11254,2.517,2.62985
0.761929,-0.11254,2.517,2.6322
0.770098,-0.11254,2.517,2.63458
0.778268,-0.11254,2.517,2.63698
0.792374,-0.113389,2.536,2.65933
0.800605,-0.113389,2.536,2.66179
0.808836,-0.113389,2.536,2.66428
0.817068,-0.113389,2.536,2.66679
0.819116,-0.11254,2.517,2.64932
0.827285,-0.11254,2.517,2.65186
0.841761,-0.113389,2.536,2.67446
0.849993,-0.113389,2.536,2.67706
0.858224,-0.113389,2.536,2.67968
0.859963,-0.11254,2.517,2.66223
0.868133,-0.11254,2.517,2.66488
0.876303,-0.11254,2.517,2.66756
0.884472,-0.11254,2.517,2.67025
0.892642,-0.11254,2.517,2.67297
0.900811,-0.11254,2.517,2.67571
0.90248,-0.111735,2.499,2.65932
0.910591,-0.111735,2.499,2.66208
0.918703,-0.111735,2.499,2.66486
0.920138,-0.11093,2.481,2.64846
0.921457,-0.110125,2.463,2.63203
0.929451,-0.110125,2.463,2.63484
0.937445,-0.110125,2.463,2.63767
0.93853,-0.109321,2.445,2.62122
0.946466,-0.109321,2.445,2.62408
0.954402,-0.109321,2.445,2.62695
0.962338,-0.109321,2.445,2.62984
0.970273,-0.109321,2.445,2.63276
0.978209,-0.109321,2.445,2.63569
0.993405,-0.110125,2.463,2.65807
1.0014,-0.110125,2.463,2.66107
1.00939,-0.110125,2.463,2.66409
1.02482,-0.11093,2.481,2.68662
1.04786,-0.11254,2.517,2.72873
1.07995,-0.115088,2.574,2.79374
1.0883,-0.115088,2.574,2.79698
1.12179,-0.117726,2.633,2.86443
1.15739,-0.120543,2.696,2.93641
1.16614,-0.120543,2.696,2.93987
1.20321,-0.123449,2.761,3.01431
1.24203,-0.12649,2.829,3.09223
1.26183,-0.127563,2.853,3.12219
1.27109,-0.127563,2.853,3.12595
1.29112,-0.128636,2.877,3.15605
1.3113,-0.129709,2.901,3.18624
1.32072,-0.129709,2.901,3.19013
1.33013,-0.129709,2.901,3.19404
1.33955,-0.129709,2.901,3.19797
1.33781,-0.128636,2.877,3.17544
1.34714,-0.128636,2.877,3.17938
1.34517,-0.127563,2.853,3.1568
1.35443,-0.127563,2.853,3.16075
1.36369,-0.127563,2.853,3.16473
1.37295,-0.127563,2.853,3.16873
1.38221,-0.127563,2.853,3.17276
1.39147,-0.127563,2.853,3.1768
1.41251,-0.128636,2.877,3.20763
1.42185,-0.128636,2.877,3.21175
1.43119,-0.128636,2.877,3.21589
1.46506,-0.130827,2.926,3.2749
1.48716,-0.131945,2.951,3.30718
1.49673,-0.131945,2.951,3.3115
1.53285,-0.13427,3.003,3.37427
1.58421,-0.137891,3.084,3.46984
1.63868,-0.141737,3.17,3.57131
1.64897,-0.141737,3.17,3.57604
1.70636,-0.145761,3.26,3.68246
1.75065,-0.148622,3.324,3.75977
1.76144,-0.148622,3.324,3.7648
1.78929,-0.150053,3.356,3.80615
1.81788,-0.151529,3.389,3.84876
1.84723,-0.153049,3.423,3.89264
1.85834,-0.153049,3.423,3.89792
1.86945,-0.153049,3.423,3.90323
1.89979,-0.154614,3.458,3.94853
1.91102,-0.154614,3.458,3.95394
1.92224,-0.154614,3.458,3.95938
1.93346,-0.154614,3.458,3.96484
1.925,-0.153049,3.423,3.93014
1.93611,-0.153049,3.423,3.93559
1.94722,-0.153049,3.423,3.94107
1.93888,-0.151529,3.389,3.90737
1.9309,-0.150053,3.356,3.87474
1.92327,-0.148622,3.324,3.84318
1.93406,-0.148622,3.324,3.84859
1.92613,-0.147191,3.292,3.81692
1.91799,-0.145761,3.26,3.78517
1.92857,-0.145761,3.26,3.79054
1.9213,-0.144419,3.23,3.76101
1.91325,-0.143033,3.199,3.73022
1.92363,-0.143033,3.199,3.73556
1.89895,-0.14044,3.141,3.67309
1.89152,-0.139143,3.112,3.64441
1.90162,-0.139143,3.112,3.64966
1.87793,-0.136684,3.057,3.59034
1.85451,-0.13427,3.003,3.53203
1.86425,-0.13427,3.003,3.53716
1.84155,-0.131945,2.951,3.48096
1.81976,-0.129709,2.901,3.42698
1.82918,-0.129709,2.901,3.43199
1.82338,-0.128636,2.877,3.40858
1.80215,-0.12649,2.829,3.35663
1.81133,-0.12649,2.829,3.36157
1.80571,-0.125461,2.806,3.33916
1.78571,-0.123449,2.761,3.29046
1.78037,-0.122466,2.739,3.26907
1.78926,-0.122466,2.739,3.27392
1.78371,-0.121482,2.717,3.25246
1.76482,-0.119604,2.675,3.20695
1.7735,-0.119604,2.675,3.21173
1.7542,-0.117726,2.633,3.16603
1.74936,-0.116832,2.613,3.14669
1.75784,-0.116832,2.613,3.15142
1.7528,-0.115938,2.593,3.132
1.73541,-0.114239,2.555,3.09075
-2.1589,-0.129045,3.112,3.78973
-2.11082,-0.126765,3.057,3.71711
-2.1009,-0.126765,3.057,3.71148
-2.07251,-0.125645,3.03,3.67314
-2.06267,-0.125645,3.03,3.6676
-2.05284,-0.125645,3.03,3.66208
-2.0248,-0.124525,3.003,3.62399
-1.9976,-0.123447,2.977,3.58723
-1.98794,-0.123447,2.977,3.58185
-1.961,-0.122369,2.951,3.54526
-1.95142,-0.122369,2.951,3.53998
-1.90894,-0.120296,2.901,3.47481
-1.89953,-0.120296,2.901,3.46965
-1.89011,-0.120296,2.901,3.4645
nan,nan,nan,NaN
nan,nan,nan,NaN
nan,nan,nan,NaN
nan,nan,nan,NaN
nan,nan,nan,NaN
nan,nan,nan,NaN
nan,nan,nan,NaN
-1.79977,-0.119301,2.877,3.39566
-1.79043,-0.119301,2.877,3.39072
-1.78109,-0.119301,2.877,3.3858
-1.77176,-0.119301,2.877,3.3809
-1.76242,-0.119301,2.877,3.37602
-1.75308,-0.119301,2.877,3.37115
-1.74374,-0.119301,2.877,3.3663
-1.7344,-0.119301,2.877,3.36148
-1.72507,-0.119301,2.877,3.35667
-1.73004,-0.120296,2.901,3.37984
-1.72062,-0.120296,2.901,3.37503
-1.71121,-0.120296,2.901,3.37024
-1.70179,-0.120296,2.901,3.36547
nan,nan,nan,NaN
nan,nan,nan,NaN
nan,nan,nan,NaN
nan,nan,nan,NaN
nan,nan,nan,NaN
nan,nan,nan,NaN
nan,nan,nan,NaN
nan,nan,nan,NaN
nan,nan,nan,NaN
nan,nan,nan,NaN
nan,nan,nan,NaN
nan,nan,nan,NaN
nan,nan,nan,NaN
nan,nan,nan,NaN
nan,nan,nan,NaN
nan,nan,nan,NaN
nan,nan,nan,NaN
nan,nan,nan,NaN
nan,nan,nan,NaN
nan,nan,nan,NaN
nan,nan,nan,NaN
nan,nan,nan,NaN
nan,nan,nan,NaN
nan,nan,nan,NaN
nan,nan,nan,NaN
nan,nan,nan,NaN
nan,nan,nan,NaN
nan,nan,nan,NaN
-1.28689,-0.108353,2.613,2.91472
-1.26863,-0.107524,2.593,2.88871
-1.26021,-0.107524,2.593,2.88502
-1.24262,-0.106736,2.574,2.86024
-1.22516,-0.105948,2.555,2.83553
-1.21686,-0.105948,2.555,2.83196
-1.19958,-0.10516,2.536,2.80737
-1.18243,-0.104373,2.517,2.78286
-1.16586,-0.103626,2.499,2.75952
-1.15775,-0.103626,2.499,2.75611
-1.14136,-0.10288,2.481,2.73288
-1.1333,-0.10288,2.481,2.72953
-1.12525,-0.10288,2.481,2.72619
-1.10909,-0.102133,2.463,2.70313
-1.1011,-0.102133,2.463,2.69986
-1.0931,-0.102133,2.463,2.6966
-1.08511,-0.102133,2.463,2.69337
-1.06924,-0.101387,2.445,2.6705
-1.06131,-0.101387,2.445,2.66734
-1.05337,-0.101387,2.445,2.66419
-1.04544,-0.101387,2.445,2.66106
-1.0375,-0.101387,2.445,2.65795
-1.02956,-0.101387,2.445,2.65486
-1.02163,-0.101387,2.445,2.6518
-1.01369,-0.101387,2.445,2.64875
-1.00576,-0.101387,2.445,2.64572
-0.997821,-0.101387,2.445,2.64272
-0.989885,-0.101387,2.445,2.63973
-0.981949,-0.101387,2.445,2.63676
-0.974013,-0.101387,2.445,2.63382
-0.966077,-0.101387,2.445,2.6309
-0.958141,-0.101387,2.445,2.62799
-0.950205,-0.101387,2.445,2.62511
-0.935718,-0.100682,2.428,2.60401
-0.927837,-0.100682,2.428,2.60119
-0.919957,-0.100682,2.428,2.59839
-0.90569,-0.099977,2.411,2.57744
-0.897864,-0.099977,2.411,2.5747
-0.890039,-0.099977,2.411,2.57198
-0.882213,-0.099977,2.411,2.56928
-0.874388,-0.099977,2.411,2.56661
-0.866562,-0.099977,2.411,2.56395
-0.852682,-0.0992721,2.394,2.54326
-0.844912,-0.0992721,2.394,2.54066
-0.837141,-0.0992721,2.394,2.53809
-0.829371,-0.0992721,2.394,2.53554
-0.821601,-0.0992721,2.394,2.53301
-0.81383,-0.0992721,2.394,2.5305
-0.80606,-0.0992721,2.394,2.52801
-0.79829,-0.0992721,2.394,2.52554
-0.790519,-0.0992721,2.394,2.5231
-0.782749,-0.0992721,2.394,2.52067
-0.774979,-0.0992721,2.394,2.51827
-0.772656,-0.099977,2.411,2.53376
-0.764831,-0.099977,2.411,2.53138
-0.757005,-0.099977,2.411,2.52903
-0.74918,-0.099977,2.411,2.52669
-0.741354,-0.099977,2.411,2.52439
-0.733529,-0.099977,2.411,2.5221
-0.725703,-0.099977,2.411,2.51983
-0.722939,-0.100682,2.428,2.53534
-0.715059,-0.100682,2.428,2.53311
-0.707178,-0.100682,2.428,2.53089
-0.699297,-0.100682,2.428,2.5287
-0.691417,-0.100682,2.428,2.52654
-0.683536,-0.100682,2.428,2.52439
-0.675655,-0.100682,2.428,2.52227
-0.667775,-0.100682,2.428,2.52017
-0.659894,-0.100682,2.428,2.51809
-0.652013,-0.100682,2.428,2.51604
-0.644133,-0.100682,2.428,2.51401
-0.636252,-0.100682,2.428,2.512
-0.628371,-0.100682,2.428,2.51001
-0.624835,-0.101387,2.445,2.52561
-0.616899,-0.101387,2.445,2.52366
-0.608963,-0.101387,2.445,2.52173
-0.601027,-0.101387,2.445,2.51983
-0.593092,-0.101387,2.445,2.51795
-0.589464,-0.102133,2.463,2.53461
-0.581469,-0.102133,2.463,2.53277
-0.573475,-0.102133,2.463,2.53094
-0.565481,-0.102133,2.463,2.52914
-0.557486,-0.102133,2.463,2.52737
-0.549492,-0.102133,2.463,2.52562
-0.541498,-0.102133,2.463,2.52389
-0.533504,-0.102133,2.463,2.52219
-0.525509,-0.102133,2.463,2.52051
-0.517515,-0.102133,2.463,2.51885
-0.509521,-0.102133,2.463,2.51722
-0.501526,-0.102133,2.463,2.51562
-0.493532,-0.102133,2.463,2.51404
-0.489086,-0.10288,2.481,2.53084
-0.481034,-0.10288,2.481,2.5293
-0.472981,-0.10288,2.481,2.52778
-0.464928,-0.10288,2.481,2.52628
-0.456875,-0.10288,2.481,2.52481
-0.448823,-0.10288,2.481,2.52337
-0.44077,-0.10288,2.481,2.52195
-0.435857,-0.103626,2.499,2.53884
-0.427746,-0.103626,2.499,2.53746
-0.419634,-0.103626,2.499,2.53611
-0.414487,-0.104373,2.517,2.55303
-0.406318,-0.104373,2.517,2.55172
-0.401154,-0.10516,2.536,2.56968
-0.392923,-0.10516,2.536,2.56841
-0.384691,-0.10516,2.536,2.56717
-0.37646,-0.10516,2.536,2.56595
-0.368229,-0.10516,2.536,2.56475
-0.362695,-0.105948,2.555,2.58279
-0.354402,-0.105948,2.555,2.58164
-0.346109,-0.105948,2.555,2.58051
-0.337816,-0.105948,2.555,2.57941
-0.329523,-0.105948,2.555,2.57834
-0.32123,-0.105948,2.555,2.57729
-0.312937,-0.105948,2.555,2.57627
-0.304645,-0.105948,2.555,2.57528
-0.296352,-0.105948,2.555,2.57431
-0.288059,-0.105948,2.555,2.57337
-0.279766,-0.105948,2.555,2.57245
-0.271473,-0.105948,2.555,2.57157
-0.26318,-0.105948,2.555,2.5707
-0.254887,-0.105948,2.555,2.56987
-0.246594,-0.105948,2.555,2.56906
-0.236529,-0.10516,2.536,2.54918
-0.228298,-0.10516,2.536,2.54843
-0.220067,-0.10516,2.536,2.5477
-0.211836,-0.10516,2.536,2.547
-0.20513,-0.105948,2.555,2.56541
-0.196837,-0.105948,2.555,2.56476
-0.188544,-0.105948,2.555,2.56414
-0.180251,-0.105948,2.555,2.56354
-0.171958,-0.105948,2.555,2.56297
-0.163665,-0.105948,2.555,2.56243
-0.155372,-0.105948,2.555,2.56191
-0.148173,-0.106736,2.574,2.58047
-0.139819,-0.106736,2.574,2.58
-0.130494,-0.105948,2.555,2.56052
-0.122201,-0.105948,2.555,2.56011
-0.113908,-0.105948,2.555,2.55973
-0.105615,-0.105948,2.555,2.55938
-0.0973222,-0.105948,2.555,2.55905
-0.0890293,-0.105948,2.555,2.55875
-0.0807364,-0.105948,2.555,2.55847
-0.0724435,-0.105948,2.555,2.55822
-0.0641506,-0.105948,2.555,2.558
-0.0554423,-0.10516,2.536,2.53878
-0.0472111,-0.10516,2.536,2.53862
-0.0389799,-0.10516,2.536,2.53848
-0.0307487,-0.10516,2.536,2.53837
-0.0225174,-0.10516,2.536,2.53828
-0.0142862,-0.10516,2.536,2.53822
-0.00600962,-0.104373,2.517,2.51917
0.00215994,-0.104373,2.517,2.51916
0.0103295,-0.104373,2.517,2.51918
0.0184991,-0.104373,2.517,2.51923
0.0264779,-0.103626,2.499,2.50129
0.034589,-0.103626,2.499,2.50139
0.0427002,-0.103626,2.499,2.50151
0.0508113,-0.103626,2.499,2.50166
0.0589224,-0.103626,2.499,2.50184
0.0670336,-0.103626,2.499,2.50205
0.0746034,-0.10288,2.481,2.48425
0.0826561,-0.10288,2.481,2.48451
0.0907089,-0.10288,2.481,2.48479
0.0987616,-0.10288,2.481,2.4851
0.106814,-0.10288,2.481,2.48543
0.114867,-0.10288,2.481,2.48579
0.12292,-0.10288,2.481,2.48617
0.131923,-0.103626,2.499,2.50462
0.140034,-0.103626,2.499,2.50506
0.148145,-0.103626,2.499,2.50553
0.156256,-0.103626,2.499,2.50602
0.164367,-0.103626,2.499,2.50654
0.172478,-0.103626,2.499,2.50709
0.180589,-0.103626,2.499,2.50766
0.19006,-0.104373,2.517,2.52632
0.198229,-0.104373,2.517,2.52695
0.206399,-0.104373,2.517,2.5276
0.214568,-0.104373,2.517,2.52828
0.222738,-0.104373,2.517,2.52899
0.230908,-0.104373,2.517,2.52972
0.239077,-0.104373,2.517,2.53048
0.247247,-0.104373,2.517,2.53127
0.255416,-0.104373,2.517,2.53208
0.263586,-0.104373,2.517,2.53292
0.271755,-0.104373,2.517,2.53378
0.279925,-0.104373,2.517,2.53467
0.286034,-0.103626,2.499,2.51745
0.294145,-0.103626,2.499,2.51838
0.302256,-0.103626,2.499,2.51934
0.310368,-0.103626,2.499,2.52033
0.316185,-0.10288,2.481,2.50318
0.324237,-0.10288,2.481,2.50421
0.33229,-0.10288,2.481,2.50527
0.337874,-0.102133,2.463,2.48816
0.345868,-0.102133,2.463,2.48926
0.353862,-0.102133,2.463,2.49039
0.361856,-0.102133,2.463,2.49153
0.369851,-0.102133,2.463,2.49271
0.377845,-0.102133,2.463,2.49391
0.38302,-0.101387,2.445,2.4769
0.390955,-0.101387,2.445,2.47813
0.398891,-0.101387,2.445,2.4794
0.406827,-0.101387,2.445,2.48069
0.417816,-0.102133,2.463,2.50027
0.425811,-0.102133,2.463,2.50162
0.433805,-0.102133,2.463,2.503
0.441799,-0.102133,2.463,2.50439
0.449794,-0.102133,2.463,2.50582
0.457788,-0.102133,2.463,2.50726
0.465782,-0.102133,2.463,2.50874
0.477239,-0.10288,2.481,2.52858
0.485292,-0.10288,2.481,2.53011
0.493344,-0.10288,2.481,2.53167
0.501397,-0.10288,2.481,2.53325
0.50945,-0.10288,2.481,2.53485
0.521257,-0.103626,2.499,2.55489
0.529368,-0.103626,2.499,2.55655
0.537479,-0.103626,2.499,2.55825
0.54559,-0.103626,2.499,2.55996
0.553702,-0.103626,2.499,2.5617
0.565859,-0.104373,2.517,2.58193
0.574029,-0.104373,2.517,2.58374
0.582199,-0.104373,2.517,2.58556
0.590368,-0.104373,2.517,2.58742
0.598538,-0.104373,2.517,2.58929
0.606707,-0.104373,2.517,2.59119
0.614877,-0.104373,2.517,2.59312
0.623046,-0.104373,2.517,2.59507
0.631216,-0.104373,2.517,2.59704
0.634813,-0.103626,2.499,2.58045
0.642924,-0.103626,2.499,2.58246
0.651035,-0.103626,2.499,2.58449
0.659146,-0.103626,2.499,2.58654
0.667257,-0.103626,2.499,2.58862
0.675369,-0.103626,2.499,2.59073
0.68348,-0.103626,2.499,2.59285
0.691591,-0.103626,2.499,2.595
0.699702,-0.103626,2.499,2.59718
0.707813,-0.103626,2.499,2.59937
0.715924,-0.103626,2.499,2.60159
0.729251,-0.104373,2.517,2.62259
0.73742,-0.104373,2.517,2.62488
0.74559,-0.104373,2.517,2.62718
0.753759,-0.104373,2.517,2.62951
0.761929,-0.104373,2.517,2.63187
0.770098,-0.104373,2.517,2.63424
0.778268,-0.104373,2.517,2.63664
0.786437,-0.104373,2.517,2.63907
0.794607,-0.104373,2.517,2.64151
0.808836,-0.10516,2.536,2.66394
0.817068,-0.10516,2.536,2.66645
0.819116,-0.104373,2.517,2.64899
0.827285,-0.104373,2.517,2.65153
0.841761,-0.10516,2.536,2.67412
0.849993,-0.10516,2.536,2.67672
0.858224,-0.10516,2.536,2.67935
0.866455,-0.10516,2.536,2.682
0.874686,-0.10516,2.536,2.68467
0.876303,-0.104373,2.517,2.66723
0.884472,-0.104373,2.517,2.66992
0.892642,-0.104373,2.517,2.67264
0.900811,-0.104373,2.517,2.67538
0.90248,-0.103626,2.499,2.65899
0.910591,-0.103626,2.499,2.66175
0.918703,-0.103626,2.499,2.66454
0.920138,-0.10288,2.481,2.64813
0.921457,-0.102133,2.463,2.63171
0.929451,-0.102133,2.463,2.63452
0.937445,-0.102133,2.463,2.63735
0.945439,-0.102133,2.463,2.6402
0.953434,-0.102133,2.463,2.64307
0.954402,-0.101387,2.445,2.62663
0.962338,-0.101387,2.445,2.62952
0.970273,-0.101387,2.445,2.63244
0.978209,-0.101387,2.445,2.63537
0.993405,-0.102133,2.463,2.65775
1.00872,-0.10288,2.481,2.6802
1.03152,-0.104373,2.517,2.72217
1.03969,-0.104373,2.517,2.72528
1.05577,-0.10516,2.536,2.749
1.08792,-0.107524,2.593,2.81403
1.09634,-0.107524,2.593,2.8173
1.12179,-0.109183,2.633,2.86409
1.15739,-0.111795,2.696,2.93606
1.16614,-0.111795,2.696,2.93952
1.19363,-0.113578,2.739,2.98994
1.22183,-0.115403,2.783,3.04159
1.25121,-0.11731,2.829,3.09557
1.26039,-0.11731,2.829,3.09929
1.28035,-0.118305,2.853,3.12936
1.28961,-0.118305,2.853,3.13316
1.29887,-0.118305,2.853,3.13698
1.30813,-0.118305,2.853,3.14083
1.31739,-0.118305,2.853,3.1447
1.31549,-0.11731,2.829,3.1221
1.32467,-0.11731,2.829,3.12598
1.33385,-0.11731,2.829,3.12988
1.34303,-0.11731,2.829,3.13381
1.35222,-0.11731,2.829,3.13775
1.3614,-0.11731,2.829,3.14172
1.37058,-0.11731,2.829,3.14571
1.37976,-0.11731,2.829,3.14972
1.40073,-0.118305,2.853,3.18051
1.40999,-0.118305,2.853,3.1846
1.41925,-0.118305,2.853,3.18871
1.45254,-0.120296,2.901,3.24656
1.47456,-0.121333,2.926,3.2788
1.48405,-0.121333,2.926,3.28308
1.53285,-0.124525,3.003,3.37389
1.57034,-0.126765,3.057,3.43908
1.60869,-0.129045,3.112,3.50558
1.6188,-0.129045,3.112,3.51023
1.67443,-0.132653,3.199,3.61316
1.70114,-0.133939,3.23,3.65304
1.71163,-0.133939,3.23,3.65794
1.75517,-0.136509,3.292,3.73316
1.78302,-0.137836,3.324,3.77454
1.81108,-0.139163,3.356,3.81603
1.82197,-0.139163,3.356,3.82121
1.85088,-0.140532,3.389,3.86404
1.86188,-0.140532,3.389,3.86933
1.87288,-0.140532,3.389,3.87463
1.86554,-0.139163,3.356,3.84218
1.87643,-0.139163,3.356,3.84748
1.88732,-0.139163,3.356,3.8528
1.89822,-0.139163,3.356,3.85815
1.90911,-0.139163,3.356,3.86352
1.9017,-0.137836,3.324,3.83203
1.91248,-0.137836,3.324,3.83739
1.90476,-0.136509,3.292,3.80579
1.91544,-0.136509,3.292,3.81114
1.9074,-0.135182,3.26,3.77943
1.91799,-0.135182,3.26,3.78478
1.92857,-0.135182,3.26,3.79015
1.9213,-0.133939,3.23,3.76062
1.91325,-0.132653,3.199,3.72984
1.92363,-0.132653,3.199,3.73518
1.89895,-0.130248,3.141,3.67272
1.89152,-0.129045,3.112,3.64404
1.90162,-0.129045,3.112,3.64929
1.87793,-0.126765,3.057,3.58998
1.85451,-0.124525,3.003,3.53167
1.86425,-0.124525,3.003,3.5368
1.84155,-0.122369,2.951,3.48061
1.81976,-0.120296,2.901,3.42663
1.82918,-0.120296,2.901,3.43164
1.82338,-0.119301,2.877,3.40824
1.80215,-0.11731,2.829,3.3563
1.81133,-0.11731,2.829,3.36124
1.80571,-0.116356,2.806,3.33883
1.78571,-0.11449,2.761,3.29014
1.78037,-0.113578,2.739,3.26875
1.78926,-0.113578,2.739,3.2736
1.78371,-0.112666,2.717,3.25214
1.76482,-0.110924,2.675,3.20664
1.7735,-0.110924,2.675,3.21142
1.7542,-0.109183,2.633,3.16573
1.74936,-0.108353,2.613,3.14639
1.75784,-0.108353,2.613,3.15111
1.7528,-0.107524,2.593,3.1317
1.73541,-0.105948,2.555,3.09045
-2.1589,-0.118947,3.112,3.7894
-2.11082,-0.116845,3.057,3.71678
-2.1009,-0.116845,3.057,3.71115
-2.07251,-0.115813,3.03,3.67282
-2.06267,-0.115813,3.03,3.66728
-2.05284,-0.115813,3.03,3.66176
-2.0248,-0.114781,3.003,3.62367
-1.9976,-0.113787,2.977,3.58691
-1.98794,-0.113787,2.977,3.58153
-1.961,-0.112794,2.951,3.54495
-1.93489,-0.111838,2.926,3.50967
-1.90894,-0.110883,2.901,3.4745
-1.89953,-0.110883,2.901,3.46934
-1.87447,-0.109965,2.877,3.43553
-1.86514,-0.109965,2.877,3.43045
nan,nan,nan,NaN
nan,nan,nan,NaN
nan,nan,nan,NaN
nan,nan,nan,NaN
nan,nan,nan,NaN
nan,nan,nan,NaN
-1.79977,-0.109965,2.877,3.39535
-1.79043,-0.109965,2.877,3.39041
-1.78109,-0.109965,2.877,3.38549
-1.77176,-0.109965,2.877,3.38058
-1.76242,-0.109965,2.877,3.3757
-1.75308,-0.109965,2.877,3.37083
-1.74374,-0.109965,2.877,3.36599
-1.7344,-0.109965,2.877,3.36116
-1.72507,-0.109965,2.877,3.35635
-1.71573,-0.109965,2.877,3.35156
-1.72062,-0.110883,2.901,3.37471
-1.71121,-0.110883,2.901,3.36992
-1.70179,-0.110883,2.901,3.36514
-1.69238,-0.110883,2.901,3.36039
nan,nan,nan,NaN
nan,nan,nan,NaN
nan,nan,nan,NaN
nan,nan,nan,NaN
nan,nan,nan,NaN
nan,nan,nan,NaN
nan,nan,nan,NaN
nan,nan,nan,NaN
nan,nan,nan,NaN
nan,nan,nan,NaN
nan,nan,nan,NaN
nan,nan,nan,NaN
nan,nan,nan,NaN
nan,nan,nan,NaN
nan,nan,nan,NaN
nan,nan,nan,NaN
nan,nan,nan,NaN
nan,nan,nan,NaN
nan,nan,nan,NaN
nan,nan,nan,NaN
nan,nan,nan,NaN
nan,nan,nan,NaN
nan,nan,nan,NaN
nan,nan,nan,NaN
nan,nan,nan,NaN
nan,nan,nan,NaN
nan,nan,nan,NaN
-1.28689,-0.0998746,2.613,2.91442
-1.26863,-0.0991101,2.593,2.88841
-1.26021,-0.0991101,2.593,2.88472
-1.24262,-0.0983839,2.574,2.85994
-1.23427,-0.0983839,2.574,2.85632
-1.22591,-0.0983839,2.574,2.85272
-1.20857,-0.0976577,2.555,2.82811
-1.19135,-0.0969315,2.536,2.80357
-1.17426,-0.0962052,2.517,2.7791
-1.16609,-0.0962052,2.517,2.77566
-1.14964,-0.0955173,2.499,2.75241
-1.1333,-0.0948293,2.481,2.72924
-1.12525,-0.0948293,2.481,2.7259
-1.1172,-0.0948293,2.481,2.72259
-1.1011,-0.0941413,2.463,2.69956
-1.0931,-0.0941413,2.463,2.69631
-1.08511,-0.0941413,2.463,2.69308
-1.06924,-0.0934533,2.445,2.67021
-1.06131,-0.0934533,2.445,2.66705
-1.05337,-0.0934533,2.445,2.6639
-1.05313,-0.0941413,2.463,2.68036
-1.04514,-0.0941413,2.463,2.67723
-1.03714,-0.0941413,2.463,2.67412
-1.02915,-0.0941413,2.463,2.67103
-1.02116,-0.0941413,2.463,2.66796
-1.01316,-0.0941413,2.463,2.66491
-1.00517,-0.0941413,2.463,2.66188
-0.997172,-0.0941413,2.463,2.65887
-0.989178,-0.0941413,2.463,2.65588
-0.981184,-0.0941413,2.463,2.65291
-0.966077,-0.0934533,2.445,2.6306
-0.958141,-0.0934533,2.445,2.6277
-0.950205,-0.0934533,2.445,2.62481
-0.94227,-0.0934533,2.445,2.62195
-0.927837,-0.0928035,2.428,2.6009
-0.919957,-0.0928035,2.428,2.5981
-0.912076,-0.0928035,2.428,2.59532
-0.904195,-0.0928035,2.428,2.59256
-0.896315,-0.0928035,2.428,2.58982
-0.882213,-0.0921537,2.411,2.56899
-0.874388,-0.0921537,2.411,2.56631
-0.866562,-0.0921537,2.411,2.56366
-0.858737,-0.0921537,2.411,2.56102
-0.850911,-0.0921537,2.411,2.55841
-0.843086,-0.0921537,2.411,2.55582
-0.83526,-0.0921537,2.411,2.55325
-0.827435,-0.0921537,2.411,2.5507
-0.819609,-0.0921537,2.411,2.54817
-0.811784,-0.0921537,2.411,2.54566
-0.803958,-0.0921537,2.411,2.54318
-0.796133,-0.0921537,2.411,2.54072
-0.788307,-0.0921537,2.411,2.53828
-0.780482,-0.0921537,2.411,2.53586
-0.772656,-0.0921537,2.411,2.53346
-0.764831,-0.0921537,2.411,2.53108
-0.757005,-0.0921537,2.411,2.52873
-0.74918,-0.0921537,2.411,2.5264
-0.741354,-0.0921537,2.411,2.52409
-0.738701,-0.0928035,2.428,2.53958
-0.73082,-0.0928035,2.428,2.5373
-0.722939,-0.0928035,2.428,2.53504
-0.715059,-0.0928035,2.428,2.53281
-0.707178,-0.0928035,2.428,2.53059
-0.699297,-0.0928035,2.428,2.5284
-0.691417,-0.0928035,2.428,2.52623
-0.683536,-0.0928035,2.428,2.52409
-0.675655,-0.0928035,2.428,2.52197
-0.667775,-0.0928035,2.428,2.51987
-0.659894,-0.0928035,2.428,2.51779
-0.652013,-0.0928035,2.428,2.51573
-0.648643,-0.0934533,2.445,2.5313
-0.640707,-0.0934533,2.445,2.52928
-0.632771,-0.0934533,2.445,2.52728
-0.624835,-0.0934533,2.445,2.52531
-0.616899,-0.0934533,2.445,2.52336
-0.608963,-0.0934533,2.445,2.52143
-0.605452,-0.0941413,2.463,2.53807
-0.597458,-0.0941413,2.463,2.53618
-0.589464,-0.0941413,2.463,2.5343
-0.581469,-0.0941413,2.463,2.53246
-0.573475,-0.0941413,2.463,2.53063
-0.565481,-0.0941413,2.463,2.52883
-0.557486,-0.0941413,2.463,2.52706
-0.549492,-0.0941413,2.463,2.52531
-0.541498,-0.0941413,2.463,2.52358
-0.533504,-0.0941413,2.463,2.52188
-0.525509,-0.0941413,2.463,2.5202
-0.517515,-0.0941413,2.463,2.51854
-0.509521,-0.0941413,2.463,2.51691
-0.501526,-0.0941413,2.463,2.51531
-0.493532,-0.0941413,2.463,2.51372
-0.489086,-0.0948293,2.481,2.53053
-0.481034,-0.0948293,2.481,2.52898
-0.472981,-0.0948293,2.481,2.52746
-0.464928,-0.0948293,2.481,2.52597
-0.456875,-0.0948293,2.481,2.5245
-0.448823,-0.0948293,2.481,2.52305
-0.44077,-0.0948293,2.481,2.52163
-0.435857,-0.0955173,2.499,2.53852
-0.427746,-0.0955173,2.499,2.53714
-0.419634,-0.0955173,2.499,2.53579
-0.414487,-0.0962052,2.517,2.55271
-0.406318,-0.0962052,2.517,2.5514
-0.401154,-0.0969315,2.536,2.56936
-0.392923,-0.0969315,2.536,2.56809
-0.384691,-0.0969315,2.536,2.56684
-0.37646,-0.0969315,2.536,2.56562
-0.368229,-0.0969315,2.536,2.56443
-0.362695,-0.0976577,2.555,2.58246
-0.354402,-0.0976577,2.555,2.58131
-0.346109,-0.0976577,2.555,2.58018
-0.337816,-0.0976577,2.555,2.57909
-0.329523,-0.0976577,2.555,2.57801
-0.32123,-0.0976577,2.555,2.57697
-0.312937,-0.0976577,2.555,2.57594
-0.304645,-0.0976577,2.555,2.57495
-0.296352,-0.0976577,2.555,2.57398
-0.288059,-0.0976577,2.555,2.57304
-0.279766,-0.0976577,2.555,2.57213
-0.271473,-0.0976577,2.555,2.57124
-0.26318,-0.0976577,2.555,2.57037
-0.254887,-0.0976577,2.555,2.56954
-0.246594,-0.0976577,2.555,2.56873
-0.236529,-0.0969315,2.536,2.54885
-0.228298,-0.0969315,2.536,2.5481
-0.220067,-0.0969315,2.536,2.54738
-0.211836,-0.0969315,2.536,2.54668
-0.20513,-0.0976577,2.555,2.56508
-0.196837,-0.0976577,2.555,2.56443
-0.188544,-0.0976577,2.555,2.56381
-0.180251,-0.0976577,2.555,2.56321
-0.171958,-0.0976577,2.555,2.56264
-0.163665,-0.0976577,2.555,2.5621
-0.155372,-0.0976577,2.555,2.56158
-0.148173,-0.0983839,2.574,2.58014
-0.139819,-0.0983839,2.574,2.57967
-0.131464,-0.0983839,2.574,2.57923
-0.12311,-0.0983839,2.574,2.57882
-0.113908,-0.0976577,2.555,2.5594
-0.105615,-0.0976577,2.555,2.55905
-0.0973222,-0.0976577,2.555,2.55872
-0.0890293,-0.0976577,2.555,2.55842
-0.0807364,-0.0976577,2.555,2.55814
-0.0724435,-0.0976577,2.555,2.55789
-0.0641506,-0.0976577,2.555,2.55767
-0.0554423,-0.0969315,2.536,2.53846
-0.0472111,-0.0969315,2.536,2.53829
-0.0389799,-0.0969315,2.536,2.53815
-0.0305183,-0.0962052,2.517,2.51902
-0.0223487,-0.0962052,2.517,2.51894
-0.0141792,-0.0962052,2.517,2.51888
-0.00600962,-0.0962052,2.517,2.51885
0.00215994,-0.0962052,2.517,2.51884
0.0103295,-0.0962052,2.517,2.51886
0.0183668,-0.0955173,2.499,2.50089
0.0264779,-0.0955173,2.499,2.50097
0.034589,-0.0955173,2.499,2.50106
0.0427002,-0.0955173,2.499,2.50119
0.0508113,-0.0955173,2.499,2.50134
0.058498,-0.0948293,2.481,2.4835
0.0665507,-0.0948293,2.481,2.4837
0.0746034,-0.0948293,2.481,2.48393
0.0826561,-0.0948293,2.481,2.48419
0.0907089,-0.0948293,2.481,2.48447
0.0987616,-0.0948293,2.481,2.48478
0.106814,-0.0948293,2.481,2.48511
0.114867,-0.0948293,2.481,2.48547
0.12292,-0.0948293,2.481,2.48585
0.130972,-0.0948293,2.481,2.48626
0.139025,-0.0948293,2.481,2.4867
0.147078,-0.0948293,2.481,2.48716
0.155131,-0.0948293,2.481,2.48765
0.164367,-0.0955173,2.499,2.50622
0.172478,-0.0955173,2.499,2.50677
0.180589,-0.0955173,2.499,2.50734
0.188701,-0.0955173,2.499,2.50793
0.196812,-0.0955173,2.499,2.50856
0.204923,-0.0955173,2.499,2.50921
0.214568,-0.0962052,2.517,2.52796
0.221145,-0.0955173,2.499,2.51058
0.229256,-0.0955173,2.499,2.51131
0.237367,-0.0955173,2.499,2.51206
0.245479,-0.0955173,2.499,2.51284
0.255416,-0.0962052,2.517,2.53175
0.261701,-0.0955173,2.499,2.51448
0.269812,-0.0955173,2.499,2.51534
0.277923,-0.0955173,2.499,2.51622
0.286034,-0.0955173,2.499,2.51713
0.294145,-0.0955173,2.499,2.51806
0.302256,-0.0955173,2.499,2.51902
0.310368,-0.0955173,2.499,2.52001
0.316185,-0.0948293,2.481,2.50286
0.324237,-0.0948293,2.481,2.50389
0.33229,-0.0948293,2.481,2.50495
0.337874,-0.0941413,2.463,2.48785
0.345868,-0.0941413,2.463,2.48895
0.353862,-0.0941413,2.463,2.49007
0.361856,-0.0941413,2.463,2.49122
0.369851,-0.0941413,2.463,2.49239
0.377845,-0.0941413,2.463,2.49359
0.38302,-0.0934533,2.445,2.47658
0.390955,-0.0934533,2.445,2.47782
0.401828,-0.0941413,2.463,2.49734
0.409822,-0.0941413,2.463,2.49864
0.417816,-0.0941413,2.463,2.49996
0.425811,-0.0941413,2.463,2.50131
0.433805,-0.0941413,2.463,2.50268
0.441799,-0.0941413,2.463,2.50408
0.449794,-0.0941413,2.463,2.5055
0.461134,-0.0948293,2.481,2.52527
0.469186,-0.0948293,2.481,2.52675
0.477239,-0.0948293,2.481,2.52826
0.485292,-0.0948293,2.481,2.52979
0.493344,-0.0948293,2.481,2.53135
0.501397,-0.0948293,2.481,2.53293
0.513146,-0.0955173,2.499,2.55293
0.521257,-0.0955173,2.499,2.55457
0.529368,-0.0955173,2.499,2.55624
0.537479,-0.0955173,2.499,2.55793
0.54559,-0.0955173,2.499,2.55965
0.553702,-0.0955173,2.499,2.56139
0.561813,-0.0955173,2.499,2.56315
0.574029,-0.0962052,2.517,2.58342
0.582199,-0.0962052,2.517,2.58525
0.590368,-0.0962052,2.517,2.5871
0.598538,-0.0962052,2.517,2.58898
0.606707,-0.0962052,2.517,2.59088
0.614877,-0.0962052,2.517,2.5928
0.623046,-0.0962052,2.517,2.59475
0.631216,-0.0962052,2.517,2.59672
0.634813,-0.0955173,2.499,2.58014
0.642924,-0.0955173,2.499,2.58215
0.651035,-0.0955173,2.499,2.58418
0.659146,-0.0955173,2.499,2.58623
0.667257,-0.0955173,2.499,2.58831
0.675369,-0.0955173,2.499,2.59041
0.68348,-0.0955173,2.499,2.59254
0.691591,-0.0955173,2.499,2.59469
0.699702,-0.0955173,2.499,2.59686
0.707813,-0.0955173,2.499,2.59906
0.715924,-0.0955173,2.499,2.60128
0.729251,-0.0962052,2.517,2.62228
0.73742,-0.0962052,2.517,2.62456
0.74559,-0.0962052,2.517,2.62687
0.753759,-0.0962052,2.517,2.6292
0.761929,-0.0962052,2.517,2.63155
0.770098,-0.0962052,2.517,2.63393
0.778268,-0.0962052,2.517,2.63633
0.786437,-0.0962052,2.517,2.63876
0.794607,-0.0962052,2.517,2.6412
0.808836,-0.0969315,2.536,2.66363
0.817068,-0.0969315,2.536,2.66614
0.825299,-0.0969315,2.536,2.66867
0.83353,-0.0969315,2.536,2.67123
0.841761,-0.0969315,2.536,2.67381
0.849993,-0.0969315,2.536,2.67641
0.858224,-0.0969315,2.536,2.67904
0.866455,-0.0969315,2.536,2.68169
0.874686,-0.0969315,2.536,2.68436
0.876303,-0.0962052,2.517,2.66692
0.884472,-0.0962052,2.517,2.66961
0.892642,-0.0962052,2.517,2.67233
0.900811,-0.0962052,2.517,2.67507
0.90248,-0.0955173,2.499,2.65868
0.910591,-0.0955173,2.499,2.66145
0.918703,-0.0955173,2.499,2.66423
0.920138,-0.0948293,2.481,2.64783
0.928191,-0.0948293,2.481,2.65064
0.936243,-0.0948293,2.481,2.65347
0.937445,-0.0941413,2.463,2.63705
0.945439,-0.0941413,2.463,2.6399
0.953434,-0.0941413,2.463,2.64278
0.961428,-0.0941413,2.463,2.64567
0.969422,-0.0941413,2.463,2.64859
0.977417,-0.0941413,2.463,2.65152
0.985411,-0.0941413,2.463,2.65448
1.00067,-0.0948293,2.481,2.67688
1.00872,-0.0948293,2.481,2.6799
1.03152,-0.0962052,2.517,2.72187
1.03969,-0.0962052,2.517,2.72498
1.06368,-0.0976577,2.555,2.76929
1.08792,-0.0991101,2.593,2.81372
1.09634,-0.0991101,2.593,2.81699
1.12179,-0.100639,2.633,2.86378
1.15739,-0.103047,2.696,2.93574
1.16614,-0.103047,2.696,2.9392
1.19363,-0.104691,2.739,2.98962
1.22183,-0.106372,2.783,3.04126
1.25121,-0.108131,2.829,3.09523
1.26039,-0.108131,2.829,3.09896
1.28035,-0.109048,2.853,3.12902
1.28961,-0.109048,2.853,3.13282
1.29887,-0.109048,2.853,3.13665
1.30813,-0.109048,2.853,3.14049
1.31739,-0.109048,2.853,3.14436
1.31549,-0.108131,2.829,3.12177
1.32467,-0.108131,2.829,3.12565
1.33385,-0.108131,2.829,3.12955
1.34303,-0.108131,2.829,3.13348
1.35222,-0.108131,2.829,3.13742
1.3614,-0.108131,2.829,3.14139
1.37058,-0.108131,2.829,3.14538
1.37976,-0.108131,2.829,3.14939
1.40073,-0.109048,2.853,3.18018
1.40999,-0.109048,2.853,3.18427
1.41925,-0.109048,2.853,3.18838
1.45254,-0.110883,2.901,3.24622
1.47456,-0.111838,2.926,3.27846
1.48405,-0.111838,2.926,3.28274
1.53285,-0.114781,3.003,3.37355
1.57034,-0.116845,3.057,3.43873
1.60869,-0.118947,3.112,3.50522
1.6188,-0.118947,3.112,3.50987
1.67443,-0.122273,3.199,3.61279
1.70114,-0.123458,3.23,3.65267
1.71163,-0.123458,3.23,3.65757
1.75517,-0.125827,3.292,3.73279
1.78302,-0.127051,3.324,3.77416
1.81108,-0.128274,3.356,3.81565
1.82197,-0.128274,3.356,3.82083
1.85088,-0.129535,3.389,3.86366
1.86188,-0.129535,3.389,3.86894
1.87288,-0.129535,3.389,3.87425
1.86554,-0.128274,3.356,3.8418
1.87643,-0.128274,3.356,3.8471
1.88732,-0.128274,3.356,3.85243
1.89822,-0.128274,3.356,3.85777
1.90911,-0.128274,3.356,3.86315
1.9017,-0.127051,3.324,3.83165
1.91248,-0.127051,3.324,3.83702
1.90476,-0.125827,3.292,3.80542
1.91544,-0.125827,3.292,3.81078
1.9074,-0.124604,3.26,3.77906
1.90034,-0.123458,3.23,3.74959
1.91082,-0.123458,3.23,3.75491
1.90286,-0.122273,3.199,3.72417
1.8959,-0.121164,3.17,3.69568
1.90619,-0.121164,3.17,3.70097
1.88142,-0.118947,3.112,3.63846
1.85809,-0.116845,3.057,3.5793
1.86801,-0.116845,3.057,3.58446
1.86134,-0.115813,3.03,3.55794
1.83845,-0.113787,2.977,3.50077
1.84811,-0.113787,2.977,3.50585
1.82595,-0.111838,2.926,3.45081
1.80471,-0.109965,2.877,3.39797
1.81405,-0.109965,2.877,3.40294
1.80817,-0.109048,2.853,3.3795
1.80215,-0.108131,2.829,3.35599
1.81133,-0.108131,2.829,3.36093
1.79091,-0.106372,2.783,3.31116
1.78571,-0.105531,2.761,3.28984
1.76607,-0.10385,2.717,3.2422
1.77489,-0.10385,2.717,3.24702
1.76992,-0.103047,2.696,3.22671
1.75097,-0.101442,2.654,3.18118
1.75958,-0.101442,2.654,3.18593
1.7542,-0.100639,2.633,3.16545
1.73597,-0.0991101,2.593,3.12203
1.74439,-0.0991101,2.593,3.12672
1.73996,-0.0983839,2.574,3.10847
1.7225,-0.0969315,2.536,3.0672
-2.13947,-0.10787,3.084,3.755
-2.11082,-0.106926,3.057,3.71648
-2.1009,-0.106926,3.057,3.71086
-2.05404,-0.105037,3.003,3.6398
-2.04429,-0.105037,3.003,3.6343
-2.03454,-0.105037,3.003,3.62883
-2.00727,-0.104128,2.977,3.592
-1.98016,-0.103218,2.951,3.55529
-1.97058,-0.103218,2.951,3.54996
-1.94439,-0.102344,2.926,3.51463
-1.91836,-0.101469,2.901,3.4794
-1.90894,-0.101469,2.901,3.47421
-1.89953,-0.101469,2.901,3.46905
-1.87447,-0.10063,2.877,3.43525
-1.86514,-0.10063,2.877,3.43016
nan,nan,nan,NaN
nan,nan,nan,NaN
nan,nan,nan,NaN
nan,nan,nan,NaN
nan,nan,nan,NaN
nan,nan,nan,NaN
-1.78476,-0.0997904,2.853,3.36674
-1.7755,-0.0997904,2.853,3.36184
-1.76624,-0.0997904,2.853,3.35696
-1.75698,-0.0997904,2.853,3.35209
-1.74772,-0.0997904,2.853,3.34725
-1.73846,-0.0997904,2.853,3.34242
-1.7292,-0.0997904,2.853,3.33762
-1.7344,-0.10063,2.877,3.36087
-1.72507,-0.10063,2.877,3.35606
-1.71573,-0.10063,2.877,3.35127
-1.72062,-0.101469,2.901,3.37441
-1.71121,-0.101469,2.901,3.36962
-1.70179,-0.101469,2.901,3.36485
-1.69238,-0.101469,2.901,3.36009
nan,nan,nan,NaN
nan,nan,nan,NaN
nan,nan,nan,NaN
nan,nan,nan,NaN
nan,nan,nan,NaN
nan,nan,nan,NaN
nan,nan,nan,NaN
nan,nan,nan,NaN
nan,nan,nan,NaN
nan,nan,nan,NaN
nan,nan,nan,NaN
nan,nan,nan,NaN
nan,nan,nan,NaN
nan,nan,nan,NaN
nan,nan,nan,NaN
nan,nan,nan,NaN
nan,nan,nan,NaN
nan,nan,nan,NaN
nan,nan,nan,NaN
nan,nan,nan,NaN
nan,nan,nan,NaN
nan,nan,nan,NaN
nan,nan,nan,NaN
nan,nan,nan,NaN
nan,nan,nan,NaN
nan,nan,nan,NaN
nan,nan,nan,NaN
-1.29674,-0.0920954,2.633,2.93645
-1.27841,-0.0913958,2.613,2.91041
-1.26993,-0.0913958,2.613,2.90669
-1.25179,-0.0906963,2.593,2.88077
-1.23427,-0.0900317,2.574,2.85605
-1.22591,-0.0900317,2.574,2.85245
-1.21756,-0.0900317,2.574,2.84886
-1.20028,-0.0893671,2.555,2.8243
-1.17426,-0.088038,2.517,2.77883
-1.16609,-0.088038,2.517,2.77539
-1.14964,-0.0874084,2.499,2.75215
-1.14153,-0.0874084,2.499,2.74877
-1.13341,-0.0874084,2.499,2.74541
-1.1172,-0.0867788,2.481,2.72232
-1.1011,-0.0861492,2.463,2.6993
-1.0931,-0.0861492,2.463,2.69605
-1.08511,-0.0861492,2.463,2.69282
-1.07712,-0.0861492,2.463,2.6896
-1.06912,-0.0861492,2.463,2.68641
-1.06113,-0.0861492,2.463,2.68324
-1.05313,-0.0861492,2.463,2.68009
-1.04514,-0.0861492,2.463,2.67696
-1.03714,-0.0861492,2.463,2.67385
-1.02915,-0.0861492,2.463,2.67076
-1.02116,-0.0861492,2.463,2.66769
-1.01316,-0.0861492,2.463,2.66464
-1.00517,-0.0861492,2.463,2.66161
-0.997172,-0.0861492,2.463,2.6586
-0.989178,-0.0861492,2.463,2.65561
-0.981184,-0.0861492,2.463,2.65264
-0.966077,-0.0855196,2.445,2.63033
-0.958141,-0.0855196,2.445,2.62743
-0.950205,-0.0855196,2.445,2.62454
-0.94227,-0.0855196,2.445,2.62168
-0.927837,-0.084925,2.428,2.60063
-0.919957,-0.084925,2.428,2.59783
-0.912076,-0.084925,2.428,2.59505
-0.904195,-0.084925,2.428,2.59229
-0.896315,-0.084925,2.428,2.58955
-0.882213,-0.0843304,2.411,2.56872
-0.874388,-0.0843304,2.411,2.56605
-0.866562,-0.0843304,2.411,2.56339
-0.858737,-0.0843304,2.411,2.56075
-0.850911,-0.0843304,2.411,2.55814
-0.843086,-0.0843304,2.411,2.55555
-0.83526,-0.0843304,2.411,2.55298
-0.827435,-0.0843304,2.411,2.55043
-0.819609,-0.0843304,2.411,2.5479
-0.811784,-0.0843304,2.411,2.54539
-0.803958,-0.0843304,2.411,2.54291
-0.796133,-0.0843304,2.411,2.54044
-0.788307,-0.0843304,2.411,2.538
-0.780482,-0.0843304,2.411,2.53558
-0.772656,-0.0843304,2.411,2.53319
-0.764831,-0.0843304,2.411,2.53081
-0.757005,-0.0843304,2.411,2.52846
-0.74918,-0.0843304,2.411,2.52612
-0.746581,-0.084925,2.428,2.54161
-0.738701,-0.084925,2.428,2.53931
-0.73082,-0.084925,2.428,2.53702
-0.722939,-0.084925,2.428,2.53477
-0.715059,-0.084925,2.428,2.53253
-0.707178,-0.084925,2.428,2.53032
-0.699297,-0.084925,2.428,2.52812
-0.691417,-0.084925,2.428,2.52596
-0.683536,-0.084925,2.428,2.52381
-0.675655,-0.084925,2.428,2.52169
-0.67245,-0.0855196,2.445,2.53723
-0.664514,-0.0855196,2.445,2.53514
-0.656578,-0.0855196,2.445,2.53307
-0.648643,-0.0855196,2.445,2.53102
-0.640707,-0.0855196,2.445,2.529
-0.632771,-0.0855196,2.445,2.527
-0.624835,-0.0855196,2.445,2.52503
-0.621441,-0.0861492,2.463,2.54165
-0.613446,-0.0861492,2.463,2.53971
-0.605452,-0.0861492,2.463,2.53779
-0.597458,-0.0861492,2.463,2.53589
-0.589464,-0.0861492,2.463,2.53402
-0.581469,-0.0861492,2.463,2.53217
-0.573475,-0.0861492,2.463,2.53035
-0.565481,-0.0861492,2.463,2.52855
-0.557486,-0.0861492,2.463,2.52677
-0.549492,-0.0861492,2.463,2.52502
-0.541498,-0.0861492,2.463,2.52329
-0.533504,-0.0861492,2.463,2.52159
-0.525509,-0.0861492,2.463,2.51991
-0.517515,-0.0861492,2.463,2.51826
-0.509521,-0.0861492,2.463,2.51663
-0.501526,-0.0861492,2.463,2.51502
-0.493532,-0.0861492,2.463,2.51344
-0.489086,-0.0867788,2.481,2.53024
-0.481034,-0.0867788,2.481,2.52869
-0.472981,-0.0867788,2.481,2.52717
-0.464928,-0.0867788,2.481,2.52568
-0.456875,-0.0867788,2.481,2.52421
-0.448823,-0.0867788,2.481,2.52276
-0.44077,-0.0867788,2.481,2.52134
-0.435857,-0.0874084,2.499,2.53823
-0.427746,-0.0874084,2.499,2.53685
-0.419634,-0.0874084,2.499,2.5355
-0.414487,-0.088038,2.517,2.55242
-0.406318,-0.088038,2.517,2.5511
-0.398148,-0.088038,2.517,2.54982
-0.392923,-0.0887026,2.536,2.56779
-0.384691,-0.0887026,2.536,2.56654
-0.37646,-0.0887026,2.536,2.56532
-0.368229,-0.0887026,2.536,2.56413
-0.362695,-0.0893671,2.555,2.58216
-0.354402,-0.0893671,2.555,2.58101
-0.346109,-0.0893671,2.555,2.57988
-0.337816,-0.0893671,2.555,2.57878
-0.329523,-0.0893671,2.555,2.57771
-0.32123,-0.0893671,2.555,2.57666
-0.312937,-0.0893671,2.555,2.57564
-0.304645,-0.0893671,2.555,2.57465
-0.296352,-0.0893671,2.555,2.57368
-0.288059,-0.0893671,2.555,2.57274
-0.279766,-0.0893671,2.555,2.57182
-0.271473,-0.0893671,2.555,2.57094
-0.26318,-0.0893671,2.555,2.57007
-0.254887,-0.0893671,2.555,2.56924
-0.246594,-0.0893671,2.555,2.56843
-0.236529,-0.0887026,2.536,2.54855
-0.228298,-0.0887026,2.536,2.5478
-0.220067,-0.0887026,2.536,2.54708
-0.211836,-0.0887026,2.536,2.54638
-0.203604,-0.0887026,2.536,2.54571
-0.195373,-0.0887026,2.536,2.54506
-0.188544,-0.0893671,2.555,2.56351
-0.180251,-0.0893671,2.555,2.56291
-0.171958,-0.0893671,2.555,2.56234
-0.163665,-0.0893671,2.555,2.5618
-0.155372,-0.0893671,2.555,2.56128
-0.14708,-0.0893671,2.555,2.56079
-0.138787,-0.0893671,2.555,2.56033
-0.130494,-0.0893671,2.555,2.55989
-0.122201,-0.0893671,2.555,2.55948
-0.113908,-0.0893671,2.555,2.5591
-0.105615,-0.0893671,2.555,2.55874
-0.0973222,-0.0893671,2.555,2.55841
-0.0890293,-0.0893671,2.555,2.55811
-0.0807364,-0.0893671,2.555,2.55784
-0.0724435,-0.0893671,2.555,2.55759
-0.0641506,-0.0893671,2.555,2.55737
-0.0554423,-0.0887026,2.536,2.53816
-0.0472111,-0.0887026,2.536,2.53799
-0.0389799,-0.0887026,2.536,2.53785
-0.0305183,-0.088038,2.517,2.51872
-0.0223487,-0.088038,2.517,2.51864
-0.0141792,-0.088038,2.517,2.51858
-0.00600962,-0.088038,2.517,2.51855
0.00215994,-0.088038,2.517,2.51854
0.0103295,-0.088038,2.517,2.51856
0.0183668,-0.0874084,2.499,2.5006
0.0264779,-0.0874084,2.499,2.50067
0.034589,-0.0874084,2.499,2.50077
0.0427002,-0.0874084,2.499,2.50089
0.0504453,-0.0867788,2.481,2.48303
0.058498,-0.0867788,2.481,2.48321
0.0665507,-0.0867788,2.481,2.48341
0.0746034,-0.0867788,2.481,2.48364
0.0826561,-0.0867788,2.481,2.48389
0.0907089,-0.0867788,2.481,2.48417
0.0987616,-0.0867788,2.481,2.48448
0.106814,-0.0867788,2.481,2.48481
0.114867,-0.0867788,2.481,2.48517
0.12292,-0.0867788,2.481,2.48556
0.130972,-0.0867788,2.481,2.48597
0.139025,-0.0867788,2.481,2.48641
0.147078,-0.0867788,2.481,2.48687
0.155131,-0.0867788,2.481,2.48736
0.163183,-0.0867788,2.481,2.48787
0.171236,-0.0867788,2.481,2.48842
0.179289,-0.0867788,2.481,2.48898
0.188701,-0.0874084,2.499,2.50764
0.196812,-0.0874084,2.499,2.50826
0.204923,-0.0874084,2.499,2.50891
0.213034,-0.0874084,2.499,2.50959
0.221145,-0.0874084,2.499,2.51029
0.229256,-0.0874084,2.499,2.51102
0.237367,-0.0874084,2.499,2.51177
0.245479,-0.0874084,2.499,2.51255
0.255416,-0.088038,2.517,2.53146
0.261701,-0.0874084,2.499,2.51419
0.269812,-0.0874084,2.499,2.51504
0.277923,-0.0874084,2.499,2.51593
0.286034,-0.0874084,2.499,2.51683
0.294145,-0.0874084,2.499,2.51777
0.302256,-0.0874084,2.499,2.51873
0.310368,-0.0874084,2.499,2.51972
0.316185,-0.0867788,2.481,2.50257
0.324237,-0.0867788,2.481,2.5036
0.33229,-0.0867788,2.481,2.50466
0.340343,-0.0867788,2.481,2.50574
0.345868,-0.0861492,2.463,2.48866
0.353862,-0.0861492,2.463,2.48978
0.361856,-0.0861492,2.463,2.49093
0.369851,-0.0861492,2.463,2.4921
0.377845,-0.0861492,2.463,2.4933
0.385839,-0.0861492,2.463,2.49453
0.393834,-0.0861492,2.463,2.49578
0.401828,-0.0861492,2.463,2.49705
0.409822,-0.0861492,2.463,2.49835
0.417816,-0.0861492,2.463,2.49967
0.425811,-0.0861492,2.463,2.50102
0.433805,-0.0861492,2.463,2.50239
0.441799,-0.0861492,2.463,2.50379
0.449794,-0.0861492,2.463,2.50522
0.461134,-0.0867788,2.481,2.52498
0.469186,-0.0867788,2.481,2.52647
0.477239,-0.0867788,2.481,2.52797
0.485292,-0.0867788,2.481,2.52951
0.493344,-0.0867788,2.481,2.53106
0.501397,-0.0867788,2.481,2.53265
0.513146,-0.0874084,2.499,2.55264
0.521257,-0.0874084,2.499,2.55428
0.529368,-0.0874084,2.499,2.55595
0.537479,-0.0874084,2.499,2.55764
0.54559,-0.0874084,2.499,2.55936
0.553702,-0.0874084,2.499,2.5611
0.561813,-0.0874084,2.499,2.56286
0.574029,-0.088038,2.517,2.58313
0.582199,-0.088038,2.517,2.58496
0.590368,-0.088038,2.517,2.58681
0.598538,-0.088038,2.517,2.58868
0.606707,-0.088038,2.517,2.59059
0.614877,-0.088038,2.517,2.59251
0.623046,-0.088038,2.517,2.59446
0.631216,-0.088038,2.517,2.59643
0.634813,-0.0874084,2.499,2.57985
0.642924,-0.0874084,2.499,2.58186
0.651035,-0.0874084,2.499,2.58389
0.659146,-0.0874084,2.499,2.58595
0.667257,-0.0874084,2.499,2.58803
0.675369,-0.0874084,2.499,2.59013
0.68348,-0.0874084,2.499,2.59226
0.691591,-0.0874084,2.499,2.59441
0.699702,-0.0874084,2.499,2.59658
0.707813,-0.0874084,2.499,2.59878
0.721081,-0.088038,2.517,2.61973
0.729251,-0.088038,2.517,2.62199
0.73742,-0.088038,2.517,2.62428
0.74559,-0.088038,2.517,2.62658
0.753759,-0.088038,2.517,2.62892
0.761929,-0.088038,2.517,2.63127
0.770098,-0.088038,2.517,2.63365
0.778268,-0.088038,2.517,2.63605
0.786437,-0.088038,2.517,2.63847
0.794607,-0.088038,2.517,2.64092
0.808836,-0.0887026,2.536,2.66334
0.817068,-0.0887026,2.536,2.66585
0.825299,-0.0887026,2.536,2.66839
0.83353,-0.0887026,2.536,2.67094
0.841761,-0.0887026,2.536,2.67352
0.849993,-0.0887026,2.536,2.67613
0.858224,-0.0887026,2.536,2.67875
0.866455,-0.0887026,2.536,2.6814
0.874686,-0.0887026,2.536,2.68407
0.876303,-0.088038,2.517,2.66664
0.884472,-0.088038,2.517,2.66933
0.892642,-0.088038,2.517,2.67205
0.900811,-0.088038,2.517,2.67479
0.90248,-0.0874084,2.499,2.6584
0.910591,-0.0874084,2.499,2.66117
0.918703,-0.0874084,2.499,2.66395
0.920138,-0.0867788,2.481,2.64755
0.928191,-0.0867788,2.481,2.65036
0.936243,-0.0867788,2.481,2.6532
0.937445,-0.0861492,2.463,2.63678
0.945439,-0.0861492,2.463,2.63963
0.953434,-0.0861492,2.463,2.6425
0.961428,-0.0861492,2.463,2.6454
0.969422,-0.0861492,2.463,2.64831
0.977417,-0.0861492,2.463,2.65125
0.985411,-0.0861492,2.463,2.65421
1.00067,-0.0867788,2.481,2.67661
1.00872,-0.0867788,2.481,2.67963
1.03152,-0.088038,2.517,2.7216
1.03969,-0.088038,2.517,2.7247
1.06368,-0.0893671,2.555,2.76901
1.08792,-0.0906963,2.593,2.81344
1.09634,-0.0906963,2.593,2.8167
1.12179,-0.0920954,2.633,2.86349
1.14837,-0.0935644,2.675,2.91258
1.15705,-0.0935644,2.675,2.91602
1.18404,-0.0950335,2.717,2.96531
1.22183,-0.097342,2.783,3.04096
1.24104,-0.0981465,2.806,3.06976
1.25015,-0.0981465,2.806,3.07346
1.25925,-0.0981465,2.806,3.07717
1.26836,-0.0981465,2.806,3.08091
1.27747,-0.0981465,2.806,3.08467
1.29712,-0.0989509,2.829,3.11377
1.3063,-0.0989509,2.829,3.11761
1.30479,-0.0981465,2.806,3.09609
1.3139,-0.0981465,2.806,3.09994
1.32301,-0.0981465,2.806,3.10381
1.33211,-0.0981465,2.806,3.1077
1.33023,-0.097342,2.783,3.08611
1.33926,-0.097342,2.783,3.09001
1.34829,-0.097342,2.783,3.09394
1.35733,-0.097342,2.783,3.09789
1.37765,-0.0981465,2.806,3.12749
1.40999,-0.0997904,2.853,3.18397
1.41925,-0.0997904,2.853,3.18808
1.44053,-0.10063,2.877,3.21906
1.47456,-0.102344,2.926,3.27815
1.48405,-0.102344,2.926,3.28243
1.50631,-0.103218,2.951,3.31482
1.55647,-0.105981,3.03,3.40804
1.59422,-0.10787,3.084,3.47336
1.60423,-0.10787,3.084,3.47797
1.64408,-0.109864,3.141,3.54696
1.66954,-0.110878,3.17,3.58449
1.67983,-0.110878,3.17,3.58929
1.72211,-0.112977,3.23,3.66215
1.76585,-0.115145,3.292,3.73748
1.77654,-0.115145,3.292,3.74254
1.78722,-0.115145,3.292,3.74762
1.81538,-0.116265,3.324,3.78921
1.82617,-0.116265,3.324,3.79439
1.83696,-0.116265,3.324,3.7996
1.82996,-0.115145,3.292,3.76819
1.84065,-0.115145,3.292,3.77339
1.85133,-0.115145,3.292,3.77862
1.86202,-0.115145,3.292,3.78386
1.8727,-0.115145,3.292,3.78913
1.86508,-0.114026,3.26,3.75754
1.8584,-0.112977,3.23,3.72818
1.86888,-0.112977,3.23,3.73342
1.87937,-0.112977,3.23,3.73867
1.87171,-0.111893,3.199,3.70802
1.86504,-0.110878,3.17,3.67961
1.87532,-0.110878,3.17,3.68484
1.86836,-0.109864,3.141,3.65633
1.86121,-0.10885,3.112,3.62774
1.87131,-0.10885,3.112,3.63293
1.86449,-0.10787,3.084,3.60541
1.84168,-0.105981,3.03,3.54738
1.85151,-0.105981,3.03,3.5525
1.84476,-0.105037,3.003,3.52593
1.82239,-0.103218,2.951,3.4699
1.83197,-0.103218,2.951,3.47494
1.82595,-0.102344,2.926,3.45051
1.80471,-0.10063,2.877,3.39768
1.81405,-0.10063,2.877,3.40265
1.80817,-0.0997904,2.853,3.37921
1.78749,-0.0981465,2.806,3.32842
1.7966,-0.0981465,2.806,3.33332
1.79091,-0.097342,2.783,3.31088
1.77148,-0.095803,2.739,3.26335
1.75242,-0.0942989,2.696,3.21688
1.76117,-0.0942989,2.696,3.22165
1.75614,-0.0935644,2.675,3.20131
1.73711,-0.0920954,2.633,3.15574
1.74566,-0.0920954,2.633,3.16046
1.74088,-0.0913958,2.613,3.14114
1.72325,-0.0900317,2.574,3.0989
1.7316,-0.0900317,2.574,3.10355
1.72711,-0.0893671,2.555,3.08528
1.7096,-0.088038,2.517,3.04397
-2.12074,-0.0970063,3.057,3.72185
-2.07353,-0.0952927,3.003,3.65057
-2.06379,-0.0952927,3.003,3.64504
-2.05404,-0.0952927,3.003,3.63953
-2.02659,-0.0944677,2.977,3.60257
-2.01693,-0.0944677,2.977,3.59715
-1.98974,-0.0936427,2.951,3.56037
-1.96338,-0.0928493,2.926,3.52491
-1.95389,-0.0928493,2.926,3.51963
-1.92778,-0.092056,2.901,3.48434
-1.90249,-0.0912945,2.877,3.45035
-1.87736,-0.0905329,2.853,3.41647
-1.8681,-0.0905329,2.853,3.41139
-1.8432,-0.0897713,2.829,3.37768
-1.83402,-0.0897713,2.829,3.37267
-1.82484,-0.0897713,2.829,3.36769
-1.80089,-0.0890414,2.806,3.33538
-1.79179,-0.0890414,2.806,3.33047
-1.78268,-0.0890414,2.806,3.32558
-1.77357,-0.0890414,2.806,3.32071
-1.76446,-0.0890414,2.806,3.31585
-1.76974,-0.0897713,2.829,3.33816
-1.7755,-0.0905329,2.853,3.36158
-1.76624,-0.0905329,2.853,3.35669
-1.75698,-0.0905329,2.853,3.35183
-1.74772,-0.0905329,2.853,3.34699
-1.73846,-0.0905329,2.853,3.34216
-1.7292,-0.0905329,2.853,3.33735
-1.7344,-0.0912945,2.877,3.3606
-1.72507,-0.0912945,2.877,3.35579
-1.73004,-0.092056,2.901,3.37895
-1.72062,-0.092056,2.901,3.37414
-1.71121,-0.092056,2.901,3.36935
-1.70179,-0.092056,2.901,3.36458
-1.69238,-0.092056,2.901,3.35982
nan,nan,nan,NaN
nan,nan,nan,NaN
nan,nan,nan,NaN
nan,nan,nan,NaN
nan,nan,nan,NaN
nan,nan,nan,NaN
nan,nan,nan,NaN
nan,nan,nan,NaN
nan,nan,nan,NaN
nan,nan,nan,NaN
nan,nan,nan,NaN
nan,nan,nan,NaN
nan,nan,nan,NaN
nan,nan,nan,NaN
nan,nan,nan,NaN
nan,nan,nan,NaN
nan,nan,nan,NaN
nan,nan,nan,NaN
nan,nan,nan,NaN
nan,nan,nan,NaN
nan,nan,nan,NaN
nan,nan,nan,NaN
nan,nan,nan,NaN
nan,nan,nan,NaN
nan,nan,nan,NaN
nan,nan,nan,NaN
nan,nan,nan,NaN
nan,nan,nan,NaN
-1.27841,-0.0829171,2.613,2.91015
-1.26993,-0.0829171,2.613,2.90644
-1.25179,-0.0822824,2.593,2.88052
-1.23427,-0.0816795,2.574,2.85579
-1.22591,-0.0816795,2.574,2.85219
-1.21756,-0.0816795,2.574,2.84861
-1.20028,-0.0810766,2.555,2.82405
-1.18312,-0.0804737,2.536,2.79956
-1.17489,-0.0804737,2.536,2.79609
-1.15792,-0.0798707,2.517,2.77172
-1.14153,-0.0792996,2.499,2.74852
-1.13341,-0.0792996,2.499,2.74516
-1.1172,-0.0787284,2.481,2.72207
-1.10914,-0.0787284,2.481,2.71878
-1.10109,-0.0787284,2.481,2.7155
-1.08511,-0.0781572,2.463,2.69257
-1.07712,-0.0781572,2.463,2.68936
-1.06912,-0.0781572,2.463,2.68617
-1.06113,-0.0781572,2.463,2.683
-1.05313,-0.0781572,2.463,2.67984
-1.04514,-0.0781572,2.463,2.67671
-1.03714,-0.0781572,2.463,2.6736
-1.02915,-0.0781572,2.463,2.67051
-1.02116,-0.0781572,2.463,2.66744
-1.01316,-0.0781572,2.463,2.66439
-1.00517,-0.0781572,2.463,2.66136
-0.989885,-0.077586,2.445,2.63892
-0.981949,-0.077586,2.445,2.63596
-0.974013,-0.077586,2.445,2.63301
-0.966077,-0.077586,2.445,2.63009
-0.958141,-0.077586,2.445,2.62718
-0.950205,-0.077586,2.445,2.6243
-0.94227,-0.077586,2.445,2.62143
-0.927837,-0.0770466,2.428,2.60039
-0.919957,-0.0770466,2.428,2.59758
-0.912076,-0.0770466,2.428,2.5948
-0.904195,-0.0770466,2.428,2.59204
-0.896315,-0.0770466,2.428,2.58931
-0.882213,-0.0765071,2.411,2.56848
-0.874388,-0.0765071,2.411,2.5658
-0.866562,-0.0765071,2.411,2.56314
-0.858737,-0.0765071,2.411,2.56051
-0.850911,-0.0765071,2.411,2.55789
-0.843086,-0.0765071,2.411,2.5553
-0.83526,-0.0765071,2.411,2.55273
-0.827435,-0.0765071,2.411,2.55018
-0.819609,-0.0765071,2.411,2.54765
-0.811784,-0.0765071,2.411,2.54515
-0.803958,-0.0765071,2.411,2.54266
-0.796133,-0.0765071,2.411,2.5402
-0.788307,-0.0765071,2.411,2.53776
-0.780482,-0.0765071,2.411,2.53534
-0.772656,-0.0765071,2.411,2.53294
-0.764831,-0.0765071,2.411,2.53056
-0.757005,-0.0765071,2.411,2.52821
-0.74918,-0.0765071,2.411,2.52588
-0.746581,-0.0770466,2.428,2.54136
-0.738701,-0.0770466,2.428,2.53905
-0.73082,-0.0770466,2.428,2.53677
-0.722939,-0.0770466,2.428,2.53451
-0.715059,-0.0770466,2.428,2.53228
-0.707178,-0.0770466,2.428,2.53006
-0.699297,-0.0770466,2.428,2.52787
-0.691417,-0.0770466,2.428,2.5257
-0.683536,-0.0770466,2.428,2.52356
-0.675655,-0.0770466,2.428,2.52143
-0.67245,-0.077586,2.445,2.53697
-0.664514,-0.077586,2.445,2.53488
-0.656578,-0.077586,2.445,2.53281
-0.648643,-0.077586,2.445,2.53077
-0.640707,-0.077586,2.445,2.52874
-0.632771,-0.077586,2.445,2.52675
-0.624835,-0.077586,2.445,2.52477
-0.621441,-0.0781572,2.463,2.54139
-0.613446,-0.0781572,2.463,2.53945
-0.605452,-0.0781572,2.463,2.53753
-0.597458,-0.0781572,2.463,2.53563
-0.589464,-0.0781572,2.463,2.53376
-0.581469,-0.0781572,2.463,2.53191
-0.573475,-0.0781572,2.463,2.53009
-0.565481,-0.0781572,2.463,2.52829
-0.557486,-0.0781572,2.463,2.52651
-0.549492,-0.0781572,2.463,2.52476
-0.541498,-0.0781572,2.463,2.52303
-0.533504,-0.0781572,2.463,2.52133
-0.525509,-0.0781572,2.463,2.51965
-0.517515,-0.0781572,2.463,2.518
-0.509521,-0.0781572,2.463,2.51636
-0.501526,-0.0781572,2.463,2.51476
-0.493532,-0.0781572,2.463,2.51318
-0.485538,-0.0781572,2.463,2.51162
-0.477544,-0.0781572,2.463,2.51008
-0.469549,-0.0781572,2.463,2.50858
-0.464928,-0.0787284,2.481,2.52541
-0.456875,-0.0787284,2.481,2.52394
-0.448823,-0.0787284,2.481,2.5225
-0.44077,-0.0787284,2.481,2.52108
-0.435857,-0.0792996,2.499,2.53796
-0.427746,-0.0792996,2.499,2.53658
-0.419634,-0.0792996,2.499,2.53523
-0.414487,-0.0798707,2.517,2.55215
-0.406318,-0.0798707,2.517,2.55084
-0.398148,-0.0798707,2.517,2.54955
-0.392923,-0.0804737,2.536,2.56752
-0.384691,-0.0804737,2.536,2.56627
-0.37646,-0.0804737,2.536,2.56505
-0.368229,-0.0804737,2.536,2.56386
-0.362695,-0.0810766,2.555,2.58189
-0.354402,-0.0810766,2.555,2.58074
-0.346109,-0.0810766,2.555,2.57961
-0.337816,-0.0810766,2.555,2.57851
-0.329523,-0.0810766,2.555,2.57744
-0.32123,-0.0810766,2.555,2.57639
-0.312937,-0.0810766,2.555,2.57537
-0.304645,-0.0810766,2.555,2.57438
-0.296352,-0.0810766,2.555,2.57341
-0.288059,-0.0810766,2.555,2.57247
-0.279766,-0.0810766,2.555,2.57155
-0.269454,-0.0804737,2.536,2.55154
-0.261223,-0.0804737,2.536,2.55069
-0.252992,-0.0804737,2.536,2.54986
-0.244761,-0.0804737,2.536,2.54905
-0.236529,-0.0804737,2.536,2.54828
-0.228298,-0.0804737,2.536,2.54753
-0.220067,-0.0804737,2.536,2.5468
-0.211836,-0.0804737,2.536,2.5461
-0.203604,-0.0804737,2.536,2.54543
-0.195373,-0.0804737,2.536,2.54479
-0.187142,-0.0804737,2.536,2.54417
-0.178911,-0.0804737,2.536,2.54358
-0.170679,-0.0804737,2.536,2.54301
-0.162448,-0.0804737,2.536,2.54247
-0.154217,-0.0804737,2.536,2.54196
-0.14708,-0.0810766,2.555,2.56051
-0.138787,-0.0810766,2.555,2.56005
-0.130494,-0.0810766,2.555,2.55961
-0.122201,-0.0810766,2.555,2.55921
-0.113908,-0.0810766,2.555,2.55882
-0.105615,-0.0810766,2.555,2.55847
-0.0973222,-0.0810766,2.555,2.55814
-0.0890293,-0.0810766,2.555,2.55784
-0.080136,-0.0804737,2.536,2.53854
-0.0719048,-0.0804737,2.536,2.5383
-0.0636736,-0.0804737,2.536,2.53808
-0.0554423,-0.0804737,2.536,2.53788
-0.0472111,-0.0804737,2.536,2.53772
-0.0389799,-0.0804737,2.536,2.53758
-0.0305183,-0.0798707,2.517,2.51845
-0.0223487,-0.0798707,2.517,2.51837
-0.0141792,-0.0798707,2.517,2.51831
-0.00600962,-0.0798707,2.517,2.51827
0.00215994,-0.0798707,2.517,2.51827
0.0103295,-0.0798707,2.517,2.51829
0.0183668,-0.0792996,2.499,2.50033
0.0264779,-0.0792996,2.499,2.5004
0.034589,-0.0792996,2.499,2.5005
0.0427002,-0.0792996,2.499,2.50062
0.0504453,-0.0787284,2.481,2.48276
0.058498,-0.0787284,2.481,2.48294
0.0665507,-0.0787284,2.481,2.48314
0.0746034,-0.0787284,2.481,2.48337
0.0826561,-0.0787284,2.481,2.48362
0.0907089,-0.0787284,2.481,2.48391
0.0987616,-0.0787284,2.481,2.48421
0.106814,-0.0787284,2.481,2.48455
0.114867,-0.0787284,2.481,2.48491
0.12292,-0.0787284,2.481,2.48529
0.130972,-0.0787284,2.481,2.4857
0.139025,-0.0787284,2.481,2.48614
0.147078,-0.0787284,2.481,2.4866
0.155131,-0.0787284,2.481,2.48709
0.163183,-0.0787284,2.481,2.48761
0.171236,-0.0787284,2.481,2.48815
0.179289,-0.0787284,2.481,2.48872
0.188701,-0.0792996,2.499,2.50737
0.196812,-0.0792996,2.499,2.50799
0.204923,-0.0792996,2.499,2.50864
0.213034,-0.0792996,2.499,2.50932
0.221145,-0.0792996,2.499,2.51002
0.229256,-0.0792996,2.499,2.51075
0.237367,-0.0792996,2.499,2.5115
0.245479,-0.0792996,2.499,2.51228
0.255416,-0.0798707,2.517,2.53119
0.261701,-0.0792996,2.499,2.51392
0.269812,-0.0792996,2.499,2.51477
0.279925,-0.0798707,2.517,2.53378
0.286034,-0.0792996,2.499,2.51657
0.294145,-0.0792996,2.499,2.5175
0.302256,-0.0792996,2.499,2.51846
0.310368,-0.0792996,2.499,2.51945
0.318479,-0.0792996,2.499,2.52046
0.324237,-0.0787284,2.481,2.50334
0.33229,-0.0787284,2.481,2.50439
0.340343,-0.0787284,2.481,2.50547
0.348396,-0.0787284,2.481,2.50658
0.356448,-0.0787284,2.481,2.50771
0.361856,-0.0781572,2.463,2.49067
0.369851,-0.0781572,2.463,2.49184
0.377845,-0.0781572,2.463,2.49304
0.385839,-0.0781572,2.463,2.49426
0.393834,-0.0781572,2.463,2.49551
0.401828,-0.0781572,2.463,2.49679
0.409822,-0.0781572,2.463,2.49809
0.417816,-0.0781572,2.463,2.49941
0.425811,-0.0781572,2.463,2.50076
0.433805,-0.0781572,2.463,2.50213
0.441799,-0.0781572,2.463,2.50353
0.449794,-0.0781572,2.463,2.50495
0.461134,-0.0787284,2.481,2.52472
0.469186,-0.0787284,2.481,2.5262
0.477239,-0.0787284,2.481,2.52771
0.485292,-0.0787284,2.481,2.52924
0.493344,-0.0787284,2.481,2.5308
0.501397,-0.0787284,2.481,2.53238
0.513146,-0.0792996,2.499,2.55237
0.521257,-0.0792996,2.499,2.55402
0.529368,-0.0792996,2.499,2.55568
0.537479,-0.0792996,2.499,2.55738
0.54559,-0.0792996,2.499,2.55909
0.553702,-0.0792996,2.499,2.56083
0.561813,-0.0792996,2.499,2.5626
0.574029,-0.0798707,2.517,2.58286
0.582199,-0.0798707,2.517,2.58469
0.590368,-0.0798707,2.517,2.58654
0.598538,-0.0798707,2.517,2.58842
0.606707,-0.0798707,2.517,2.59032
0.614877,-0.0798707,2.517,2.59225
0.623046,-0.0798707,2.517,2.5942
0.631216,-0.0798707,2.517,2.59617
0.634813,-0.0792996,2.499,2.57959
0.642924,-0.0792996,2.499,2.5816
0.651035,-0.0792996,2.499,2.58363
0.659146,-0.0792996,2.499,2.58568
0.667257,-0.0792996,2.499,2.58776
0.675369,-0.0792996,2.499,2.58987
0.68348,-0.0792996,2.499,2.59199
0.691591,-0.0792996,2.499,2.59414
0.699702,-0.0792996,2.499,2.59632
0.707813,-0.0792996,2.499,2.59852
0.721081,-0.0798707,2.517,2.61947
0.729251,-0.0798707,2.517,2.62173
0.73742,-0.0798707,2.517,2.62402
0.74559,-0.0798707,2.517,2.62632
0.753759,-0.0798707,2.517,2.62865
0.761929,-0.0798707,2.517,2.63101
0.770098,-0.0798707,2.517,2.63339
0.778268,-0.0798707,2.517,2.63579
0.786437,-0.0798707,2.517,2.63821
0.794607,-0.0798707,2.517,2.64066
0.808836,-0.0804737,2.536,2.66308
0.817068,-0.0804737,2.536,2.66559
0.825299,-0.0804737,2.536,2.66812
0.83353,-0.0804737,2.536,2.67068
0.841761,-0.0804737,2.536,2.67326
0.849993,-0.0804737,2.536,2.67587
0.858224,-0.0804737,2.536,2.67849
0.866455,-0.0804737,2.536,2.68114
0.874686,-0.0804737,2.536,2.68381
0.876303,-0.0798707,2.517,2.66638
0.884472,-0.0798707,2.517,2.66907
0.892642,-0.0798707,2.517,2.67179
0.900811,-0.0798707,2.517,2.67453
0.90248,-0.0792996,2.499,2.65815
0.910591,-0.0792996,2.499,2.66091
0.918703,-0.0792996,2.499,2.6637
0.920138,-0.0787284,2.481,2.6473
0.928191,-0.0787284,2.481,2.65011
0.936243,-0.0787284,2.481,2.65294
0.937445,-0.0781572,2.463,2.63653
0.945439,-0.0781572,2.463,2.63938
0.953434,-0.0781572,2.463,2.64226
0.961428,-0.0781572,2.463,2.64515
0.969422,-0.0781572,2.463,2.64807
0.977417,-0.0781572,2.463,2.651
0.985411,-0.0781572,2.463,2.65396
1.00067,-0.0787284,2.481,2.67636
1.01604,-0.0792996,2.499,2.69882
1.03152,-0.0798707,2.517,2.72134
1.03969,-0.0798707,2.517,2.72445
1.06368,-0.0810766,2.555,2.76876
1.07995,-0.0816795,2.574,2.79257
1.0883,-0.0816795,2.574,2.79581
1.12179,-0.0835517,2.633,2.86323
1.14837,-0.0848845,2.675,2.91232
1.15705,-0.0848845,2.675,2.91575
1.17489,-0.0855509,2.696,2.94212
1.20252,-0.0869154,2.739,2.99261
1.22114,-0.0876135,2.761,3.02026
1.2301,-0.0876135,2.761,3.02389
1.24893,-0.0883116,2.783,3.05168
1.25796,-0.0883116,2.783,3.05538
1.267,-0.0883116,2.783,3.05911
1.27603,-0.0883116,2.783,3.06287
1.29568,-0.0890414,2.806,3.09198
1.2941,-0.0883116,2.783,3.07044
1.30313,-0.0883116,2.783,3.07425
1.31216,-0.0883116,2.783,3.07809
1.33211,-0.0890414,2.806,3.10743
1.33023,-0.0883116,2.783,3.08584
1.33926,-0.0883116,2.783,3.08974
1.34829,-0.0883116,2.783,3.09367
1.35733,-0.0883116,2.783,3.09762
1.37765,-0.0890414,2.806,3.12722
1.39813,-0.0897713,2.829,3.15691
1.40731,-0.0897713,2.829,3.16098
1.44053,-0.0912945,2.877,3.21879
1.47456,-0.0928493,2.926,3.27787
1.48405,-0.0928493,2.926,3.28215
1.50631,-0.0936427,2.951,3.31454
1.55647,-0.0961495,3.03,3.40775
1.58026,-0.0970063,3.057,3.44266
1.59019,-0.0970063,3.057,3.44722
1.61424,-0.0978631,3.084,3.4823
1.65427,-0.0996718,3.141,3.5514
1.66447,-0.0996718,3.141,3.55616
1.69012,-0.100592,3.17,3.59382
1.71597,-0.101512,3.199,3.63159
1.74308,-0.102496,3.23,3.67175
1.75356,-0.102496,3.23,3.67674
1.78043,-0.103448,3.26,3.71594
1.79101,-0.103448,3.26,3.72102
1.80159,-0.103448,3.26,3.72613
1.7955,-0.102496,3.23,3.69692
1.80598,-0.102496,3.23,3.70202
1.81647,-0.102496,3.23,3.70715
1.82695,-0.102496,3.23,3.7123
1.83743,-0.102496,3.23,3.71747
1.83018,-0.101512,3.199,3.68693
1.84056,-0.101512,3.199,3.6921
1.85095,-0.101512,3.199,3.69728
1.84446,-0.100592,3.17,3.66893
1.85475,-0.100592,3.17,3.67411
1.84797,-0.0996718,3.141,3.64566
1.85817,-0.0996718,3.141,3.65084
1.85111,-0.0987516,3.112,3.62228
1.84447,-0.0978631,3.084,3.59482
1.85448,-0.0978631,3.084,3.59996
1.84816,-0.0970063,3.057,3.57357
1.84168,-0.0961495,3.03,3.5471
1.85151,-0.0961495,3.03,3.55222
1.82879,-0.0944677,2.977,3.49513
1.82239,-0.0936427,2.951,3.46962
1.83197,-0.0936427,2.951,3.47466
1.81035,-0.092056,2.901,3.42076
1.80471,-0.0912945,2.877,3.39742
1.81405,-0.0912945,2.877,3.40239
1.80817,-0.0905329,2.853,3.37895
1.78749,-0.0890414,2.806,3.32817
1.7966,-0.0890414,2.806,3.33307
1.79091,-0.0883116,2.783,3.31063
1.77148,-0.0869154,2.739,3.2631
1.75242,-0.0855509,2.696,3.21663
1.76117,-0.0855509,2.696,3.22141
1.75614,-0.0848845,2.675,3.20107
1.73711,-0.0835517,2.633,3.15551
1.74566,-0.0835517,2.633,3.16022
1.74088,-0.0829171,2.613,3.14091
1.72325,-0.0816795,2.574,3.09867
1.7316,-0.0816795,2.574,3.10332
1.72711,-0.0810766,2.555,3.08505
1.7096,-0.0798707,2.517,3.04375
-2.12074,-0.0870868,3.057,3.72161
-2.07353,-0.0855485,3.003,3.65032
-2.06379,-0.0855485,3.003,3.6448
-2.05404,-0.0855485,3.003,3.63929
-2.02659,-0.0848078,2.977,3.60233
-2.01693,-0.0848078,2.977,3.59691
-1.98974,-0.0840671,2.951,3.56013
-1.96338,-0.0833549,2.926,3.52467
-1.95389,-0.0833549,2.926,3.51939
-1.92778,-0.0826428,2.901,3.4841
-1.90249,-0.0819591,2.877,3.45012
-1.87736,-0.0812754,2.853,3.41624
-1.8681,-0.0812754,2.853,3.41116
-1.8432,-0.0805916,2.829,3.37744
-1.83402,-0.0805916,2.829,3.37244
-1.82484,-0.0805916,2.829,3.36746
-1.80089,-0.0799364,2.806,3.33515
-1.79179,-0.0799364,2.806,3.33024
-1.78268,-0.0799364,2.806,3.32535
-1.77357,-0.0799364,2.806,3.32048
-1.76446,-0.0799364,2.806,3.31562
-1.76974,-0.0805916,2.829,3.33792
-1.7755,-0.0812754,2.853,3.36134
-1.76624,-0.0812754,2.853,3.35646
-1.75698,-0.0812754,2.853,3.35159
-1.76242,-0.0819591,2.877,3.3749
-1.73846,-0.0812754,2.853,3.34192
-1.7292,-0.0812754,2.853,3.33711
-1.7344,-0.0819591,2.877,3.36036
-1.72507,-0.0819591,2.877,3.35555
-1.73004,-0.0826428,2.901,3.37871
-1.72062,-0.0826428,2.901,3.3739
-1.71121,-0.0826428,2.901,3.3691
-1.70179,-0.0826428,2.901,3.36433
-1.69238,-0.0826428,2.901,3.35958
-1.69746,-0.0833549,2.926,3.38376
-1.68797,-0.0833549,2.926,3.379
-1.67847,-0.0833549,2.926,3.37427
nan,nan,nan,NaN
nan,nan,nan,NaN
nan,nan,nan,NaN
nan,nan,nan,NaN
nan,nan,nan,NaN
nan,nan,nan,NaN
nan,nan,nan,NaN
nan,nan,nan,NaN
nan,nan,nan,NaN
nan,nan,nan,NaN
nan,nan,nan,NaN
nan,nan,nan,NaN
nan,nan,nan,NaN
nan,nan,nan,NaN
nan,nan,nan,NaN
nan,nan,nan,NaN
nan,nan,nan,NaN
nan,nan,nan,NaN
nan,nan,nan,NaN
nan,nan,nan,NaN
nan,nan,nan,NaN
nan,nan,nan,NaN
nan,nan,nan,NaN
nan,nan,nan,NaN
-1.30708,-0.0756063,2.654,2.95938
-1.27841,-0.0744383,2.613,2.90992
-1.26993,-0.0744383,2.613,2.90621
-1.25179,-0.0738686,2.593,2.88029
-1.23427,-0.0733273,2.574,2.85557
-1.22591,-0.0733273,2.574,2.85197
-1.21756,-0.0733273,2.574,2.84839
-1.20028,-0.072786,2.555,2.82383
-1.18312,-0.0722448,2.536,2.79934
-1.17489,-0.0722448,2.536,2.79587
-1.14964,-0.0711907,2.499,2.75168
-1.14153,-0.0711907,2.499,2.7483
-1.13341,-0.0711907,2.499,2.74494
-1.1172,-0.0706779,2.481,2.72185
-1.10914,-0.0706779,2.481,2.71856
-1.10109,-0.0706779,2.481,2.71528
-1.08511,-0.0701652,2.463,2.69235
-1.07712,-0.0701652,2.463,2.68914
-1.06912,-0.0701652,2.463,2.68595
-1.06113,-0.0701652,2.463,2.68278
-1.05313,-0.0701652,2.463,2.67962
-1.04514,-0.0701652,2.463,2.67649
-1.03714,-0.0701652,2.463,2.67338
-1.02915,-0.0701652,2.463,2.67029
-1.02116,-0.0701652,2.463,2.66722
-1.01316,-0.0701652,2.463,2.66417
-1.00517,-0.0701652,2.463,2.66114
-0.989885,-0.0696524,2.445,2.6387
-0.981949,-0.0696524,2.445,2.63574
-0.974013,-0.0696524,2.445,2.63279
-0.966077,-0.0696524,2.445,2.62986
-0.951479,-0.0691681,2.428,2.60869
-0.943599,-0.0691681,2.428,2.60583
-0.935718,-0.0691681,2.428,2.60299
-0.927837,-0.0691681,2.428,2.60016
-0.919957,-0.0691681,2.428,2.59736
-0.912076,-0.0691681,2.428,2.59458
-0.904195,-0.0691681,2.428,2.59182
-0.896315,-0.0691681,2.428,2.58908
-0.882213,-0.0686838,2.411,2.56826
-0.874388,-0.0686838,2.411,2.56558
-0.866562,-0.0686838,2.411,2.56292
-0.858737,-0.0686838,2.411,2.56029
-0.850911,-0.0686838,2.411,2.55767
-0.843086,-0.0686838,2.411,2.55508
-0.83526,-0.0686838,2.411,2.55251
-0.827435,-0.0686838,2.411,2.54996
-0.819609,-0.0686838,2.411,2.54743
-0.811784,-0.0686838,2.411,2.54492
-0.803958,-0.0686838,2.411,2.54244
-0.796133,-0.0686838,2.411,2.53997
-0.788307,-0.0686838,2.411,2.53753
-0.780482,-0.0686838,2.411,2.53511
-0.772656,-0.0686838,2.411,2.53271
-0.764831,-0.0686838,2.411,2.53034
-0.757005,-0.0686838,2.411,2.52798
-0.74918,-0.0686838,2.411,2.52565
-0.746581,-0.0691681,2.428,2.54113
-0.738701,-0.0691681,2.428,2.53883
-0.73082,-0.0691681,2.428,2.53655
-0.722939,-0.0691681,2.428,2.53429
-0.715059,-0.0691681,2.428,2.53205
-0.707178,-0.0691681,2.428,2.52984
-0.699297,-0.0691681,2.428,2.52764
-0.691417,-0.0691681,2.428,2.52548
-0.683536,-0.0691681,2.428,2.52333
-0.675655,-0.0691681,2.428,2.52121
-0.67245,-0.0696524,2.445,2.53674
-0.664514,-0.0696524,2.445,2.53465
-0.656578,-0.0696524,2.445,2.53258
-0.648643,-0.0696524,2.445,2.53054
-0.640707,-0.0696524,2.445,2.52851
-0.632771,-0.0696524,2.445,2.52651
-0.629435,-0.0701652,2.463,2.54312
-0.621441,-0.0701652,2.463,2.54116
-0.613446,-0.0701652,2.463,2.53921
-0.605452,-0.0701652,2.463,2.53729
-0.597458,-0.0701652,2.463,2.5354
-0.589464,-0.0701652,2.463,2.53353
-0.581469,-0.0701652,2.463,2.53168
-0.573475,-0.0701652,2.463,2.52985
-0.565481,-0.0701652,2.463,2.52805
-0.557486,-0.0701652,2.463,2.52628
-0.549492,-0.0701652,2.463,2.52453
-0.541498,-0.0701652,2.463,2.5228
-0.533504,-0.0701652,2.463,2.52109
-0.525509,-0.0701652,2.463,2.51942
-0.517515,-0.0701652,2.463,2.51776
-0.509521,-0.0701652,2.463,2.51613
-0.501526,-0.0701652,2.463,2.51452
-0.493532,-0.0701652,2.463,2.51294
-0.485538,-0.0701652,2.463,2.51138
-0.477544,-0.0701652,2.463,2.50985
-0.469549,-0.0701652,2.463,2.50834
-0.464928,-0.0706779,2.481,2.52518
-0.456875,-0.0706779,2.481,2.52371
-0.448823,-0.0706779,2.481,2.52226
-0.44077,-0.0706779,2.481,2.52084
-0.435857,-0.0711907,2.499,2.53772
-0.427746,-0.0711907,2.499,2.53634
-0.422657,-0.0717035,2.517,2.55325
-0.414487,-0.0717035,2.517,2.55191
-0.406318,-0.0717035,2.517,2.55059
-0.398148,-0.0717035,2.517,2.5493
-0.392923,-0.0722448,2.536,2.56728
-0.384691,-0.0722448,2.536,2.56603
-0.37646,-0.0722448,2.536,2.56481
-0.370988,-0.072786,2.555,2.58282
-0.362695,-0.072786,2.555,2.58164
-0.354402,-0.072786,2.555,2.58049
-0.346109,-0.072786,2.555,2.57936
-0.337816,-0.072786,2.555,2.57826
-0.329523,-0.072786,2.555,2.57719
-0.32123,-0.072786,2.555,2.57614
-0.312937,-0.072786,2.555,2.57512
-0.304645,-0.072786,2.555,2.57413
-0.296352,-0.072786,2.555,2.57316
-0.288059,-0.072786,2.555,2.57222
-0.279766,-0.072786,2.555,2.5713
-0.269454,-0.0722448,2.536,2.5513
-0.261223,-0.0722448,2.536,2.55044
-0.252992,-0.0722448,2.536,2.54961
-0.244761,-0.0722448,2.536,2.54881
-0.236529,-0.0722448,2.536,2.54803
-0.228298,-0.0722448,2.536,2.54728
-0.220067,-0.0722448,2.536,2.54656
-0.211836,-0.0722448,2.536,2.54586
-0.203604,-0.0722448,2.536,2.54519
-0.195373,-0.0722448,2.536,2.54454
-0.187142,-0.0722448,2.536,2.54392
-0.178911,-0.0722448,2.536,2.54333
-0.170679,-0.0722448,2.536,2.54276
-0.162448,-0.0722448,2.536,2.54222
-0.154217,-0.0722448,2.536,2.54171
-0.14708,-0.072786,2.555,2.56026
-0.138787,-0.072786,2.555,2.5598
-0.130494,-0.072786,2.555,2.55937
-0.122201,-0.072786,2.555,2.55896
-0.113908,-0.072786,2.555,2.55857
-0.105615,-0.072786,2.555,2.55822
-0.0973222,-0.072786,2.555,2.55789
-0.0890293,-0.072786,2.555,2.55759
-0.080136,-0.0722448,2.536,2.53829
-0.0719048,-0.0722448,2.536,2.53805
-0.0636736,-0.0722448,2.536,2.53783
-0.0554423,-0.0722448,2.536,2.53763
-0.0472111,-0.0722448,2.536,2.53747
-0.0389799,-0.0722448,2.536,2.53733
-0.0307487,-0.0722448,2.536,2.53721
-0.0225174,-0.0722448,2.536,2.53713
-0.0142862,-0.0722448,2.536,2.53707
-0.00600962,-0.0717035,2.517,2.51803
0.00215994,-0.0717035,2.517,2.51802
0.0103295,-0.0717035,2.517,2.51804
0.0183668,-0.0711907,2.499,2.50008
0.0264779,-0.0711907,2.499,2.50015
0.034589,-0.0711907,2.499,2.50025
0.0427002,-0.0711907,2.499,2.50038
0.0504453,-0.0706779,2.481,2.48252
0.058498,-0.0706779,2.481,2.4827
0.0665507,-0.0706779,2.481,2.4829
0.0746034,-0.0706779,2.481,2.48313
0.0826561,-0.0706779,2.481,2.48338
0.0907089,-0.0706779,2.481,2.48366
0.0987616,-0.0706779,2.481,2.48397
0.106814,-0.0706779,2.481,2.4843
0.114867,-0.0706779,2.481,2.48466
0.12292,-0.0706779,2.481,2.48505
0.130972,-0.0706779,2.481,2.48546
0.139025,-0.0706779,2.481,2.4859
0.147078,-0.0706779,2.481,2.48636
0.155131,-0.0706779,2.481,2.48685
0.163183,-0.0706779,2.481,2.48737
0.171236,-0.0706779,2.481,2.48791
0.179289,-0.0706779,2.481,2.48847
0.187341,-0.0706779,2.481,2.48907
0.196812,-0.0711907,2.499,2.50775
0.204923,-0.0711907,2.499,2.5084
0.213034,-0.0711907,2.499,2.50907
0.221145,-0.0711907,2.499,2.50978
0.229256,-0.0711907,2.499,2.5105
0.237367,-0.0711907,2.499,2.51126
0.245479,-0.0711907,2.499,2.51204
0.255416,-0.0717035,2.517,2.53094
0.261701,-0.0711907,2.499,2.51367
0.269812,-0.0711907,2.499,2.51453
0.279925,-0.0717035,2.517,2.53353
0.286034,-0.0711907,2.499,2.51632
0.294145,-0.0711907,2.499,2.51726
0.302256,-0.0711907,2.499,2.51822
0.310368,-0.0711907,2.499,2.51921
0.318479,-0.0711907,2.499,2.52022
0.324237,-0.0706779,2.481,2.5031
0.33229,-0.0706779,2.481,2.50415
0.340343,-0.0706779,2.481,2.50523
0.348396,-0.0706779,2.481,2.50634
0.356448,-0.0706779,2.481,2.50747
0.361856,-0.0701652,2.463,2.49043
0.369851,-0.0701652,2.463,2.4916
0.377845,-0.0701652,2.463,2.4928
0.385839,-0.0701652,2.463,2.49403
0.393834,-0.0701652,2.463,2.49528
0.401828,-0.0701652,2.463,2.49655
0.409822,-0.0701652,2.463,2.49785
0.417816,-0.0701652,2.463,2.49917
0.425811,-0.0701652,2.463,2.50052
0.433805,-0.0701652,2.463,2.5019
0.441799,-0.0701652,2.463,2.50329
0.449794,-0.0701652,2.463,2.50472
0.461134,-0.0706779,2.481,2.52448
0.469186,-0.0706779,2.481,2.52596
0.477239,-0.0706779,2.481,2.52747
0.485292,-0.0706779,2.481,2.529
0.493344,-0.0706779,2.481,2.53056
0.501397,-0.0706779,2.481,2.53214
0.50945,-0.0706779,2.481,2.53375
0.521257,-0.0711907,2.499,2.55378
0.529368,-0.0711907,2.499,2.55545
0.537479,-0.0711907,2.499,2.55714
0.54559,-0.0711907,2.499,2.55885
0.553702,-0.0711907,2.499,2.5606
0.565859,-0.0717035,2.517,2.58082
0.574029,-0.0717035,2.517,2.58262
0.582199,-0.0717035,2.517,2.58445
0.590368,-0.0717035,2.517,2.5863
0.598538,-0.0717035,2.517,2.58818
0.606707,-0.0717035,2.517,2.59008
0.614877,-0.0717035,2.517,2.59201
0.623046,-0.0717035,2.517,2.59396
0.631216,-0.0717035,2.517,2.59593
0.639385,-0.0717035,2.517,2.59793
0.642924,-0.0711907,2.499,2.58136
0.651035,-0.0711907,2.499,2.58339
0.659146,-0.0711907,2.499,2.58545
0.672064,-0.0717035,2.517,2.60617
0.680233,-0.0717035,2.517,2.60828
0.688403,-0.0717035,2.517,2.61043
0.696572,-0.0717035,2.517,2.61259
0.704742,-0.0717035,2.517,2.61478
0.712911,-0.0717035,2.517,2.617
0.721081,-0.0717035,2.517,2.61923
0.729251,-0.0717035,2.517,2.6215
0.73742,-0.0717035,2.517,2.62378
0.74559,-0.0717035,2.517,2.62609
0.753759,-0.0717035,2.517,2.62842
0.761929,-0.0717035,2.517,2.63077
0.770098,-0.0717035,2.517,2.63315
0.778268,-0.0717035,2.517,2.63555
0.786437,-0.0717035,2.517,2.63798
0.794607,-0.0717035,2.517,2.64042
0.808836,-0.0722448,2.536,2.66284
0.817068,-0.0722448,2.536,2.66535
0.825299,-0.0722448,2.536,2.66789
0.83353,-0.0722448,2.536,2.67045
0.841761,-0.0722448,2.536,2.67303
0.849993,-0.0722448,2.536,2.67563
0.858224,-0.0722448,2.536,2.67826
0.866455,-0.0722448,2.536,2.68091
0.874686,-0.0722448,2.536,2.68358
0.876303,-0.0717035,2.517,2.66615
0.884472,-0.0717035,2.517,2.66884
0.892642,-0.0717035,2.517,2.67156
0.894369,-0.0711907,2.499,2.65518
0.90248,-0.0711907,2.499,2.65792
0.910591,-0.0711907,2.499,2.66069
0.918703,-0.0711907,2.499,2.66347
0.920138,-0.0706779,2.481,2.64708
0.921457,-0.0701652,2.463,2.63066
0.929451,-0.0701652,2.463,2.63347
0.937445,-0.0701652,2.463,2.6363
0.945439,-0.0701652,2.463,2.63916
0.953434,-0.0701652,2.463,2.64203
0.961428,-0.0701652,2.463,2.64493
0.969422,-0.0701652,2.463,2.64784
0.977417,-0.0701652,2.463,2.65078
0.985411,-0.0701652,2.463,2.65374
1.00067,-0.0706779,2.481,2.67613
1.00872,-0.0706779,2.481,2.67915
1.03152,-0.0717035,2.517,2.72112
1.03969,-0.0717035,2.517,2.72422
1.05577,-0.0722448,2.536,2.74794
1.07198,-0.072786,2.555,2.77172
1.08027,-0.072786,2.555,2.77494
1.11327,-0.0744383,2.613,2.84125
1.13034,-0.0750081,2.633,2.86635
1.13889,-0.0750081,2.633,2.86973
1.15658,-0.0756063,2.654,2.89605
1.18364,-0.0768028,2.696,2.94539
1.19239,-0.0768028,2.696,2.94892
1.20114,-0.0768028,2.696,2.95246
1.24893,-0.0792812,2.783,3.05143
1.25796,-0.0792812,2.783,3.05514
1.267,-0.0792812,2.783,3.05887
1.27603,-0.0792812,2.783,3.06262
1.29568,-0.0799364,2.806,3.09173
1.2941,-0.0792812,2.783,3.07019
1.30313,-0.0792812,2.783,3.07401
1.31216,-0.0792812,2.783,3.07785
1.33211,-0.0799364,2.806,3.10718
1.33023,-0.0792812,2.783,3.08559
1.33926,-0.0792812,2.783,3.0895
1.35944,-0.0799364,2.806,3.11899
1.36854,-0.0799364,2.806,3.12297
1.37765,-0.0799364,2.806,3.12697
1.39813,-0.0805916,2.829,3.15666
1.40731,-0.0805916,2.829,3.16074
1.44053,-0.0819591,2.877,3.21853
1.47456,-0.0833549,2.926,3.27761
1.48405,-0.0833549,2.926,3.2819
1.50631,-0.0840671,2.951,3.31428
1.55647,-0.0863177,3.03,3.40749
1.58026,-0.0870868,3.057,3.44239
1.59019,-0.0870868,3.057,3.44696
1.61424,-0.087856,3.084,3.48203
1.65427,-0.0894798,3.141,3.55113
1.66447,-0.0894798,3.141,3.55589
1.69012,-0.0903059,3.17,3.59355
1.71597,-0.0911321,3.199,3.63131
1.74308,-0.0920152,3.23,3.67147
1.75356,-0.0920152,3.23,3.67646
1.78043,-0.0928698,3.26,3.71566
1.79101,-0.0928698,3.26,3.72075
1.80159,-0.0928698,3.26,3.72585
1.7955,-0.0920152,3.23,3.69664
1.80598,-0.0920152,3.23,3.70175
1.81647,-0.0920152,3.23,3.70687
1.82695,-0.0920152,3.23,3.71202
1.83743,-0.0920152,3.23,3.71719
1.83018,-0.0911321,3.199,3.68666
1.84056,-0.0911321,3.199,3.69183
1.85095,-0.0911321,3.199,3.69701
1.84446,-0.0903059,3.17,3.66866
1.85475,-0.0903059,3.17,3.67385
1.84797,-0.0894798,3.141,3.64539
1.85817,-0.0894798,3.141,3.65057
1.85111,-0.0886537,3.112,3.62202
1.84447,-0.087856,3.084,3.59456
1.85448,-0.087856,3.084,3.5997
1.84816,-0.0870868,3.057,3.57331
1.84168,-0.0863177,3.03,3.54685
1.85151,-0.0863177,3.03,3.55196
1.82879,-0.0848078,2.977,3.49488
1.82239,-0.0840671,2.951,3.46938
1.83197,-0.0840671,2.951,3.47442
1.81035,-0.0826428,2.901,3.42052
1.80471,-0.0819591,2.877,3.39718
1.81405,-0.0819591,2.877,3.40215
1.80817,-0.0812754,2.853,3.37871
1.78749,-0.0799364,2.806,3.32794
1.7966,-0.0799364,2.806,3.33284
1.77675,-0.0786545,2.761,3.28423
1.77148,-0.0780278,2.739,3.26288
1.75242,-0.0768028,2.696,3.21641
1.76117,-0.0768028,2.696,3.22119
1.74235,-0.0756063,2.654,3.17572
1.73711,-0.0750081,2.633,3.15529
1.74566,-0.0750081,2.633,3.16001
1.72755,-0.0738686,2.593,3.11666
1.71053,-0.072786,2.555,3.07559
1.71882,-0.072786,2.555,3.08021
1.71427,-0.0722448,2.536,3.0619
1.7096,-0.0717035,2.517,3.04354
-2.08328,-0.0758043,3.003,3.65565
-2.05558,-0.0751479,2.977,3.61851
-2.04592,-0.0751479,2.977,3.61303
-2.03625,-0.0751479,2.977,3.60756
-2.00889,-0.0744916,2.951,3.57066
-1.99931,-0.0744916,2.951,3.56528
-1.97288,-0.0738606,2.926,3.52976
-1.9305,-0.0726237,2.877,3.46544
-1.92116,-0.0726237,2.877,3.46024
-1.89588,-0.0720178,2.853,3.42624
-1.88662,-0.0720178,2.853,3.42113
-1.86157,-0.071412,2.829,3.3873
-1.85238,-0.071412,2.829,3.38226
-1.82822,-0.0708314,2.806,3.34978
-1.81911,-0.0708314,2.806,3.34482
-1.81,-0.0708314,2.806,3.33987
-1.78613,-0.0702508,2.783,3.30761
-1.7771,-0.0702508,2.783,3.30274
-1.76807,-0.0702508,2.783,3.29789
-1.75903,-0.0702508,2.783,3.29306
-1.75,-0.0702508,2.783,3.28824
-1.75535,-0.0708314,2.806,3.31058
-1.76056,-0.071412,2.829,3.33285
-1.75138,-0.071412,2.829,3.32801
-1.75698,-0.0720178,2.853,3.35138
-1.74772,-0.0720178,2.853,3.34654
-1.73846,-0.0720178,2.853,3.34171
-1.74374,-0.0726237,2.877,3.36497
-1.7344,-0.0726237,2.877,3.36014
-1.72507,-0.0726237,2.877,3.35533
-1.73004,-0.0732295,2.901,3.37849
-1.72062,-0.0732295,2.901,3.37368
-1.72596,-0.0738606,2.926,3.39792
-1.71646,-0.0738606,2.926,3.39311
-1.70696,-0.0738606,2.926,3.38831
-1.69746,-0.0738606,2.926,3.38354
-1.68797,-0.0738606,2.926,3.37878
-1.67847,-0.0738606,2.926,3.37405
nan,nan,nan,NaN
nan,nan,nan,NaN
nan,nan,nan,NaN
nan,nan,nan,NaN
nan,nan,nan,NaN
nan,nan,nan,NaN
nan,nan,nan,NaN
nan,nan,nan,NaN
nan,nan,nan,NaN
nan,nan,nan,NaN
nan,nan,nan,NaN
nan,nan,nan,NaN
nan,nan,nan,NaN
nan,nan,nan,NaN
nan,nan,nan,NaN
nan,nan,nan,NaN
nan,nan,nan,NaN
nan,nan,nan,NaN
nan,nan,nan,NaN
nan,nan,nan,NaN
nan,nan,nan,NaN
nan,nan,nan,NaN
nan,nan,nan,NaN
nan,nan,nan,NaN
-1.30708,-0.0669945,2.654,2.95917
-1.27841,-0.0659596,2.613,2.90972
-1.26993,-0.0659596,2.613,2.906
-1.25179,-0.0654547,2.593,2.88009
-1.24338,-0.0654547,2.593,2.87644
-1.22591,-0.0649751,2.574,2.85176
-1.21756,-0.0649751,2.574,2.84818
-1.20028,-0.0644955,2.555,2.82362
-1.18312,-0.0640159,2.536,2.79914
-1.17489,-0.0640159,2.536,2.79567
-1.14964,-0.0630819,2.499,2.75148
-1.14153,-0.0630819,2.499,2.7481
-1.13341,-0.0630819,2.499,2.74474
-1.1172,-0.0626275,2.481,2.72166
-1.1011,-0.0621731,2.463,2.69864
-1.0931,-0.0621731,2.463,2.69539
-1.08511,-0.0621731,2.463,2.69215
-1.07712,-0.0621731,2.463,2.68894
-1.06912,-0.0621731,2.463,2.68575
-1.06113,-0.0621731,2.463,2.68258
-1.04544,-0.0617188,2.445,2.65984
-1.0375,-0.0617188,2.445,2.65673
-1.02956,-0.0617188,2.445,2.65365
-1.02163,-0.0617188,2.445,2.65058
-1.01369,-0.0617188,2.445,2.64753
-1.00576,-0.0617188,2.445,2.6445
-0.997821,-0.0617188,2.445,2.64149
-0.989885,-0.0617188,2.445,2.6385
-0.981949,-0.0617188,2.445,2.63554
-0.974013,-0.0617188,2.445,2.63259
-0.966077,-0.0617188,2.445,2.62967
-0.951479,-0.0612896,2.428,2.6085
-0.943599,-0.0612896,2.428,2.60563
-0.935718,-0.0612896,2.428,2.60279
-0.927837,-0.0612896,2.428,2.59997
-0.919957,-0.0612896,2.428,2.59716
-0.912076,-0.0612896,2.428,2.59438
-0.904195,-0.0612896,2.428,2.59162
-0.896315,-0.0612896,2.428,2.58888
-0.882213,-0.0608605,2.411,2.56806
-0.874388,-0.0608605,2.411,2.56538
-0.866562,-0.0608605,2.411,2.56272
-0.858737,-0.0608605,2.411,2.56009
-0.850911,-0.0608605,2.411,2.55747
-0.843086,-0.0608605,2.411,2.55488
-0.83526,-0.0608605,2.411,2.55231
-0.827435,-0.0608605,2.411,2.54976
-0.819609,-0.0608605,2.411,2.54723
-0.811784,-0.0608605,2.411,2.54472
-0.803958,-0.0608605,2.411,2.54224
-0.796133,-0.0608605,2.411,2.53977
-0.788307,-0.0608605,2.411,2.53733
-0.780482,-0.0608605,2.411,2.53491
-0.772656,-0.0608605,2.411,2.53251
-0.764831,-0.0608605,2.411,2.53014
-0.757005,-0.0608605,2.411,2.52778
-0.74918,-0.0608605,2.411,2.52545
-0.746581,-0.0612896,2.428,2.54093
-0.738701,-0.0612896,2.428,2.53863
-0.73082,-0.0612896,2.428,2.53634
-0.722939,-0.0612896,2.428,2.53408
-0.715059,-0.0612896,2.428,2.53185
-0.707178,-0.0612896,2.428,2.52963
-0.704194,-0.0617188,2.445,2.54514
-0.696258,-0.0617188,2.445,2.54295
-0.688322,-0.0617188,2.445,2.54079
-0.680386,-0.0617188,2.445,2.53865
-0.677401,-0.0621731,2.463,2.55521
-0.669406,-0.0621731,2.463,2.5531
-0.661412,-0.0621731,2.463,2.55102
-0.653418,-0.0621731,2.463,2.54896
-0.645424,-0.0621731,2.463,2.54692
-0.637429,-0.0621731,2.463,2.54491
-0.629435,-0.0621731,2.463,2.54292
-0.621441,-0.0621731,2.463,2.54095
-0.613446,-0.0621731,2.463,2.53901
-0.605452,-0.0621731,2.463,2.53709
-0.597458,-0.0621731,2.463,2.53519
-0.589464,-0.0621731,2.463,2.53332
-0.581469,-0.0621731,2.463,2.53147
-0.573475,-0.0621731,2.463,2.52965
-0.565481,-0.0621731,2.463,2.52785
-0.557486,-0.0621731,2.463,2.52607
-0.549492,-0.0621731,2.463,2.52432
-0.541498,-0.0621731,2.463,2.52259
-0.533504,-0.0621731,2.463,2.52088
-0.525509,-0.0621731,2.463,2.51921
-0.517515,-0.0621731,2.463,2.51755
-0.509521,-0.0621731,2.463,2.51592
-0.501526,-0.0621731,2.463,2.51431
-0.493532,-0.0621731,2.463,2.51273
-0.485538,-0.0621731,2.463,2.51117
-0.477544,-0.0621731,2.463,2.50964
-0.469549,-0.0621731,2.463,2.50813
-0.464928,-0.0626275,2.481,2.52496
-0.456875,-0.0626275,2.481,2.52349
-0.448823,-0.0626275,2.481,2.52205
-0.44077,-0.0626275,2.481,2.52063
-0.435857,-0.0630819,2.499,2.53751
-0.427746,-0.0630819,2.499,2.53613
-0.419634,-0.0630819,2.499,2.53477
-0.414487,-0.0635362,2.517,2.55169
-0.406318,-0.0635362,2.517,2.55038
-0.398148,-0.0635362,2.517,2.54909
-0.392923,-0.0640159,2.536,2.56706
-0.384691,-0.0640159,2.536,2.56581
-0.37646,-0.0640159,2.536,2.56459
-0.370988,-0.0644955,2.555,2.5826
-0.362695,-0.0644955,2.555,2.58142
-0.354402,-0.0644955,2.555,2.58027
-0.346109,-0.0644955,2.555,2.57914
-0.337816,-0.0644955,2.555,2.57804
-0.329523,-0.0644955,2.555,2.57697
-0.32123,-0.0644955,2.555,2.57592
-0.312937,-0.0644955,2.555,2.5749
-0.304645,-0.0644955,2.555,2.57391
-0.296352,-0.0644955,2.555,2.57294
-0.288059,-0.0644955,2.555,2.572
-0.279766,-0.0644955,2.555,2.57108
-0.269454,-0.0640159,2.536,2.55108
-0.261223,-0.0640159,2.536,2.55022
-0.252992,-0.0640159,2.536,2.54939
-0.244761,-0.0640159,2.536,2.54859
-0.236529,-0.0640159,2.536,2.54781
-0.228298,-0.0640159,2.536,2.54706
-0.218418,-0.0635362,2.517,2.52726
-0.210249,-0.0635362,2.517,2.52657
-0.202079,-0.0635362,2.517,2.5259
-0.193909,-0.0635362,2.517,2.52526
-0.187142,-0.0640159,2.536,2.5437
-0.178911,-0.0640159,2.536,2.54311
-0.170679,-0.0640159,2.536,2.54254
-0.162448,-0.0640159,2.536,2.542
-0.154217,-0.0640159,2.536,2.54149
-0.14708,-0.0644955,2.555,2.56004
-0.138787,-0.0644955,2.555,2.55958
-0.130494,-0.0644955,2.555,2.55914
-0.122201,-0.0644955,2.555,2.55873
-0.113908,-0.0644955,2.555,2.55835
-0.105615,-0.0644955,2.555,2.558
-0.0973222,-0.0644955,2.555,2.55767
-0.0890293,-0.0644955,2.555,2.55736
-0.080136,-0.0640159,2.536,2.53807
-0.0719048,-0.0640159,2.536,2.53783
-0.0636736,-0.0640159,2.536,2.53761
-0.0554423,-0.0640159,2.536,2.53741
-0.0472111,-0.0640159,2.536,2.53725
-0.0389799,-0.0640159,2.536,2.53711
-0.0305183,-0.0635362,2.517,2.51799
-0.0223487,-0.0635362,2.517,2.5179
-0.0141792,-0.0635362,2.517,2.51784
-0.00600962,-0.0635362,2.517,2.51781
0.00215994,-0.0635362,2.517,2.5178
0.0103295,-0.0635362,2.517,2.51782
0.0183668,-0.0630819,2.499,2.49986
0.0264779,-0.0630819,2.499,2.49994
0.034589,-0.0630819,2.499,2.50004
0.0427002,-0.0630819,2.499,2.50016
0.0504453,-0.0626275,2.481,2.4823
0.058498,-0.0626275,2.481,2.48248
0.0665507,-0.0626275,2.481,2.48268
0.0746034,-0.0626275,2.481,2.48291
0.0826561,-0.0626275,2.481,2.48317
0.0907089,-0.0626275,2.481,2.48345
0.0987616,-0.0626275,2.481,2.48375
0.106039,-0.0621731,2.463,2.46607
0.114034,-0.0621731,2.463,2.46642
0.122028,-0.0621731,2.463,2.4668
0.130022,-0.0621731,2.463,2.46721
0.138016,-0.0621731,2.463,2.46765
0.146011,-0.0621731,2.463,2.46811
0.154005,-0.0621731,2.463,2.46859
0.163183,-0.0626275,2.481,2.48715
0.171236,-0.0626275,2.481,2.48769
0.179289,-0.0626275,2.481,2.48826
0.187341,-0.0626275,2.481,2.48885
0.196812,-0.0630819,2.499,2.50753
0.204923,-0.0630819,2.499,2.50818
0.213034,-0.0630819,2.499,2.50886
0.221145,-0.0630819,2.499,2.50956
0.229256,-0.0630819,2.499,2.51029
0.237367,-0.0630819,2.499,2.51104
0.245479,-0.0630819,2.499,2.51182
0.255416,-0.0635362,2.517,2.53072
0.263586,-0.0635362,2.517,2.53156
0.271755,-0.0635362,2.517,2.53243
0.279925,-0.0635362,2.517,2.53331
0.286034,-0.0630819,2.499,2.51611
0.294145,-0.0630819,2.499,2.51704
0.302256,-0.0630819,2.499,2.518
0.310368,-0.0630819,2.499,2.51899
0.318479,-0.0630819,2.499,2.52
0.32659,-0.0630819,2.499,2.52104
0.334701,-0.0630819,2.499,2.5221
0.340343,-0.0626275,2.481,2.50502
0.348396,-0.0626275,2.481,2.50613
0.356448,-0.0626275,2.481,2.50726
0.361856,-0.0621731,2.463,2.49022
0.369851,-0.0621731,2.463,2.49139
0.377845,-0.0621731,2.463,2.49259
0.385839,-0.0621731,2.463,2.49381
0.393834,-0.0621731,2.463,2.49506
0.401828,-0.0621731,2.463,2.49634
0.409822,-0.0621731,2.463,2.49764
0.417816,-0.0621731,2.463,2.49896
0.425811,-0.0621731,2.463,2.50031
0.433805,-0.0621731,2.463,2.50168
0.441799,-0.0621731,2.463,2.50308
0.449794,-0.0621731,2.463,2.50451
0.457788,-0.0621731,2.463,2.50595
0.465782,-0.0621731,2.463,2.50743
0.477239,-0.0626275,2.481,2.52726
0.485292,-0.0626275,2.481,2.52879
0.493344,-0.0626275,2.481,2.53035
0.501397,-0.0626275,2.481,2.53193
0.50945,-0.0626275,2.481,2.53354
0.521257,-0.0630819,2.499,2.55356
0.529368,-0.0630819,2.499,2.55523
0.537479,-0.0630819,2.499,2.55692
0.54559,-0.0630819,2.499,2.55864
0.553702,-0.0630819,2.499,2.56038
0.565859,-0.0635362,2.517,2.58061
0.574029,-0.0635362,2.517,2.58241
0.582199,-0.0635362,2.517,2.58424
0.590368,-0.0635362,2.517,2.58609
0.598538,-0.0635362,2.517,2.58797
0.606707,-0.0635362,2.517,2.58987
0.614877,-0.0635362,2.517,2.59179
0.623046,-0.0635362,2.517,2.59374
0.631216,-0.0635362,2.517,2.59572
0.639385,-0.0635362,2.517,2.59772
0.647555,-0.0635362,2.517,2.59974
0.655725,-0.0635362,2.517,2.60179
0.663894,-0.0635362,2.517,2.60386
0.672064,-0.0635362,2.517,2.60595
0.680233,-0.0635362,2.517,2.60807
0.688403,-0.0635362,2.517,2.61022
0.696572,-0.0635362,2.517,2.61238
0.704742,-0.0635362,2.517,2.61457
0.712911,-0.0635362,2.517,2.61679
0.721081,-0.0635362,2.517,2.61902
0.729251,-0.0635362,2.517,2.62128
0.73742,-0.0635362,2.517,2.62357
0.74559,-0.0635362,2.517,2.62588
0.753759,-0.0635362,2.517,2.62821
0.761929,-0.0635362,2.517,2.63056
0.770098,-0.0635362,2.517,2.63294
0.778268,-0.0635362,2.517,2.63534
0.786437,-0.0635362,2.517,2.63777
0.794607,-0.0635362,2.517,2.64021
0.808836,-0.0640159,2.536,2.66263
0.817068,-0.0640159,2.536,2.66514
0.825299,-0.0640159,2.536,2.66768
0.83353,-0.0640159,2.536,2.67024
0.841761,-0.0640159,2.536,2.67282
0.849993,-0.0640159,2.536,2.67542
0.858224,-0.0640159,2.536,2.67805
0.866455,-0.0640159,2.536,2.6807
0.874686,-0.0640159,2.536,2.68337
0.876303,-0.0635362,2.517,2.66594
0.884472,-0.0635362,2.517,2.66864
0.892642,-0.0635362,2.517,2.67135
0.894369,-0.0630819,2.499,2.65497
0.90248,-0.0630819,2.499,2.65772
0.910591,-0.0630819,2.499,2.66048
0.918703,-0.0630819,2.499,2.66327
0.920138,-0.0626275,2.481,2.64687
0.921457,-0.0621731,2.463,2.63046
0.929451,-0.0621731,2.463,2.63327
0.937445,-0.0621731,2.463,2.6361
0.945439,-0.0621731,2.463,2.63896
0.953434,-0.0621731,2.463,2.64183
0.961428,-0.0621731,2.463,2.64473
0.969422,-0.0621731,2.463,2.64764
0.977417,-0.0621731,2.463,2.65058
0.985411,-0.0621731,2.463,2.65354
1.00067,-0.0626275,2.481,2.67593
1.00872,-0.0626275,2.481,2.67895
1.03152,-0.0635362,2.517,2.72091
1.03969,-0.0635362,2.517,2.72402
1.05577,-0.0640159,2.536,2.74774
1.07198,-0.0644955,2.555,2.77152
1.08027,-0.0644955,2.555,2.77474
1.11327,-0.0659596,2.613,2.84104
1.13034,-0.0664644,2.633,2.86614
1.13889,-0.0664644,2.633,2.86952
1.15658,-0.0669945,2.654,2.89584
1.18364,-0.0680547,2.696,2.94517
1.19239,-0.0680547,2.696,2.9487
1.20114,-0.0680547,2.696,2.95225
1.21931,-0.0685848,2.717,2.97885
1.22813,-0.0685848,2.717,2.98247
1.23695,-0.0685848,2.717,2.98611
1.25586,-0.0691401,2.739,3.01398
1.26475,-0.0691401,2.739,3.0177
1.26341,-0.0685848,2.717,2.99716
1.27223,-0.0685848,2.717,3.00089
1.28104,-0.0685848,2.717,3.00464
1.28986,-0.0685848,2.717,3.00841
1.3092,-0.0691401,2.739,3.03659
1.31809,-0.0691401,2.739,3.04044
1.33764,-0.0696955,2.761,3.06875
1.3466,-0.0696955,2.761,3.07267
1.36636,-0.0702508,2.783,3.10112
1.38676,-0.0708314,2.806,3.13078
1.39587,-0.0708314,2.806,3.13482
1.42851,-0.0720178,2.853,3.19146
1.44986,-0.0726237,2.877,3.2225
1.4592,-0.0726237,2.877,3.22671
1.49355,-0.0738606,2.926,3.28597
1.52925,-0.0751479,2.977,3.34765
1.56631,-0.0764858,3.03,3.41175
1.57614,-0.0764858,3.03,3.41628
1.60011,-0.0771674,3.057,3.45131
1.62425,-0.0778489,3.084,3.48645
1.63426,-0.0778489,3.084,3.49112
1.67466,-0.0792878,3.141,3.56043
1.70041,-0.0800198,3.17,3.59815
1.72635,-0.0807519,3.199,3.63599
1.73673,-0.0807519,3.199,3.64093
1.74712,-0.0807519,3.199,3.64589
1.7575,-0.0807519,3.199,3.65088
1.76788,-0.0807519,3.199,3.65589
1.76214,-0.0800198,3.17,3.62773
1.77243,-0.0800198,3.17,3.63274
1.78272,-0.0800198,3.17,3.63777
1.79301,-0.0800198,3.17,3.64283
1.8033,-0.0800198,3.17,3.6479
1.81359,-0.0800198,3.17,3.653
1.82388,-0.0800198,3.17,3.65812
1.83417,-0.0800198,3.17,3.66326
1.82758,-0.0792878,3.141,3.63486
1.83778,-0.0792878,3.141,3.64
1.83091,-0.0785557,3.112,3.6115
1.84101,-0.0785557,3.112,3.61663
1.83446,-0.0778489,3.084,3.5892
1.82832,-0.0771674,3.057,3.56286
1.83824,-0.0771674,3.057,3.56796
1.83184,-0.0764858,3.03,3.54152
1.82526,-0.0758043,3.003,3.51502
1.83501,-0.0758043,3.003,3.52009
1.82879,-0.0751479,2.977,3.49466
1.82239,-0.0744916,2.951,3.46916
1.83197,-0.0744916,2.951,3.4742
1.81035,-0.0732295,2.901,3.42031
1.80471,-0.0726237,2.877,3.39697
1.81405,-0.0726237,2.877,3.40194
1.80817,-0.0720178,2.853,3.3785
1.78749,-0.0708314,2.806,3.32773
1.7966,-0.0708314,2.806,3.33263
1.77675,-0.0696955,2.761,3.28403
1.77148,-0.0691401,2.739,3.26268
1.75242,-0.0680547,2.696,3.21621
1.76117,-0.0680547,2.696,3.22099
1.74235,-0.0669945,2.654,3.17553
1.73711,-0.0664644,2.633,3.1551
1.74566,-0.0664644,2.633,3.15981
1.72755,-0.0654547,2.593,3.11647
1.71053,-0.0644955,2.555,3.0754
1.71882,-0.0644955,2.555,3.08002
1.71427,-0.0640159,2.536,3.06172
1.69737,-0.0630819,2.499,3.0216
-2.08328,-0.06606,3.003,3.65547
-2.05558,-0.0654881,2.977,3.61832
-2.04592,-0.0654881,2.977,3.61284
-2.01847,-0.0649161,2.951,3.57587
-1.99187,-0.0643662,2.926,3.54022
-1.98238,-0.0643662,2.926,3.53489
-1.95602,-0.0638162,2.901,3.49941
-1.9144,-0.0627603,2.853,3.43635
-1.90514,-0.0627603,2.853,3.4312
-1.89588,-0.0627603,2.853,3.42606
-1.87075,-0.0622324,2.829,3.39217
-1.86157,-0.0622324,2.829,3.38711
-1.85238,-0.0622324,2.829,3.38208
-1.82822,-0.0617264,2.806,3.3496
-1.8042,-0.0612205,2.783,3.31722
-1.79516,-0.0612205,2.783,3.31232
-1.78613,-0.0612205,2.783,3.30743
-1.7771,-0.0612205,2.783,3.30256
-1.76807,-0.0612205,2.783,3.29771
-1.75903,-0.0612205,2.783,3.29288
-1.75,-0.0612205,2.783,3.28806
-1.75535,-0.0617264,2.806,3.3104
-1.74625,-0.0617264,2.806,3.30558
-1.73714,-0.0617264,2.806,3.30077
-1.7422,-0.0622324,2.829,3.32301
-1.73301,-0.0622324,2.829,3.3182
-1.72383,-0.0622324,2.829,3.31341
-1.7292,-0.0627603,2.853,3.33672
-1.7344,-0.0632883,2.877,3.35995
-1.72507,-0.0632883,2.877,3.35514
-1.71573,-0.0632883,2.877,3.35035
-1.73545,-0.0643662,2.926,3.40256
-1.72596,-0.0643662,2.926,3.39773
-1.71646,-0.0643662,2.926,3.39291
-1.70696,-0.0643662,2.926,3.38812
-1.69746,-0.0643662,2.926,3.38334
-1.68797,-0.0643662,2.926,3.37859
-1.67847,-0.0643662,2.926,3.37385
nan,nan,nan,NaN
nan,nan,nan,NaN
nan,nan,nan,NaN
nan,nan,nan,NaN
nan,nan,nan,NaN
nan,nan,nan,NaN
nan,nan,nan,NaN
nan,nan,nan,NaN
nan,nan,nan,NaN
nan,nan,nan,NaN
nan,nan,nan,NaN
nan,nan,nan,NaN
nan,nan,nan,NaN
nan,nan,nan,NaN
nan,nan,nan,NaN
nan,nan,nan,NaN
nan,nan,nan,NaN
nan,nan,nan,NaN
nan,nan,nan,NaN
nan,nan,nan,NaN
nan,nan,nan,NaN
nan,nan,nan,NaN
nan,nan,nan,NaN
nan,nan,nan,NaN
-1.30708,-0.0583827,2.654,2.95899
-1.2882,-0.0579208,2.633,2.93181
-1.27965,-0.0579208,2.633,2.92806
-1.26145,-0.0574808,2.613,2.90212
-1.24338,-0.0570408,2.593,2.87626
-1.22591,-0.0566229,2.574,2.85159
-1.21756,-0.0566229,2.574,2.848
-1.20028,-0.0562049,2.555,2.82345
-1.18312,-0.0557869,2.536,2.79896
-1.17489,-0.0557869,2.536,2.79549
-1.14964,-0.054973,2.499,2.75131
-1.14153,-0.054973,2.499,2.74793
-1.13341,-0.054973,2.499,2.74457
-1.1172,-0.0545771,2.481,2.72148
-1.1011,-0.0541811,2.463,2.69847
-1.0931,-0.0541811,2.463,2.69521
-1.08511,-0.0541811,2.463,2.69198
-1.07712,-0.0541811,2.463,2.68877
-1.06912,-0.0541811,2.463,2.68558
-1.06113,-0.0541811,2.463,2.6824
-1.04544,-0.0537851,2.445,2.65967
-1.0375,-0.0537851,2.445,2.65656
-1.02956,-0.0537851,2.445,2.65347
-1.02163,-0.0537851,2.445,2.6504
-1.01369,-0.0537851,2.445,2.64736
-1.00576,-0.0537851,2.445,2.64433
-0.997821,-0.0537851,2.445,2.64132
-0.989885,-0.0537851,2.445,2.63833
-0.981949,-0.0537851,2.445,2.63536
-0.974013,-0.0537851,2.445,2.63242
-0.966077,-0.0537851,2.445,2.62949
-0.951479,-0.0534112,2.428,2.60832
-0.943599,-0.0534112,2.428,2.60546
-0.935718,-0.0534112,2.428,2.60262
-0.927837,-0.0534112,2.428,2.59979
-0.919957,-0.0534112,2.428,2.59699
-0.912076,-0.0534112,2.428,2.59421
-0.904195,-0.0534112,2.428,2.59145
-0.896315,-0.0534112,2.428,2.58871
-0.882213,-0.0530372,2.411,2.56789
-0.874388,-0.0530372,2.411,2.56521
-0.866562,-0.0530372,2.411,2.56255
-0.858737,-0.0530372,2.411,2.55991
-0.850911,-0.0530372,2.411,2.5573
-0.843086,-0.0530372,2.411,2.55471
-0.83526,-0.0530372,2.411,2.55214
-0.827435,-0.0530372,2.411,2.54958
-0.819609,-0.0530372,2.411,2.54706
-0.811784,-0.0530372,2.411,2.54455
-0.803958,-0.0530372,2.411,2.54206
-0.796133,-0.0530372,2.411,2.5396
-0.788307,-0.0530372,2.411,2.53716
-0.780482,-0.0530372,2.411,2.53474
-0.772656,-0.0530372,2.411,2.53234
-0.764831,-0.0530372,2.411,2.52996
-0.757005,-0.0530372,2.411,2.52761
-0.74918,-0.0530372,2.411,2.52527
-0.741354,-0.0530372,2.411,2.52296
-0.738701,-0.0534112,2.428,2.53845
-0.73082,-0.0534112,2.428,2.53617
-0.722939,-0.0534112,2.428,2.53391
-0.715059,-0.0534112,2.428,2.53167
-0.707178,-0.0534112,2.428,2.52945
-0.704194,-0.0537851,2.445,2.54496
-0.696258,-0.0537851,2.445,2.54277
-0.688322,-0.0537851,2.445,2.54061
-0.680386,-0.0537851,2.445,2.53847
-0.677401,-0.0541811,2.463,2.55503
-0.669406,-0.0541811,2.463,2.55292
-0.661412,-0.0541811,2.463,2.55084
-0.653418,-0.0541811,2.463,2.54878
-0.645424,-0.0541811,2.463,2.54674
-0.637429,-0.0541811,2.463,2.54472
-0.629435,-0.0541811,2.463,2.54273
-0.621441,-0.0541811,2.463,2.54077
-0.613446,-0.0541811,2.463,2.53882
-0.605452,-0.0541811,2.463,2.5369
-0.597458,-0.0541811,2.463,2.53501
-0.589464,-0.0541811,2.463,2.53313
-0.581469,-0.0541811,2.463,2.53129
-0.573475,-0.0541811,2.463,2.52946
-0.565481,-0.0541811,2.463,2.52766
-0.557486,-0.0541811,2.463,2.52589
-0.549492,-0.0541811,2.463,2.52413
-0.541498,-0.0541811,2.463,2.5224
-0.533504,-0.0541811,2.463,2.5207
-0.525509,-0.0541811,2.463,2.51902
-0.513733,-0.0537851,2.445,2.49897
-0.505797,-0.0537851,2.445,2.49735
-0.497861,-0.0537851,2.445,2.49575
-0.489925,-0.0537851,2.445,2.49418
-0.485538,-0.0541811,2.463,2.51099
-0.477544,-0.0541811,2.463,2.50945
-0.469549,-0.0541811,2.463,2.50794
-0.461555,-0.0541811,2.463,2.50646
-0.453561,-0.0541811,2.463,2.505
-0.448823,-0.0545771,2.481,2.52186
-0.44077,-0.0545771,2.481,2.52044
-0.435857,-0.054973,2.499,2.53732
-0.427746,-0.054973,2.499,2.53594
-0.419634,-0.054973,2.499,2.53458
-0.414487,-0.055369,2.517,2.5515
-0.406318,-0.055369,2.517,2.55019
-0.398148,-0.055369,2.517,2.5489
-0.392923,-0.0557869,2.536,2.56686
-0.384691,-0.0557869,2.536,2.56562
-0.379281,-0.0562049,2.555,2.58361
-0.370988,-0.0562049,2.555,2.58241
-0.362695,-0.0562049,2.555,2.58123
-0.354402,-0.0562049,2.555,2.58007
-0.346109,-0.0562049,2.555,2.57895
-0.337816,-0.0562049,2.555,2.57785
-0.329523,-0.0562049,2.555,2.57678
-0.32123,-0.0562049,2.555,2.57573
-0.312937,-0.0562049,2.555,2.57471
-0.304645,-0.0562049,2.555,2.57371
-0.296352,-0.0562049,2.555,2.57274
-0.288059,-0.0562049,2.555,2.5718
-0.279766,-0.0562049,2.555,2.57089
-0.271473,-0.0562049,2.555,2.57
-0.261223,-0.0557869,2.536,2.55003
-0.252992,-0.0557869,2.536,2.5492
-0.244761,-0.0557869,2.536,2.54839
-0.236529,-0.0557869,2.536,2.54762
-0.228298,-0.0557869,2.536,2.54687
-0.218418,-0.055369,2.517,2.52707
-0.210249,-0.055369,2.517,2.52637
-0.202079,-0.055369,2.517,2.52571
-0.193909,-0.055369,2.517,2.52507
-0.18574,-0.055369,2.517,2.52445
-0.17757,-0.055369,2.517,2.52386
-0.170679,-0.0557869,2.536,2.54235
-0.162448,-0.0557869,2.536,2.54181
-0.154217,-0.0557869,2.536,2.5413
-0.145986,-0.0557869,2.536,2.54081
-0.137755,-0.0557869,2.536,2.54035
-0.129523,-0.0557869,2.536,2.53992
-0.121292,-0.0557869,2.536,2.53951
-0.113061,-0.0557869,2.536,2.53913
-0.10483,-0.0557869,2.536,2.53878
-0.0965985,-0.0557869,2.536,2.53845
-0.0883672,-0.0557869,2.536,2.53815
-0.080136,-0.0557869,2.536,2.53788
-0.0719048,-0.0557869,2.536,2.53763
-0.0636736,-0.0557869,2.536,2.53741
-0.0554423,-0.0557869,2.536,2.53722
-0.0472111,-0.0557869,2.536,2.53705
-0.0389799,-0.0557869,2.536,2.53691
-0.0305183,-0.055369,2.517,2.51779
-0.0223487,-0.055369,2.517,2.51771
-0.0141792,-0.055369,2.517,2.51765
-0.00600962,-0.055369,2.517,2.51762
0.00215994,-0.055369,2.517,2.51761
0.0103295,-0.055369,2.517,2.51763
0.0183668,-0.054973,2.499,2.49967
0.0264779,-0.054973,2.499,2.49974
0.034589,-0.054973,2.499,2.49984
0.0427002,-0.054973,2.499,2.49997
0.0504453,-0.0545771,2.481,2.48211
0.058498,-0.0545771,2.481,2.48229
0.0665507,-0.0545771,2.481,2.48249
0.0746034,-0.0545771,2.481,2.48272
0.0826561,-0.0545771,2.481,2.48298
0.0907089,-0.0545771,2.481,2.48326
0.0987616,-0.0545771,2.481,2.48356
0.106039,-0.0541811,2.463,2.46588
0.114034,-0.0541811,2.463,2.46623
0.122028,-0.0541811,2.463,2.46662
0.130022,-0.0541811,2.463,2.46702
0.138016,-0.0541811,2.463,2.46746
0.146011,-0.0541811,2.463,2.46792
0.154005,-0.0541811,2.463,2.4684
0.163183,-0.0545771,2.481,2.48696
0.171236,-0.0545771,2.481,2.4875
0.179289,-0.0545771,2.481,2.48807
0.187341,-0.0545771,2.481,2.48866
0.196812,-0.054973,2.499,2.50734
0.204923,-0.054973,2.499,2.50799
0.213034,-0.054973,2.499,2.50867
0.221145,-0.054973,2.499,2.50937
0.229256,-0.054973,2.499,2.5101
0.237367,-0.054973,2.499,2.51085
0.247247,-0.055369,2.517,2.52972
0.255416,-0.055369,2.517,2.53053
0.263586,-0.055369,2.517,2.53137
0.271755,-0.055369,2.517,2.53223
0.279925,-0.055369,2.517,2.53312
0.286034,-0.054973,2.499,2.51592
0.294145,-0.054973,2.499,2.51685
0.302256,-0.054973,2.499,2.51781
0.310368,-0.054973,2.499,2.5188
0.318479,-0.054973,2.499,2.51981
0.32659,-0.054973,2.499,2.52085
0.334701,-0.054973,2.499,2.52191
0.340343,-0.0545771,2.481,2.50483
0.348396,-0.0545771,2.481,2.50594
0.356448,-0.0545771,2.481,2.50707
0.361856,-0.0541811,2.463,2.49003
0.369851,-0.0541811,2.463,2.4912
0.377845,-0.0541811,2.463,2.4924
0.385839,-0.0541811,2.463,2.49363
0.393834,-0.0541811,2.463,2.49488
0.401828,-0.0541811,2.463,2.49615
0.409822,-0.0541811,2.463,2.49745
0.417816,-0.0541811,2.463,2.49877
0.425811,-0.0541811,2.463,2.50012
0.433805,-0.0541811,2.463,2.5015
0.441799,-0.0541811,2.463,2.5029
0.449794,-0.0541811,2.463,2.50432
0.457788,-0.0541811,2.463,2.50577
0.465782,-0.0541811,2.463,2.50724
0.477239,-0.0545771,2.481,2.52707
0.485292,-0.0545771,2.481,2.52861
0.493344,-0.0545771,2.481,2.53016
0.501397,-0.0545771,2.481,2.53175
0.50945,-0.0545771,2.481,2.53335
0.521257,-0.054973,2.499,2.55338
0.529368,-0.054973,2.499,2.55504
0.537479,-0.054973,2.499,2.55674
0.54559,-0.054973,2.499,2.55845
0.553702,-0.054973,2.499,2.5602
0.565859,-0.055369,2.517,2.58042
0.574029,-0.055369,2.517,2.58222
0.582199,-0.055369,2.517,2.58405
0.590368,-0.055369,2.517,2.5859
0.598538,-0.055369,2.517,2.58778
0.606707,-0.055369,2.517,2.58968
0.614877,-0.055369,2.517,2.59161
0.623046,-0.055369,2.517,2.59356
0.631216,-0.055369,2.517,2.59553
0.639385,-0.055369,2.517,2.59753
0.647555,-0.055369,2.517,2.59955
0.655725,-0.055369,2.517,2.6016
0.663894,-0.055369,2.517,2.60367
0.672064,-0.055369,2.517,2.60577
0.680233,-0.055369,2.517,2.60789
0.688403,-0.055369,2.517,2.61003
0.696572,-0.055369,2.517,2.6122
0.704742,-0.055369,2.517,2.61439
0.712911,-0.055369,2.517,2.6166
0.721081,-0.055369,2.517,2.61884
0.729251,-0.055369,2.517,2.6211
0.73742,-0.055369,2.517,2.62338
0.74559,-0.055369,2.517,2.62569
0.753759,-0.055369,2.517,2.62802
0.761929,-0.055369,2.517,2.63038
0.770098,-0.055369,2.517,2.63276
0.778268,-0.055369,2.517,2.63516
0.786437,-0.055369,2.517,2.63758
0.794607,-0.055369,2.517,2.64003
0.808836,-0.0557869,2.536,2.66245
0.817068,-0.0557869,2.536,2.66496
0.825299,-0.0557869,2.536,2.66749
0.83353,-0.0557869,2.536,2.67005
0.841761,-0.0557869,2.536,2.67263
0.849993,-0.0557869,2.536,2.67524
0.858224,-0.0557869,2.536,2.67786
0.859963,-0.055369,2.517,2.66043
0.868133,-0.055369,2.517,2.66308
0.876303,-0.055369,2.517,2.66576
0.884472,-0.055369,2.517,2.66845
0.892642,-0.055369,2.517,2.67117
0.894369,-0.054973,2.499,2.65479
0.90248,-0.054973,2.499,2.65754
0.904033,-0.0545771,2.481,2.64114
0.912085,-0.0545771,2.481,2.64391
0.920138,-0.0545771,2.481,2.64669
0.921457,-0.0541811,2.463,2.63028
0.929451,-0.0541811,2.463,2.63309
0.937445,-0.0541811,2.463,2.63593
0.945439,-0.0541811,2.463,2.63878
0.953434,-0.0541811,2.463,2.64165
0.961428,-0.0541811,2.463,2.64455
0.969422,-0.0541811,2.463,2.64747
0.977417,-0.0541811,2.463,2.65041
0.985411,-0.0541811,2.463,2.65336
0.993405,-0.0541811,2.463,2.65634
1.00872,-0.0545771,2.481,2.67878
1.02415,-0.054973,2.499,2.70128
1.03226,-0.054973,2.499,2.70436
1.04786,-0.055369,2.517,2.72697
1.064,-0.0557869,2.536,2.75073
1.07224,-0.0557869,2.536,2.75392
1.09666,-0.0566229,2.574,2.79845
1.11317,-0.0570408,2.593,2.82242
1.12158,-0.0570408,2.593,2.82575
1.13872,-0.0574808,2.613,2.85092
1.15598,-0.0579208,2.633,2.87617
1.17381,-0.0583827,2.654,2.90258
1.18243,-0.0583827,2.654,2.90607
1.19104,-0.0583827,2.654,2.90959
1.19965,-0.0583827,2.654,2.91312
1.20827,-0.0583827,2.654,2.91668
1.22651,-0.0588447,2.675,2.94337
1.23519,-0.0588447,2.675,2.947
1.24388,-0.0588447,2.675,2.95065
1.26239,-0.0593066,2.696,2.97751
1.27114,-0.0593066,2.696,2.98123
1.27989,-0.0593066,2.696,2.98497
1.28864,-0.0593066,2.696,2.98873
1.29739,-0.0593066,2.696,2.99252
1.32698,-0.0602525,2.739,3.04411
1.33587,-0.0602525,2.739,3.048
1.35556,-0.0607365,2.761,3.07642
1.38676,-0.0617264,2.806,3.13058
1.39587,-0.0617264,2.806,3.13463
1.41649,-0.0622324,2.829,3.16442
1.43777,-0.0627603,2.853,3.19542
1.44703,-0.0627603,2.853,3.1996
1.48079,-0.0638162,2.901,3.2577
1.51589,-0.0649161,2.951,3.31821
1.55235,-0.06606,3.003,3.38115
1.5621,-0.06606,3.003,3.38563
1.58598,-0.066654,3.03,3.42062
1.61003,-0.0672479,3.057,3.45572
1.61995,-0.0672479,3.057,3.46035
1.64427,-0.0678419,3.084,3.49561
1.6693,-0.0684578,3.112,3.53211
1.6794,-0.0684578,3.112,3.53689
1.70524,-0.0690957,3.141,3.5747
1.71544,-0.0690957,3.141,3.57958
1.72563,-0.0690957,3.141,3.58448
1.73583,-0.0690957,3.141,3.5894
1.74602,-0.0690957,3.141,3.59434
1.75622,-0.0690957,3.141,3.5993
1.76641,-0.0690957,3.141,3.60429
1.77661,-0.0690957,3.141,3.60929
1.7868,-0.0690957,3.141,3.61432
1.78041,-0.0684578,3.112,3.58596
1.79051,-0.0684578,3.112,3.59098
1.80061,-0.0684578,3.112,3.59603
1.81071,-0.0684578,3.112,3.6011
1.82081,-0.0684578,3.112,3.60619
1.81444,-0.0678419,3.084,3.5788
1.82445,-0.0678419,3.084,3.58389
1.8184,-0.0672479,3.057,3.55758
1.81217,-0.066654,3.03,3.53119
1.82201,-0.066654,3.03,3.53625
1.83184,-0.066654,3.03,3.54133
1.80946,-0.0654881,2.977,3.48439
1.81912,-0.0654881,2.977,3.48942
1.82879,-0.0654881,2.977,3.49446
1.82239,-0.0649161,2.951,3.46897
1.83197,-0.0649161,2.951,3.47401
1.81035,-0.0638162,2.901,3.42012
1.80471,-0.0632883,2.877,3.39678
1.81405,-0.0632883,2.877,3.40175
1.80817,-0.0627603,2.853,3.37832
1.78749,-0.0617264,2.806,3.32755
1.78187,-0.0612205,2.783,3.30514
1.77675,-0.0607365,2.761,3.28385
1.77148,-0.0602525,2.739,3.2625
1.75242,-0.0593066,2.696,3.21604
1.76117,-0.0593066,2.696,3.22082
1.75614,-0.0588447,2.675,3.20049
1.73711,-0.0579208,2.633,3.15493
1.74566,-0.0579208,2.633,3.15965
1.72755,-0.0570408,2.593,3.1163
1.71053,-0.0562049,2.555,3.07524
1.71882,-0.0562049,2.555,3.07986
1.70143,-0.055369,2.517,3.03862
1.69737,-0.054973,2.499,3.02144
-2.08328,-0.0563158,3.003,3.6553
-2.05558,-0.0558282,2.977,3.61816
-2.04592,-0.0558282,2.977,3.61268
-2.01847,-0.0553406,2.951,3.57571
-1.99187,-0.0548718,2.926,3.54006
-1.98238,-0.0548718,2.926,3.53473
-1.95602,-0.0544029,2.901,3.49926
-1.9144,-0.0535028,2.853,3.43619
-1.90514,-0.0535028,2.853,3.43104
-1.89588,-0.0535028,2.853,3.42591
-1.87075,-0.0530527,2.829,3.39201
-1.86157,-0.0530527,2.829,3.38696
-1.85238,-0.0530527,2.829,3.38192
-1.82822,-0.0526214,2.806,3.34944
-1.8042,-0.0521901,2.783,3.31707
-1.79516,-0.0521901,2.783,3.31216
-1.78613,-0.0521901,2.783,3.30728
-1.7771,-0.0521901,2.783,3.30241
-1.76807,-0.0521901,2.783,3.29756
-1.75903,-0.0521901,2.783,3.29272
-1.75,-0.0521901,2.783,3.2879
-1.75535,-0.0526214,2.806,3.31024
-1.74625,-0.0526214,2.806,3.30542
-1.73714,-0.0526214,2.806,3.30062
-1.7422,-0.0530527,2.829,3.32285
-1.73301,-0.0530527,2.829,3.31804
-1.72383,-0.0530527,2.829,3.31325
-1.7292,-0.0535028,2.853,3.33655
-1.7344,-0.0539529,2.877,3.35979
-1.72507,-0.0539529,2.877,3.35498
-1.71573,-0.0539529,2.877,3.35019
-1.73545,-0.0548718,2.926,3.40239
-1.72596,-0.0548718,2.926,3.39756
-1.71646,-0.0548718,2.926,3.39274
nan,nan,nan,NaN
nan,nan,nan,NaN
nan,nan,nan,NaN
nan,nan,nan,NaN
nan,nan,nan,NaN
nan,nan,nan,NaN
nan,nan,nan,NaN
nan,nan,nan,NaN
nan,nan,nan,NaN
nan,nan,nan,NaN
nan,nan,nan,NaN
nan,nan,nan,NaN
nan,nan,nan,NaN
nan,nan,nan,NaN
nan,nan,nan,NaN
nan,nan,nan,NaN
nan,nan,nan,NaN
nan,nan,nan,NaN
nan,nan,nan,NaN
nan,nan,nan,NaN
nan,nan,nan,NaN
nan,nan,nan,NaN
nan,nan,nan,NaN
-1.40459,-0.0517775,2.761,3.09817
-1.39563,-0.0517775,2.761,3.09412
-1.37562,-0.0513649,2.739,3.06547
-1.34527,-0.0505585,2.696,3.01342
-1.33652,-0.0505585,2.696,3.00953
-1.30708,-0.0497709,2.654,2.95883
-1.2882,-0.0493771,2.633,2.93165
-1.27965,-0.0493771,2.633,2.92791
-1.25179,-0.048627,2.593,2.87976
-1.24338,-0.048627,2.593,2.87611
-1.22591,-0.0482707,2.574,2.85143
-1.21756,-0.0482707,2.574,2.84785
-1.20028,-0.0479144,2.555,2.82329
-1.17426,-0.0472017,2.517,2.77784
-1.16609,-0.0472017,2.517,2.7744
-1.14964,-0.0468642,2.499,2.75116
-1.1333,-0.0465266,2.481,2.72799
-1.12525,-0.0465266,2.481,2.72465
-1.1172,-0.0465266,2.481,2.72133
-1.1011,-0.0461891,2.463,2.69832
-1.0931,-0.0461891,2.463,2.69507
-1.07718,-0.0458515,2.445,2.67216
-1.06924,-0.0458515,2.445,2.66897
-1.06131,-0.0458515,2.445,2.6658
-1.05337,-0.0458515,2.445,2.66265
-1.04544,-0.0458515,2.445,2.65952
-1.03029,-0.0455327,2.428,2.63794
-1.02241,-0.0455327,2.428,2.63488
-1.01452,-0.0455327,2.428,2.63183
-1.00664,-0.0455327,2.428,2.6288
-0.998763,-0.0455327,2.428,2.62579
-0.990883,-0.0455327,2.428,2.62281
-0.983002,-0.0455327,2.428,2.61984
-0.975121,-0.0455327,2.428,2.61689
-0.967241,-0.0455327,2.428,2.61397
-0.95936,-0.0455327,2.428,2.61106
-0.951479,-0.0455327,2.428,2.60817
-0.943599,-0.0455327,2.428,2.60531
-0.935718,-0.0455327,2.428,2.60247
-0.927837,-0.0455327,2.428,2.59964
-0.919957,-0.0455327,2.428,2.59684
-0.912076,-0.0455327,2.428,2.59406
-0.897864,-0.0452139,2.411,2.57315
-0.890039,-0.0452139,2.411,2.57043
-0.882213,-0.0452139,2.411,2.56774
-0.874388,-0.0452139,2.411,2.56506
-0.866562,-0.0452139,2.411,2.5624
-0.858737,-0.0452139,2.411,2.55976
-0.850911,-0.0452139,2.411,2.55715
-0.837141,-0.0448951,2.394,2.53654
-0.829371,-0.0448951,2.394,2.53399
-0.821601,-0.0448951,2.394,2.53146
-0.81383,-0.0448951,2.394,2.52895
-0.811784,-0.0452139,2.411,2.5444
-0.803958,-0.0452139,2.411,2.54191
-0.796133,-0.0452139,2.411,2.53945
-0.788307,-0.0452139,2.411,2.537
-0.780482,-0.0452139,2.411,2.53458
-0.772656,-0.0452139,2.411,2.53219
-0.764831,-0.0452139,2.411,2.52981
-0.757005,-0.0452139,2.411,2.52745
-0.74918,-0.0452139,2.411,2.52512
-0.741354,-0.0452139,2.411,2.52281
-0.738701,-0.0455327,2.428,2.53829
-0.73082,-0.0455327,2.428,2.53601
-0.722939,-0.0455327,2.428,2.53375
-0.715059,-0.0455327,2.428,2.53151
-0.707178,-0.0455327,2.428,2.5293
-0.704194,-0.0458515,2.445,2.5448
-0.696258,-0.0458515,2.445,2.54262
-0.693389,-0.0461891,2.463,2.55916
-0.685395,-0.0461891,2.463,2.557
-0.677401,-0.0461891,2.463,2.55487
-0.669406,-0.0461891,2.463,2.55276
-0.661412,-0.0461891,2.463,2.55068
-0.653418,-0.0461891,2.463,2.54862
-0.645424,-0.0461891,2.463,2.54658
-0.637429,-0.0461891,2.463,2.54457
-0.629435,-0.0461891,2.463,2.54258
-0.621441,-0.0461891,2.463,2.54061
-0.613446,-0.0461891,2.463,2.53866
-0.605452,-0.0461891,2.463,2.53674
-0.597458,-0.0461891,2.463,2.53485
-0.589464,-0.0461891,2.463,2.53298
-0.581469,-0.0461891,2.463,2.53113
-0.573475,-0.0461891,2.463,2.5293
-0.565481,-0.0461891,2.463,2.5275
-0.553412,-0.0458515,2.445,2.50727
-0.545476,-0.0458515,2.445,2.50553
-0.53754,-0.0458515,2.445,2.50381
-0.529605,-0.0458515,2.445,2.50212
-0.521669,-0.0458515,2.445,2.50045
-0.513733,-0.0458515,2.445,2.49881
-0.505797,-0.0458515,2.445,2.49719
-0.497861,-0.0458515,2.445,2.49559
-0.489925,-0.0458515,2.445,2.49402
-0.481989,-0.0458515,2.445,2.49248
-0.474054,-0.0458515,2.445,2.49095
-0.469549,-0.0461891,2.463,2.50778
-0.461555,-0.0461891,2.463,2.5063
-0.453561,-0.0461891,2.463,2.50484
-0.445566,-0.0461891,2.463,2.5034
-0.44077,-0.0465266,2.481,2.52028
-0.435857,-0.0468642,2.499,2.53716
-0.427746,-0.0468642,2.499,2.53578
-0.419634,-0.0468642,2.499,2.53442
-0.414487,-0.0472017,2.517,2.55134
-0.406318,-0.0472017,2.517,2.55002
-0.401154,-0.047558,2.536,2.56797
-0.392923,-0.047558,2.536,2.5667
-0.384691,-0.047558,2.536,2.56545
-0.379281,-0.0479144,2.555,2.58344
-0.370988,-0.0479144,2.555,2.58224
-0.362695,-0.0479144,2.555,2.58106
-0.354402,-0.0479144,2.555,2.57991
-0.348683,-0.0482707,2.574,2.59796
-0.340328,-0.0482707,2.574,2.59685
-0.331974,-0.0482707,2.574,2.59577
-0.32123,-0.0479144,2.555,2.57556
-0.312937,-0.0479144,2.555,2.57454
-0.304645,-0.0479144,2.555,2.57354
-0.296352,-0.0479144,2.555,2.57258
-0.288059,-0.0479144,2.555,2.57163
-0.279766,-0.0479144,2.555,2.57072
-0.271473,-0.0479144,2.555,2.56983
-0.261223,-0.047558,2.536,2.54986
-0.252992,-0.047558,2.536,2.54903
-0.244761,-0.047558,2.536,2.54823
-0.236529,-0.047558,2.536,2.54745
-0.228298,-0.047558,2.536,2.5467
-0.218418,-0.0472017,2.517,2.5269
-0.210249,-0.0472017,2.517,2.52621
-0.202079,-0.0472017,2.517,2.52554
-0.193909,-0.0472017,2.517,2.5249
-0.18574,-0.0472017,2.517,2.52429
-0.17757,-0.0472017,2.517,2.5237
-0.170679,-0.047558,2.536,2.54218
-0.162448,-0.047558,2.536,2.54164
-0.154217,-0.047558,2.536,2.54113
-0.145986,-0.047558,2.536,2.54064
-0.137755,-0.047558,2.536,2.54018
-0.129523,-0.047558,2.536,2.53975
-0.121292,-0.047558,2.536,2.53934
-0.113061,-0.047558,2.536,2.53896
-0.10483,-0.047558,2.536,2.53861
-0.0965985,-0.047558,2.536,2.53828
-0.0883672,-0.047558,2.536,2.53798
-0.080136,-0.047558,2.536,2.53771
-0.0719048,-0.047558,2.536,2.53746
-0.0636736,-0.047558,2.536,2.53725
-0.0554423,-0.047558,2.536,2.53705
-0.0472111,-0.047558,2.536,2.53689
-0.0389799,-0.047558,2.536,2.53675
-0.0305183,-0.0472017,2.517,2.51763
-0.0223487,-0.0472017,2.517,2.51754
-0.0141792,-0.0472017,2.517,2.51748
-0.00600962,-0.0472017,2.517,2.51745
0.00215994,-0.0472017,2.517,2.51744
0.0103295,-0.0472017,2.517,2.51746
0.0183668,-0.0468642,2.499,2.49951
0.0264779,-0.0468642,2.499,2.49958
0.034589,-0.0468642,2.499,2.49968
0.0427002,-0.0468642,2.499,2.4998
0.0504453,-0.0465266,2.481,2.48195
0.058498,-0.0465266,2.481,2.48213
0.0665507,-0.0465266,2.481,2.48233
0.0746034,-0.0465266,2.481,2.48256
0.0826561,-0.0465266,2.481,2.48281
0.0907089,-0.0465266,2.481,2.48309
0.0987616,-0.0465266,2.481,2.4834
0.106039,-0.0461891,2.463,2.46571
0.114034,-0.0461891,2.463,2.46607
0.122028,-0.0461891,2.463,2.46645
0.130022,-0.0461891,2.463,2.46686
0.138016,-0.0461891,2.463,2.4673
0.146011,-0.0461891,2.463,2.46776
0.154005,-0.0461891,2.463,2.46824
0.163183,-0.0465266,2.481,2.4868
0.171236,-0.0465266,2.481,2.48734
0.179289,-0.0465266,2.481,2.48791
0.187341,-0.0465266,2.481,2.4885
0.196812,-0.0468642,2.499,2.50718
0.204923,-0.0468642,2.499,2.50783
0.213034,-0.0468642,2.499,2.5085
0.221145,-0.0468642,2.499,2.5092
0.229256,-0.0468642,2.499,2.50993
0.237367,-0.0468642,2.499,2.51069
0.247247,-0.0472017,2.517,2.52956
0.255416,-0.0472017,2.517,2.53037
0.263586,-0.0472017,2.517,2.5312
0.271755,-0.0472017,2.517,2.53207
0.279925,-0.0472017,2.517,2.53296
0.286034,-0.0468642,2.499,2.51575
0.294145,-0.0468642,2.499,2.51669
0.302256,-0.0468642,2.499,2.51765
0.310368,-0.0468642,2.499,2.51864
0.318479,-0.0468642,2.499,2.51965
0.32659,-0.0468642,2.499,2.52069
0.334701,-0.0468642,2.499,2.52175
0.340343,-0.0465266,2.481,2.50467
0.348396,-0.0465266,2.481,2.50577
0.356448,-0.0465266,2.481,2.50691
0.361856,-0.0461891,2.463,2.48987
0.369851,-0.0461891,2.463,2.49104
0.377845,-0.0461891,2.463,2.49224
0.385839,-0.0461891,2.463,2.49347
0.393834,-0.0461891,2.463,2.49472
0.401828,-0.0461891,2.463,2.49599
0.409822,-0.0461891,2.463,2.49729
0.417816,-0.0461891,2.463,2.49861
0.425811,-0.0461891,2.463,2.49996
0.433805,-0.0461891,2.463,2.50134
0.441799,-0.0461891,2.463,2.50274
0.449794,-0.0461891,2.463,2.50416
0.457788,-0.0461891,2.463,2.50561
0.465782,-0.0461891,2.463,2.50708
0.477239,-0.0465266,2.481,2.52691
0.485292,-0.0465266,2.481,2.52845
0.493344,-0.0465266,2.481,2.53
0.501397,-0.0465266,2.481,2.53159
0.50945,-0.0465266,2.481,2.53319
0.521257,-0.0468642,2.499,2.55322
0.529368,-0.0468642,2.499,2.55488
0.537479,-0.0468642,2.499,2.55658
0.54559,-0.0468642,2.499,2.55829
0.553702,-0.0468642,2.499,2.56004
0.565859,-0.0472017,2.517,2.58025
0.574029,-0.0472017,2.517,2.58206
0.582199,-0.0472017,2.517,2.58389
0.590368,-0.0472017,2.517,2.58574
0.598538,-0.0472017,2.517,2.58762
0.606707,-0.0472017,2.517,2.58952
0.614877,-0.0472017,2.517,2.59145
0.623046,-0.0472017,2.517,2.5934
0.631216,-0.0472017,2.517,2.59537
0.639385,-0.0472017,2.517,2.59737
0.647555,-0.0472017,2.517,2.59939
0.655725,-0.0472017,2.517,2.60144
0.663894,-0.0472017,2.517,2.60351
0.672064,-0.0472017,2.517,2.60561
0.680233,-0.0472017,2.517,2.60773
0.688403,-0.0472017,2.517,2.60987
0.70183,-0.047558,2.536,2.63175
0.704742,-0.0472017,2.517,2.61423
0.712911,-0.0472017,2.517,2.61644
0.721081,-0.0472017,2.517,2.61868
0.729251,-0.0472017,2.517,2.62094
0.73742,-0.0472017,2.517,2.62322
0.74559,-0.0472017,2.517,2.62553
0.753759,-0.0472017,2.517,2.62786
0.761929,-0.0472017,2.517,2.63022
0.770098,-0.0472017,2.517,2.6326
0.778268,-0.0472017,2.517,2.635
0.786437,-0.0472017,2.517,2.63742
0.794607,-0.0472017,2.517,2.63987
0.802777,-0.0472017,2.517,2.64234
0.817068,-0.047558,2.536,2.6648
0.825299,-0.047558,2.536,2.66734
0.83353,-0.047558,2.536,2.66989
0.841761,-0.047558,2.536,2.67247
0.849993,-0.047558,2.536,2.67508
0.851794,-0.0472017,2.517,2.65764
0.859963,-0.0472017,2.517,2.66027
0.868133,-0.0472017,2.517,2.66293
0.876303,-0.0472017,2.517,2.6656
0.878147,-0.0468642,2.499,2.64921
0.886258,-0.0468642,2.499,2.65191
0.894369,-0.0468642,2.499,2.65464
0.89598,-0.0465266,2.481,2.63824
0.904033,-0.0465266,2.481,2.64099
0.912085,-0.0465266,2.481,2.64375
0.920138,-0.0465266,2.481,2.64654
0.921457,-0.0461891,2.463,2.63013
0.929451,-0.0461891,2.463,2.63294
0.937445,-0.0461891,2.463,2.63577
0.945439,-0.0461891,2.463,2.63863
0.953434,-0.0461891,2.463,2.6415
0.961428,-0.0461891,2.463,2.6444
0.969422,-0.0461891,2.463,2.64732
0.977417,-0.0461891,2.463,2.65025
0.985411,-0.0461891,2.463,2.65321
0.993405,-0.0461891,2.463,2.65619
1.00872,-0.0465266,2.481,2.67863
1.02415,-0.0468642,2.499,2.70112
1.03226,-0.0468642,2.499,2.70421
1.04786,-0.0472017,2.517,2.72682
1.05603,-0.0472017,2.517,2.72997
1.0642,-0.0472017,2.517,2.73314
1.08856,-0.0479144,2.555,2.77764
1.10501,-0.0482707,2.574,2.80158
1.11337,-0.0482707,2.574,2.80489
1.13,-0.048627,2.593,2.82894
1.1472,-0.049002,2.613,2.85416
1.15568,-0.049002,2.613,2.85758
1.16416,-0.049002,2.613,2.86102
1.17264,-0.049002,2.613,2.86448
1.18112,-0.049002,2.613,2.86796
1.1896,-0.049002,2.613,2.87147
1.20725,-0.0493771,2.633,2.897
1.2255,-0.0497709,2.654,2.9237
1.23411,-0.0497709,2.654,2.92732
1.25256,-0.0501647,2.675,2.95416
1.26124,-0.0501647,2.675,2.95785
1.26992,-0.0501647,2.675,2.96156
1.28864,-0.0505585,2.696,2.98857
1.29739,-0.0505585,2.696,2.99236
1.32698,-0.0513649,2.739,3.04395
1.33587,-0.0513649,2.739,3.04784
1.35556,-0.0517775,2.761,3.07625
1.37539,-0.0521901,2.783,3.10476
1.38443,-0.0521901,2.783,3.10877
1.41649,-0.0530527,2.829,3.16425
1.43777,-0.0535028,2.853,3.19525
1.44703,-0.0535028,2.853,3.19943
1.48079,-0.0544029,2.901,3.25753
1.51589,-0.0553406,2.951,3.31804
1.55235,-0.0563158,3.003,3.38097
1.5621,-0.0563158,3.003,3.38546
1.58598,-0.0568221,3.03,3.42045
1.61003,-0.0573284,3.057,3.45554
1.61995,-0.0573284,3.057,3.46017
1.64427,-0.0578348,3.084,3.49543
1.6693,-0.0583599,3.112,3.53193
1.6794,-0.0583599,3.112,3.53671
1.70524,-0.0589037,3.141,3.57452
1.71544,-0.0589037,3.141,3.5794
1.72563,-0.0589037,3.141,3.58429
1.73583,-0.0589037,3.141,3.58921
1.74602,-0.0589037,3.141,3.59416
1.75622,-0.0589037,3.141,3.59912
1.76641,-0.0589037,3.141,3.6041
1.77661,-0.0589037,3.141,3.60911
1.7868,-0.0589037,3.141,3.61414
1.78041,-0.0583599,3.112,3.58578
1.79051,-0.0583599,3.112,3.5908
1.80061,-0.0583599,3.112,3.59585
1.81071,-0.0583599,3.112,3.60092
1.82081,-0.0583599,3.112,3.60601
1.81444,-0.0578348,3.084,3.57863
1.82445,-0.0578348,3.084,3.58371
1.8184,-0.0573284,3.057,3.5574
1.81217,-0.0568221,3.03,3.53102
1.82201,-0.0568221,3.03,3.53608
1.83184,-0.0568221,3.03,3.54115
1.80946,-0.0558282,2.977,3.48422
1.81912,-0.0558282,2.977,3.48925
1.82879,-0.0558282,2.977,3.4943
1.82239,-0.0553406,2.951,3.4688
1.83197,-0.0553406,2.951,3.47384
1.82595,-0.0548718,2.926,3.44943
1.80471,-0.0539529,2.877,3.39662
1.81405,-0.0539529,2.877,3.40159
1.80817,-0.0535028,2.853,3.37816
1.80215,-0.0530527,2.829,3.35467
1.78187,-0.0521901,2.783,3.30498
1.79091,-0.0521901,2.783,3.30986
1.77148,-0.0513649,2.739,3.26235
1.75242,-0.0505585,2.696,3.21589
1.76117,-0.0505585,2.696,3.22067
1.75614,-0.0501647,2.675,3.20034
1.73711,-0.0493771,2.633,3.15479
1.74566,-0.0493771,2.633,3.1595
1.72755,-0.048627,2.593,3.11616
1.71053,-0.0479144,2.555,3.0751
1.71882,-0.0479144,2.555,3.07972
1.70143,-0.0472017,2.517,3.03848
1.69737,-0.0468642,2.499,3.0213
-2.08328,-0.0465715,3.003,3.65517
-2.03763,-0.0457651,2.951,3.58642
-2.02805,-0.0457651,2.951,3.58099
-2.00137,-0.0453774,2.926,3.54528
-1.97485,-0.0449897,2.901,3.50968
-1.96544,-0.0449897,2.901,3.50439
-1.93984,-0.0446175,2.877,3.47017
-1.9144,-0.0442453,2.853,3.43606
-1.90514,-0.0442453,2.853,3.43091
-1.86465,-0.0435164,2.806,3.36934
-1.85554,-0.0435164,2.806,3.36431
-1.84643,-0.0435164,2.806,3.35929
-1.83732,-0.0435164,2.806,3.35429
-1.81323,-0.0431597,2.783,3.32186
-1.78993,-0.0428185,2.761,3.29072
-1.78097,-0.0428185,2.761,3.28585
-1.77201,-0.0428185,2.761,3.281
-1.76305,-0.0428185,2.761,3.27617
-1.75409,-0.0428185,2.761,3.27136
-1.74513,-0.0428185,2.761,3.26656
-1.73617,-0.0428185,2.761,3.26178
-1.74097,-0.0431597,2.783,3.28297
-1.73193,-0.0431597,2.783,3.27819
-1.7229,-0.0431597,2.783,3.27343
-1.72803,-0.0435164,2.806,3.2957
-1.73301,-0.0438731,2.829,3.31791
-1.72383,-0.0438731,2.829,3.31312
-1.71465,-0.0438731,2.829,3.30835
-1.7344,-0.0446175,2.877,3.35965
-1.72507,-0.0446175,2.877,3.35484
-1.71573,-0.0446175,2.877,3.35005
-1.73545,-0.0453774,2.926,3.40225
-1.72596,-0.0453774,2.926,3.39742
-1.71646,-0.0453774,2.926,3.3926
nan,nan,nan,NaN
nan,nan,nan,NaN
nan,nan,nan,NaN
nan,nan,nan,NaN
nan,nan,nan,NaN
nan,nan,nan,NaN
nan,nan,nan,NaN
nan,nan,nan,NaN
nan,nan,nan,NaN
nan,nan,nan,NaN
nan,nan,nan,NaN
nan,nan,nan,NaN
nan,nan,nan,NaN
nan,nan,nan,NaN
nan,nan,nan,NaN
nan,nan,nan,NaN
-1.45563,-0.0424773,2.739,3.10206
-1.44674,-0.0424773,2.739,3.0979
-1.43785,-0.0424773,2.739,3.09376
-1.44044,-0.0428185,2.761,3.11445
-1.44288,-0.0431597,2.783,3.1351
-1.43385,-0.0431597,2.783,3.13095
-1.42481,-0.0431597,2.783,3.12683
-1.40459,-0.0428185,2.761,3.09804
-1.39563,-0.0428185,2.761,3.09398
-1.37562,-0.0424773,2.739,3.06533
-1.34527,-0.0418105,2.696,3.01329
-1.33652,-0.0418105,2.696,3.00939
-1.30708,-0.0411591,2.654,2.9587
-1.2882,-0.0408334,2.633,2.93152
-1.27965,-0.0408334,2.633,2.92777
-1.25179,-0.0402131,2.593,2.87963
-1.23427,-0.0399185,2.574,2.85491
-1.22591,-0.0399185,2.574,2.8513
-1.21756,-0.0399185,2.574,2.84772
-1.20028,-0.0396238,2.555,2.82316
-1.17426,-0.0390345,2.517,2.77771
-1.16609,-0.0390345,2.517,2.77427
-1.14136,-0.0384762,2.481,2.73122
-1.1333,-0.0384762,2.481,2.72786
-1.12525,-0.0384762,2.481,2.72452
-1.10909,-0.038197,2.463,2.70147
-1.1011,-0.038197,2.463,2.69819
-1.0931,-0.038197,2.463,2.69494
-1.07718,-0.0379179,2.445,2.67204
-1.06181,-0.0376542,2.428,2.65029
-1.05393,-0.0376542,2.428,2.64714
-1.04605,-0.0376542,2.428,2.64402
-1.03817,-0.0376542,2.428,2.64091
-1.03029,-0.0376542,2.428,2.63782
-1.02241,-0.0376542,2.428,2.63475
-1.01452,-0.0376542,2.428,2.6317
-1.00664,-0.0376542,2.428,2.62868
-0.998763,-0.0376542,2.428,2.62567
-0.990883,-0.0376542,2.428,2.62268
-0.983002,-0.0376542,2.428,2.61971
-0.975121,-0.0376542,2.428,2.61677
-0.967241,-0.0376542,2.428,2.61384
-0.95936,-0.0376542,2.428,2.61093
-0.944817,-0.0373906,2.411,2.58979
-0.936992,-0.0373906,2.411,2.58694
-0.929166,-0.0373906,2.411,2.58412
-0.921341,-0.0373906,2.411,2.58132
-0.913515,-0.0373906,2.411,2.57853
-0.90569,-0.0373906,2.411,2.57577
-0.897864,-0.0373906,2.411,2.57303
-0.890039,-0.0373906,2.411,2.57031
-0.882213,-0.0373906,2.411,2.56761
-0.874388,-0.0373906,2.411,2.56493
-0.860452,-0.037127,2.394,2.54421
-0.852682,-0.037127,2.394,2.54159
-0.844912,-0.037127,2.394,2.53899
-0.837141,-0.037127,2.394,2.53642
-0.829371,-0.037127,2.394,2.53386
-0.821601,-0.037127,2.394,2.53133
-0.81383,-0.037127,2.394,2.52882
-0.80606,-0.037127,2.394,2.52633
-0.79829,-0.037127,2.394,2.52386
-0.790519,-0.037127,2.394,2.52142
-0.788307,-0.0373906,2.411,2.53688
-0.780482,-0.0373906,2.411,2.53446
-0.772656,-0.0373906,2.411,2.53206
-0.764831,-0.0373906,2.411,2.52968
-0.757005,-0.0373906,2.411,2.52733
-0.74918,-0.0373906,2.411,2.52499
-0.741354,-0.0373906,2.411,2.52268
-0.738701,-0.0376542,2.428,2.53817
-0.73082,-0.0376542,2.428,2.53588
-0.722939,-0.0376542,2.428,2.53362
-0.715059,-0.0376542,2.428,2.53139
-0.707178,-0.0376542,2.428,2.52917
-0.704194,-0.0379179,2.445,2.54467
-0.696258,-0.0379179,2.445,2.54249
-0.693389,-0.038197,2.463,2.55903
-0.685395,-0.038197,2.463,2.55687
-0.677401,-0.038197,2.463,2.55474
-0.669406,-0.038197,2.463,2.55263
-0.661412,-0.038197,2.463,2.55055
-0.653418,-0.038197,2.463,2.54849
-0.645424,-0.038197,2.463,2.54645
-0.637429,-0.038197,2.463,2.54443
-0.629435,-0.038197,2.463,2.54244
-0.621441,-0.038197,2.463,2.54048
-0.613446,-0.038197,2.463,2.53853
-0.605452,-0.038197,2.463,2.53661
-0.597458,-0.038197,2.463,2.53472
-0.589464,-0.038197,2.463,2.53284
-0.581469,-0.038197,2.463,2.53099
-0.573475,-0.038197,2.463,2.52917
-0.565481,-0.038197,2.463,2.52737
-0.553412,-0.0379179,2.445,2.50714
-0.545476,-0.0379179,2.445,2.5054
-0.53754,-0.0379179,2.445,2.50368
-0.529605,-0.0379179,2.445,2.50199
-0.521669,-0.0379179,2.445,2.50032
-0.513733,-0.0379179,2.445,2.49868
-0.505797,-0.0379179,2.445,2.49706
-0.497861,-0.0379179,2.445,2.49546
-0.489925,-0.0379179,2.445,2.49389
-0.481989,-0.0379179,2.445,2.49234
-0.474054,-0.0379179,2.445,2.49082
-0.469549,-0.038197,2.463,2.50765
-0.461555,-0.038197,2.463,2.50616
-0.453561,-0.038197,2.463,2.5047
-0.445566,-0.038197,2.463,2.50327
-0.44077,-0.0384762,2.481,2.52014
-0.435857,-0.0387553,2.499,2.53702
-0.427746,-0.0387553,2.499,2.53564
-0.419634,-0.0387553,2.499,2.53428
-0.414487,-0.0390345,2.517,2.5512
-0.406318,-0.0390345,2.517,2.54988
-0.401154,-0.0393291,2.536,2.56783
-0.392923,-0.0393291,2.536,2.56656
-0.384691,-0.0393291,2.536,2.56531
-0.379281,-0.0396238,2.555,2.5833
-0.370988,-0.0396238,2.555,2.5821
-0.362695,-0.0396238,2.555,2.58092
-0.354402,-0.0396238,2.555,2.57977
-0.348683,-0.0399185,2.574,2.59782
-0.340328,-0.0399185,2.574,2.59671
-0.331974,-0.0399185,2.574,2.59563
-0.32123,-0.0396238,2.555,2.57542
-0.312937,-0.0396238,2.555,2.5744
-0.304645,-0.0396238,2.555,2.5734
-0.296352,-0.0396238,2.555,2.57243
-0.288059,-0.0396238,2.555,2.57149
-0.279766,-0.0396238,2.555,2.57058
-0.269454,-0.0393291,2.536,2.55058
-0.261223,-0.0393291,2.536,2.54972
-0.252992,-0.0393291,2.536,2.54889
-0.244761,-0.0393291,2.536,2.54809
-0.234757,-0.0390345,2.517,2.52823
-0.226588,-0.0390345,2.517,2.52748
-0.218418,-0.0390345,2.517,2.52676
-0.210249,-0.0390345,2.517,2.52607
-0.202079,-0.0390345,2.517,2.5254
-0.193909,-0.0390345,2.517,2.52476
-0.18574,-0.0390345,2.517,2.52415
-0.17757,-0.0390345,2.517,2.52356
-0.169401,-0.0390345,2.517,2.523
-0.161231,-0.0390345,2.517,2.52246
-0.154217,-0.0393291,2.536,2.54099
-0.145986,-0.0393291,2.536,2.5405
-0.137755,-0.0393291,2.536,2.54004
-0.129523,-0.0393291,2.536,2.53961
-0.121292,-0.0393291,2.536,2.5392
-0.113061,-0.0393291,2.536,2.53882
-0.10483,-0.0393291,2.536,2.53847
-0.0965985,-0.0393291,2.536,2.53814
-0.0883672,-0.0393291,2.536,2.53784
-0.080136,-0.0393291,2.536,2.53757
-0.0719048,-0.0393291,2.536,2.53732
-0.0636736,-0.0393291,2.536,2.5371
-0.0554423,-0.0393291,2.536,2.53691
-0.0472111,-0.0393291,2.536,2.53674
-0.0389799,-0.0393291,2.536,2.5366
-0.0305183,-0.0390345,2.517,2.51749
-0.0223487,-0.0390345,2.517,2.5174
-0.0141792,-0.0390345,2.517,2.51734
-0.00600962,-0.0390345,2.517,2.51731
0.00215994,-0.0390345,2.517,2.5173
0.0103295,-0.0390345,2.517,2.51732
0.0183668,-0.0387553,2.499,2.49937
0.0264779,-0.0387553,2.499,2.49944
0.034589,-0.0387553,2.499,2.49954
0.0427002,-0.0387553,2.499,2.49967
0.0504453,-0.0384762,2.481,2.48181
0.058498,-0.0384762,2.481,2.48199
0.0665507,-0.0384762,2.481,2.48219
0.0746034,-0.0384762,2.481,2.48242
0.0826561,-0.0384762,2.481,2.48267
0.0907089,-0.0384762,2.481,2.48296
0.0987616,-0.0384762,2.481,2.48326
0.106039,-0.038197,2.463,2.46558
0.114034,-0.038197,2.463,2.46593
0.122028,-0.038197,2.463,2.46632
0.130022,-0.038197,2.463,2.46673
0.138016,-0.038197,2.463,2.46716
0.146011,-0.038197,2.463,2.46762
0.154005,-0.038197,2.463,2.46811
0.163183,-0.0384762,2.481,2.48666
0.171236,-0.0384762,2.481,2.4872
0.179289,-0.0384762,2.481,2.48777
0.187341,-0.0384762,2.481,2.48836
0.196812,-0.0387553,2.499,2.50704
0.204923,-0.0387553,2.499,2.50769
0.213034,-0.0387553,2.499,2.50836
0.221145,-0.0387553,2.499,2.50907
0.229256,-0.0387553,2.499,2.50979
0.237367,-0.0387553,2.499,2.51055
0.247247,-0.0390345,2.517,2.52942
0.255416,-0.0390345,2.517,2.53023
0.263586,-0.0390345,2.517,2.53107
0.271755,-0.0390345,2.517,2.53193
0.279925,-0.0390345,2.517,2.53282
0.288094,-0.0390345,2.517,2.53373
0.294145,-0.0387553,2.499,2.51655
0.302256,-0.0387553,2.499,2.51751
0.310368,-0.0387553,2.499,2.5185
0.318479,-0.0387553,2.499,2.51951
0.32659,-0.0387553,2.499,2.52055
0.334701,-0.0387553,2.499,2.52161
0.340343,-0.0384762,2.481,2.50453
0.348396,-0.0384762,2.481,2.50564
0.356448,-0.0384762,2.481,2.50677
0.364501,-0.0384762,2.481,2.50793
0.372554,-0.0384762,2.481,2.50911
0.380606,-0.0384762,2.481,2.51032
0.385839,-0.038197,2.463,2.49333
0.393834,-0.038197,2.463,2.49458
0.401828,-0.038197,2.463,2.49586
0.412817,-0.0384762,2.481,2.5154
0.417816,-0.038197,2.463,2.49848
0.425811,-0.038197,2.463,2.49983
0.433805,-0.038197,2.463,2.5012
0.441799,-0.038197,2.463,2.5026
0.449794,-0.038197,2.463,2.50403
0.461134,-0.0384762,2.481,2.52378
0.469186,-0.0384762,2.481,2.52527
0.477239,-0.0384762,2.481,2.52678
0.485292,-0.0384762,2.481,2.52831
0.493344,-0.0384762,2.481,2.52987
0.501397,-0.0384762,2.481,2.53145
0.50945,-0.0384762,2.481,2.53306
0.521257,-0.0387553,2.499,2.55308
0.529368,-0.0387553,2.499,2.55475
0.537479,-0.0387553,2.499,2.55644
0.54559,-0.0387553,2.499,2.55816
0.553702,-0.0387553,2.499,2.5599
0.565859,-0.0390345,2.517,2.58012
0.574029,-0.0390345,2.517,2.58192
0.582199,-0.0390345,2.517,2.58375
0.590368,-0.0390345,2.517,2.5856
0.598538,-0.0390345,2.517,2.58748
0.606707,-0.0390345,2.517,2.58938
0.614877,-0.0390345,2.517,2.59131
0.623046,-0.0390345,2.517,2.59326
0.631216,-0.0390345,2.517,2.59524
0.639385,-0.0390345,2.517,2.59723
0.652443,-0.0393291,2.536,2.61888
0.660674,-0.0393291,2.536,2.62094
0.668906,-0.0393291,2.536,2.62303
0.677137,-0.0393291,2.536,2.62514
0.685368,-0.0393291,2.536,2.62727
0.693599,-0.0393291,2.536,2.62943
0.70183,-0.0393291,2.536,2.63162
0.710062,-0.0393291,2.536,2.63382
0.718293,-0.0393291,2.536,2.63606
0.726524,-0.0393291,2.536,2.63831
0.734755,-0.0393291,2.536,2.64059
0.742987,-0.0393291,2.536,2.64289
0.74559,-0.0390345,2.517,2.6254
0.753759,-0.0390345,2.517,2.62773
0.761929,-0.0390345,2.517,2.63009
0.770098,-0.0390345,2.517,2.63246
0.778268,-0.0390345,2.517,2.63487
0.786437,-0.0390345,2.517,2.63729
0.794607,-0.0390345,2.517,2.63974
0.802777,-0.0390345,2.517,2.64221
0.817068,-0.0393291,2.536,2.66467
0.825299,-0.0393291,2.536,2.6672
0.83353,-0.0393291,2.536,2.66976
0.841761,-0.0393291,2.536,2.67234
0.849993,-0.0393291,2.536,2.67494
0.851794,-0.0390345,2.517,2.65751
0.859963,-0.0390345,2.517,2.66014
0.868133,-0.0390345,2.517,2.66279
0.876303,-0.0390345,2.517,2.66547
0.878147,-0.0387553,2.499,2.64908
0.886258,-0.0387553,2.499,2.65178
0.894369,-0.0387553,2.499,2.65451
0.89598,-0.0384762,2.481,2.63811
0.904033,-0.0384762,2.481,2.64086
0.912085,-0.0384762,2.481,2.64362
0.920138,-0.0384762,2.481,2.64641
0.921457,-0.038197,2.463,2.63
0.929451,-0.038197,2.463,2.63281
0.937445,-0.038197,2.463,2.63565
0.945439,-0.038197,2.463,2.6385
0.953434,-0.038197,2.463,2.64138
0.961428,-0.038197,2.463,2.64427
0.969422,-0.038197,2.463,2.64719
0.977417,-0.038197,2.463,2.65013
0.985411,-0.038197,2.463,2.65309
0.993405,-0.038197,2.463,2.65606
1.00872,-0.0384762,2.481,2.6785
1.02415,-0.0387553,2.499,2.701
1.03226,-0.0387553,2.499,2.70408
1.04786,-0.0390345,2.517,2.72669
1.05603,-0.0390345,2.517,2.72984
1.0642,-0.0390345,2.517,2.73301
1.08856,-0.0396238,2.555,2.77751
1.10501,-0.0399185,2.574,2.80145
1.11337,-0.0399185,2.574,2.80476
1.13,-0.0402131,2.593,2.82881
1.1472,-0.0405233,2.613,2.85403
1.15568,-0.0405233,2.613,2.85745
1.16416,-0.0405233,2.613,2.86089
1.17264,-0.0405233,2.613,2.86435
1.18112,-0.0405233,2.613,2.86783
1.1896,-0.0405233,2.613,2.87134
1.20725,-0.0408334,2.633,2.89686
1.2255,-0.0411591,2.654,2.92357
1.23411,-0.0411591,2.654,2.92719
1.25256,-0.0414848,2.675,2.95402
1.26124,-0.0414848,2.675,2.95771
1.26992,-0.0414848,2.675,2.96143
1.28864,-0.0418105,2.696,2.98844
1.29739,-0.0418105,2.696,2.99222
1.32698,-0.0424773,2.739,3.04381
1.33587,-0.0424773,2.739,3.0477
1.35556,-0.0428185,2.761,3.07612
1.37539,-0.0431597,2.783,3.10462
1.38443,-0.0431597,2.783,3.10863
1.40498,-0.0435164,2.806,3.13839
1.43777,-0.0442453,2.853,3.19511
1.44703,-0.0442453,2.853,3.19929
1.46854,-0.0446175,2.877,3.23044
1.50305,-0.0453774,2.926,3.28979
1.53891,-0.0461683,2.977,3.35155
1.54857,-0.0461683,2.977,3.356
1.57184,-0.0465715,3.003,3.38982
1.59581,-0.0469903,3.03,3.42487
1.60564,-0.0469903,3.03,3.42946
1.62987,-0.047409,3.057,3.46468
1.65428,-0.0478277,3.084,3.5
1.66429,-0.0478277,3.084,3.50474
1.6895,-0.0482619,3.112,3.54137
1.6996,-0.0482619,3.112,3.5462
1.7097,-0.0482619,3.112,3.55105
1.70433,-0.0478277,3.084,3.52393
1.71434,-0.0478277,3.084,3.52878
1.72435,-0.0478277,3.084,3.53366
1.73436,-0.0478277,3.084,3.53855
1.74437,-0.0478277,3.084,3.54347
1.75438,-0.0478277,3.084,3.54841
1.76439,-0.0478277,3.084,3.55337
1.75886,-0.047409,3.057,3.52719
1.76879,-0.047409,3.057,3.53215
1.77871,-0.047409,3.057,3.53713
1.78863,-0.047409,3.057,3.54213
1.79855,-0.047409,3.057,3.54715
1.80848,-0.047409,3.057,3.55219
1.80234,-0.0469903,3.03,3.52584
1.79602,-0.0465715,3.003,3.49941
1.80577,-0.0465715,3.003,3.50442
1.7998,-0.0461683,2.977,3.47907
1.80946,-0.0461683,2.977,3.48408
1.81912,-0.0461683,2.977,3.48911
1.81281,-0.0457651,2.951,3.46364
1.82239,-0.0457651,2.951,3.46866
1.83197,-0.0457651,2.951,3.4737
1.82595,-0.0453774,2.926,3.44929
1.80471,-0.0446175,2.877,3.39648
1.81405,-0.0446175,2.877,3.40145
1.80817,-0.0442453,2.853,3.37803
1.80215,-0.0438731,2.829,3.35453
1.78187,-0.0431597,2.783,3.30485
1.79091,-0.0431597,2.783,3.30973
1.77148,-0.0424773,2.739,3.26222
1.75242,-0.0418105,2.696,3.21577
1.76117,-0.0418105,2.696,3.22054
1.75614,-0.0414848,2.675,3.20021
1.73711,-0.0408334,2.633,3.15466
1.74566,-0.0408334,2.633,3.15938
1.72755,-0.0402131,2.593,3.11604
1.71053,-0.0396238,2.555,3.07498
1.71882,-0.0396238,2.555,3.0796
1.70143,-0.0390345,2.517,3.03837
1.69737,-0.0387553,2.499,3.02119
-2.06524,-0.0365084,2.977,3.62341
-2.02036,-0.035883,2.926,3.55593
-2.01087,-0.035883,2.926,3.55054
-1.98427,-0.0355764,2.901,3.51488
-1.95852,-0.0352821,2.877,3.48054
-1.94918,-0.0352821,2.877,3.47529
-1.92366,-0.0349878,2.853,3.44112
-1.89829,-0.0346934,2.829,3.40705
-1.88911,-0.0346934,2.829,3.40194
-1.84936,-0.0341293,2.783,3.34162
-1.84033,-0.0341293,2.783,3.33662
-1.81682,-0.0338595,2.761,3.30531
-1.80786,-0.0338595,2.761,3.3004
-1.7989,-0.0338595,2.761,3.2955
-1.77567,-0.0335897,2.739,3.26439
-1.76678,-0.0335897,2.739,3.25957
-1.75789,-0.0335897,2.739,3.25476
-1.749,-0.0335897,2.739,3.24996
-1.74011,-0.0335897,2.739,3.24519
-1.73122,-0.0335897,2.739,3.24043
-1.72233,-0.0335897,2.739,3.23569
-1.7272,-0.0338595,2.761,3.25692
-1.71824,-0.0338595,2.761,3.25217
-1.70928,-0.0338595,2.761,3.24745
-1.71387,-0.0341293,2.783,3.26858
-1.71892,-0.0344114,2.806,3.29082
-1.70982,-0.0344114,2.806,3.28608
-1.71465,-0.0346934,2.829,3.30824
-1.71994,-0.0349878,2.853,3.33152
-1.71068,-0.0349878,2.853,3.32675
-1.71573,-0.0352821,2.877,3.34994
-1.72062,-0.0355764,2.901,3.37307
-1.71121,-0.0355764,2.901,3.36828
-1.70179,-0.0355764,2.901,3.36351
-1.67838,-0.0352821,2.877,3.33096
-1.66904,-0.0352821,2.877,3.32627
-1.6597,-0.0352821,2.877,3.32159
-1.65036,-0.0352821,2.877,3.31694
-1.64102,-0.0352821,2.877,3.3123
-1.63169,-0.0352821,2.877,3.30768
nan,nan,nan,NaN
nan,nan,nan,NaN
nan,nan,nan,NaN
nan,nan,nan,NaN
nan,nan,nan,NaN
nan,nan,nan,NaN
-1.47921,-0.0333199,2.717,3.09375
-1.47039,-0.0333199,2.717,3.08954
-1.46157,-0.0333199,2.717,3.08535
-1.45276,-0.0333199,2.717,3.08118
-1.45563,-0.0335897,2.739,3.10195
-1.44674,-0.0335897,2.739,3.09779
-1.43785,-0.0335897,2.739,3.09365
-1.44044,-0.0338595,2.761,3.11434
-1.44288,-0.0341293,2.783,3.13499
-1.43385,-0.0341293,2.783,3.13084
-1.42481,-0.0341293,2.783,3.12672
-1.41578,-0.0341293,2.783,3.12261
-1.40675,-0.0341293,2.783,3.11852
-1.38667,-0.0338595,2.761,3.08984
-1.35575,-0.0333199,2.717,3.03665
-1.34693,-0.0333199,2.717,3.03273
-1.31743,-0.0328049,2.675,2.982
-1.2882,-0.0322898,2.633,2.93141
-1.27965,-0.0322898,2.633,2.92767
-1.26145,-0.0320445,2.613,2.90173
-1.23427,-0.0315662,2.574,2.8548
-1.22591,-0.0315662,2.574,2.8512
-1.21756,-0.0315662,2.574,2.84762
-1.20028,-0.0313332,2.555,2.82306
-1.17426,-0.0308672,2.517,2.77761
-1.16609,-0.0308672,2.517,2.77417
-1.14136,-0.0304257,2.481,2.73111
-1.1333,-0.0304257,2.481,2.72776
-1.12525,-0.0304257,2.481,2.72442
-1.10909,-0.030205,2.463,2.70136
-1.1011,-0.030205,2.463,2.69809
-1.0931,-0.030205,2.463,2.69484
-1.07718,-0.0299843,2.445,2.67194
-1.06181,-0.0297758,2.428,2.65019
-1.05393,-0.0297758,2.428,2.64704
-1.04605,-0.0297758,2.428,2.64391
-1.03817,-0.0297758,2.428,2.64081
-1.03029,-0.0297758,2.428,2.63772
-1.02241,-0.0297758,2.428,2.63465
-1.01452,-0.0297758,2.428,2.6316
-1.00664,-0.0297758,2.428,2.62857
-0.998763,-0.0297758,2.428,2.62557
-0.990883,-0.0297758,2.428,2.62258
-0.983002,-0.0297758,2.428,2.61961
-0.975121,-0.0297758,2.428,2.61666
-0.967241,-0.0297758,2.428,2.61374
-0.95936,-0.0297758,2.428,2.61083
-0.944817,-0.0295673,2.411,2.58969
-0.936992,-0.0295673,2.411,2.58684
-0.929166,-0.0295673,2.411,2.58402
-0.921341,-0.0295673,2.411,2.58121
-0.913515,-0.0295673,2.411,2.57843
-0.90569,-0.0295673,2.411,2.57567
-0.897864,-0.0295673,2.411,2.57293
-0.890039,-0.0295673,2.411,2.57021
-0.882213,-0.0295673,2.411,2.56751
-0.874388,-0.0295673,2.411,2.56483
-0.860452,-0.0293588,2.394,2.54411
-0.852682,-0.0293588,2.394,2.54149
-0.844912,-0.0293588,2.394,2.53889
-0.837141,-0.0293588,2.394,2.53632
-0.829371,-0.0293588,2.394,2.53376
-0.821601,-0.0293588,2.394,2.53123
-0.81383,-0.0293588,2.394,2.52872
-0.80606,-0.0293588,2.394,2.52623
-0.79829,-0.0293588,2.394,2.52376
-0.790519,-0.0293588,2.394,2.52131
-0.788307,-0.0295673,2.411,2.53677
-0.780482,-0.0295673,2.411,2.53435
-0.772656,-0.0295673,2.411,2.53195
-0.764831,-0.0295673,2.411,2.52958
-0.757005,-0.0295673,2.411,2.52722
-0.74918,-0.0295673,2.411,2.52489
-0.741354,-0.0295673,2.411,2.52258
-0.738701,-0.0297758,2.428,2.53806
-0.73082,-0.0297758,2.428,2.53578
-0.722939,-0.0297758,2.428,2.53352
-0.715059,-0.0297758,2.428,2.53128
-0.707178,-0.0297758,2.428,2.52907
-0.704194,-0.0299843,2.445,2.54457
-0.696258,-0.0299843,2.445,2.54238
-0.693389,-0.030205,2.463,2.55892
-0.685395,-0.030205,2.463,2.55677
-0.677401,-0.030205,2.463,2.55463
-0.669406,-0.030205,2.463,2.55253
-0.661412,-0.030205,2.463,2.55044
-0.653418,-0.030205,2.463,2.54838
-0.645424,-0.030205,2.463,2.54634
-0.637429,-0.030205,2.463,2.54433
-0.629435,-0.030205,2.463,2.54234
-0.621441,-0.030205,2.463,2.54037
-0.613446,-0.030205,2.463,2.53842
-0.605452,-0.030205,2.463,2.5365
-0.597458,-0.030205,2.463,2.53461
-0.589464,-0.030205,2.463,2.53274
-0.581469,-0.030205,2.463,2.53089
-0.573475,-0.030205,2.463,2.52906
-0.565481,-0.030205,2.463,2.52726
-0.553412,-0.0299843,2.445,2.50703
-0.545476,-0.0299843,2.445,2.50529
-0.53754,-0.0299843,2.445,2.50357
-0.529605,-0.0299843,2.445,2.50188
-0.521669,-0.0299843,2.445,2.50021
-0.513733,-0.0299843,2.445,2.49857
-0.505797,-0.0299843,2.445,2.49695
-0.497861,-0.0299843,2.445,2.49535
-0.489925,-0.0299843,2.445,2.49378
-0.481989,-0.0299843,2.445,2.49224
-0.474054,-0.0299843,2.445,2.49071
-0.466118,-0.0299843,2.445,2.48921
-0.461555,-0.030205,2.463,2.50606
-0.453561,-0.030205,2.463,2.5046
-0.445566,-0.030205,2.463,2.50316
-0.44077,-0.0304257,2.481,2.52003
-0.435857,-0.0306465,2.499,2.53691
-0.427746,-0.0306465,2.499,2.53553
-0.419634,-0.0306465,2.499,2.53417
-0.414487,-0.0308672,2.517,2.55109
-0.406318,-0.0308672,2.517,2.54977
-0.401154,-0.0311002,2.536,2.56772
-0.392923,-0.0311002,2.536,2.56645
-0.384691,-0.0311002,2.536,2.5652
-0.379281,-0.0313332,2.555,2.58319
-0.370988,-0.0313332,2.555,2.58198
-0.362695,-0.0313332,2.555,2.58081
-0.354402,-0.0313332,2.555,2.57965
-0.346109,-0.0313332,2.555,2.57853
-0.337816,-0.0313332,2.555,2.57743
-0.329523,-0.0313332,2.555,2.57635
-0.32123,-0.0313332,2.555,2.5753
-0.312937,-0.0313332,2.555,2.57428
-0.304645,-0.0313332,2.555,2.57329
-0.296352,-0.0313332,2.555,2.57232
-0.285917,-0.0311002,2.536,2.55226
-0.277685,-0.0311002,2.536,2.55135
-0.269454,-0.0311002,2.536,2.55046
-0.261223,-0.0311002,2.536,2.54961
-0.252992,-0.0311002,2.536,2.54878
-0.242927,-0.0308672,2.517,2.52888
-0.234757,-0.0308672,2.517,2.52811
-0.226588,-0.0308672,2.517,2.52737
-0.218418,-0.0308672,2.517,2.52665
-0.210249,-0.0308672,2.517,2.52595
-0.202079,-0.0308672,2.517,2.52529
-0.193909,-0.0308672,2.517,2.52465
-0.18574,-0.0308672,2.517,2.52403
-0.17757,-0.0308672,2.517,2.52344
-0.169401,-0.0308672,2.517,2.52288
-0.161231,-0.0308672,2.517,2.52235
-0.153062,-0.0308672,2.517,2.52184
-0.144892,-0.0308672,2.517,2.52136
-0.136723,-0.0308672,2.517,2.5209
-0.129523,-0.0311002,2.536,2.5395
-0.121292,-0.0311002,2.536,2.53909
-0.113061,-0.0311002,2.536,2.53871
-0.10483,-0.0311002,2.536,2.53836
-0.0965985,-0.0311002,2.536,2.53803
-0.0883672,-0.0311002,2.536,2.53773
-0.080136,-0.0311002,2.536,2.53746
-0.0719048,-0.0311002,2.536,2.53721
-0.0636736,-0.0311002,2.536,2.53699
-0.0554423,-0.0311002,2.536,2.5368
-0.0472111,-0.0311002,2.536,2.53663
-0.0389799,-0.0311002,2.536,2.53649
-0.0307487,-0.0311002,2.536,2.53638
-0.0225174,-0.0311002,2.536,2.53629
-0.0142862,-0.0311002,2.536,2.53623
-0.00605498,-0.0311002,2.536,2.5362
0.00215994,-0.0308672,2.517,2.51719
0.0103295,-0.0308672,2.517,2.51721
0.0184991,-0.0308672,2.517,2.51726
0.0266686,-0.0308672,2.517,2.51733
0.034589,-0.0306465,2.499,2.49943
0.0427002,-0.0306465,2.499,2.49955
0.0508113,-0.0306465,2.499,2.4997
0.058498,-0.0304257,2.481,2.48188
0.0665507,-0.0304257,2.481,2.48208
0.0746034,-0.0304257,2.481,2.48231
0.0826561,-0.0304257,2.481,2.48256
0.0907089,-0.0304257,2.481,2.48284
0.0987616,-0.0304257,2.481,2.48315
0.106814,-0.0304257,2.481,2.48348
0.114034,-0.030205,2.463,2.46582
0.122028,-0.030205,2.463,2.46621
0.130022,-0.030205,2.463,2.46661
0.138016,-0.030205,2.463,2.46705
0.147078,-0.0304257,2.481,2.48554
0.155131,-0.0304257,2.481,2.48603
0.163183,-0.0304257,2.481,2.48655
0.171236,-0.0304257,2.481,2.48709
0.179289,-0.0304257,2.481,2.48766
0.188701,-0.0306465,2.499,2.5063
0.196812,-0.0306465,2.499,2.50693
0.204923,-0.0306465,2.499,2.50758
0.213034,-0.0306465,2.499,2.50825
0.221145,-0.0306465,2.499,2.50895
0.229256,-0.0306465,2.499,2.50968
0.237367,-0.0306465,2.499,2.51043
0.247247,-0.0308672,2.517,2.5293
0.255416,-0.0308672,2.517,2.53011
0.263586,-0.0308672,2.517,2.53095
0.271755,-0.0308672,2.517,2.53182
0.279925,-0.0308672,2.517,2.53271
0.288094,-0.0308672,2.517,2.53362
0.296264,-0.0308672,2.517,2.53456
0.302256,-0.0306465,2.499,2.5174
0.310368,-0.0306465,2.499,2.51839
0.318479,-0.0306465,2.499,2.5194
0.32659,-0.0306465,2.499,2.52044
0.334701,-0.0306465,2.499,2.5215
0.340343,-0.0304257,2.481,2.50442
0.348396,-0.0304257,2.481,2.50553
0.356448,-0.0304257,2.481,2.50666
0.364501,-0.0304257,2.481,2.50782
0.372554,-0.0304257,2.481,2.509
0.380606,-0.0304257,2.481,2.51021
0.388659,-0.0304257,2.481,2.51144
0.393834,-0.030205,2.463,2.49447
0.401828,-0.030205,2.463,2.49575
0.412817,-0.0304257,2.481,2.51529
0.417816,-0.030205,2.463,2.49837
0.425811,-0.030205,2.463,2.49972
0.436975,-0.0304257,2.481,2.51937
0.445028,-0.0304257,2.481,2.52078
0.453081,-0.0304257,2.481,2.52222
0.461134,-0.0304257,2.481,2.52367
0.469186,-0.0304257,2.481,2.52516
0.477239,-0.0304257,2.481,2.52667
0.485292,-0.0304257,2.481,2.5282
0.493344,-0.0304257,2.481,2.52976
0.501397,-0.0304257,2.481,2.53134
0.50945,-0.0304257,2.481,2.53295
0.521257,-0.0306465,2.499,2.55297
0.529368,-0.0306465,2.499,2.55464
0.537479,-0.0306465,2.499,2.55633
0.54559,-0.0306465,2.499,2.55805
0.553702,-0.0306465,2.499,2.55979
0.565859,-0.0308672,2.517,2.58001
0.574029,-0.0308672,2.517,2.58181
0.582199,-0.0308672,2.517,2.58364
0.590368,-0.0308672,2.517,2.58549
0.598538,-0.0308672,2.517,2.58737
0.606707,-0.0308672,2.517,2.58927
0.614877,-0.0308672,2.517,2.5912
0.627749,-0.0311002,2.536,2.61273
0.635981,-0.0311002,2.536,2.61471
0.644212,-0.0311002,2.536,2.61673
0.652443,-0.0311002,2.536,2.61877
0.660674,-0.0311002,2.536,2.62083
0.668906,-0.0311002,2.536,2.62292
0.677137,-0.0311002,2.536,2.62503
0.685368,-0.0311002,2.536,2.62716
0.693599,-0.0311002,2.536,2.62932
0.70183,-0.0311002,2.536,2.63151
0.710062,-0.0311002,2.536,2.63371
0.718293,-0.0311002,2.536,2.63595
0.726524,-0.0311002,2.536,2.6382
0.734755,-0.0311002,2.536,2.64048
0.742987,-0.0311002,2.536,2.64278
0.751218,-0.0311002,2.536,2.64511
0.753759,-0.0308672,2.517,2.62762
0.761929,-0.0308672,2.517,2.62998
0.770098,-0.0308672,2.517,2.63236
0.778268,-0.0308672,2.517,2.63476
0.786437,-0.0308672,2.517,2.63718
0.794607,-0.0308672,2.517,2.63963
0.802777,-0.0308672,2.517,2.6421
0.810946,-0.0308672,2.517,2.64459
0.819116,-0.0308672,2.517,2.64711
0.827285,-0.0308672,2.517,2.64965
0.835455,-0.0308672,2.517,2.65221
0.843624,-0.0308672,2.517,2.6548
0.851794,-0.0308672,2.517,2.6574
0.859963,-0.0308672,2.517,2.66003
0.868133,-0.0308672,2.517,2.66269
0.870036,-0.0306465,2.499,2.6463
0.878147,-0.0306465,2.499,2.64898
0.886258,-0.0306465,2.499,2.65168
0.894369,-0.0306465,2.499,2.6544
0.89598,-0.0304257,2.481,2.638
0.904033,-0.0304257,2.481,2.64075
0.912085,-0.0304257,2.481,2.64352
0.920138,-0.0304257,2.481,2.64631
0.921457,-0.030205,2.463,2.6299
0.929451,-0.030205,2.463,2.63271
0.937445,-0.030205,2.463,2.63554
0.93853,-0.0299843,2.445,2.61912
0.946466,-0.0299843,2.445,2.62197
0.954402,-0.0299843,2.445,2.62484
0.969422,-0.030205,2.463,2.64709
0.977417,-0.030205,2.463,2.65002
0.985411,-0.030205,2.463,2.65298
0.993405,-0.030205,2.463,2.65596
1.00872,-0.0304257,2.481,2.6784
1.01677,-0.0304257,2.481,2.68144
1.02482,-0.0304257,2.481,2.6845
1.04037,-0.0306465,2.499,2.70709
1.04848,-0.0306465,2.499,2.71021
1.05659,-0.0306465,2.499,2.71336
1.08047,-0.0311002,2.536,2.75675
1.09685,-0.0313332,2.555,2.78066
1.10515,-0.0313332,2.555,2.78395
1.11344,-0.0313332,2.555,2.78725
1.13008,-0.0315662,2.574,2.81132
1.13843,-0.0315662,2.574,2.81469
1.14678,-0.0315662,2.574,2.81808
1.15514,-0.0315662,2.574,2.82149
1.17208,-0.0317992,2.593,2.84578
1.1805,-0.0317992,2.593,2.84925
1.18891,-0.0317992,2.593,2.85275
1.2158,-0.0322898,2.633,2.90033
1.22435,-0.0322898,2.633,2.90392
1.24273,-0.0325473,2.654,2.93072
1.25134,-0.0325473,2.654,2.93439
1.25995,-0.0325473,2.654,2.93807
1.27861,-0.0328049,2.675,2.96505
1.29739,-0.0330624,2.696,2.99211
1.32698,-0.0335897,2.739,3.0437
1.33587,-0.0335897,2.739,3.04759
1.35556,-0.0338595,2.761,3.07601
1.37539,-0.0341293,2.783,3.10451
1.38443,-0.0341293,2.783,3.10852
1.40498,-0.0344114,2.806,3.13828
1.42567,-0.0346934,2.829,3.16812
1.43486,-0.0346934,2.829,3.17226
1.46854,-0.0352821,2.877,3.23032
1.49021,-0.0355764,2.901,3.26156
1.52547,-0.0361896,2.951,3.32216
1.53505,-0.0361896,2.951,3.32657
1.55823,-0.0365084,2.977,3.36035
1.58159,-0.0368273,3.003,3.39423
1.59134,-0.0368273,3.003,3.39878
1.61548,-0.0371584,3.03,3.43396
1.6398,-0.0374895,3.057,3.46923
1.64972,-0.0374895,3.057,3.47394
1.65964,-0.0374895,3.057,3.47866
1.66956,-0.0374895,3.057,3.4834
1.67949,-0.0374895,3.057,3.48817
1.68941,-0.0374895,3.057,3.49296
1.69933,-0.0374895,3.057,3.49777
1.70925,-0.0374895,3.057,3.5026
1.71917,-0.0374895,3.057,3.50745
1.71383,-0.0371584,3.03,3.4813
1.72366,-0.0371584,3.03,3.48616
1.73349,-0.0371584,3.03,3.49103
1.74333,-0.0371584,3.03,3.49592
1.75316,-0.0371584,3.03,3.50084
1.763,-0.0371584,3.03,3.50577
1.77283,-0.0371584,3.03,3.51073
1.78267,-0.0371584,3.03,3.51571
1.7925,-0.0371584,3.03,3.5207
1.80234,-0.0371584,3.03,3.52572
1.79602,-0.0368273,3.003,3.4993
1.80577,-0.0368273,3.003,3.50431
1.7998,-0.0365084,2.977,3.47896
1.80946,-0.0365084,2.977,3.48397
1.81912,-0.0365084,2.977,3.48899
1.81281,-0.0361896,2.951,3.46353
1.82239,-0.0361896,2.951,3.46855
1.83197,-0.0361896,2.951,3.47359
1.82595,-0.035883,2.926,3.44918
1.80471,-0.0352821,2.877,3.39637
1.81405,-0.0352821,2.877,3.40134
1.80817,-0.0349878,2.853,3.37792
1.80215,-0.0346934,2.829,3.35443
1.78187,-0.0341293,2.783,3.30474
1.79091,-0.0341293,2.783,3.30962
1.78571,-0.0338595,2.761,3.28832
1.76607,-0.0333199,2.717,3.24071
1.77489,-0.0333199,2.717,3.24553
1.75614,-0.0328049,2.675,3.20011
1.73711,-0.0322898,2.633,3.15457
1.74566,-0.0322898,2.633,3.15928
1.72755,-0.0317992,2.593,3.11594
1.72325,-0.0315662,2.574,3.09775
1.7316,-0.0315662,2.574,3.10241
1.71427,-0.0311002,2.536,3.06121
1.7096,-0.0308672,2.517,3.04285
-2.04721,-0.0266141,2.951,3.59168
-2.0031,-0.0261631,2.901,3.52547
-1.99369,-0.0261631,2.901,3.52012
-1.98427,-0.0261631,2.901,3.5148
-1.95852,-0.0259467,2.877,3.48046
-1.94918,-0.0259467,2.877,3.47521
-1.92366,-0.0257302,2.853,3.44104
-1.89829,-0.0255138,2.829,3.40697
-1.88911,-0.0255138,2.829,3.40186
-1.84936,-0.0250989,2.783,3.34154
-1.84033,-0.0250989,2.783,3.33654
-1.81682,-0.0249005,2.761,3.30523
-1.80786,-0.0249005,2.761,3.30032
-1.7989,-0.0249005,2.761,3.29542
-1.77567,-0.0247021,2.739,3.26431
-1.76678,-0.0247021,2.739,3.25949
-1.75789,-0.0247021,2.739,3.25468
-1.749,-0.0247021,2.739,3.24988
-1.74011,-0.0247021,2.739,3.24511
-1.73122,-0.0247021,2.739,3.24035
-1.72233,-0.0247021,2.739,3.23561
-1.7272,-0.0249005,2.761,3.25684
-1.71824,-0.0249005,2.761,3.25209
-1.70928,-0.0249005,2.761,3.24737
-1.71387,-0.0250989,2.783,3.2685
-1.71892,-0.0253064,2.806,3.29074
-1.70982,-0.0253064,2.806,3.28599
-1.71465,-0.0255138,2.829,3.30816
-1.71994,-0.0257302,2.853,3.33143
-1.71068,-0.0257302,2.853,3.32666
-1.71573,-0.0259467,2.877,3.34985
-1.72062,-0.0261631,2.901,3.37299
-1.71121,-0.0261631,2.901,3.36819
-1.70179,-0.0261631,2.901,3.36342
-1.67838,-0.0259467,2.877,3.33088
-1.66904,-0.0259467,2.877,3.32618
-1.6597,-0.0259467,2.877,3.32151
-1.65036,-0.0259467,2.877,3.31685
-1.64102,-0.0259467,2.877,3.31221
-1.63169,-0.0259467,2.877,3.3076
nan,nan,nan,NaN
nan,nan,nan,NaN
nan,nan,nan,NaN
nan,nan,nan,NaN
nan,nan,nan,NaN
nan,nan,nan,NaN
-1.47921,-0.0245037,2.717,3.09366
-1.47039,-0.0245037,2.717,3.08946
-1.46157,-0.0245037,2.717,3.08527
-1.45276,-0.0245037,2.717,3.0811
-1.45563,-0.0247021,2.739,3.10187
-1.44674,-0.0247021,2.739,3.09771
-1.43785,-0.0247021,2.739,3.09356
-1.44044,-0.0249005,2.761,3.11426
-1.44288,-0.0250989,2.783,3.1349
-1.43385,-0.0250989,2.783,3.13076
-1.42481,-0.0250989,2.783,3.12663
-1.41578,-0.0250989,2.783,3.12252
-1.40675,-0.0250989,2.783,3.11844
-1.38667,-0.0249005,2.761,3.08975
-1.35575,-0.0245037,2.717,3.03657
-1.34693,-0.0245037,2.717,3.03264
-1.31743,-0.0241249,2.675,2.98192
-1.2882,-0.0237461,2.633,2.93133
-1.27965,-0.0237461,2.633,2.92759
-1.25179,-0.0233854,2.593,2.87944
-1.23427,-0.023214,2.574,2.85472
-1.21686,-0.0230427,2.555,2.83007
-1.20857,-0.0230427,2.555,2.82652
-1.19135,-0.0228713,2.536,2.80199
-1.17426,-0.0227,2.517,2.77753
-1.16609,-0.0227,2.517,2.77409
-1.14136,-0.0223753,2.481,2.73104
-1.12508,-0.022213,2.463,2.70789
-1.11709,-0.022213,2.463,2.70458
-1.10909,-0.022213,2.463,2.70129
-1.09305,-0.0220506,2.445,2.6783
-1.08512,-0.0220506,2.445,2.67507
-1.06969,-0.0218973,2.428,2.65328
-1.06181,-0.0218973,2.428,2.65011
-1.05393,-0.0218973,2.428,2.64697
-1.04605,-0.0218973,2.428,2.64384
-1.03817,-0.0218973,2.428,2.64073
-1.02307,-0.021744,2.411,2.61917
-1.01525,-0.021744,2.411,2.61613
-1.00742,-0.021744,2.411,2.6131
-0.999596,-0.021744,2.411,2.61009
-0.99177,-0.021744,2.411,2.60711
-0.983945,-0.021744,2.411,2.60414
-0.976119,-0.021744,2.411,2.60119
-0.968294,-0.021744,2.411,2.59827
-0.960468,-0.021744,2.411,2.59536
-0.952643,-0.021744,2.411,2.59247
-0.944817,-0.021744,2.411,2.58961
-0.936992,-0.021744,2.411,2.58676
-0.929166,-0.021744,2.411,2.58394
-0.914845,-0.0215907,2.394,2.56294
-0.907074,-0.0215907,2.394,2.56017
-0.899304,-0.0215907,2.394,2.55743
-0.897864,-0.021744,2.411,2.57285
-0.890039,-0.021744,2.411,2.57013
-0.882213,-0.021744,2.411,2.56743
-0.868223,-0.0215907,2.394,2.54667
-0.860452,-0.0215907,2.394,2.54403
-0.852682,-0.0215907,2.394,2.54141
-0.844912,-0.0215907,2.394,2.53881
-0.837141,-0.0215907,2.394,2.53624
-0.829371,-0.0215907,2.394,2.53368
-0.821601,-0.0215907,2.394,2.53115
-0.81383,-0.0215907,2.394,2.52864
-0.80606,-0.0215907,2.394,2.52615
-0.79829,-0.0215907,2.394,2.52368
-0.790519,-0.0215907,2.394,2.52123
-0.788307,-0.021744,2.411,2.5367
-0.780482,-0.021744,2.411,2.53427
-0.772656,-0.021744,2.411,2.53188
-0.764831,-0.021744,2.411,2.5295
-0.757005,-0.021744,2.411,2.52714
-0.74918,-0.021744,2.411,2.52481
-0.741354,-0.021744,2.411,2.5225
-0.738701,-0.0218973,2.428,2.53798
-0.73082,-0.0218973,2.428,2.5357
-0.722939,-0.0218973,2.428,2.53344
-0.720065,-0.0220506,2.445,2.54892
-0.712129,-0.0220506,2.445,2.54669
-0.704194,-0.0220506,2.445,2.54448
-0.696258,-0.0220506,2.445,2.5423
-0.693389,-0.022213,2.463,2.55884
-0.685395,-0.022213,2.463,2.55668
-0.677401,-0.022213,2.463,2.55455
-0.669406,-0.022213,2.463,2.55244
-0.661412,-0.022213,2.463,2.55036
-0.653418,-0.022213,2.463,2.5483
-0.645424,-0.022213,2.463,2.54626
-0.637429,-0.022213,2.463,2.54424
-0.629435,-0.022213,2.463,2.54225
-0.621441,-0.022213,2.463,2.54029
-0.613446,-0.022213,2.463,2.53834
-0.605452,-0.022213,2.463,2.53642
-0.597458,-0.022213,2.463,2.53453
-0.589464,-0.022213,2.463,2.53265
-0.581469,-0.022213,2.463,2.5308
-0.569284,-0.0220506,2.445,2.5105
-0.561348,-0.0220506,2.445,2.50871
-0.553412,-0.0220506,2.445,2.50695
-0.545476,-0.0220506,2.445,2.50521
-0.53754,-0.0220506,2.445,2.50349
-0.529605,-0.0220506,2.445,2.5018
-0.521669,-0.0220506,2.445,2.50013
-0.513733,-0.0220506,2.445,2.49849
-0.505797,-0.0220506,2.445,2.49687
-0.497861,-0.0220506,2.445,2.49527
-0.489925,-0.0220506,2.445,2.4937
-0.481989,-0.0220506,2.445,2.49215
-0.474054,-0.0220506,2.445,2.49063
-0.466118,-0.0220506,2.445,2.48913
-0.461555,-0.022213,2.463,2.50597
-0.453561,-0.022213,2.463,2.50451
-0.448823,-0.0223753,2.481,2.52137
-0.44077,-0.0223753,2.481,2.51995
-0.435857,-0.0225376,2.499,2.53682
-0.427746,-0.0225376,2.499,2.53544
-0.419634,-0.0225376,2.499,2.53409
-0.414487,-0.0227,2.517,2.551
-0.406318,-0.0227,2.517,2.54969
-0.398148,-0.0227,2.517,2.5484
-0.392923,-0.0228713,2.536,2.56636
-0.384691,-0.0228713,2.536,2.56511
-0.37646,-0.0228713,2.536,2.56389
-0.370988,-0.0230427,2.555,2.5819
-0.362695,-0.0230427,2.555,2.58072
-0.354402,-0.0230427,2.555,2.57957
-0.346109,-0.0230427,2.555,2.57844
-0.337816,-0.0230427,2.555,2.57734
-0.329523,-0.0230427,2.555,2.57627
-0.32123,-0.0230427,2.555,2.57522
-0.312937,-0.0230427,2.555,2.5742
-0.304645,-0.0230427,2.555,2.5732
-0.296352,-0.0230427,2.555,2.57223
-0.285917,-0.0228713,2.536,2.55217
-0.277685,-0.0228713,2.536,2.55126
-0.269454,-0.0228713,2.536,2.55038
-0.259266,-0.0227,2.517,2.53042
-0.251096,-0.0227,2.517,2.5296
-0.242927,-0.0227,2.517,2.5288
-0.234757,-0.0227,2.517,2.52803
-0.226588,-0.0227,2.517,2.52728
-0.218418,-0.0227,2.517,2.52656
-0.210249,-0.0227,2.517,2.52587
-0.202079,-0.0227,2.517,2.5252
-0.193909,-0.0227,2.517,2.52456
-0.18574,-0.0227,2.517,2.52395
-0.17757,-0.0227,2.517,2.52336
-0.169401,-0.0227,2.517,2.5228
-0.161231,-0.0227,2.517,2.52226
-0.153062,-0.0227,2.517,2.52175
-0.144892,-0.0227,2.517,2.52127
-0.136723,-0.0227,2.517,2.52081
-0.129523,-0.0228713,2.536,2.53941
-0.121292,-0.0228713,2.536,2.539
-0.113061,-0.0228713,2.536,2.53862
-0.10483,-0.0228713,2.536,2.53827
-0.0965985,-0.0228713,2.536,2.53794
-0.0883672,-0.0228713,2.536,2.53764
-0.080136,-0.0228713,2.536,2.53737
-0.0719048,-0.0228713,2.536,2.53712
-0.0636736,-0.0228713,2.536,2.5369
-0.0554423,-0.0228713,2.536,2.53671
-0.0472111,-0.0228713,2.536,2.53654
-0.0389799,-0.0228713,2.536,2.5364
-0.0307487,-0.0228713,2.536,2.53629
-0.0225174,-0.0228713,2.536,2.5362
-0.0142862,-0.0228713,2.536,2.53614
-0.00605498,-0.0228713,2.536,2.53611
0.00217625,-0.0228713,2.536,2.5361
0.0103295,-0.0227,2.517,2.51712
0.0184991,-0.0227,2.517,2.51717
0.0266686,-0.0227,2.517,2.51724
0.034589,-0.0225376,2.499,2.49934
0.0427002,-0.0225376,2.499,2.49947
0.0508113,-0.0225376,2.499,2.49962
0.058498,-0.0223753,2.481,2.48179
0.0665507,-0.0223753,2.481,2.48199
0.0746034,-0.0223753,2.481,2.48222
0.0826561,-0.0223753,2.481,2.48248
0.0907089,-0.0223753,2.481,2.48276
0.0987616,-0.0223753,2.481,2.48307
0.106814,-0.0223753,2.481,2.4834
0.114867,-0.0223753,2.481,2.48376
0.12292,-0.0223753,2.481,2.48414
0.130972,-0.0223753,2.481,2.48456
0.139025,-0.0223753,2.481,2.48499
0.147078,-0.0223753,2.481,2.48546
0.155131,-0.0223753,2.481,2.48595
0.164367,-0.0225376,2.499,2.5045
0.172478,-0.0225376,2.499,2.50505
0.180589,-0.0225376,2.499,2.50562
0.188701,-0.0225376,2.499,2.50622
0.196812,-0.0225376,2.499,2.50684
0.204923,-0.0225376,2.499,2.50749
0.213034,-0.0225376,2.499,2.50817
0.221145,-0.0225376,2.499,2.50887
0.229256,-0.0225376,2.499,2.5096
0.237367,-0.0225376,2.499,2.51035
0.247247,-0.0227,2.517,2.52922
0.255416,-0.0227,2.517,2.53003
0.263586,-0.0227,2.517,2.53087
0.271755,-0.0227,2.517,2.53173
0.279925,-0.0227,2.517,2.53262
0.288094,-0.0227,2.517,2.53354
0.294145,-0.0225376,2.499,2.51635
0.302256,-0.0225376,2.499,2.51731
0.310368,-0.0225376,2.499,2.5183
0.318479,-0.0225376,2.499,2.51931
0.324237,-0.0223753,2.481,2.5022
0.33229,-0.0223753,2.481,2.50325
0.340343,-0.0223753,2.481,2.50434
0.348396,-0.0223753,2.481,2.50544
0.356448,-0.0223753,2.481,2.50657
0.364501,-0.0223753,2.481,2.50773
0.372554,-0.0223753,2.481,2.50892
0.380606,-0.0223753,2.481,2.51012
0.385839,-0.022213,2.463,2.49314
0.393834,-0.022213,2.463,2.49439
0.401828,-0.022213,2.463,2.49566
0.412817,-0.0223753,2.481,2.51521
0.417816,-0.022213,2.463,2.49829
0.425811,-0.022213,2.463,2.49964
0.433805,-0.022213,2.463,2.50101
0.441799,-0.022213,2.463,2.50241
0.449794,-0.022213,2.463,2.50383
0.461134,-0.0223753,2.481,2.52359
0.469186,-0.0223753,2.481,2.52507
0.477239,-0.0223753,2.481,2.52658
0.485292,-0.0223753,2.481,2.52812
0.493344,-0.0223753,2.481,2.52967
0.501397,-0.0223753,2.481,2.53126
0.50945,-0.0223753,2.481,2.53286
0.521257,-0.0225376,2.499,2.55288
0.529368,-0.0225376,2.499,2.55455
0.537479,-0.0225376,2.499,2.55625
0.54559,-0.0225376,2.499,2.55796
0.553702,-0.0225376,2.499,2.55971
0.565859,-0.0227,2.517,2.57992
0.574029,-0.0227,2.517,2.58173
0.582199,-0.0227,2.517,2.58356
0.590368,-0.0227,2.517,2.58541
0.598538,-0.0227,2.517,2.58729
0.606707,-0.0227,2.517,2.58919
0.614877,-0.0227,2.517,2.59112
0.627749,-0.0228713,2.536,2.61264
0.635981,-0.0228713,2.536,2.61463
0.644212,-0.0228713,2.536,2.61664
0.652443,-0.0228713,2.536,2.61868
0.660674,-0.0228713,2.536,2.62075
0.668906,-0.0228713,2.536,2.62283
0.677137,-0.0228713,2.536,2.62494
0.685368,-0.0228713,2.536,2.62708
0.693599,-0.0228713,2.536,2.62924
0.70183,-0.0228713,2.536,2.63142
0.710062,-0.0228713,2.536,2.63363
0.718293,-0.0228713,2.536,2.63586
0.726524,-0.0228713,2.536,2.63812
0.734755,-0.0228713,2.536,2.64039
0.742987,-0.0228713,2.536,2.6427
0.751218,-0.0228713,2.536,2.64502
0.759449,-0.0228713,2.536,2.64737
0.76768,-0.0228713,2.536,2.64975
0.775912,-0.0228713,2.536,2.65214
0.778268,-0.0227,2.517,2.63467
0.786437,-0.0227,2.517,2.6371
0.794607,-0.0227,2.517,2.63955
0.802777,-0.0227,2.517,2.64202
0.810946,-0.0227,2.517,2.64451
0.819116,-0.0227,2.517,2.64703
0.827285,-0.0227,2.517,2.64957
0.835455,-0.0227,2.517,2.65213
0.843624,-0.0227,2.517,2.65471
0.845702,-0.0225376,2.499,2.63832
0.853814,-0.0225376,2.499,2.64093
0.861925,-0.0225376,2.499,2.64356
0.870036,-0.0225376,2.499,2.64622
0.878147,-0.0225376,2.499,2.6489
0.886258,-0.0225376,2.499,2.6516
0.887927,-0.0223753,2.481,2.6352
0.89598,-0.0223753,2.481,2.63792
0.904033,-0.0223753,2.481,2.64067
0.912085,-0.0223753,2.481,2.64344
0.913462,-0.022213,2.463,2.62703
0.921457,-0.022213,2.463,2.62982
0.929451,-0.022213,2.463,2.63263
0.930594,-0.0220506,2.445,2.6162
0.93853,-0.0220506,2.445,2.61904
0.946466,-0.0220506,2.445,2.62189
0.954402,-0.0220506,2.445,2.62477
0.962338,-0.0220506,2.445,2.62766
0.970273,-0.0220506,2.445,2.63058
0.978209,-0.0220506,2.445,2.63352
0.993405,-0.022213,2.463,2.65588
1.0014,-0.022213,2.463,2.65888
1.01677,-0.0223753,2.481,2.68136
1.02482,-0.0223753,2.481,2.68442
1.03288,-0.0223753,2.481,2.68751
1.04093,-0.0223753,2.481,2.69061
1.04898,-0.0223753,2.481,2.69374
1.0647,-0.0225376,2.499,2.71645
1.08054,-0.0227,2.517,2.73923
1.08871,-0.0227,2.517,2.74246
1.09688,-0.0227,2.517,2.74572
1.11339,-0.0228713,2.536,2.76974
1.12162,-0.0228713,2.536,2.77306
1.12985,-0.0228713,2.536,2.7764
1.14661,-0.0230427,2.555,2.80058
1.1549,-0.0230427,2.555,2.80399
1.1632,-0.0230427,2.555,2.80742
1.18891,-0.0233854,2.593,2.85267
1.20657,-0.0235658,2.613,2.87822
1.21505,-0.0235658,2.613,2.88178
1.23289,-0.0237461,2.633,2.90745
1.25134,-0.0239355,2.654,2.9343
1.25995,-0.0239355,2.654,2.93799
1.27861,-0.0241249,2.675,2.96497
1.29739,-0.0243143,2.696,2.99203
1.32698,-0.0247021,2.739,3.04362
1.33587,-0.0247021,2.739,3.0475
1.35556,-0.0249005,2.761,3.07592
1.37539,-0.0250989,2.783,3.10442
1.38443,-0.0250989,2.783,3.10843
1.40498,-0.0253064,2.806,3.13819
1.42567,-0.0255138,2.829,3.16803
1.43486,-0.0255138,2.829,3.17218
1.45629,-0.0257302,2.853,3.20329
1.49021,-0.0261631,2.901,3.26147
1.52547,-0.0266141,2.951,3.32207
1.53505,-0.0266141,2.951,3.32648
1.55823,-0.0268486,2.977,3.36026
1.5679,-0.0268486,2.977,3.36475
1.57756,-0.0268486,2.977,3.36926
1.60108,-0.027083,3.003,3.40326
1.62531,-0.0273265,3.03,3.4385
1.63515,-0.0273265,3.03,3.44316
1.64498,-0.0273265,3.03,3.44784
1.66956,-0.02757,3.057,3.48331
1.67949,-0.02757,3.057,3.48808
1.68941,-0.02757,3.057,3.49287
1.69933,-0.02757,3.057,3.49768
1.70925,-0.02757,3.057,3.50251
1.71917,-0.02757,3.057,3.50736
1.71383,-0.0273265,3.03,3.48121
1.72366,-0.0273265,3.03,3.48607
1.73349,-0.0273265,3.03,3.49094
1.74333,-0.0273265,3.03,3.49583
1.75316,-0.0273265,3.03,3.50075
1.763,-0.0273265,3.03,3.50568
1.77283,-0.0273265,3.03,3.51064
1.78267,-0.0273265,3.03,3.51562
1.7925,-0.0273265,3.03,3.52061
1.80234,-0.0273265,3.03,3.52563
1.79602,-0.027083,3.003,3.49921
1.80577,-0.027083,3.003,3.50422
1.7998,-0.0268486,2.977,3.47887
1.80946,-0.0268486,2.977,3.48388
1.81912,-0.0268486,2.977,3.48891
1.81281,-0.0266141,2.951,3.46344
1.82239,-0.0266141,2.951,3.46846
1.83197,-0.0266141,2.951,3.4735
1.82595,-0.0263886,2.926,3.4491
1.81976,-0.0261631,2.901,3.42462
1.82918,-0.0261631,2.901,3.42963
1.82338,-0.0259467,2.877,3.40625
1.80215,-0.0255138,2.829,3.35434
1.78187,-0.0250989,2.783,3.30466
1.79091,-0.0250989,2.783,3.30954
1.78571,-0.0249005,2.761,3.28824
1.76607,-0.0245037,2.717,3.24063
1.77489,-0.0245037,2.717,3.24545
1.75614,-0.0241249,2.675,3.20004
1.75097,-0.0239355,2.654,3.17965
1.75958,-0.0239355,2.654,3.1844
1.74088,-0.0235658,2.613,3.1399
1.72325,-0.023214,2.574,3.09768
1.7316,-0.023214,2.574,3.10233
1.71427,-0.0228713,2.536,3.06113
1.7096,-0.0227,2.517,3.04278
-2.04721,-0.0170386,2.951,3.59162
-2.0031,-0.0167499,2.901,3.52541
-1.99369,-0.0167499,2.901,3.52007
-1.96786,-0.0166113,2.877,3.48566
-1.94218,-0.0164727,2.853,3.45137
-1.93292,-0.0164727,2.853,3.44617
-1.90748,-0.0163341,2.829,3.41203
-1.86743,-0.0160686,2.783,3.35151
-1.85839,-0.0160686,2.783,3.34649
-1.83474,-0.0159415,2.761,3.31506
-1.82578,-0.0159415,2.761,3.31011
-1.80234,-0.0158145,2.739,3.27884
-1.79345,-0.0158145,2.739,3.27396
-1.78456,-0.0158145,2.739,3.2691
-1.76141,-0.0156875,2.717,3.23804
-1.75259,-0.0156875,2.717,3.23325
-1.74377,-0.0156875,2.717,3.22848
-1.73495,-0.0156875,2.717,3.22372
-1.72614,-0.0156875,2.717,3.21899
-1.71732,-0.0156875,2.717,3.21427
-1.72233,-0.0158145,2.739,3.23555
-1.71344,-0.0158145,2.739,3.23083
-1.71824,-0.0159415,2.761,3.25204
-1.70928,-0.0159415,2.761,3.24731
-1.71387,-0.0160686,2.783,3.26844
-1.70483,-0.0160686,2.783,3.26371
-1.6958,-0.0160686,2.783,3.259
-1.70071,-0.0162014,2.806,3.28121
-1.70547,-0.0163341,2.829,3.30335
-1.69629,-0.0163341,2.829,3.29862
-1.70142,-0.0164727,2.853,3.32185
-1.70639,-0.0166113,2.877,3.34502
-1.69705,-0.0166113,2.877,3.34027
-1.68771,-0.0166113,2.877,3.33553
-1.66438,-0.0164727,2.853,3.30303
-1.65511,-0.0164727,2.853,3.29838
-1.63201,-0.0163341,2.829,3.26603
-1.60963,-0.0162014,2.806,3.23494
-1.60053,-0.0162014,2.806,3.23042
-1.57837,-0.0160686,2.783,3.19947
-1.56934,-0.0160686,2.783,3.19502
nan,nan,nan,NaN
-1.51449,-0.0156875,2.717,3.11063
-1.49403,-0.0155662,2.696,3.08233
-1.47371,-0.015445,2.675,3.05413
-1.46503,-0.015445,2.675,3.04995
-1.45635,-0.015445,2.675,3.04578
-1.44766,-0.015445,2.675,3.04164
-1.43898,-0.015445,2.675,3.03752
-1.4303,-0.015445,2.675,3.03342
-1.44394,-0.0156875,2.717,3.0769
-1.43512,-0.0156875,2.717,3.07277
-1.4263,-0.0156875,2.717,3.06866
-1.42896,-0.0158145,2.739,3.08938
-1.43147,-0.0159415,2.761,3.11006
-1.42251,-0.0159415,2.761,3.10595
-1.41355,-0.0159415,2.761,3.10185
-1.40459,-0.0159415,2.761,3.09778
-1.39563,-0.0159415,2.761,3.09373
-1.37562,-0.0158145,2.739,3.06508
-1.34527,-0.0155662,2.696,3.01304
-1.33652,-0.0155662,2.696,3.00914
-1.30708,-0.0153237,2.654,2.95845
-1.2882,-0.0152025,2.633,2.93127
-1.27965,-0.0152025,2.633,2.92753
-1.25179,-0.0149715,2.593,2.87939
-1.23427,-0.0148618,2.574,2.85466
-1.20781,-0.0146424,2.536,2.80897
-1.19958,-0.0146424,2.536,2.80544
-1.18243,-0.0145327,2.517,2.78094
-1.16586,-0.0144288,2.499,2.75761
-1.15775,-0.0144288,2.499,2.75419
-1.13308,-0.0142209,2.463,2.71117
-1.11686,-0.014117,2.445,2.68805
-1.10892,-0.014117,2.445,2.68476
-1.10099,-0.014117,2.445,2.68149
-1.08545,-0.0140188,2.428,2.65962
-1.07757,-0.0140188,2.428,2.65641
-1.0622,-0.0139207,2.411,2.63465
-1.05437,-0.0139207,2.411,2.63151
-1.04655,-0.0139207,2.411,2.62838
-1.03872,-0.0139207,2.411,2.62527
-1.0309,-0.0139207,2.411,2.62219
-1.02307,-0.0139207,2.411,2.61912
-1.01525,-0.0139207,2.411,2.61607
-1.00742,-0.0139207,2.411,2.61305
-0.992548,-0.0138225,2.394,2.59164
-0.984778,-0.0138225,2.394,2.58867
-0.977007,-0.0138225,2.394,2.58572
-0.969237,-0.0138225,2.394,2.5828
-0.961466,-0.0138225,2.394,2.57989
-0.953696,-0.0138225,2.394,2.57701
-0.945926,-0.0138225,2.394,2.57414
-0.938156,-0.0138225,2.394,2.5713
-0.930385,-0.0138225,2.394,2.56847
-0.922615,-0.0138225,2.394,2.56567
-0.914845,-0.0138225,2.394,2.56288
-0.907074,-0.0138225,2.394,2.56012
-0.899304,-0.0138225,2.394,2.55738
-0.891534,-0.0138225,2.394,2.55465
-0.883763,-0.0138225,2.394,2.55195
-0.875993,-0.0138225,2.394,2.54927
-0.868223,-0.0138225,2.394,2.54661
-0.860452,-0.0138225,2.394,2.54397
-0.852682,-0.0138225,2.394,2.54136
-0.844912,-0.0138225,2.394,2.53876
-0.837141,-0.0138225,2.394,2.53618
-0.829371,-0.0138225,2.394,2.53363
-0.821601,-0.0138225,2.394,2.5311
-0.81383,-0.0138225,2.394,2.52859
-0.80606,-0.0138225,2.394,2.5261
-0.79829,-0.0138225,2.394,2.52363
-0.796133,-0.0139207,2.411,2.53908
-0.788307,-0.0139207,2.411,2.53664
-0.780482,-0.0139207,2.411,2.53422
-0.772656,-0.0139207,2.411,2.53182
-0.764831,-0.0139207,2.411,2.52944
-0.757005,-0.0139207,2.411,2.52709
-0.74918,-0.0139207,2.411,2.52475
-0.741354,-0.0139207,2.411,2.52244
-0.738701,-0.0140188,2.428,2.53792
-0.73082,-0.0140188,2.428,2.53564
-0.722939,-0.0140188,2.428,2.53338
-0.720065,-0.014117,2.445,2.54887
-0.712129,-0.014117,2.445,2.54664
-0.704194,-0.014117,2.445,2.54443
-0.696258,-0.014117,2.445,2.54224
-0.693389,-0.0142209,2.463,2.55878
-0.685395,-0.0142209,2.463,2.55663
-0.677401,-0.0142209,2.463,2.55449
-0.669406,-0.0142209,2.463,2.55239
-0.661412,-0.0142209,2.463,2.5503
-0.653418,-0.0142209,2.463,2.54824
-0.645424,-0.0142209,2.463,2.5462
-0.637429,-0.0142209,2.463,2.54419
-0.629435,-0.0142209,2.463,2.5422
-0.621441,-0.0142209,2.463,2.54023
-0.613446,-0.0142209,2.463,2.53828
-0.605452,-0.0142209,2.463,2.53636
-0.597458,-0.0142209,2.463,2.53447
-0.589464,-0.0142209,2.463,2.5326
-0.581469,-0.0142209,2.463,2.53075
-0.569284,-0.014117,2.445,2.51044
-0.561348,-0.014117,2.445,2.50865
-0.553412,-0.014117,2.445,2.50689
-0.545476,-0.014117,2.445,2.50515
-0.53754,-0.014117,2.445,2.50343
-0.529605,-0.014117,2.445,2.50174
-0.521669,-0.014117,2.445,2.50007
-0.513733,-0.014117,2.445,2.49843
-0.505797,-0.014117,2.445,2.49681
-0.497861,-0.014117,2.445,2.49521
-0.489925,-0.014117,2.445,2.49364
-0.481989,-0.014117,2.445,2.4921
-0.474054,-0.014117,2.445,2.49057
-0.469549,-0.0142209,2.463,2.5074
-0.461555,-0.0142209,2.463,2.50591
-0.453561,-0.0142209,2.463,2.50445
-0.448823,-0.0143249,2.481,2.52131
-0.44077,-0.0143249,2.481,2.51989
-0.435857,-0.0144288,2.499,2.53677
-0.427746,-0.0144288,2.499,2.53538
-0.419634,-0.0144288,2.499,2.53403
-0.414487,-0.0145327,2.517,2.55094
-0.406318,-0.0145327,2.517,2.54963
-0.398148,-0.0145327,2.517,2.54834
-0.392923,-0.0146424,2.536,2.5663
-0.384691,-0.0146424,2.536,2.56505
-0.37646,-0.0146424,2.536,2.56383
-0.370988,-0.0147521,2.555,2.58184
-0.362695,-0.0147521,2.555,2.58066
-0.354402,-0.0147521,2.555,2.5795
-0.346109,-0.0147521,2.555,2.57838
-0.337816,-0.0147521,2.555,2.57728
-0.329523,-0.0147521,2.555,2.5762
-0.32123,-0.0147521,2.555,2.57516
-0.312937,-0.0147521,2.555,2.57414
-0.304645,-0.0147521,2.555,2.57314
-0.296352,-0.0147521,2.555,2.57217
-0.285917,-0.0146424,2.536,2.55211
-0.277685,-0.0146424,2.536,2.5512
-0.269454,-0.0146424,2.536,2.55032
-0.259266,-0.0145327,2.517,2.53036
-0.251096,-0.0145327,2.517,2.52954
-0.242927,-0.0145327,2.517,2.52874
-0.234757,-0.0145327,2.517,2.52797
-0.226588,-0.0145327,2.517,2.52722
-0.218418,-0.0145327,2.517,2.5265
-0.210249,-0.0145327,2.517,2.52581
-0.202079,-0.0145327,2.517,2.52514
-0.193909,-0.0145327,2.517,2.5245
-0.18574,-0.0145327,2.517,2.52389
-0.17757,-0.0145327,2.517,2.5233
-0.169401,-0.0145327,2.517,2.52274
-0.161231,-0.0145327,2.517,2.5222
-0.153062,-0.0145327,2.517,2.52169
-0.144892,-0.0145327,2.517,2.52121
-0.136723,-0.0145327,2.517,2.52075
-0.128553,-0.0145327,2.517,2.52032
-0.120383,-0.0145327,2.517,2.51992
-0.112214,-0.0145327,2.517,2.51954
-0.104044,-0.0145327,2.517,2.51919
-0.0958747,-0.0145327,2.517,2.51887
-0.0877052,-0.0145327,2.517,2.51857
-0.0795356,-0.0145327,2.517,2.5183
-0.0713661,-0.0145327,2.517,2.51805
-0.0636736,-0.0146424,2.536,2.53684
-0.0554423,-0.0146424,2.536,2.53665
-0.0472111,-0.0146424,2.536,2.53648
-0.0389799,-0.0146424,2.536,2.53634
-0.0307487,-0.0146424,2.536,2.53623
-0.0225174,-0.0146424,2.536,2.53614
-0.0142862,-0.0146424,2.536,2.53608
-0.00605498,-0.0146424,2.536,2.53605
0.00217625,-0.0146424,2.536,2.53604
0.0103295,-0.0145327,2.517,2.51706
0.0184991,-0.0145327,2.517,2.51711
0.0266686,-0.0145327,2.517,2.51718
0.034589,-0.0144288,2.499,2.49928
0.0427002,-0.0144288,2.499,2.49941
0.0508113,-0.0144288,2.499,2.49956
0.058498,-0.0143249,2.481,2.48173
0.0665507,-0.0143249,2.481,2.48193
0.0746034,-0.0143249,2.481,2.48216
0.0826561,-0.0143249,2.481,2.48242
0.0907089,-0.0143249,2.481,2.4827
0.0987616,-0.0143249,2.481,2.48301
0.106814,-0.0143249,2.481,2.48334
0.114867,-0.0143249,2.481,2.4837
0.12292,-0.0143249,2.481,2.48408
0.130972,-0.0143249,2.481,2.4845
0.139025,-0.0143249,2.481,2.48493
0.147078,-0.0143249,2.481,2.4854
0.155131,-0.0143249,2.481,2.48589
0.163183,-0.0143249,2.481,2.4864
0.172478,-0.0144288,2.499,2.50499
0.180589,-0.0144288,2.499,2.50556
0.188701,-0.0144288,2.499,2.50616
0.196812,-0.0144288,2.499,2.50678
0.204923,-0.0144288,2.499,2.50743
0.213034,-0.0144288,2.499,2.50811
0.221145,-0.0144288,2.499,2.50881
0.229256,-0.0144288,2.499,2.50954
0.237367,-0.0144288,2.499,2.51029
0.247247,-0.0145327,2.517,2.52916
0.255416,-0.0145327,2.517,2.52997
0.261701,-0.0144288,2.499,2.51271
0.269812,-0.0144288,2.499,2.51356
0.279925,-0.0145327,2.517,2.53256
0.288094,-0.0145327,2.517,2.53348
0.294145,-0.0144288,2.499,2.51629
0.302256,-0.0144288,2.499,2.51725
0.310368,-0.0144288,2.499,2.51824
0.318479,-0.0144288,2.499,2.51925
0.324237,-0.0143249,2.481,2.50214
0.33229,-0.0143249,2.481,2.50319
0.340343,-0.0143249,2.481,2.50428
0.348396,-0.0143249,2.481,2.50538
0.356448,-0.0143249,2.481,2.50652
0.364501,-0.0143249,2.481,2.50767
0.369851,-0.0142209,2.463,2.49065
0.377845,-0.0142209,2.463,2.49185
0.385839,-0.0142209,2.463,2.49308
0.393834,-0.0142209,2.463,2.49433
0.401828,-0.0142209,2.463,2.4956
0.409822,-0.0142209,2.463,2.4969
0.417816,-0.0142209,2.463,2.49823
0.425811,-0.0142209,2.463,2.49958
0.433805,-0.0142209,2.463,2.50095
0.441799,-0.0142209,2.463,2.50235
0.449794,-0.0142209,2.463,2.50377
0.457788,-0.0142209,2.463,2.50522
0.465782,-0.0142209,2.463,2.5067
0.477239,-0.0143249,2.481,2.52652
0.485292,-0.0143249,2.481,2.52806
0.493344,-0.0143249,2.481,2.52962
0.501397,-0.0143249,2.481,2.5312
0.50945,-0.0143249,2.481,2.53281
0.517502,-0.0143249,2.481,2.53444
0.525555,-0.0143249,2.481,2.53609
0.537479,-0.0144288,2.499,2.55619
0.54559,-0.0144288,2.499,2.5579
0.553702,-0.0144288,2.499,2.55965
0.565859,-0.0145327,2.517,2.57986
0.574029,-0.0145327,2.517,2.58167
0.578035,-0.0144288,2.499,2.56502
0.586146,-0.0144288,2.499,2.56686
0.598538,-0.0145327,2.517,2.58723
0.606707,-0.0145327,2.517,2.58913
0.614877,-0.0145327,2.517,2.59106
0.627749,-0.0146424,2.536,2.61258
0.635981,-0.0146424,2.536,2.61457
0.644212,-0.0146424,2.536,2.61659
0.652443,-0.0146424,2.536,2.61862
0.660674,-0.0146424,2.536,2.62069
0.668906,-0.0146424,2.536,2.62277
0.677137,-0.0146424,2.536,2.62489
0.685368,-0.0146424,2.536,2.62702
0.693599,-0.0146424,2.536,2.62918
0.70183,-0.0146424,2.536,2.63136
0.710062,-0.0146424,2.536,2.63357
0.718293,-0.0146424,2.536,2.6358
0.726524,-0.0146424,2.536,2.63806
0.734755,-0.0146424,2.536,2.64034
0.742987,-0.0146424,2.536,2.64264
0.751218,-0.0146424,2.536,2.64496
0.759449,-0.0146424,2.536,2.64731
0.76768,-0.0146424,2.536,2.64969
0.770098,-0.0145327,2.517,2.63221
0.778268,-0.0145327,2.517,2.63462
0.786437,-0.0145327,2.517,2.63704
0.794607,-0.0145327,2.517,2.63949
0.802777,-0.0145327,2.517,2.64196
0.810946,-0.0145327,2.517,2.64445
0.819116,-0.0145327,2.517,2.64697
0.821369,-0.0144288,2.499,2.63056
0.82948,-0.0144288,2.499,2.63311
0.837591,-0.0144288,2.499,2.63567
0.845702,-0.0144288,2.499,2.63826
0.853814,-0.0144288,2.499,2.64087
0.861925,-0.0144288,2.499,2.64351
0.863769,-0.0143249,2.481,2.6271
0.871822,-0.0143249,2.481,2.62976
0.879874,-0.0143249,2.481,2.63244
0.887927,-0.0143249,2.481,2.63514
0.89598,-0.0143249,2.481,2.63787
0.904033,-0.0143249,2.481,2.64061
0.912085,-0.0143249,2.481,2.64338
0.913462,-0.0142209,2.463,2.62697
0.921457,-0.0142209,2.463,2.62976
0.929451,-0.0142209,2.463,2.63257
0.930594,-0.014117,2.445,2.61615
0.93853,-0.014117,2.445,2.61898
0.946466,-0.014117,2.445,2.62184
0.954402,-0.014117,2.445,2.62471
0.962338,-0.014117,2.445,2.62761
0.970273,-0.014117,2.445,2.63052
0.978209,-0.014117,2.445,2.63346
0.993405,-0.0142209,2.463,2.65583
1.0014,-0.0142209,2.463,2.65883
1.01677,-0.0143249,2.481,2.6813
1.02482,-0.0143249,2.481,2.68437
1.03288,-0.0143249,2.481,2.68745
1.04093,-0.0143249,2.481,2.69056
1.04898,-0.0143249,2.481,2.69368
1.0647,-0.0144288,2.499,2.71639
1.08054,-0.0145327,2.517,2.73917
1.08871,-0.0145327,2.517,2.74241
1.09688,-0.0145327,2.517,2.74566
1.11339,-0.0146424,2.536,2.76968
1.12162,-0.0146424,2.536,2.773
1.12985,-0.0146424,2.536,2.77634
1.14661,-0.0147521,2.555,2.80053
1.1549,-0.0147521,2.555,2.80393
1.1632,-0.0147521,2.555,2.80736
1.18891,-0.0149715,2.593,2.85261
1.20657,-0.015087,2.613,2.87816
1.21505,-0.015087,2.613,2.88172
1.23289,-0.0152025,2.633,2.90739
1.25134,-0.0153237,2.654,2.93425
1.25995,-0.0153237,2.654,2.93793
1.28864,-0.0155662,2.696,2.98819
1.29739,-0.0155662,2.696,2.99197
1.32698,-0.0158145,2.739,3.04356
1.33587,-0.0158145,2.739,3.04744
1.36636,-0.0160686,2.783,3.10037
1.37539,-0.0160686,2.783,3.10436
1.38443,-0.0160686,2.783,3.10837
1.40498,-0.0162014,2.806,3.13813
1.42567,-0.0163341,2.829,3.16797
1.43486,-0.0163341,2.829,3.17212
1.45629,-0.0164727,2.853,3.20323
1.49021,-0.0167499,2.901,3.26141
1.52547,-0.0170386,2.951,3.32201
1.53505,-0.0170386,2.951,3.32642
1.55823,-0.0171887,2.977,3.3602
1.5679,-0.0171887,2.977,3.36469
1.57756,-0.0171887,2.977,3.3692
1.60108,-0.0173388,3.003,3.4032
1.62531,-0.0174947,3.03,3.43844
1.63515,-0.0174947,3.03,3.4431
1.64498,-0.0174947,3.03,3.44778
1.65482,-0.0174947,3.03,3.45248
1.66465,-0.0174947,3.03,3.45721
1.67449,-0.0174947,3.03,3.46195
1.68432,-0.0174947,3.03,3.46672
1.69416,-0.0174947,3.03,3.47151
1.70399,-0.0174947,3.03,3.47632
1.69855,-0.0173388,3.003,3.45013
1.7083,-0.0173388,3.003,3.45494
1.71805,-0.0173388,3.003,3.45977
1.72779,-0.0173388,3.003,3.46462
1.73754,-0.0173388,3.003,3.46949
1.74729,-0.0173388,3.003,3.47438
1.75704,-0.0173388,3.003,3.47929
1.76678,-0.0173388,3.003,3.48423
1.77653,-0.0173388,3.003,3.48918
1.78628,-0.0173388,3.003,3.49415
1.79602,-0.0173388,3.003,3.49914
1.80577,-0.0173388,3.003,3.50416
1.7998,-0.0171887,2.977,3.47881
1.80946,-0.0171887,2.977,3.48382
1.81912,-0.0171887,2.977,3.48884
1.81281,-0.0170386,2.951,3.46338
1.82239,-0.0170386,2.951,3.4684
1.83197,-0.0170386,2.951,3.47344
1.82595,-0.0168942,2.926,3.44904
1.81976,-0.0167499,2.901,3.42456
1.82918,-0.0167499,2.901,3.42957
1.82338,-0.0166113,2.877,3.40619
1.80215,-0.0163341,2.829,3.35429
1.78187,-0.0160686,2.783,3.30461
1.79091,-0.0160686,2.783,3.30949
1.78571,-0.0159415,2.761,3.28818
1.76607,-0.0156875,2.717,3.24058
1.77489,-0.0156875,2.717,3.24539
1.75614,-0.015445,2.675,3.19998
1.75097,-0.0153237,2.654,3.1796
1.75958,-0.0153237,2.654,3.18435
1.74088,-0.015087,2.613,3.13985
1.72325,-0.0148618,2.574,3.09763
1.7316,-0.0148618,2.574,3.10228
1.71427,-0.0146424,2.536,3.06108
1.7096,-0.0145327,2.517,3.04273
-2.02986,-0.00739982,2.926,3.56116
-2.0031,-0.00733659,2.901,3.52538
-1.99369,-0.00733659,2.901,3.52003
-1.96786,-0.0072759,2.877,3.48563
-1.94218,-0.0072152,2.853,3.45134
-1.93292,-0.0072152,2.853,3.44613
-1.89197,-0.00709634,2.806,3.38426
-1.86743,-0.00703817,2.783,3.35148
-1.85839,-0.00703817,2.783,3.34646
-1.82012,-0.0069269,2.739,3.28862
-1.81123,-0.0069269,2.739,3.28371
-1.78787,-0.00687126,2.717,3.25248
-1.77905,-0.00687126,2.717,3.24764
-1.77023,-0.00687126,2.717,3.24281
-1.7478,-0.00681815,2.696,3.21298
-1.73905,-0.00681815,2.696,3.20823
-1.73029,-0.00681815,2.696,3.2035
-1.72154,-0.00681815,2.696,3.19878
-1.71279,-0.00681815,2.696,3.19408
-1.70404,-0.00681815,2.696,3.18939
-1.7085,-0.00687126,2.717,3.20953
-1.69968,-0.00687126,2.717,3.20485
-1.70455,-0.0069269,2.739,3.22609
-1.69566,-0.0069269,2.739,3.2214
-1.70032,-0.00698254,2.761,3.24257
-1.69136,-0.00698254,2.761,3.23788
-1.6824,-0.00698254,2.761,3.23321
-1.68677,-0.00703817,2.783,3.25428
-1.6916,-0.00709634,2.806,3.27646
-1.68249,-0.00709634,2.806,3.27177
-1.6871,-0.00715451,2.829,3.29387
-1.67792,-0.00715451,2.829,3.28918
-1.66874,-0.00715451,2.829,3.28451
-1.64606,-0.00709634,2.806,3.25319
-1.63696,-0.00709634,2.806,3.24859
-1.62785,-0.00709634,2.806,3.24401
-1.60547,-0.00703817,2.783,3.21289
-1.58382,-0.00698254,2.761,3.18303
-1.57486,-0.00698254,2.761,3.17858
-1.55342,-0.0069269,2.739,3.14885
-1.52028,-0.00681815,2.696,3.09511
-1.51153,-0.00681815,2.696,3.09082
-1.50278,-0.00681815,2.696,3.08655
-1.48239,-0.00676504,2.675,3.05829
-1.47371,-0.00676504,2.675,3.05409
-1.46503,-0.00676504,2.675,3.04991
-1.45635,-0.00676504,2.675,3.04575
-1.44766,-0.00676504,2.675,3.04161
-1.43898,-0.00676504,2.675,3.03749
-1.4303,-0.00676504,2.675,3.03338
-1.43278,-0.00681815,2.696,3.05308
-1.42403,-0.00681815,2.696,3.04899
-1.41528,-0.00681815,2.696,3.04491
-1.41748,-0.00687126,2.717,3.06454
-1.40866,-0.00687126,2.717,3.06047
-1.41118,-0.0069269,2.739,3.08117
-1.40229,-0.0069269,2.739,3.07711
-1.38221,-0.00687126,2.717,3.04838
-1.37339,-0.00687126,2.717,3.04439
-1.36457,-0.00687126,2.717,3.04042
-1.33479,-0.00676504,2.675,2.98954
-1.32611,-0.00676504,2.675,2.98567
-1.29674,-0.00665883,2.633,2.93501
-1.26863,-0.00655767,2.593,2.88671
-1.26021,-0.00655767,2.593,2.88302
-1.24262,-0.00650962,2.574,2.85826
-1.22516,-0.00646156,2.555,2.83356
-1.20781,-0.00641351,2.536,2.80894
-1.19958,-0.00641351,2.536,2.80541
-1.17397,-0.00631994,2.499,2.76102
-1.15746,-0.00627442,2.481,2.73772
-1.14941,-0.00627442,2.481,2.73433
-1.12479,-0.00618338,2.445,2.69132
-1.11686,-0.00618338,2.445,2.68802
-1.10892,-0.00618338,2.445,2.68473
-1.09333,-0.00614038,2.428,2.66282
-1.08545,-0.00614038,2.428,2.65959
-1.07757,-0.00614038,2.428,2.65638
-1.0622,-0.00609739,2.411,2.63462
-1.05437,-0.00609739,2.411,2.63148
-1.04655,-0.00609739,2.411,2.62835
-1.03872,-0.00609739,2.411,2.62524
-1.0309,-0.00609739,2.411,2.62216
-1.02307,-0.00609739,2.411,2.61909
-1.01525,-0.00609739,2.411,2.61604
-1.00742,-0.00609739,2.411,2.61302
-0.992548,-0.0060544,2.394,2.59161
-0.984778,-0.0060544,2.394,2.58864
-0.977007,-0.0060544,2.394,2.58569
-0.969237,-0.0060544,2.394,2.58277
-0.961466,-0.0060544,2.394,2.57986
-0.953696,-0.0060544,2.394,2.57698
-0.945926,-0.0060544,2.394,2.57411
-0.938156,-0.0060544,2.394,2.57127
-0.930385,-0.0060544,2.394,2.56844
-0.922615,-0.0060544,2.394,2.56564
-0.914845,-0.0060544,2.394,2.56285
-0.907074,-0.0060544,2.394,2.56009
-0.899304,-0.0060544,2.394,2.55735
-0.891534,-0.0060544,2.394,2.55462
-0.883763,-0.0060544,2.394,2.55192
-0.875993,-0.0060544,2.394,2.54924
-0.868223,-0.0060544,2.394,2.54658
-0.860452,-0.0060544,2.394,2.54394
-0.852682,-0.0060544,2.394,2.54133
-0.844912,-0.0060544,2.394,2.53873
-0.837141,-0.0060544,2.394,2.53615
-0.829371,-0.0060544,2.394,2.5336
-0.821601,-0.0060544,2.394,2.53107
-0.81383,-0.0060544,2.394,2.52856
-0.80606,-0.0060544,2.394,2.52607
-0.79829,-0.0060544,2.394,2.5236
-0.796133,-0.00609739,2.411,2.53905
-0.788307,-0.00609739,2.411,2.53661
-0.780482,-0.00609739,2.411,2.53419
-0.772656,-0.00609739,2.411,2.53179
-0.764831,-0.00609739,2.411,2.52941
-0.757005,-0.00609739,2.411,2.52706
-0.74918,-0.00609739,2.411,2.52472
-0.741354,-0.00609739,2.411,2.52241
-0.738701,-0.00614038,2.428,2.53789
-0.73082,-0.00614038,2.428,2.53561
-0.728001,-0.00618338,2.445,2.55109
-0.720065,-0.00618338,2.445,2.54883
-0.712129,-0.00618338,2.445,2.5466
-0.704194,-0.00618338,2.445,2.5444
-0.696258,-0.00618338,2.445,2.54221
-0.693389,-0.0062289,2.463,2.55875
-0.685395,-0.0062289,2.463,2.55659
-0.677401,-0.0062289,2.463,2.55446
-0.669406,-0.0062289,2.463,2.55235
-0.661412,-0.0062289,2.463,2.55027
-0.653418,-0.0062289,2.463,2.54821
-0.645424,-0.0062289,2.463,2.54617
-0.637429,-0.0062289,2.463,2.54415
-0.629435,-0.0062289,2.463,2.54216
-0.621441,-0.0062289,2.463,2.5402
-0.613446,-0.0062289,2.463,2.53825
-0.601027,-0.00618338,2.445,2.5178
-0.593092,-0.00618338,2.445,2.51591
-0.585156,-0.00618338,2.445,2.51405
-0.57722,-0.00618338,2.445,2.51222
-0.569284,-0.00618338,2.445,2.51041
-0.561348,-0.00618338,2.445,2.50862
-0.553412,-0.00618338,2.445,2.50686
-0.545476,-0.00618338,2.445,2.50512
-0.53754,-0.00618338,2.445,2.5034
-0.529605,-0.00618338,2.445,2.50171
-0.521669,-0.00618338,2.445,2.50004
-0.513733,-0.00618338,2.445,2.4984
-0.505797,-0.00618338,2.445,2.49678
-0.497861,-0.00618338,2.445,2.49518
-0.489925,-0.00618338,2.445,2.49361
-0.481989,-0.00618338,2.445,2.49206
-0.474054,-0.00618338,2.445,2.49054
-0.469549,-0.0062289,2.463,2.50737
-0.461555,-0.0062289,2.463,2.50588
-0.453561,-0.0062289,2.463,2.50442
-0.445566,-0.0062289,2.463,2.50299
-0.44077,-0.00627442,2.481,2.51986
-0.432717,-0.00627442,2.481,2.51846
-0.424665,-0.00627442,2.481,2.51709
-0.419634,-0.00631994,2.499,2.534
-0.414487,-0.00636546,2.517,2.55091
-0.406318,-0.00636546,2.517,2.54959
-0.398148,-0.00636546,2.517,2.5483
-0.392923,-0.00641351,2.536,2.56627
-0.384691,-0.00641351,2.536,2.56502
-0.37646,-0.00641351,2.536,2.5638
-0.370988,-0.00646156,2.555,2.5818
-0.362695,-0.00646156,2.555,2.58062
-0.354402,-0.00646156,2.555,2.57947
-0.346109,-0.00646156,2.555,2.57834
-0.337816,-0.00646156,2.555,2.57724
-0.329523,-0.00646156,2.555,2.57617
-0.32123,-0.00646156,2.555,2.57512
-0.312937,-0.00646156,2.555,2.5741
-0.302379,-0.00641351,2.536,2.55397
-0.294148,-0.00641351,2.536,2.55301
-0.285917,-0.00641351,2.536,2.55207
-0.277685,-0.00641351,2.536,2.55117
-0.269454,-0.00641351,2.536,2.55028
-0.259266,-0.00636546,2.517,2.53033
-0.251096,-0.00636546,2.517,2.5295
-0.242927,-0.00636546,2.517,2.5287
-0.234757,-0.00636546,2.517,2.52793
-0.226588,-0.00636546,2.517,2.52719
-0.218418,-0.00636546,2.517,2.52647
-0.208745,-0.00631994,2.499,2.50771
-0.200634,-0.00631994,2.499,2.50705
-0.192523,-0.00631994,2.499,2.50641
-0.184412,-0.00631994,2.499,2.5058
-0.1763,-0.00631994,2.499,2.50522
-0.168189,-0.00631994,2.499,2.50466
-0.160078,-0.00631994,2.499,2.50413
-0.151967,-0.00631994,2.499,2.50362
-0.143856,-0.00631994,2.499,2.50315
-0.135745,-0.00631994,2.499,2.50269
-0.128553,-0.00636546,2.517,2.52029
-0.120383,-0.00636546,2.517,2.51989
-0.112214,-0.00636546,2.517,2.51951
-0.104044,-0.00636546,2.517,2.51916
-0.0958747,-0.00636546,2.517,2.51883
-0.0877052,-0.00636546,2.517,2.51854
-0.0795356,-0.00636546,2.517,2.51826
-0.0713661,-0.00636546,2.517,2.51802
-0.0631965,-0.00636546,2.517,2.5178
-0.055027,-0.00636546,2.517,2.51761
-0.0472111,-0.00641351,2.536,2.53645
-0.0389799,-0.00641351,2.536,2.53631
-0.0307487,-0.00641351,2.536,2.53619
-0.0225174,-0.00641351,2.536,2.53611
-0.0142862,-0.00641351,2.536,2.53605
-0.00605498,-0.00641351,2.536,2.53602
0.00217625,-0.00641351,2.536,2.53601
0.0103295,-0.00636546,2.517,2.51703
0.0184991,-0.00636546,2.517,2.51708
0.0266686,-0.00636546,2.517,2.51715
0.034589,-0.00631994,2.499,2.49925
0.0427002,-0.00631994,2.499,2.49937
0.0508113,-0.00631994,2.499,2.49952
0.0589224,-0.00631994,2.499,2.4997
0.0670336,-0.00631994,2.499,2.49991
0.0746034,-0.00627442,2.481,2.48213
0.0826561,-0.00627442,2.481,2.48238
0.0907089,-0.00627442,2.481,2.48267
0.0987616,-0.00627442,2.481,2.48297
0.106814,-0.00627442,2.481,2.48331
0.114867,-0.00627442,2.481,2.48367
0.12292,-0.00627442,2.481,2.48405
0.130972,-0.00627442,2.481,2.48446
0.139025,-0.00627442,2.481,2.4849
0.147078,-0.00627442,2.481,2.48536
0.155131,-0.00627442,2.481,2.48585
0.163183,-0.00627442,2.481,2.48637
0.172478,-0.00631994,2.499,2.50495
0.180589,-0.00631994,2.499,2.50552
0.188701,-0.00631994,2.499,2.50612
0.196812,-0.00631994,2.499,2.50675
0.204923,-0.00631994,2.499,2.5074
0.213034,-0.00631994,2.499,2.50807
0.221145,-0.00631994,2.499,2.50877
0.229256,-0.00631994,2.499,2.5095
0.237367,-0.00631994,2.499,2.51026
0.247247,-0.00636546,2.517,2.52912
0.255416,-0.00636546,2.517,2.52993
0.261701,-0.00631994,2.499,2.51267
0.269812,-0.00631994,2.499,2.51353
0.277923,-0.00631994,2.499,2.51441
0.286034,-0.00631994,2.499,2.51532
0.294145,-0.00631994,2.499,2.51626
0.302256,-0.00631994,2.499,2.51722
0.310368,-0.00631994,2.499,2.51821
0.316185,-0.00627442,2.481,2.50107
0.324237,-0.00627442,2.481,2.50211
0.33229,-0.00627442,2.481,2.50316
0.340343,-0.00627442,2.481,2.50424
0.345868,-0.0062289,2.463,2.48717
0.353862,-0.0062289,2.463,2.4883
0.361856,-0.0062289,2.463,2.48945
0.369851,-0.0062289,2.463,2.49062
0.377845,-0.0062289,2.463,2.49182
0.385839,-0.0062289,2.463,2.49305
0.393834,-0.0062289,2.463,2.4943
0.398891,-0.00618338,2.445,2.47733
0.406827,-0.00618338,2.445,2.47862
0.414763,-0.00618338,2.445,2.47994
0.425811,-0.0062289,2.463,2.49954
0.433805,-0.0062289,2.463,2.50092
0.441799,-0.0062289,2.463,2.50232
0.449794,-0.0062289,2.463,2.50374
0.457788,-0.0062289,2.463,2.50519
0.465782,-0.0062289,2.463,2.50666
0.477239,-0.00627442,2.481,2.52649
0.485292,-0.00627442,2.481,2.52802
0.493344,-0.00627442,2.481,2.52958
0.501397,-0.00627442,2.481,2.53117
0.50945,-0.00627442,2.481,2.53277
0.517502,-0.00627442,2.481,2.53441
0.525555,-0.00627442,2.481,2.53606
0.537479,-0.00631994,2.499,2.55615
0.54559,-0.00631994,2.499,2.55787
0.553702,-0.00631994,2.499,2.55961
0.565859,-0.00636546,2.517,2.57983
0.574029,-0.00636546,2.517,2.58163
0.578035,-0.00631994,2.499,2.56499
0.586146,-0.00631994,2.499,2.56683
0.598538,-0.00636546,2.517,2.58719
0.611287,-0.00641351,2.536,2.60864
0.619518,-0.00641351,2.536,2.61058
0.627749,-0.00641351,2.536,2.61255
0.635981,-0.00641351,2.536,2.61454
0.644212,-0.00641351,2.536,2.61655
0.652443,-0.00641351,2.536,2.61859
0.660674,-0.00641351,2.536,2.62065
0.668906,-0.00641351,2.536,2.62274
0.677137,-0.00641351,2.536,2.62485
0.685368,-0.00641351,2.536,2.62699
0.693599,-0.00641351,2.536,2.62915
0.70183,-0.00641351,2.536,2.63133
0.710062,-0.00641351,2.536,2.63354
0.718293,-0.00641351,2.536,2.63577
0.726524,-0.00641351,2.536,2.63802
0.734755,-0.00641351,2.536,2.6403
0.742987,-0.00641351,2.536,2.64261
0.751218,-0.00641351,2.536,2.64493
0.759449,-0.00641351,2.536,2.64728
0.76768,-0.00641351,2.536,2.64965
0.770098,-0.00636546,2.517,2.63218
0.778268,-0.00636546,2.517,2.63458
0.786437,-0.00636546,2.517,2.63701
0.794607,-0.00636546,2.517,2.63946
0.802777,-0.00636546,2.517,2.64193
0.810946,-0.00636546,2.517,2.64442
0.819116,-0.00636546,2.517,2.64694
0.821369,-0.00631994,2.499,2.63053
0.82948,-0.00631994,2.499,2.63307
0.837591,-0.00631994,2.499,2.63564
0.845702,-0.00631994,2.499,2.63823
0.853814,-0.00631994,2.499,2.64084
0.861925,-0.00631994,2.499,2.64347
0.863769,-0.00627442,2.481,2.62707
0.871822,-0.00627442,2.481,2.62973
0.879874,-0.00627442,2.481,2.63241
0.887927,-0.00627442,2.481,2.63511
0.89598,-0.00627442,2.481,2.63784
0.897474,-0.0062289,2.463,2.62142
0.905468,-0.0062289,2.463,2.62417
0.913462,-0.0062289,2.463,2.62694
0.914722,-0.00618338,2.445,2.61051
0.922658,-0.00618338,2.445,2.6133
0.930594,-0.00618338,2.445,2.61612
0.93853,-0.00618338,2.445,2.61895
0.946466,-0.00618338,2.445,2.6218
0.954402,-0.00618338,2.445,2.62468
0.962338,-0.00618338,2.445,2.62758
0.970273,-0.00618338,2.445,2.63049
0.978209,-0.00618338,2.445,2.63343
0.986145,-0.00618338,2.445,2.63639
1.0014,-0.0062289,2.463,2.6588
1.00939,-0.0062289,2.463,2.66182
1.01739,-0.0062289,2.463,2.66486
1.02538,-0.0062289,2.463,2.66792
1.03338,-0.0062289,2.463,2.67101
1.04137,-0.0062289,2.463,2.67411
1.05703,-0.00627442,2.481,2.6968
1.07281,-0.00631994,2.499,2.71955
1.08093,-0.00631994,2.499,2.72276
1.08904,-0.00631994,2.499,2.72599
1.10505,-0.00636546,2.517,2.7489
1.11322,-0.00636546,2.517,2.7522
1.12139,-0.00636546,2.517,2.75551
1.13809,-0.00641351,2.536,2.77967
1.1549,-0.00646156,2.555,2.8039
1.1632,-0.00646156,2.555,2.80733
1.1802,-0.00650962,2.574,2.83168
1.20657,-0.00660825,2.613,2.87813
1.21505,-0.00660825,2.613,2.88169
1.23289,-0.00665883,2.633,2.90736
1.25134,-0.00671193,2.654,2.93421
1.25995,-0.00671193,2.654,2.9379
1.28864,-0.00681815,2.696,2.98815
1.29739,-0.00681815,2.696,2.99194
1.32698,-0.0069269,2.739,3.04352
1.33587,-0.0069269,2.739,3.04741
1.35556,-0.00698254,2.761,3.07583
1.37539,-0.00703817,2.783,3.10433
1.38443,-0.00703817,2.783,3.10834
1.40498,-0.00709634,2.806,3.1381
1.42567,-0.00715451,2.829,3.16794
1.43486,-0.00715451,2.829,3.17208
1.45629,-0.0072152,2.853,3.20319
1.49021,-0.00733659,2.901,3.26138
1.51254,-0.00739982,2.926,3.29383
1.52204,-0.00739982,2.926,3.2982
1.54462,-0.00746304,2.951,3.33081
1.5679,-0.0075288,2.977,3.36465
1.57756,-0.0075288,2.977,3.36917
1.58722,-0.0075288,2.977,3.3737
1.61083,-0.00759455,3.003,3.40776
1.62058,-0.00759455,3.003,3.41238
1.63032,-0.00759455,3.003,3.41702
1.64007,-0.00759455,3.003,3.42168
1.64982,-0.00759455,3.003,3.42636
1.65957,-0.00759455,3.003,3.43107
1.66931,-0.00759455,3.003,3.43579
1.67906,-0.00759455,3.003,3.44054
1.68881,-0.00759455,3.003,3.44531
1.69855,-0.00759455,3.003,3.45009
1.7083,-0.00759455,3.003,3.4549
1.71805,-0.00759455,3.003,3.45973
1.71284,-0.0075288,2.977,3.43459
1.7225,-0.0075288,2.977,3.43942
1.73216,-0.0075288,2.977,3.44427
1.75704,-0.00759455,3.003,3.47926
1.76678,-0.00759455,3.003,3.48419
1.77653,-0.00759455,3.003,3.48914
1.78628,-0.00759455,3.003,3.49412
1.79602,-0.00759455,3.003,3.49911
1.80577,-0.00759455,3.003,3.50412
1.7998,-0.0075288,2.977,3.47877
1.80946,-0.0075288,2.977,3.48378
1.81912,-0.0075288,2.977,3.48881
1.82879,-0.0075288,2.977,3.49386
1.82239,-0.00746304,2.951,3.46837
1.83197,-0.00746304,2.951,3.47341
1.82595,-0.00739982,2.926,3.449
1.81976,-0.00733659,2.901,3.42453
1.82918,-0.00733659,2.901,3.42954
1.82338,-0.0072759,2.877,3.40616
1.81743,-0.0072152,2.853,3.38271
1.7966,-0.00709634,2.806,3.33189
1.80571,-0.00709634,2.806,3.33681
1.78571,-0.00698254,2.761,3.28815
1.76607,-0.00687126,2.717,3.24055
1.77489,-0.00687126,2.717,3.24536
1.75614,-0.00676504,2.675,3.19995
1.73711,-0.00665883,2.633,3.15441
1.74566,-0.00665883,2.633,3.15912
1.74088,-0.00660825,2.613,3.13982
1.72325,-0.00650962,2.574,3.0976
1.7316,-0.00650962,2.574,3.10225
1.71427,-0.00641351,2.536,3.06106
1.7096,-0.00636546,2.517,3.0427
-2.02986,0.00209457,2.926,3.56115
-2.0031,0.00207668,2.901,3.52537
-1.99369,0.00207668,2.901,3.52003
-1.96786,0.0020595,2.877,3.48563
-1.92584,0.00202514,2.829,3.4223
-1.91666,0.00202514,2.829,3.41714
-1.89197,0.00200867,2.806,3.38426
-1.86743,0.00199221,2.783,3.35147
-1.85839,0.00199221,2.783,3.34645
-1.82012,0.00196071,2.739,3.28861
-1.81123,0.00196071,2.739,3.2837
-1.78787,0.00194496,2.717,3.25247
-1.77905,0.00194496,2.717,3.24763
-1.75655,0.00192993,2.696,3.21774
-1.7478,0.00192993,2.696,3.21298
-1.73905,0.00192993,2.696,3.20822
-1.71682,0.00191489,2.675,3.17854
-1.70813,0.00191489,2.675,3.17385
-1.71279,0.00192993,2.696,3.19407
-1.70404,0.00192993,2.696,3.18939
-1.7085,0.00194496,2.717,3.20953
-1.69968,0.00194496,2.717,3.20484
-1.70455,0.00196071,2.739,3.22608
-1.69566,0.00196071,2.739,3.2214
-1.70032,0.00197646,2.761,3.24256
-1.69136,0.00197646,2.761,3.23787
-1.6824,0.00197646,2.761,3.2332
-1.68677,0.00199221,2.783,3.25427
-1.6916,0.00200867,2.806,3.27646
-1.68249,0.00200867,2.806,3.27176
-1.6871,0.00202514,2.829,3.29387
-1.67792,0.00202514,2.829,3.28917
-1.66874,0.00202514,2.829,3.2845
-1.64606,0.00200867,2.806,3.25318
-1.63696,0.00200867,2.806,3.24858
-1.62785,0.00200867,2.806,3.244
-1.60547,0.00199221,2.783,3.21289
-1.58382,0.00197646,2.761,3.18302
-1.57486,0.00197646,2.761,3.17857
-1.55342,0.00196071,2.739,3.14885
-1.52028,0.00192993,2.696,3.09511
-1.51153,0.00192993,2.696,3.09082
-1.50278,0.00192993,2.696,3.08655
-1.48239,0.00191489,2.675,3.05829
-1.47371,0.00191489,2.675,3.05409
-1.46503,0.00191489,2.675,3.04991
-1.45635,0.00191489,2.675,3.04575
-1.44766,0.00191489,2.675,3.0416
-1.45028,0.00192993,2.696,3.06133
-1.44153,0.00192993,2.696,3.05719
-1.43278,0.00192993,2.696,3.05308
-1.42403,0.00192993,2.696,3.04898
-1.41528,0.00192993,2.696,3.0449
-1.41748,0.00194496,2.717,3.06453
-1.40866,0.00194496,2.717,3.06046
-1.41118,0.00196071,2.739,3.08116
-1.40229,0.00196071,2.739,3.0771
-1.38221,0.00194496,2.717,3.04837
-1.37339,0.00194496,2.717,3.04439
-1.36457,0.00194496,2.717,3.04042
-1.33479,0.00191489,2.675,2.98953
-1.32611,0.00191489,2.675,2.98567
-1.29674,0.00188483,2.633,2.935
-1.26863,0.0018562,2.593,2.8867
-1.26021,0.0018562,2.593,2.88302
-1.24262,0.00184259,2.574,2.85825
-1.22516,0.00182899,2.555,2.83356
-1.20781,0.00181539,2.536,2.80893
-1.19958,0.00181539,2.536,2.80541
-1.17397,0.00178891,2.499,2.76102
-1.15746,0.00177602,2.481,2.73771
-1.14941,0.00177602,2.481,2.73432
-1.12479,0.00175025,2.445,2.69132
-1.11686,0.00175025,2.445,2.68801
-1.10892,0.00175025,2.445,2.68472
-1.09333,0.00173808,2.428,2.66281
-1.07785,0.00172591,2.411,2.64096
-1.07003,0.00172591,2.411,2.63778
-1.0622,0.00172591,2.411,2.63461
-1.05437,0.00172591,2.411,2.63147
-1.03917,0.00171374,2.394,2.60981
-1.0314,0.00171374,2.394,2.60673
-1.02363,0.00171374,2.394,2.60366
-1.01586,0.00171374,2.394,2.60062
-1.00809,0.00171374,2.394,2.59759
-1.00032,0.00171374,2.394,2.59459
-0.9855,0.00170157,2.377,2.5732
-0.977785,0.00170157,2.377,2.57025
-0.970069,0.00170157,2.377,2.56733
-0.962354,0.00170157,2.377,2.56442
-0.954639,0.00170157,2.377,2.56154
-0.946924,0.00170157,2.377,2.55867
-0.945926,0.00171374,2.394,2.5741
-0.938156,0.00171374,2.394,2.57126
-0.930385,0.00171374,2.394,2.56843
-0.916063,0.00170157,2.377,2.54741
-0.908348,0.00170157,2.377,2.54465
-0.900633,0.00170157,2.377,2.5419
-0.892918,0.00170157,2.377,2.53918
-0.885203,0.00170157,2.377,2.53648
-0.883763,0.00171374,2.394,2.55192
-0.875993,0.00171374,2.394,2.54924
-0.868223,0.00171374,2.394,2.54658
-0.860452,0.00171374,2.394,2.54394
-0.852682,0.00171374,2.394,2.54132
-0.844912,0.00171374,2.394,2.53872
-0.837141,0.00171374,2.394,2.53615
-0.829371,0.00171374,2.394,2.53359
-0.821601,0.00171374,2.394,2.53106
-0.81383,0.00171374,2.394,2.52855
-0.80606,0.00171374,2.394,2.52606
-0.79829,0.00171374,2.394,2.52359
-0.796133,0.00172591,2.411,2.53905
-0.788307,0.00172591,2.411,2.5366
-0.780482,0.00172591,2.411,2.53418
-0.772656,0.00172591,2.411,2.53178
-0.764831,0.00172591,2.411,2.52941
-0.757005,0.00172591,2.411,2.52705
-0.74918,0.00172591,2.411,2.52472
-0.741354,0.00172591,2.411,2.52241
-0.738701,0.00173808,2.428,2.53789
-0.73082,0.00173808,2.428,2.5356
-0.728001,0.00175025,2.445,2.55108
-0.720065,0.00175025,2.445,2.54883
-0.712129,0.00175025,2.445,2.5466
-0.704194,0.00175025,2.445,2.54439
-0.696258,0.00175025,2.445,2.5422
-0.693389,0.00176313,2.463,2.55874
-0.685395,0.00176313,2.463,2.55659
-0.677401,0.00176313,2.463,2.55446
-0.669406,0.00176313,2.463,2.55235
-0.661412,0.00176313,2.463,2.55026
-0.653418,0.00176313,2.463,2.5482
-0.645424,0.00176313,2.463,2.54616
-0.637429,0.00176313,2.463,2.54415
-0.629435,0.00176313,2.463,2.54216
-0.616899,0.00175025,2.445,2.52163
-0.608963,0.00175025,2.445,2.5197
-0.601027,0.00175025,2.445,2.51779
-0.593092,0.00175025,2.445,2.51591
-0.585156,0.00175025,2.445,2.51405
-0.57722,0.00175025,2.445,2.51221
-0.569284,0.00175025,2.445,2.5104
-0.561348,0.00175025,2.445,2.50861
-0.553412,0.00175025,2.445,2.50685
-0.545476,0.00175025,2.445,2.50511
-0.53754,0.00175025,2.445,2.50339
-0.529605,0.00175025,2.445,2.5017
-0.521669,0.00175025,2.445,2.50003
-0.513733,0.00175025,2.445,2.49839
-0.505797,0.00175025,2.445,2.49677
-0.497861,0.00175025,2.445,2.49517
-0.489925,0.00175025,2.445,2.4936
-0.481989,0.00175025,2.445,2.49206
-0.474054,0.00175025,2.445,2.49053
-0.469549,0.00176313,2.463,2.50736
-0.461555,0.00176313,2.463,2.50587
-0.453561,0.00176313,2.463,2.50441
-0.445566,0.00176313,2.463,2.50298
-0.44077,0.00177602,2.481,2.51985
-0.432717,0.00177602,2.481,2.51845
-0.424665,0.00177602,2.481,2.51708
-0.419634,0.00178891,2.499,2.53399
-0.414487,0.00180179,2.517,2.5509
-0.406318,0.00180179,2.517,2.54959
-0.398148,0.00180179,2.517,2.5483
-0.392923,0.00181539,2.536,2.56626
-0.384691,0.00181539,2.536,2.56501
-0.37646,0.00181539,2.536,2.56379
-0.368229,0.00181539,2.536,2.56259
-0.362695,0.00182899,2.555,2.58062
-0.354402,0.00182899,2.555,2.57946
-0.346109,0.00182899,2.555,2.57834
-0.337816,0.00182899,2.555,2.57724
-0.329523,0.00182899,2.555,2.57616
-0.318842,0.00181539,2.536,2.55597
-0.31061,0.00181539,2.536,2.55495
-0.302379,0.00181539,2.536,2.55396
-0.294148,0.00181539,2.536,2.553
-0.285917,0.00181539,2.536,2.55207
-0.277685,0.00181539,2.536,2.55116
-0.267435,0.00180179,2.517,2.53117
-0.259266,0.00180179,2.517,2.53032
-0.251096,0.00180179,2.517,2.52949
-0.242927,0.00180179,2.517,2.5287
-0.234757,0.00180179,2.517,2.52792
-0.226588,0.00180179,2.517,2.52718
-0.216856,0.00178891,2.499,2.50839
-0.208745,0.00178891,2.499,2.5077
-0.200634,0.00178891,2.499,2.50704
-0.192523,0.00178891,2.499,2.50641
-0.184412,0.00178891,2.499,2.5058
-0.1763,0.00178891,2.499,2.50521
-0.168189,0.00178891,2.499,2.50465
-0.160078,0.00178891,2.499,2.50412
-0.151967,0.00178891,2.499,2.50362
-0.143856,0.00178891,2.499,2.50314
-0.135745,0.00178891,2.499,2.50268
-0.127634,0.00178891,2.499,2.50226
-0.119523,0.00178891,2.499,2.50186
-0.111411,0.00178891,2.499,2.50148
-0.104044,0.00180179,2.517,2.51915
-0.0958747,0.00180179,2.517,2.51883
-0.0877052,0.00180179,2.517,2.51853
-0.0795356,0.00180179,2.517,2.51826
-0.0713661,0.00180179,2.517,2.51801
-0.0631965,0.00180179,2.517,2.51779
-0.055027,0.00180179,2.517,2.5176
-0.0472111,0.00181539,2.536,2.53644
-0.0389799,0.00181539,2.536,2.5363
-0.0307487,0.00181539,2.536,2.53619
-0.0225174,0.00181539,2.536,2.5361
-0.0142862,0.00181539,2.536,2.53604
-0.00605498,0.00181539,2.536,2.53601
0.00217625,0.00181539,2.536,2.536
0.0104075,0.00181539,2.536,2.53602
0.0186387,0.00181539,2.536,2.53607
0.0266686,0.00180179,2.517,2.51714
0.0348382,0.00180179,2.517,2.51724
0.0430077,0.00180179,2.517,2.51737
0.0508113,0.00178891,2.499,2.49952
0.0589224,0.00178891,2.499,2.4997
0.0670336,0.00178891,2.499,2.4999
0.0751447,0.00178891,2.499,2.50013
0.0826561,0.00177602,2.481,2.48238
0.0907089,0.00177602,2.481,2.48266
0.0987616,0.00177602,2.481,2.48297
0.106814,0.00177602,2.481,2.4833
0.114867,0.00177602,2.481,2.48366
0.12292,0.00177602,2.481,2.48404
0.130972,0.00177602,2.481,2.48446
0.139025,0.00177602,2.481,2.48489
0.148145,0.00178891,2.499,2.50339
0.156256,0.00178891,2.499,2.50388
0.164367,0.00178891,2.499,2.5044
0.172478,0.00178891,2.499,2.50495
0.180589,0.00178891,2.499,2.50552
0.188701,0.00178891,2.499,2.50611
0.196812,0.00178891,2.499,2.50674
0.204923,0.00178891,2.499,2.50739
0.213034,0.00178891,2.499,2.50806
0.221145,0.00178891,2.499,2.50877
0.230908,0.00180179,2.517,2.52757
0.239077,0.00180179,2.517,2.52833
0.247247,0.00180179,2.517,2.52912
0.255416,0.00180179,2.517,2.52993
0.261701,0.00178891,2.499,2.51267
0.269812,0.00178891,2.499,2.51352
0.277923,0.00178891,2.499,2.51441
0.286034,0.00178891,2.499,2.51532
0.294145,0.00178891,2.499,2.51625
0.302256,0.00178891,2.499,2.51721
0.310368,0.00178891,2.499,2.5182
0.316185,0.00177602,2.481,2.50107
0.324237,0.00177602,2.481,2.5021
0.33229,0.00177602,2.481,2.50315
0.340343,0.00177602,2.481,2.50424
0.345868,0.00176313,2.463,2.48717
0.353862,0.00176313,2.463,2.48829
0.361856,0.00176313,2.463,2.48944
0.369851,0.00176313,2.463,2.49061
0.377845,0.00176313,2.463,2.49181
0.385839,0.00176313,2.463,2.49304
0.393834,0.00176313,2.463,2.49429
0.398891,0.00175025,2.445,2.47733
0.406827,0.00175025,2.445,2.47862
0.414763,0.00175025,2.445,2.47993
0.425811,0.00176313,2.463,2.49954
0.433805,0.00176313,2.463,2.50091
0.441799,0.00176313,2.463,2.50231
0.449794,0.00176313,2.463,2.50373
0.457788,0.00176313,2.463,2.50518
0.465782,0.00176313,2.463,2.50666
0.473776,0.00176313,2.463,2.50815
0.481771,0.00176313,2.463,2.50968
0.489765,0.00176313,2.463,2.51122
0.497759,0.00176313,2.463,2.51279
0.50945,0.00177602,2.481,2.53277
0.517502,0.00177602,2.481,2.5344
0.525555,0.00177602,2.481,2.53605
0.537479,0.00178891,2.499,2.55615
0.54559,0.00178891,2.499,2.55787
0.553702,0.00178891,2.499,2.55961
0.561813,0.00178891,2.499,2.56137
0.574029,0.00180179,2.517,2.58163
0.578035,0.00178891,2.499,2.56498
0.586146,0.00178891,2.499,2.56682
0.598538,0.00180179,2.517,2.58719
0.606707,0.00180179,2.517,2.58909
0.614877,0.00180179,2.517,2.59102
0.627749,0.00181539,2.536,2.61254
0.635981,0.00181539,2.536,2.61453
0.644212,0.00181539,2.536,2.61655
0.652443,0.00181539,2.536,2.61858
0.660674,0.00181539,2.536,2.62065
0.668906,0.00181539,2.536,2.62273
0.677137,0.00181539,2.536,2.62485
0.685368,0.00181539,2.536,2.62698
0.693599,0.00181539,2.536,2.62914
0.70183,0.00181539,2.536,2.63132
0.710062,0.00181539,2.536,2.63353
0.718293,0.00181539,2.536,2.63576
0.726524,0.00181539,2.536,2.63802
0.734755,0.00181539,2.536,2.6403
0.742987,0.00181539,2.536,2.6426
0.751218,0.00181539,2.536,2.64492
0.753759,0.00180179,2.517,2.62744
0.761929,0.00180179,2.517,2.6298
0.770098,0.00180179,2.517,2.63217
0.778268,0.00180179,2.517,2.63458
0.786437,0.00180179,2.517,2.637
0.794607,0.00180179,2.517,2.63945
0.797036,0.00178891,2.499,2.62303
0.805147,0.00178891,2.499,2.6255
0.813258,0.00178891,2.499,2.628
0.821369,0.00178891,2.499,2.63052
0.82948,0.00178891,2.499,2.63307
0.837591,0.00178891,2.499,2.63563
0.839611,0.00177602,2.481,2.61922
0.847664,0.00177602,2.481,2.62181
0.855716,0.00177602,2.481,2.62443
0.863769,0.00177602,2.481,2.62706
0.871822,0.00177602,2.481,2.62972
0.879874,0.00177602,2.481,2.6324
0.887927,0.00177602,2.481,2.63511
0.889479,0.00176313,2.463,2.61869
0.897474,0.00176313,2.463,2.62142
0.905468,0.00176313,2.463,2.62417
0.913462,0.00176313,2.463,2.62693
0.914722,0.00175025,2.445,2.61051
0.922658,0.00175025,2.445,2.6133
0.930594,0.00175025,2.445,2.61611
0.93853,0.00175025,2.445,2.61894
0.946466,0.00175025,2.445,2.6218
0.954402,0.00175025,2.445,2.62467
0.962338,0.00175025,2.445,2.62757
0.970273,0.00175025,2.445,2.63049
0.978209,0.00175025,2.445,2.63342
0.986145,0.00175025,2.445,2.63638
0.994081,0.00175025,2.445,2.63936
1.00202,0.00175025,2.445,2.64236
1.00995,0.00175025,2.445,2.64538
1.02538,0.00176313,2.463,2.66792
1.03338,0.00176313,2.463,2.671
1.04137,0.00176313,2.463,2.6741
1.04937,0.00176313,2.463,2.67723
1.06509,0.00177602,2.481,2.69996
1.07314,0.00177602,2.481,2.70315
1.08119,0.00177602,2.481,2.70635
1.09715,0.00178891,2.499,2.72924
1.11322,0.00180179,2.517,2.75219
1.12139,0.00180179,2.517,2.7555
1.13809,0.00181539,2.536,2.77966
1.1549,0.00182899,2.555,2.8039
1.1632,0.00182899,2.555,2.80732
1.1802,0.00184259,2.574,2.83167
1.20657,0.00187051,2.613,2.87812
1.21505,0.00187051,2.613,2.88169
1.23289,0.00188483,2.633,2.90736
1.25134,0.00189986,2.654,2.93421
1.25995,0.00189986,2.654,2.93789
1.28864,0.00192993,2.696,2.98815
1.29739,0.00192993,2.696,2.99193
1.32698,0.00196071,2.739,3.04352
1.33587,0.00196071,2.739,3.0474
1.35556,0.00197646,2.761,3.07582
1.37539,0.00199221,2.783,3.10432
1.38443,0.00199221,2.783,3.10833
1.40498,0.00200867,2.806,3.13809
1.42567,0.00202514,2.829,3.16793
1.43486,0.00202514,2.829,3.17207
1.45629,0.00204232,2.853,3.20318
1.47788,0.0020595,2.877,3.23439
1.49962,0.00207668,2.901,3.26568
1.50904,0.00207668,2.901,3.27002
1.53154,0.00209457,2.926,3.30259
1.5542,0.00211247,2.951,3.33526
1.56378,0.00211247,2.951,3.33973
1.58722,0.00213108,2.977,3.37369
1.59688,0.00213108,2.977,3.37825
1.60655,0.00213108,2.977,3.38283
1.63032,0.00214969,3.003,3.41701
1.64007,0.00214969,3.003,3.42167
1.64982,0.00214969,3.003,3.42636
1.65957,0.00214969,3.003,3.43106
1.66931,0.00214969,3.003,3.43579
1.67906,0.00214969,3.003,3.44053
1.68881,0.00214969,3.003,3.4453
1.69855,0.00214969,3.003,3.45009
1.7083,0.00214969,3.003,3.4549
1.71805,0.00214969,3.003,3.45973
1.71284,0.00213108,2.977,3.43458
1.7225,0.00213108,2.977,3.43941
1.73216,0.00213108,2.977,3.44426
1.75704,0.00214969,3.003,3.47925
1.76678,0.00214969,3.003,3.48418
1.77653,0.00214969,3.003,3.48914
1.78628,0.00214969,3.003,3.49411
1.79602,0.00214969,3.003,3.4991
1.80577,0.00214969,3.003,3.50412
1.7998,0.00213108,2.977,3.47877
1.80946,0.00213108,2.977,3.48377
1.81912,0.00213108,2.977,3.4888
1.82879,0.00213108,2.977,3.49385
1.82239,0.00211247,2.951,3.46836
1.83197,0.00211247,2.951,3.4734
1.84155,0.00211247,2.951,3.47846
1.81976,0.00207668,2.901,3.42452
1.82918,0.00207668,2.901,3.42953
1.82338,0.0020595,2.877,3.40615
1.81743,0.00204232,2.853,3.3827
1.7966,0.00200867,2.806,3.33188
1.80571,0.00200867,2.806,3.3368
1.78571,0.00197646,2.761,3.28814
1.76607,0.00194496,2.717,3.24054
1.77489,0.00194496,2.717,3.24536
1.75614,0.00191489,2.675,3.19995
1.73711,0.00188483,2.633,3.1544
1.74566,0.00188483,2.633,3.15912
1.74088,0.00187051,2.613,3.13981
1.72325,0.00184259,2.574,3.09759
1.7316,0.00184259,2.574,3.10225
1.71427,0.00181539,2.536,3.06105
1.7096,0.00180179,2.517,3.0427
-2.02986,0.011589,2.926,3.56117
-2.0031,0.0114899,2.901,3.52539
-1.99369,0.0114899,2.901,3.52005
-1.96786,0.0113949,2.877,3.48564
-1.92584,0.0112048,2.829,3.42231
-1.91666,0.0112048,2.829,3.41716
-1.89197,0.0111137,2.806,3.38427
-1.86743,0.0110226,2.783,3.35149
-1.85839,0.0110226,2.783,3.34647
-1.83474,0.0109355,2.761,3.31504
-1.81123,0.0108483,2.739,3.28372
-1.78787,0.0107612,2.717,3.25249
-1.77905,0.0107612,2.717,3.24765
-1.75655,0.010678,2.696,3.21776
-1.7478,0.010678,2.696,3.21299
-1.73905,0.010678,2.696,3.20824
-1.71682,0.0105948,2.675,3.17855
-1.70813,0.0105948,2.675,3.17387
-1.71279,0.010678,2.696,3.19409
-1.70404,0.010678,2.696,3.1894
-1.7085,0.0107612,2.717,3.20954
-1.69968,0.0107612,2.717,3.20486
-1.69086,0.0107612,2.717,3.20019
-1.68204,0.0107612,2.717,3.19554
-1.68677,0.0108483,2.739,3.21674
-1.69136,0.0109355,2.761,3.23789
-1.6824,0.0109355,2.761,3.23322
-1.68677,0.0110226,2.783,3.25429
-1.6916,0.0111137,2.806,3.27647
-1.68249,0.0111137,2.806,3.27178
-1.6871,0.0112048,2.829,3.29389
-1.66428,0.0111137,2.806,3.26245
-1.65517,0.0111137,2.806,3.25781
-1.63257,0.0110226,2.783,3.22653
-1.62354,0.0110226,2.783,3.22197
-1.61451,0.0110226,2.783,3.21743
-1.59278,0.0109355,2.761,3.18751
-1.55858,0.0107612,2.717,3.13231
-1.54976,0.0107612,2.717,3.12793
-1.52903,0.010678,2.696,3.09943
-1.50844,0.0105948,2.675,3.07101
-1.49976,0.0105948,2.675,3.06676
-1.47937,0.0105117,2.654,3.03848
-1.47075,0.0105117,2.654,3.0343
-1.46214,0.0105117,2.654,3.03013
-1.45353,0.0105117,2.654,3.02598
-1.44491,0.0105117,2.654,3.02185
-1.4363,0.0105117,2.654,3.01774
-1.42768,0.0105117,2.654,3.01365
-1.41907,0.0105117,2.654,3.00958
-1.43278,0.010678,2.696,3.05309
-1.42403,0.010678,2.696,3.049
-1.41528,0.010678,2.696,3.04492
-1.40652,0.010678,2.696,3.04086
-1.40866,0.0107612,2.717,3.06048
-1.39984,0.0107612,2.717,3.05643
-1.39102,0.0107612,2.717,3.0524
-1.37152,0.010678,2.696,3.02483
-1.36277,0.010678,2.696,3.02087
-1.34347,0.0105948,2.675,2.99344
-1.32431,0.0105117,2.654,2.96608
-1.3157,0.0105117,2.654,2.96224
-1.28689,0.0103493,2.613,2.91273
-1.26863,0.0102701,2.593,2.88672
-1.26021,0.0102701,2.593,2.88303
-1.23345,0.0101195,2.555,2.83717
-1.21605,0.0100443,2.536,2.8125
-1.19019,0.00989775,2.499,2.76797
-1.18208,0.00989775,2.499,2.76449
-1.16551,0.00982646,2.481,2.74115
-1.14906,0.00975517,2.463,2.71787
-1.14107,0.00975517,2.463,2.7145
-1.12479,0.00968387,2.445,2.69133
-1.10909,0.00961654,2.428,2.66934
-1.10121,0.00961654,2.428,2.66607
-1.09333,0.00961654,2.428,2.66283
-1.07785,0.00954921,2.411,2.64098
-1.07003,0.00954921,2.411,2.6378
-1.05471,0.00948188,2.394,2.61605
-1.04694,0.00948188,2.394,2.61293
-1.03917,0.00948188,2.394,2.60983
-1.0314,0.00948188,2.394,2.60674
-1.01636,0.00941455,2.377,2.58519
-1.00865,0.00941455,2.377,2.58217
-1.00093,0.00941455,2.377,2.57916
-0.993215,0.00941455,2.377,2.57618
-0.9855,0.00941455,2.377,2.57321
-0.977785,0.00941455,2.377,2.57027
-0.970069,0.00941455,2.377,2.56734
-0.962354,0.00941455,2.377,2.56444
-0.954639,0.00941455,2.377,2.56155
-0.946924,0.00941455,2.377,2.55869
-0.939209,0.00941455,2.377,2.55584
-0.931494,0.00941455,2.377,2.55302
-0.923778,0.00941455,2.377,2.55021
-0.916063,0.00941455,2.377,2.54743
-0.908348,0.00941455,2.377,2.54466
-0.900633,0.00941455,2.377,2.54192
-0.892918,0.00941455,2.377,2.5392
-0.885203,0.00941455,2.377,2.53649
-0.877488,0.00941455,2.377,2.53381
-0.869772,0.00941455,2.377,2.53115
-0.862057,0.00941455,2.377,2.52851
-0.854342,0.00941455,2.377,2.52589
-0.846627,0.00941455,2.377,2.52329
-0.838912,0.00941455,2.377,2.52071
-0.837141,0.00948188,2.394,2.53616
-0.829371,0.00948188,2.394,2.53361
-0.821601,0.00948188,2.394,2.53108
-0.81383,0.00948188,2.394,2.52857
-0.80606,0.00948188,2.394,2.52608
-0.79829,0.00948188,2.394,2.52361
-0.796133,0.00954921,2.411,2.53906
-0.788307,0.00954921,2.411,2.53662
-0.780482,0.00954921,2.411,2.5342
-0.772656,0.00954921,2.411,2.5318
-0.764831,0.00954921,2.411,2.52942
-0.757005,0.00954921,2.411,2.52707
-0.74918,0.00954921,2.411,2.52473
-0.741354,0.00954921,2.411,2.52242
-0.738701,0.00961654,2.428,2.5379
-0.73082,0.00961654,2.428,2.53562
-0.728001,0.00968387,2.445,2.5511
-0.720065,0.00968387,2.445,2.54885
-0.712129,0.00968387,2.445,2.54662
-0.704194,0.00968387,2.445,2.54441
-0.696258,0.00968387,2.445,2.54222
-0.693389,0.00975517,2.463,2.55876
-0.685395,0.00975517,2.463,2.55661
-0.677401,0.00975517,2.463,2.55447
-0.669406,0.00975517,2.463,2.55237
-0.661412,0.00975517,2.463,2.55028
-0.653418,0.00975517,2.463,2.54822
-0.645424,0.00975517,2.463,2.54618
-0.637429,0.00975517,2.463,2.54417
-0.624835,0.00968387,2.445,2.5236
-0.616899,0.00968387,2.445,2.52164
-0.608963,0.00968387,2.445,2.51971
-0.601027,0.00968387,2.445,2.51781
-0.593092,0.00968387,2.445,2.51592
-0.585156,0.00968387,2.445,2.51407
-0.57722,0.00968387,2.445,2.51223
-0.569284,0.00968387,2.445,2.51042
-0.561348,0.00968387,2.445,2.50863
-0.553412,0.00968387,2.445,2.50687
-0.545476,0.00968387,2.445,2.50513
-0.53754,0.00968387,2.445,2.50341
-0.529605,0.00968387,2.445,2.50172
-0.521669,0.00968387,2.445,2.50005
-0.513733,0.00968387,2.445,2.49841
-0.505797,0.00968387,2.445,2.49679
-0.497861,0.00968387,2.445,2.49519
-0.489925,0.00968387,2.445,2.49362
-0.481989,0.00968387,2.445,2.49207
-0.474054,0.00968387,2.445,2.49055
-0.469549,0.00975517,2.463,2.50738
-0.461555,0.00975517,2.463,2.50589
-0.456875,0.00982646,2.481,2.52274
-0.448823,0.00982646,2.481,2.52129
-0.44077,0.00982646,2.481,2.51987
-0.435857,0.00989775,2.499,2.53674
-0.427746,0.00989775,2.499,2.53536
-0.419634,0.00989775,2.499,2.53401
-0.414487,0.00996904,2.517,2.55092
-0.406318,0.00996904,2.517,2.5496
-0.401154,0.0100443,2.536,2.56755
-0.392923,0.0100443,2.536,2.56628
-0.384691,0.0100443,2.536,2.56503
-0.37646,0.0100443,2.536,2.56381
-0.368229,0.0100443,2.536,2.56261
-0.362695,0.0101195,2.555,2.58063
-0.354402,0.0101195,2.555,2.57948
-0.346109,0.0101195,2.555,2.57836
-0.337816,0.0101195,2.555,2.57726
-0.329523,0.0101195,2.555,2.57618
-0.318842,0.0100443,2.536,2.55598
-0.31061,0.0100443,2.536,2.55497
-0.302379,0.0100443,2.536,2.55398
-0.294148,0.0100443,2.536,2.55302
-0.285917,0.0100443,2.536,2.55209
-0.277685,0.0100443,2.536,2.55118
-0.267435,0.00996904,2.517,2.53119
-0.259266,0.00996904,2.517,2.53034
-0.251096,0.00996904,2.517,2.52951
-0.242927,0.00996904,2.517,2.52872
-0.234757,0.00996904,2.517,2.52794
-0.226588,0.00996904,2.517,2.5272
-0.216856,0.00989775,2.499,2.50841
-0.208745,0.00989775,2.499,2.50772
-0.200634,0.00989775,2.499,2.50706
-0.192523,0.00989775,2.499,2.50642
-0.184412,0.00989775,2.499,2.50581
-0.1763,0.00989775,2.499,2.50523
-0.168189,0.00989775,2.499,2.50467
-0.160078,0.00989775,2.499,2.50414
-0.151967,0.00989775,2.499,2.50364
-0.143856,0.00989775,2.499,2.50316
-0.135745,0.00989775,2.499,2.5027
-0.127634,0.00989775,2.499,2.50228
-0.119523,0.00989775,2.499,2.50188
-0.111411,0.00989775,2.499,2.5015
-0.104044,0.00996904,2.517,2.51917
-0.0958747,0.00996904,2.517,2.51885
-0.0877052,0.00996904,2.517,2.51855
-0.0795356,0.00996904,2.517,2.51828
-0.0713661,0.00996904,2.517,2.51803
-0.0631965,0.00996904,2.517,2.51781
-0.055027,0.00996904,2.517,2.51762
-0.0472111,0.0100443,2.536,2.53646
-0.0389799,0.0100443,2.536,2.53632
-0.0307487,0.0100443,2.536,2.53621
-0.0225174,0.0100443,2.536,2.53612
-0.0142862,0.0100443,2.536,2.53606
-0.00605498,0.0100443,2.536,2.53603
0.00217625,0.0100443,2.536,2.53602
0.0104075,0.0100443,2.536,2.53604
0.0186387,0.0100443,2.536,2.53609
0.0266686,0.00996904,2.517,2.51716
0.0348382,0.00996904,2.517,2.51726
0.0430077,0.00996904,2.517,2.51739
0.0508113,0.00989775,2.499,2.49954
0.0589224,0.00989775,2.499,2.49971
0.0670336,0.00989775,2.499,2.49992
0.0751447,0.00989775,2.499,2.50015
0.0826561,0.00982646,2.481,2.4824
0.0907089,0.00982646,2.481,2.48268
0.0987616,0.00982646,2.481,2.48298
0.106814,0.00982646,2.481,2.48332
0.114867,0.00982646,2.481,2.48368
0.12292,0.00982646,2.481,2.48406
0.130972,0.00982646,2.481,2.48447
0.139025,0.00982646,2.481,2.48491
0.148145,0.00989775,2.499,2.50341
0.156256,0.00989775,2.499,2.5039
0.164367,0.00989775,2.499,2.50442
0.172478,0.00989775,2.499,2.50496
0.180589,0.00989775,2.499,2.50554
0.188701,0.00989775,2.499,2.50613
0.196812,0.00989775,2.499,2.50676
0.204923,0.00989775,2.499,2.50741
0.213034,0.00989775,2.499,2.50808
0.221145,0.00989775,2.499,2.50879
0.230908,0.00996904,2.517,2.52759
0.239077,0.00996904,2.517,2.52835
0.247247,0.00996904,2.517,2.52913
0.255416,0.00996904,2.517,2.52995
0.261701,0.00989775,2.499,2.51269
0.269812,0.00989775,2.499,2.51354
0.277923,0.00989775,2.499,2.51443
0.286034,0.00989775,2.499,2.51534
0.294145,0.00989775,2.499,2.51627
0.300079,0.00982646,2.481,2.4991
0.308132,0.00982646,2.481,2.50008
0.316185,0.00982646,2.481,2.50109
0.321885,0.00975517,2.463,2.48396
0.329879,0.00975517,2.463,2.48501
0.337874,0.00975517,2.463,2.48609
0.345868,0.00975517,2.463,2.48719
0.353862,0.00975517,2.463,2.48831
0.361856,0.00975517,2.463,2.48946
0.369851,0.00975517,2.463,2.49063
0.377845,0.00975517,2.463,2.49183
0.38302,0.00968387,2.445,2.47484
0.390955,0.00968387,2.445,2.47608
0.398891,0.00968387,2.445,2.47734
0.406827,0.00968387,2.445,2.47863
0.414763,0.00968387,2.445,2.47995
0.422699,0.00968387,2.445,2.48129
0.433805,0.00975517,2.463,2.50093
0.441799,0.00975517,2.463,2.50233
0.449794,0.00975517,2.463,2.50375
0.457788,0.00975517,2.463,2.5052
0.465782,0.00975517,2.463,2.50667
0.473776,0.00975517,2.463,2.50817
0.481771,0.00975517,2.463,2.50969
0.489765,0.00975517,2.463,2.51124
0.497759,0.00975517,2.463,2.51281
0.50945,0.00982646,2.481,2.53278
0.517502,0.00982646,2.481,2.53442
0.525555,0.00982646,2.481,2.53607
0.537479,0.00989775,2.499,2.55617
0.54559,0.00989775,2.499,2.55788
0.553702,0.00989775,2.499,2.55963
0.561813,0.00989775,2.499,2.56139
0.574029,0.00996904,2.517,2.58165
0.578035,0.00989775,2.499,2.565
0.586146,0.00989775,2.499,2.56684
0.598538,0.00996904,2.517,2.58721
0.606707,0.00996904,2.517,2.58911
0.614877,0.00996904,2.517,2.59104
0.627749,0.0100443,2.536,2.61256
0.635981,0.0100443,2.536,2.61455
0.644212,0.0100443,2.536,2.61656
0.652443,0.0100443,2.536,2.6186
0.660674,0.0100443,2.536,2.62067
0.668906,0.0100443,2.536,2.62275
0.677137,0.0100443,2.536,2.62486
0.685368,0.0100443,2.536,2.627
0.693599,0.0100443,2.536,2.62916
0.70183,0.0100443,2.536,2.63134
0.710062,0.0100443,2.536,2.63355
0.718293,0.0100443,2.536,2.63578
0.721081,0.00996904,2.517,2.61827
0.729251,0.00996904,2.517,2.62053
0.73742,0.00996904,2.517,2.62282
0.74559,0.00996904,2.517,2.62513
0.753759,0.00996904,2.517,2.62746
0.761929,0.00996904,2.517,2.62981
0.770098,0.00996904,2.517,2.63219
0.778268,0.00996904,2.517,2.63459
0.786437,0.00996904,2.517,2.63702
0.788924,0.00989775,2.499,2.62059
0.797036,0.00989775,2.499,2.62304
0.805147,0.00989775,2.499,2.62552
0.813258,0.00989775,2.499,2.62802
0.815453,0.00982646,2.481,2.61159
0.823505,0.00982646,2.481,2.61412
0.831558,0.00982646,2.481,2.61667
0.839611,0.00982646,2.481,2.61924
0.847664,0.00982646,2.481,2.62183
0.855716,0.00982646,2.481,2.62444
0.863769,0.00982646,2.481,2.62708
0.871822,0.00982646,2.481,2.62974
0.879874,0.00982646,2.481,2.63242
0.881485,0.00975517,2.463,2.616
0.889479,0.00975517,2.463,2.61871
0.897474,0.00975517,2.463,2.62144
0.905468,0.00975517,2.463,2.62418
0.913462,0.00975517,2.463,2.62695
0.914722,0.00968387,2.445,2.61052
0.922658,0.00968387,2.445,2.61332
0.930594,0.00968387,2.445,2.61613
0.93853,0.00968387,2.445,2.61896
0.946466,0.00968387,2.445,2.62182
0.954402,0.00968387,2.445,2.62469
0.962338,0.00968387,2.445,2.62759
0.970273,0.00968387,2.445,2.6305
0.978209,0.00968387,2.445,2.63344
0.986145,0.00968387,2.445,2.6364
0.994081,0.00968387,2.445,2.63938
1.00202,0.00968387,2.445,2.64238
1.00995,0.00968387,2.445,2.6454
1.02538,0.00975517,2.463,2.66793
1.03338,0.00975517,2.463,2.67102
1.04137,0.00975517,2.463,2.67412
1.04937,0.00975517,2.463,2.67724
1.06509,0.00982646,2.481,2.69998
1.07314,0.00982646,2.481,2.70316
1.08119,0.00982646,2.481,2.70637
1.09715,0.00989775,2.499,2.72925
1.11322,0.00996904,2.517,2.75221
1.12139,0.00996904,2.517,2.75552
1.13809,0.0100443,2.536,2.77968
1.1549,0.0101195,2.555,2.80391
1.1632,0.0101195,2.555,2.80734
1.1802,0.0101948,2.574,2.83169
1.20657,0.0103493,2.613,2.87814
1.21505,0.0103493,2.613,2.8817
1.24273,0.0105117,2.654,2.93056
1.26124,0.0105948,2.675,2.95744
1.27989,0.010678,2.696,2.9844
1.28864,0.010678,2.696,2.98817
1.3075,0.0107612,2.717,3.01526
1.32698,0.0108483,2.739,3.04354
1.33587,0.0108483,2.739,3.04742
1.35556,0.0109355,2.761,3.07584
1.37539,0.0110226,2.783,3.10434
1.38443,0.0110226,2.783,3.10835
1.40498,0.0111137,2.806,3.13811
1.42567,0.0112048,2.829,3.16795
1.43486,0.0112048,2.829,3.17209
1.45629,0.0112998,2.853,3.2032
1.47788,0.0113949,2.877,3.23441
1.49962,0.0114899,2.901,3.2657
1.50904,0.0114899,2.901,3.27003
1.53154,0.011589,2.926,3.30261
1.5542,0.011688,2.951,3.33528
1.56378,0.011688,2.951,3.33975
1.58722,0.011791,2.977,3.37371
1.59688,0.011791,2.977,3.37827
1.60655,0.011791,2.977,3.38285
1.63032,0.0118939,3.003,3.41703
1.64007,0.0118939,3.003,3.42169
1.64982,0.0118939,3.003,3.42638
1.65957,0.0118939,3.003,3.43108
1.66931,0.0118939,3.003,3.43581
1.69416,0.0120009,3.03,3.47149
1.70399,0.0120009,3.03,3.4763
1.69855,0.0118939,3.003,3.45011
1.7083,0.0118939,3.003,3.45492
1.71805,0.0118939,3.003,3.45975
1.72779,0.0118939,3.003,3.4646
1.73754,0.0118939,3.003,3.46947
1.74729,0.0118939,3.003,3.47436
1.75704,0.0118939,3.003,3.47927
1.76678,0.0118939,3.003,3.4842
1.77653,0.0118939,3.003,3.48916
1.78628,0.0118939,3.003,3.49413
1.79602,0.0118939,3.003,3.49912
1.80577,0.0118939,3.003,3.50413
1.7998,0.011791,2.977,3.47879
1.80946,0.011791,2.977,3.48379
1.81912,0.011791,2.977,3.48882
1.82879,0.011791,2.977,3.49387
1.82239,0.011688,2.951,3.46838
1.83197,0.011688,2.951,3.47342
1.84155,0.011688,2.951,3.47848
1.81976,0.0114899,2.901,3.42454
1.82918,0.0114899,2.901,3.42955
1.82338,0.0113949,2.877,3.40617
1.80215,0.0112048,2.829,3.35427
1.78187,0.0110226,2.783,3.30459
1.79091,0.0110226,2.783,3.30947
1.78571,0.0109355,2.761,3.28816
1.76607,0.0107612,2.717,3.24056
1.77489,0.0107612,2.717,3.24537
1.75614,0.0105948,2.675,3.19996
1.73711,0.0104285,2.633,3.15442
1.74566,0.0104285,2.633,3.15913
1.72755,0.0102701,2.593,3.1158
1.72325,0.0101948,2.574,3.09761
1.7316,0.0101948,2.574,3.10226
1.71427,0.0100443,2.536,3.06107
1.7096,0.00996904,2.517,3.04271
-2.01252,0.0209032,2.901,3.53079
-1.98653,0.0207303,2.877,3.49626
-1.97719,0.0207303,2.877,3.49097
-1.95144,0.0205574,2.853,3.45661
-1.92584,0.0203844,2.829,3.42236
-1.91666,0.0203844,2.829,3.4172
-1.89197,0.0202187,2.806,3.38432
-1.85267,0.0198944,2.761,3.32504
-1.8437,0.0198944,2.761,3.32005
-1.83474,0.0198944,2.761,3.31509
-1.81123,0.0197359,2.739,3.28376
-1.78787,0.0195774,2.717,3.25253
-1.77905,0.0195774,2.717,3.24769
-1.75655,0.0194261,2.696,3.2178
-1.7478,0.0194261,2.696,3.21303
-1.73905,0.0194261,2.696,3.20828
-1.71682,0.0192748,2.675,3.17859
-1.70813,0.0192748,2.675,3.17391
-1.71279,0.0194261,2.696,3.19413
-1.70404,0.0194261,2.696,3.18944
-1.69529,0.0194261,2.696,3.18478
-1.68654,0.0194261,2.696,3.18013
-1.67779,0.0194261,2.696,3.1755
-1.66904,0.0194261,2.696,3.17088
-1.67322,0.0195774,2.717,3.19095
-1.67788,0.0197359,2.739,3.21213
-1.66899,0.0197359,2.739,3.2075
-1.67344,0.0198944,2.761,3.22861
-1.67774,0.020053,2.783,3.24966
-1.6687,0.020053,2.783,3.24501
-1.65967,0.020053,2.783,3.24037
-1.65064,0.020053,2.783,3.23575
-1.6416,0.020053,2.783,3.23115
-1.63257,0.020053,2.783,3.22657
-1.6107,0.0198944,2.761,3.19654
-1.60174,0.0198944,2.761,3.19204
-1.5674,0.0195774,2.717,3.13675
-1.55858,0.0195774,2.717,3.13235
-1.54976,0.0195774,2.717,3.12798
-1.51712,0.0192748,2.675,3.07533
-1.4966,0.0191235,2.654,3.04695
-1.48798,0.0191235,2.654,3.04273
-1.46766,0.0189721,2.633,3.01448
-1.45912,0.0189721,2.633,3.01033
-1.45057,0.0189721,2.633,3.00619
-1.44203,0.0189721,2.633,3.00208
-1.43348,0.0189721,2.633,2.99798
-1.42493,0.0189721,2.633,2.99391
-1.41639,0.0189721,2.633,2.98985
-1.40784,0.0189721,2.633,2.98581
-1.41046,0.0191235,2.654,3.00557
-1.40184,0.0191235,2.654,3.00154
-1.39323,0.0191235,2.654,2.99753
-1.39557,0.0192748,2.675,3.01722
-1.38689,0.0192748,2.675,3.01321
-1.3782,0.0192748,2.675,3.00923
-1.36952,0.0192748,2.675,3.00526
-1.36084,0.0192748,2.675,3.00131
-1.35216,0.0192748,2.675,2.99739
-1.33293,0.0191235,2.654,2.96998
-1.30385,0.018828,2.613,2.9203
-1.29537,0.018828,2.613,2.91652
-1.27704,0.0186839,2.593,2.89047
-1.25933,0.018547,2.574,2.86561
-1.25098,0.018547,2.574,2.86195
-1.22428,0.0182732,2.536,2.81611
-1.1983,0.0180066,2.499,2.77151
-1.18162,0.0178769,2.481,2.74807
-1.17357,0.0178769,2.481,2.74462
-1.15706,0.0177472,2.463,2.7213
-1.14067,0.0176175,2.445,2.69805
-1.13273,0.0176175,2.445,2.6947
-1.11697,0.017495,2.428,2.67266
-1.10133,0.0173725,2.411,2.65069
-1.0935,0.0173725,2.411,2.64745
-1.08568,0.0173725,2.411,2.64422
-1.07025,0.01725,2.394,2.6224
-1.06248,0.01725,2.394,2.61924
-1.05471,0.01725,2.394,2.61609
-1.04694,0.01725,2.394,2.61297
-1.03179,0.0171275,2.377,2.59133
-1.02408,0.0171275,2.377,2.58827
-1.01636,0.0171275,2.377,2.58523
-1.00865,0.0171275,2.377,2.58221
-1.00093,0.0171275,2.377,2.5792
-0.993215,0.0171275,2.377,2.57622
-0.9855,0.0171275,2.377,2.57325
-0.977785,0.0171275,2.377,2.57031
-0.970069,0.0171275,2.377,2.56738
-0.962354,0.0171275,2.377,2.56448
-0.954639,0.0171275,2.377,2.56159
-0.946924,0.0171275,2.377,2.55873
-0.939209,0.0171275,2.377,2.55588
-0.931494,0.0171275,2.377,2.55306
-0.923778,0.0171275,2.377,2.55025
-0.916063,0.0171275,2.377,2.54747
-0.908348,0.0171275,2.377,2.5447
-0.900633,0.0171275,2.377,2.54196
-0.892918,0.0171275,2.377,2.53924
-0.885203,0.0171275,2.377,2.53653
-0.877488,0.0171275,2.377,2.53385
-0.869772,0.0171275,2.377,2.53119
-0.862057,0.0171275,2.377,2.52855
-0.854342,0.0171275,2.377,2.52593
-0.846627,0.0171275,2.377,2.52333
-0.838912,0.0171275,2.377,2.52075
-0.837141,0.01725,2.394,2.53621
-0.829371,0.01725,2.394,2.53365
-0.821601,0.01725,2.394,2.53112
-0.81383,0.01725,2.394,2.52861
-0.80606,0.01725,2.394,2.52612
-0.79829,0.01725,2.394,2.52365
-0.796133,0.0173725,2.411,2.5391
-0.788307,0.0173725,2.411,2.53666
-0.780482,0.0173725,2.411,2.53424
-0.772656,0.0173725,2.411,2.53184
-0.764831,0.0173725,2.411,2.52946
-0.757005,0.0173725,2.411,2.52711
-0.74918,0.0173725,2.411,2.52478
-0.746581,0.017495,2.428,2.54025
-0.738701,0.017495,2.428,2.53795
-0.73082,0.017495,2.428,2.53566
-0.728001,0.0176175,2.445,2.55114
-0.720065,0.0176175,2.445,2.54889
-0.712129,0.0176175,2.445,2.54666
-0.704194,0.0176175,2.445,2.54445
-0.696258,0.0176175,2.445,2.54226
-0.693389,0.0177472,2.463,2.5588
-0.685395,0.0177472,2.463,2.55665
-0.677401,0.0177472,2.463,2.55452
-0.669406,0.0177472,2.463,2.55241
-0.661412,0.0177472,2.463,2.55032
-0.653418,0.0177472,2.463,2.54826
-0.645424,0.0177472,2.463,2.54622
-0.637429,0.0177472,2.463,2.54421
-0.624835,0.0176175,2.445,2.52364
-0.616899,0.0176175,2.445,2.52169
-0.608963,0.0176175,2.445,2.51976
-0.601027,0.0176175,2.445,2.51785
-0.593092,0.0176175,2.445,2.51597
-0.585156,0.0176175,2.445,2.51411
-0.57722,0.0176175,2.445,2.51227
-0.569284,0.0176175,2.445,2.51046
-0.561348,0.0176175,2.445,2.50867
-0.553412,0.0176175,2.445,2.50691
-0.545476,0.0176175,2.445,2.50517
-0.53754,0.0176175,2.445,2.50345
-0.529605,0.0176175,2.445,2.50176
-0.521669,0.0176175,2.445,2.50009
-0.513733,0.0176175,2.445,2.49845
-0.505797,0.0176175,2.445,2.49683
-0.497861,0.0176175,2.445,2.49524
-0.489925,0.0176175,2.445,2.49366
-0.481989,0.0176175,2.445,2.49212
-0.474054,0.0176175,2.445,2.49059
-0.469549,0.0177472,2.463,2.50742
-0.461555,0.0177472,2.463,2.50594
-0.456875,0.0178769,2.481,2.52278
-0.448823,0.0178769,2.481,2.52133
-0.44077,0.0178769,2.481,2.51991
-0.435857,0.0180066,2.499,2.53679
-0.427746,0.0180066,2.499,2.53541
-0.419634,0.0180066,2.499,2.53405
-0.414487,0.0181363,2.517,2.55096
-0.406318,0.0181363,2.517,2.54965
-0.401154,0.0182732,2.536,2.5676
-0.392923,0.0182732,2.536,2.56632
-0.384691,0.0182732,2.536,2.56508
-0.37646,0.0182732,2.536,2.56385
-0.368229,0.0182732,2.536,2.56266
-0.362695,0.0184101,2.555,2.58068
-0.354402,0.0184101,2.555,2.57953
-0.346109,0.0184101,2.555,2.5784
-0.337816,0.0184101,2.555,2.5773
-0.329523,0.0184101,2.555,2.57623
-0.318842,0.0182732,2.536,2.55603
-0.31061,0.0182732,2.536,2.55502
-0.302379,0.0182732,2.536,2.55403
-0.294148,0.0182732,2.536,2.55307
-0.283775,0.0181363,2.517,2.53301
-0.275605,0.0181363,2.517,2.53211
-0.267435,0.0181363,2.517,2.53123
-0.259266,0.0181363,2.517,2.53038
-0.251096,0.0181363,2.517,2.52956
-0.24119,0.0180066,2.499,2.51068
-0.233078,0.0180066,2.499,2.50991
-0.224967,0.0180066,2.499,2.50917
-0.216856,0.0180066,2.499,2.50846
-0.207241,0.0178769,2.481,2.4897
-0.199189,0.0178769,2.481,2.48905
-0.191136,0.0178769,2.481,2.48842
-0.183083,0.0178769,2.481,2.48781
-0.175031,0.0178769,2.481,2.48723
-0.166978,0.0178769,2.481,2.48668
-0.158925,0.0178769,2.481,2.48615
-0.150872,0.0178769,2.481,2.48565
-0.14282,0.0178769,2.481,2.48517
-0.134767,0.0178769,2.481,2.48472
-0.126714,0.0178769,2.481,2.4843
-0.119523,0.0180066,2.499,2.50192
-0.111411,0.0180066,2.499,2.50155
-0.1033,0.0180066,2.499,2.5012
-0.0958747,0.0181363,2.517,2.51889
-0.0877052,0.0181363,2.517,2.51859
-0.0795356,0.0181363,2.517,2.51832
-0.0713661,0.0181363,2.517,2.51808
-0.0631965,0.0181363,2.517,2.51786
-0.055027,0.0181363,2.517,2.51767
-0.0472111,0.0182732,2.536,2.53651
-0.0389799,0.0182732,2.536,2.53637
-0.0307487,0.0182732,2.536,2.53625
-0.0225174,0.0182732,2.536,2.53617
-0.0142862,0.0182732,2.536,2.53611
-0.00605498,0.0182732,2.536,2.53607
0.00217625,0.0182732,2.536,2.53607
0.0104075,0.0182732,2.536,2.53609
0.0186387,0.0182732,2.536,2.53613
0.0266686,0.0181363,2.517,2.51721
0.0348382,0.0181363,2.517,2.51731
0.0430077,0.0181363,2.517,2.51743
0.0508113,0.0180066,2.499,2.49958
0.0589224,0.0180066,2.499,2.49976
0.0670336,0.0180066,2.499,2.49996
0.0751447,0.0180066,2.499,2.50019
0.0832558,0.0180066,2.499,2.50045
0.091367,0.0180066,2.499,2.50073
0.0994781,0.0180066,2.499,2.50104
0.106814,0.0178769,2.481,2.48336
0.114867,0.0178769,2.481,2.48372
0.12292,0.0178769,2.481,2.48411
0.130972,0.0178769,2.481,2.48452
0.140034,0.0180066,2.499,2.50299
0.148145,0.0180066,2.499,2.50345
0.156256,0.0180066,2.499,2.50395
0.164367,0.0180066,2.499,2.50446
0.172478,0.0180066,2.499,2.50501
0.180589,0.0180066,2.499,2.50558
0.188701,0.0180066,2.499,2.50618
0.196812,0.0180066,2.499,2.5068
0.206399,0.0181363,2.517,2.52551
0.214568,0.0181363,2.517,2.52619
0.222738,0.0181363,2.517,2.5269
0.230908,0.0181363,2.517,2.52763
0.239077,0.0181363,2.517,2.52839
0.247247,0.0181363,2.517,2.52918
0.255416,0.0181363,2.517,2.52999
0.261701,0.0180066,2.499,2.51273
0.269812,0.0180066,2.499,2.51359
0.277923,0.0180066,2.499,2.51447
0.286034,0.0180066,2.499,2.51538
0.292027,0.0178769,2.481,2.49819
0.300079,0.0178769,2.481,2.49915
0.308132,0.0178769,2.481,2.50013
0.313891,0.0177472,2.463,2.48298
0.321885,0.0177472,2.463,2.48401
0.329879,0.0177472,2.463,2.48506
0.337874,0.0177472,2.463,2.48613
0.34334,0.0176175,2.445,2.46905
0.351276,0.0176175,2.445,2.47017
0.359212,0.0176175,2.445,2.47131
0.367148,0.0176175,2.445,2.47248
0.375084,0.0176175,2.445,2.47367
0.38302,0.0176175,2.445,2.47488
0.390955,0.0176175,2.445,2.47612
0.398891,0.0176175,2.445,2.47739
0.406827,0.0176175,2.445,2.47868
0.414763,0.0176175,2.445,2.47999
0.422699,0.0176175,2.445,2.48133
0.430635,0.0176175,2.445,2.4827
0.438571,0.0176175,2.445,2.48409
0.446507,0.0176175,2.445,2.4855
0.454442,0.0176175,2.445,2.48694
0.462378,0.0176175,2.445,2.4884
0.470314,0.0176175,2.445,2.48989
0.47825,0.0176175,2.445,2.4914
0.486186,0.0176175,2.445,2.49293
0.497759,0.0177472,2.463,2.51286
0.505754,0.0177472,2.463,2.51445
0.513748,0.0177472,2.463,2.51607
0.521742,0.0177472,2.463,2.51772
0.533608,0.0178769,2.481,2.5378
0.54559,0.0180066,2.499,2.55793
0.553702,0.0180066,2.499,2.55967
0.561813,0.0180066,2.499,2.56144
0.574029,0.0181363,2.517,2.58169
0.578035,0.0180066,2.499,2.56504
0.586146,0.0180066,2.499,2.56688
0.598538,0.0181363,2.517,2.58725
0.606707,0.0181363,2.517,2.58915
0.614877,0.0181363,2.517,2.59108
0.627749,0.0182732,2.536,2.6126
0.635981,0.0182732,2.536,2.61459
0.644212,0.0182732,2.536,2.61661
0.652443,0.0182732,2.536,2.61865
0.660674,0.0182732,2.536,2.62071
0.668906,0.0182732,2.536,2.6228
0.677137,0.0182732,2.536,2.62491
0.685368,0.0182732,2.536,2.62704
0.693599,0.0182732,2.536,2.6292
0.70183,0.0182732,2.536,2.63139
0.710062,0.0182732,2.536,2.63359
0.718293,0.0182732,2.536,2.63583
0.721081,0.0181363,2.517,2.61832
0.729251,0.0181363,2.517,2.62058
0.73742,0.0181363,2.517,2.62286
0.74559,0.0181363,2.517,2.62517
0.753759,0.0181363,2.517,2.6275
0.761929,0.0181363,2.517,2.62986
0.770098,0.0181363,2.517,2.63224
0.778268,0.0181363,2.517,2.63464
0.786437,0.0181363,2.517,2.63706
0.788924,0.0180066,2.499,2.62063
0.797036,0.0180066,2.499,2.62309
0.805147,0.0180066,2.499,2.62556
0.813258,0.0180066,2.499,2.62806
0.815453,0.0178769,2.481,2.61164
0.823505,0.0178769,2.481,2.61416
0.831558,0.0178769,2.481,2.61671
0.839611,0.0178769,2.481,2.61928
0.847664,0.0178769,2.481,2.62187
0.855716,0.0178769,2.481,2.62449
0.863769,0.0178769,2.481,2.62712
0.871822,0.0178769,2.481,2.62978
0.879874,0.0178769,2.481,2.63246
0.881485,0.0177472,2.463,2.61605
0.889479,0.0177472,2.463,2.61875
0.897474,0.0177472,2.463,2.62148
0.905468,0.0177472,2.463,2.62422
0.913462,0.0177472,2.463,2.62699
0.921457,0.0177472,2.463,2.62978
0.929451,0.0177472,2.463,2.6326
0.930594,0.0176175,2.445,2.61617
0.93853,0.0176175,2.445,2.619
0.946466,0.0176175,2.445,2.62186
0.954402,0.0176175,2.445,2.62473
0.962338,0.0176175,2.445,2.62763
0.970273,0.0176175,2.445,2.63054
0.978209,0.0176175,2.445,2.63348
0.986145,0.0176175,2.445,2.63644
0.994081,0.0176175,2.445,2.63942
1.00202,0.0176175,2.445,2.64242
1.00995,0.0176175,2.445,2.64544
1.01789,0.0176175,2.445,2.64848
1.02582,0.0176175,2.445,2.65154
1.03376,0.0176175,2.445,2.65462
1.04937,0.0177472,2.463,2.67728
1.05736,0.0177472,2.463,2.68043
1.06535,0.0177472,2.463,2.68359
1.08119,0.0178769,2.481,2.70641
1.09715,0.0180066,2.499,2.7293
1.10526,0.0180066,2.499,2.73257
1.11337,0.0180066,2.499,2.73586
1.13809,0.0182732,2.536,2.77972
1.1549,0.0184101,2.555,2.80396
1.1632,0.0184101,2.555,2.80738
1.1802,0.018547,2.574,2.83173
1.20657,0.018828,2.613,2.87818
1.21505,0.018828,2.613,2.88175
1.24273,0.0191235,2.654,2.93061
1.26124,0.0192748,2.675,2.95749
1.27989,0.0194261,2.696,2.98445
1.28864,0.0194261,2.696,2.98821
1.3075,0.0195774,2.717,3.0153
1.32698,0.0197359,2.739,3.04358
1.33587,0.0197359,2.739,3.04747
1.35556,0.0198944,2.761,3.07588
1.37539,0.020053,2.783,3.10438
1.38443,0.020053,2.783,3.1084
1.39346,0.020053,2.783,3.11243
1.41408,0.0202187,2.806,3.14224
1.42319,0.0202187,2.806,3.14635
1.44404,0.0203844,2.829,3.1763
1.47788,0.0207303,2.877,3.23445
1.49962,0.0209032,2.901,3.26575
1.50904,0.0209032,2.901,3.27008
1.53154,0.0210834,2.926,3.30266
1.5542,0.0212635,2.951,3.33533
1.56378,0.0212635,2.951,3.3398
1.58722,0.0214508,2.977,3.37376
1.59688,0.0214508,2.977,3.37832
1.60655,0.0214508,2.977,3.3829
1.63032,0.0216382,3.003,3.41708
1.64007,0.0216382,3.003,3.42174
1.64982,0.0216382,3.003,3.42642
1.65957,0.0216382,3.003,3.43113
1.66931,0.0216382,3.003,3.43585
1.69416,0.0218327,3.03,3.47153
1.70399,0.0218327,3.03,3.47634
1.69855,0.0216382,3.003,3.45015
1.7083,0.0216382,3.003,3.45496
1.71805,0.0216382,3.003,3.45979
1.72779,0.0216382,3.003,3.46464
1.73754,0.0216382,3.003,3.46951
1.74729,0.0216382,3.003,3.47441
1.75704,0.0216382,3.003,3.47932
1.76678,0.0216382,3.003,3.48425
1.77653,0.0216382,3.003,3.4892
1.78628,0.0216382,3.003,3.49418
1.79602,0.0216382,3.003,3.49917
1.80577,0.0216382,3.003,3.50418
1.7998,0.0214508,2.977,3.47883
1.80946,0.0214508,2.977,3.48384
1.81912,0.0214508,2.977,3.48887
1.82879,0.0214508,2.977,3.49392
1.83845,0.0214508,2.977,3.49898
1.84811,0.0214508,2.977,3.50407
1.84155,0.0212635,2.951,3.47853
1.81976,0.0209032,2.901,3.42458
1.82918,0.0209032,2.901,3.4296
1.80817,0.0205574,2.853,3.3778
1.80215,0.0203844,2.829,3.35431
1.78187,0.020053,2.783,3.30463
1.79091,0.020053,2.783,3.30951
1.77148,0.0197359,2.739,3.262
1.75242,0.0194261,2.696,3.21555
1.76117,0.0194261,2.696,3.22033
1.74235,0.0191235,2.654,3.17488
1.72392,0.018828,2.613,3.1305
1.7324,0.018828,2.613,3.13517
1.71489,0.018547,2.574,3.09301
1.71053,0.0184101,2.555,3.07478
1.71882,0.0184101,2.555,3.0794
1.71427,0.0182732,2.536,3.0611
1.7096,0.0181363,2.517,3.04275
-2.01252,0.0303165,2.901,3.53086
-1.98653,0.0300657,2.877,3.49633
-1.97719,0.0300657,2.877,3.49103
-1.95144,0.0298149,2.853,3.45668
-1.92584,0.0295641,2.829,3.42242
-1.91666,0.0295641,2.829,3.41726
-1.89197,0.0293237,2.806,3.38438
-1.85267,0.0288534,2.761,3.3251
-1.8437,0.0288534,2.761,3.32012
-1.83474,0.0288534,2.761,3.31515
-1.81123,0.0286235,2.739,3.28382
-1.78787,0.0283936,2.717,3.25259
-1.77905,0.0283936,2.717,3.24775
-1.75655,0.0281742,2.696,3.21787
-1.73418,0.0279547,2.675,3.18807
-1.7255,0.0279547,2.675,3.18336
-1.71682,0.0279547,2.675,3.17866
-1.70813,0.0279547,2.675,3.17398
-1.69945,0.0279547,2.675,3.16931
-1.69077,0.0279547,2.675,3.16467
-1.68209,0.0279547,2.675,3.16004
-1.6734,0.0279547,2.675,3.15542
-1.67779,0.0281742,2.696,3.17556
-1.66904,0.0281742,2.696,3.17095
-1.66029,0.0281742,2.696,3.16635
-1.6644,0.0283936,2.717,3.1864
-1.65559,0.0283936,2.717,3.1818
-1.64677,0.0283936,2.717,3.17722
-1.65121,0.0286235,2.739,3.19835
-1.64232,0.0286235,2.739,3.19377
-1.64655,0.0288534,2.761,3.21482
-1.62454,0.0286235,2.739,3.18466
-1.61565,0.0286235,2.739,3.18014
-1.60676,0.0286235,2.739,3.17563
-1.59787,0.0286235,2.739,3.17114
-1.58898,0.0286235,2.739,3.16667
-1.5674,0.0283936,2.717,3.13682
-1.55858,0.0283936,2.717,3.13242
-1.54976,0.0283936,2.717,3.12804
-1.51712,0.0279547,2.675,3.0754
-1.4966,0.0277353,2.654,3.04701
-1.48798,0.0277353,2.654,3.04279
-1.46766,0.0275158,2.633,3.01455
-1.45912,0.0275158,2.633,3.01039
-1.45057,0.0275158,2.633,3.00626
-1.44203,0.0275158,2.633,3.00215
-1.43348,0.0275158,2.633,2.99805
-1.42493,0.0275158,2.633,2.99397
-1.41639,0.0275158,2.633,2.98992
-1.40784,0.0275158,2.633,2.98588
-1.41046,0.0277353,2.654,3.00564
-1.40184,0.0277353,2.654,3.00161
-1.39323,0.0277353,2.654,2.99759
-1.39557,0.0279547,2.675,3.01729
-1.38689,0.0279547,2.675,3.01328
-1.3782,0.0279547,2.675,3.00929
-1.36952,0.0279547,2.675,3.00533
-1.36084,0.0279547,2.675,3.00138
-1.35216,0.0279547,2.675,2.99745
-1.33293,0.0277353,2.654,2.97005
-1.30385,0.0273068,2.613,2.92037
-1.29537,0.0273068,2.613,2.91659
-1.27704,0.0270978,2.593,2.89054
-1.25933,0.0268992,2.574,2.86568
-1.25098,0.0268992,2.574,2.86202
-1.22428,0.0265021,2.536,2.81618
-1.1983,0.0261154,2.499,2.77157
-1.18162,0.0259273,2.481,2.74814
-1.17357,0.0259273,2.481,2.74468
-1.15706,0.0257392,2.463,2.72136
-1.14067,0.0255511,2.445,2.69811
-1.13273,0.0255511,2.445,2.69476
-1.11697,0.0253735,2.428,2.67272
-1.10133,0.0251958,2.411,2.65075
-1.0935,0.0251958,2.411,2.64751
-1.08568,0.0251958,2.411,2.64429
-1.07025,0.0250182,2.394,2.62246
-1.06248,0.0250182,2.394,2.6193
-1.05471,0.0250182,2.394,2.61616
-1.04694,0.0250182,2.394,2.61303
-1.03179,0.0248405,2.377,2.5914
-1.02408,0.0248405,2.377,2.58833
-1.01636,0.0248405,2.377,2.58529
-1.00865,0.0248405,2.377,2.58227
-1.00093,0.0248405,2.377,2.57926
-0.993215,0.0248405,2.377,2.57628
-0.9855,0.0248405,2.377,2.57332
-0.977785,0.0248405,2.377,2.57037
-0.970069,0.0248405,2.377,2.56745
-0.962354,0.0248405,2.377,2.56454
-0.954639,0.0248405,2.377,2.56166
-0.946924,0.0248405,2.377,2.55879
-0.939209,0.0248405,2.377,2.55595
-0.931494,0.0248405,2.377,2.55312
-0.923778,0.0248405,2.377,2.55032
-0.916063,0.0248405,2.377,2.54753
-0.908348,0.0248405,2.377,2.54477
-0.900633,0.0248405,2.377,2.54202
-0.892918,0.0248405,2.377,2.5393
-0.885203,0.0248405,2.377,2.5366
-0.877488,0.0248405,2.377,2.53392
-0.869772,0.0248405,2.377,2.53125
-0.862057,0.0248405,2.377,2.52861
-0.854342,0.0248405,2.377,2.52599
-0.846627,0.0248405,2.377,2.5234
-0.838912,0.0248405,2.377,2.52082
-0.837141,0.0250182,2.394,2.53627
-0.829371,0.0250182,2.394,2.53372
-0.821601,0.0250182,2.394,2.53118
-0.81383,0.0250182,2.394,2.52867
-0.80606,0.0250182,2.394,2.52618
-0.79829,0.0250182,2.394,2.52371
-0.796133,0.0251958,2.411,2.53917
-0.788307,0.0251958,2.411,2.53673
-0.780482,0.0251958,2.411,2.53431
-0.772656,0.0251958,2.411,2.53191
-0.764831,0.0251958,2.411,2.52953
-0.757005,0.0251958,2.411,2.52717
-0.74918,0.0251958,2.411,2.52484
-0.746581,0.0253735,2.428,2.54032
-0.738701,0.0253735,2.428,2.53801
-0.73082,0.0253735,2.428,2.53573
-0.728001,0.0255511,2.445,2.55121
-0.720065,0.0255511,2.445,2.54896
-0.712129,0.0255511,2.445,2.54672
-0.704194,0.0255511,2.445,2.54452
-0.696258,0.0255511,2.445,2.54233
-0.688322,0.0255511,2.445,2.54017
-0.680386,0.0255511,2.445,2.53803
-0.677401,0.0257392,2.463,2.55458
-0.669406,0.0257392,2.463,2.55248
-0.661412,0.0257392,2.463,2.55039
-0.653418,0.0257392,2.463,2.54833
-0.645424,0.0257392,2.463,2.54629
-0.637429,0.0257392,2.463,2.54428
-0.624835,0.0255511,2.445,2.52371
-0.616899,0.0255511,2.445,2.52175
-0.608963,0.0255511,2.445,2.51982
-0.601027,0.0255511,2.445,2.51792
-0.593092,0.0255511,2.445,2.51604
-0.585156,0.0255511,2.445,2.51418
-0.57722,0.0255511,2.445,2.51234
-0.569284,0.0255511,2.445,2.51053
-0.561348,0.0255511,2.445,2.50874
-0.553412,0.0255511,2.445,2.50698
-0.545476,0.0255511,2.445,2.50524
-0.53754,0.0255511,2.445,2.50352
-0.529605,0.0255511,2.445,2.50183
-0.521669,0.0255511,2.445,2.50016
-0.513733,0.0255511,2.445,2.49852
-0.505797,0.0255511,2.445,2.4969
-0.497861,0.0255511,2.445,2.4953
-0.489925,0.0255511,2.445,2.49373
-0.485538,0.0257392,2.463,2.51053
-0.477544,0.0257392,2.463,2.509
-0.469549,0.0257392,2.463,2.50749
-0.464928,0.0259273,2.481,2.52432
-0.456875,0.0259273,2.481,2.52285
-0.448823,0.0259273,2.481,2.5214
-0.443968,0.0261154,2.499,2.53827
-0.435857,0.0261154,2.499,2.53686
-0.427746,0.0261154,2.499,2.53548
-0.422657,0.0263036,2.517,2.55238
-0.414487,0.0263036,2.517,2.55104
-0.406318,0.0263036,2.517,2.54972
-0.401154,0.0265021,2.536,2.56767
-0.392923,0.0265021,2.536,2.5664
-0.384691,0.0265021,2.536,2.56515
-0.37646,0.0265021,2.536,2.56393
-0.368229,0.0265021,2.536,2.56273
-0.362695,0.0267007,2.555,2.58075
-0.354402,0.0267007,2.555,2.5796
-0.346109,0.0267007,2.555,2.57847
-0.337816,0.0267007,2.555,2.57737
-0.329523,0.0267007,2.555,2.5763
-0.318842,0.0265021,2.536,2.5561
-0.31061,0.0265021,2.536,2.55509
-0.302379,0.0265021,2.536,2.5541
-0.294148,0.0265021,2.536,2.55314
-0.283775,0.0263036,2.517,2.53308
-0.275605,0.0263036,2.517,2.53218
-0.267435,0.0263036,2.517,2.5313
-0.257412,0.0261154,2.499,2.51236
-0.249301,0.0261154,2.499,2.51154
-0.24119,0.0261154,2.499,2.51075
-0.233078,0.0261154,2.499,2.50998
-0.224967,0.0261154,2.499,2.50924
-0.215294,0.0259273,2.481,2.49046
-0.207241,0.0259273,2.481,2.48978
-0.199189,0.0259273,2.481,2.48912
-0.191136,0.0259273,2.481,2.48849
-0.183083,0.0259273,2.481,2.48788
-0.175031,0.0259273,2.481,2.4873
-0.166978,0.0259273,2.481,2.48675
-0.158925,0.0259273,2.481,2.48622
-0.150872,0.0259273,2.481,2.48572
-0.14282,0.0259273,2.481,2.48524
-0.134767,0.0259273,2.481,2.48479
-0.126714,0.0259273,2.481,2.48437
-0.118662,0.0259273,2.481,2.48397
-0.110609,0.0259273,2.481,2.4836
-0.1033,0.0261154,2.499,2.50127
-0.0951891,0.0261154,2.499,2.50095
-0.0877052,0.0263036,2.517,2.51867
-0.0795356,0.0263036,2.517,2.51839
-0.0713661,0.0263036,2.517,2.51815
-0.0631965,0.0263036,2.517,2.51793
-0.055027,0.0263036,2.517,2.51774
-0.0472111,0.0265021,2.536,2.53658
-0.0389799,0.0265021,2.536,2.53644
-0.0307487,0.0265021,2.536,2.53632
-0.0225174,0.0265021,2.536,2.53624
-0.0142862,0.0265021,2.536,2.53618
-0.00605498,0.0265021,2.536,2.53615
0.00217625,0.0265021,2.536,2.53614
0.0104075,0.0265021,2.536,2.53616
0.0186387,0.0265021,2.536,2.53621
0.0268699,0.0265021,2.536,2.53628
0.0348382,0.0263036,2.517,2.51738
0.0430077,0.0263036,2.517,2.5175
0.0508113,0.0261154,2.499,2.49965
0.0589224,0.0261154,2.499,2.49983
0.0670336,0.0261154,2.499,2.50004
0.0751447,0.0261154,2.499,2.50027
0.0832558,0.0261154,2.499,2.50052
0.091367,0.0261154,2.499,2.50081
0.0994781,0.0261154,2.499,2.50112
0.107589,0.0261154,2.499,2.50145
0.1157,0.0261154,2.499,2.50181
0.123811,0.0261154,2.499,2.5022
0.131923,0.0261154,2.499,2.50262
0.140034,0.0261154,2.499,2.50306
0.148145,0.0261154,2.499,2.50352
0.156256,0.0261154,2.499,2.50402
0.164367,0.0261154,2.499,2.50454
0.172478,0.0261154,2.499,2.50508
0.180589,0.0261154,2.499,2.50565
0.19006,0.0263036,2.517,2.5243
0.198229,0.0263036,2.517,2.52493
0.206399,0.0263036,2.517,2.52559
0.214568,0.0263036,2.517,2.52627
0.222738,0.0263036,2.517,2.52697
0.230908,0.0263036,2.517,2.52771
0.239077,0.0263036,2.517,2.52847
0.247247,0.0263036,2.517,2.52925
0.255416,0.0263036,2.517,2.53006
0.261701,0.0261154,2.499,2.5128
0.269812,0.0261154,2.499,2.51366
0.277923,0.0261154,2.499,2.51454
0.286034,0.0261154,2.499,2.51545
0.292027,0.0259273,2.481,2.49826
0.300079,0.0259273,2.481,2.49922
0.308132,0.0259273,2.481,2.5002
0.313891,0.0257392,2.463,2.48305
0.321885,0.0257392,2.463,2.48408
0.329879,0.0257392,2.463,2.48513
0.337874,0.0257392,2.463,2.4862
0.34334,0.0255511,2.445,2.46912
0.351276,0.0255511,2.445,2.47024
0.359212,0.0255511,2.445,2.47138
0.367148,0.0255511,2.445,2.47254
0.375084,0.0255511,2.445,2.47374
0.38302,0.0255511,2.445,2.47495
0.390955,0.0255511,2.445,2.47619
0.398891,0.0255511,2.445,2.47746
0.406827,0.0255511,2.445,2.47875
0.414763,0.0255511,2.445,2.48006
0.422699,0.0255511,2.445,2.4814
0.430635,0.0255511,2.445,2.48277
0.438571,0.0255511,2.445,2.48415
0.446507,0.0255511,2.445,2.48557
0.454442,0.0255511,2.445,2.48701
0.462378,0.0255511,2.445,2.48847
0.470314,0.0255511,2.445,2.48995
0.47825,0.0255511,2.445,2.49147
0.486186,0.0255511,2.445,2.493
0.497759,0.0257392,2.463,2.51293
0.505754,0.0257392,2.463,2.51452
0.513748,0.0257392,2.463,2.51614
0.521742,0.0257392,2.463,2.51779
0.533608,0.0259273,2.481,2.53787
0.541661,0.0259273,2.481,2.53957
0.549713,0.0259273,2.481,2.5413
0.557766,0.0259273,2.481,2.54306
0.569924,0.0261154,2.499,2.5633
0.578035,0.0261154,2.499,2.56511
0.586146,0.0261154,2.499,2.56695
0.598538,0.0263036,2.517,2.58732
0.606707,0.0263036,2.517,2.58922
0.614877,0.0263036,2.517,2.59115
0.623046,0.0263036,2.517,2.5931
0.635981,0.0265021,2.536,2.61466
0.644212,0.0265021,2.536,2.61668
0.652443,0.0265021,2.536,2.61872
0.660674,0.0265021,2.536,2.62078
0.668906,0.0265021,2.536,2.62287
0.677137,0.0265021,2.536,2.62498
0.685368,0.0265021,2.536,2.62711
0.693599,0.0265021,2.536,2.62927
0.696572,0.0263036,2.517,2.61174
0.704742,0.0263036,2.517,2.61393
0.712911,0.0263036,2.517,2.61615
0.721081,0.0263036,2.517,2.61838
0.729251,0.0263036,2.517,2.62065
0.73742,0.0263036,2.517,2.62293
0.74559,0.0263036,2.517,2.62524
0.753759,0.0263036,2.517,2.62757
0.761929,0.0263036,2.517,2.62993
0.764591,0.0261154,2.499,2.61348
0.772702,0.0261154,2.499,2.61587
0.780813,0.0261154,2.499,2.61827
0.788924,0.0261154,2.499,2.6207
0.797036,0.0261154,2.499,2.62316
0.799347,0.0259273,2.481,2.60672
0.8074,0.0259273,2.481,2.6092
0.815453,0.0259273,2.481,2.6117
0.823505,0.0259273,2.481,2.61423
0.831558,0.0259273,2.481,2.61678
0.839611,0.0259273,2.481,2.61935
0.841514,0.0257392,2.463,2.60292
0.849508,0.0257392,2.463,2.60551
0.857502,0.0257392,2.463,2.60813
0.865497,0.0257392,2.463,2.61077
0.873491,0.0257392,2.463,2.61343
0.881485,0.0257392,2.463,2.61611
0.889479,0.0257392,2.463,2.61882
0.897474,0.0257392,2.463,2.62154
0.905468,0.0257392,2.463,2.62429
0.913462,0.0257392,2.463,2.62706
0.921457,0.0257392,2.463,2.62985
0.929451,0.0257392,2.463,2.63266
0.930594,0.0255511,2.445,2.61623
0.93853,0.0255511,2.445,2.61907
0.946466,0.0255511,2.445,2.62192
0.954402,0.0255511,2.445,2.6248
0.962338,0.0255511,2.445,2.62769
0.970273,0.0255511,2.445,2.63061
0.978209,0.0255511,2.445,2.63355
0.986145,0.0255511,2.445,2.63651
0.994081,0.0255511,2.445,2.63948
1.00202,0.0255511,2.445,2.64248
1.00995,0.0255511,2.445,2.6455
1.01789,0.0255511,2.445,2.64854
1.02582,0.0255511,2.445,2.6516
1.03376,0.0255511,2.445,2.65468
1.0417,0.0255511,2.445,2.65778
1.05736,0.0257392,2.463,2.68049
1.06535,0.0257392,2.463,2.68366
1.08119,0.0259273,2.481,2.70648
1.08924,0.0259273,2.481,2.7097
1.10526,0.0261154,2.499,2.73263
1.11337,0.0261154,2.499,2.73592
1.13809,0.0265021,2.536,2.77979
1.1549,0.0267007,2.555,2.80402
1.1632,0.0267007,2.555,2.80745
1.18891,0.0270978,2.593,2.8527
1.2158,0.0275158,2.633,2.90028
1.22435,0.0275158,2.633,2.90387
1.24273,0.0277353,2.654,2.93067
1.26124,0.0279547,2.675,2.95756
1.27989,0.0281742,2.696,2.98452
1.28864,0.0281742,2.696,2.98828
1.3075,0.0283936,2.717,3.01537
1.32698,0.0286235,2.739,3.04365
1.33587,0.0286235,2.739,3.04754
1.35556,0.0288534,2.761,3.07595
1.36452,0.0288534,2.761,3.07991
1.37348,0.0288534,2.761,3.08389
1.38244,0.0288534,2.761,3.0879
1.40249,0.0290833,2.783,3.11656
1.41152,0.0290833,2.783,3.12063
1.4323,0.0293237,2.806,3.15055
1.46555,0.0298149,2.853,3.20754
1.48722,0.0300657,2.877,3.2388
1.49655,0.0300657,2.877,3.2431
1.51845,0.0303165,2.901,3.27451
1.54104,0.0305777,2.926,3.30714
1.55053,0.0305777,2.926,3.31158
1.57336,0.030839,2.951,3.34437
1.59688,0.0311107,2.977,3.37839
1.60655,0.0311107,2.977,3.38297
1.63032,0.0313824,3.003,3.41716
1.64007,0.0313824,3.003,3.42182
1.66465,0.0316646,3.03,3.45731
1.67449,0.0316646,3.03,3.46205
1.68432,0.0316646,3.03,3.46682
1.69416,0.0316646,3.03,3.47161
1.70399,0.0316646,3.03,3.47642
1.7291,0.0319467,3.057,3.51227
1.73902,0.0319467,3.057,3.51717
1.73349,0.0316646,3.03,3.49098
1.74333,0.0316646,3.03,3.49587
1.75316,0.0316646,3.03,3.50078
1.763,0.0316646,3.03,3.50572
1.77283,0.0316646,3.03,3.51068
1.78267,0.0316646,3.03,3.51565
1.7925,0.0316646,3.03,3.52065
1.78628,0.0313824,3.003,3.49425
1.79602,0.0313824,3.003,3.49924
1.80577,0.0313824,3.003,3.50425
1.7998,0.0311107,2.977,3.4789
1.80946,0.0311107,2.977,3.48391
1.81912,0.0311107,2.977,3.48894
1.82879,0.0311107,2.977,3.49399
1.82239,0.030839,2.951,3.4685
1.83197,0.030839,2.951,3.47354
1.82595,0.0305777,2.926,3.44913
1.80471,0.0300657,2.877,3.39632
1.81405,0.0300657,2.877,3.40129
1.79296,0.0295641,2.829,3.34945
1.77284,0.0290833,2.783,3.29983
1.78187,0.0290833,2.783,3.3047
1.79091,0.0290833,2.783,3.30958
1.77148,0.0286235,2.739,3.26207
1.75242,0.0281742,2.696,3.21562
1.76117,0.0281742,2.696,3.22039
1.74235,0.0277353,2.654,3.17494
1.72392,0.0273068,2.613,3.13056
1.7324,0.0273068,2.613,3.13524
1.71489,0.0268992,2.574,3.09307
1.71053,0.0267007,2.555,3.07484
1.71882,0.0267007,2.555,3.07946
1.71427,0.0265021,2.536,3.06116
1.7096,0.0263036,2.517,3.04281
-2.01252,0.0397298,2.901,3.53095
-1.98653,0.0394011,2.877,3.49642
-1.97719,0.0394011,2.877,3.49113
-1.95144,0.0390724,2.853,3.45677
-1.92584,0.0387437,2.829,3.42251
-1.91666,0.0387437,2.829,3.41736
-1.89197,0.0384287,2.806,3.38447
-1.86743,0.0381137,2.783,3.35169
-1.8437,0.0378124,2.761,3.32021
-1.83474,0.0378124,2.761,3.31524
-1.81123,0.0375111,2.739,3.28391
-1.78787,0.0372098,2.717,3.25268
-1.77905,0.0372098,2.717,3.24784
-1.75655,0.0369222,2.696,3.21795
-1.73418,0.0366346,2.675,3.18816
-1.7255,0.0366346,2.675,3.18344
-1.71682,0.0366346,2.675,3.17875
-1.70813,0.0366346,2.675,3.17407
-1.69945,0.0366346,2.675,3.1694
-1.69077,0.0366346,2.675,3.16475
-1.68209,0.0366346,2.675,3.16012
-1.6734,0.0366346,2.675,3.15551
-1.67779,0.0369222,2.696,3.17565
-1.66904,0.0369222,2.696,3.17104
-1.66029,0.0369222,2.696,3.16644
-1.6644,0.0372098,2.717,3.18649
-1.65559,0.0372098,2.717,3.18189
-1.64677,0.0372098,2.717,3.17731
-1.65121,0.0375111,2.739,3.19844
-1.64232,0.0375111,2.739,3.19386
-1.64655,0.0378124,2.761,3.21492
-1.62454,0.0375111,2.739,3.18475
-1.61565,0.0375111,2.739,3.18023
-1.60676,0.0375111,2.739,3.17572
-1.59787,0.0375111,2.739,3.17123
-1.58898,0.0375111,2.739,3.16676
-1.5674,0.0372098,2.717,3.13691
-1.53449,0.0366346,2.675,3.08409
-1.5258,0.0366346,2.675,3.07978
-1.51712,0.0366346,2.675,3.07549
-1.4966,0.036347,2.654,3.0471
-1.48798,0.036347,2.654,3.04288
-1.46766,0.0360594,2.633,3.01464
-1.45912,0.0360594,2.633,3.01048
-1.43955,0.0357855,2.613,2.98352
-1.43107,0.0357855,2.613,2.97943
-1.42259,0.0357855,2.613,2.97537
-1.41411,0.0357855,2.613,2.97132
-1.40563,0.0357855,2.613,2.9673
-1.39715,0.0357855,2.613,2.96329
-1.3993,0.0360594,2.633,2.98195
-1.39075,0.0360594,2.633,2.97795
-1.3822,0.0360594,2.633,2.97397
-1.37366,0.0360594,2.633,2.97
-1.376,0.036347,2.654,2.98972
-1.36738,0.036347,2.654,2.98576
-1.35877,0.036347,2.654,2.98183
-1.33947,0.0360594,2.633,2.95435
-1.33093,0.0360594,2.633,2.95048
-1.32238,0.0360594,2.633,2.94664
-1.29387,0.0355116,2.593,2.89811
-1.28546,0.0355116,2.593,2.89436
-1.26769,0.0352514,2.574,2.86945
-1.25003,0.0349912,2.555,2.84462
-1.24174,0.0349912,2.555,2.84098
-1.22428,0.034731,2.536,2.81627
-1.1983,0.0342243,2.499,2.77166
-1.18162,0.0339778,2.481,2.74822
-1.17357,0.0339778,2.481,2.74477
-1.1486,0.0334848,2.445,2.70156
-1.14067,0.0334848,2.445,2.6982
-1.13273,0.0334848,2.445,2.69485
-1.10915,0.0330191,2.411,2.6541
-1.10133,0.0330191,2.411,2.65084
-1.0935,0.0330191,2.411,2.64759
-1.07802,0.0327863,2.394,2.62573
-1.07025,0.0327863,2.394,2.62255
-1.06248,0.0327863,2.394,2.61938
-1.05471,0.0327863,2.394,2.61624
-1.04694,0.0327863,2.394,2.61312
-1.03179,0.0325535,2.377,2.59148
-1.02408,0.0325535,2.377,2.58842
-1.01636,0.0325535,2.377,2.58538
-1.00865,0.0325535,2.377,2.58235
-1.00093,0.0325535,2.377,2.57935
-0.993215,0.0325535,2.377,2.57637
-0.9855,0.0325535,2.377,2.5734
-0.977785,0.0325535,2.377,2.57046
-0.970069,0.0325535,2.377,2.56753
-0.962354,0.0325535,2.377,2.56463
-0.954639,0.0325535,2.377,2.56174
-0.946924,0.0325535,2.377,2.55888
-0.939209,0.0325535,2.377,2.55603
-0.925224,0.0323344,2.361,2.53602
-0.91756,0.0323344,2.361,2.53324
-0.909897,0.0323344,2.361,2.53047
-0.908348,0.0325535,2.377,2.54485
-0.900633,0.0325535,2.377,2.54211
-0.892918,0.0325535,2.377,2.53939
-0.885203,0.0325535,2.377,2.53669
-0.877488,0.0325535,2.377,2.534
-0.869772,0.0325535,2.377,2.53134
-0.862057,0.0325535,2.377,2.5287
-0.854342,0.0325535,2.377,2.52608
-0.846627,0.0325535,2.377,2.52348
-0.838912,0.0325535,2.377,2.52091
-0.837141,0.0327863,2.394,2.53636
-0.829371,0.0327863,2.394,2.5338
-0.821601,0.0327863,2.394,2.53127
-0.81383,0.0327863,2.394,2.52876
-0.80606,0.0327863,2.394,2.52627
-0.79829,0.0327863,2.394,2.5238
-0.796133,0.0330191,2.411,2.53926
-0.788307,0.0330191,2.411,2.53682
-0.780482,0.0330191,2.411,2.5344
-0.772656,0.0330191,2.411,2.532
-0.764831,0.0330191,2.411,2.52962
-0.757005,0.0330191,2.411,2.52727
-0.74918,0.0330191,2.411,2.52493
-0.746581,0.0332519,2.428,2.54041
-0.738701,0.0332519,2.428,2.5381
-0.73082,0.0332519,2.428,2.53582
-0.722939,0.0332519,2.428,2.53356
-0.715059,0.0332519,2.428,2.53132
-0.712129,0.0334848,2.445,2.54682
-0.704194,0.0334848,2.445,2.54461
-0.696258,0.0334848,2.445,2.54242
-0.688322,0.0334848,2.445,2.54026
-0.680386,0.0334848,2.445,2.53812
-0.677401,0.0337313,2.463,2.55468
-0.669406,0.0337313,2.463,2.55257
-0.661412,0.0337313,2.463,2.55048
-0.653418,0.0337313,2.463,2.54842
-0.645424,0.0337313,2.463,2.54639
-0.637429,0.0337313,2.463,2.54437
-0.624835,0.0334848,2.445,2.5238
-0.616899,0.0334848,2.445,2.52185
-0.608963,0.0334848,2.445,2.51992
-0.601027,0.0334848,2.445,2.51801
-0.593092,0.0334848,2.445,2.51613
-0.585156,0.0334848,2.445,2.51427
-0.57722,0.0334848,2.445,2.51243
-0.569284,0.0334848,2.445,2.51062
-0.561348,0.0334848,2.445,2.50884
-0.553412,0.0334848,2.445,2.50707
-0.545476,0.0334848,2.445,2.50533
-0.53754,0.0334848,2.445,2.50362
-0.529605,0.0334848,2.445,2.50192
-0.521669,0.0334848,2.445,2.50026
-0.513733,0.0334848,2.445,2.49861
-0.505797,0.0334848,2.445,2.49699
-0.497861,0.0334848,2.445,2.4954
-0.493532,0.0337313,2.463,2.51219
-0.485538,0.0337313,2.463,2.51063
-0.477544,0.0337313,2.463,2.50909
-0.469549,0.0337313,2.463,2.50759
-0.464928,0.0339778,2.481,2.52442
-0.456875,0.0339778,2.481,2.52294
-0.448823,0.0339778,2.481,2.5215
-0.443968,0.0342243,2.499,2.53836
-0.435857,0.0342243,2.499,2.53696
-0.427746,0.0342243,2.499,2.53557
-0.422657,0.0344708,2.517,2.55247
-0.414487,0.0344708,2.517,2.55113
-0.406318,0.0344708,2.517,2.54982
-0.401154,0.034731,2.536,2.56777
-0.392923,0.034731,2.536,2.56649
-0.384691,0.034731,2.536,2.56525
-0.37646,0.034731,2.536,2.56403
-0.368229,0.034731,2.536,2.56283
-0.362695,0.0349912,2.555,2.58085
-0.354402,0.0349912,2.555,2.5797
-0.346109,0.0349912,2.555,2.57857
-0.337816,0.0349912,2.555,2.57747
-0.329523,0.0349912,2.555,2.5764
-0.318842,0.034731,2.536,2.5562
-0.31061,0.034731,2.536,2.55519
-0.302379,0.034731,2.536,2.5542
-0.294148,0.034731,2.536,2.55324
-0.283775,0.0344708,2.517,2.53318
-0.275605,0.0344708,2.517,2.53228
-0.267435,0.0344708,2.517,2.5314
-0.257412,0.0342243,2.499,2.51246
-0.249301,0.0342243,2.499,2.51164
-0.24119,0.0342243,2.499,2.51085
-0.233078,0.0342243,2.499,2.51008
-0.224967,0.0342243,2.499,2.50934
-0.215294,0.0339778,2.481,2.49056
-0.207241,0.0339778,2.481,2.48987
-0.199189,0.0339778,2.481,2.48922
-0.191136,0.0339778,2.481,2.48858
-0.183083,0.0339778,2.481,2.48798
-0.175031,0.0339778,2.481,2.4874
-0.166978,0.0339778,2.481,2.48685
-0.158925,0.0339778,2.481,2.48632
-0.150872,0.0339778,2.481,2.48582
-0.14282,0.0339778,2.481,2.48534
-0.134767,0.0339778,2.481,2.48489
-0.126714,0.0339778,2.481,2.48447
-0.118662,0.0339778,2.481,2.48407
-0.110609,0.0339778,2.481,2.4837
-0.1033,0.0342243,2.499,2.50137
-0.0951891,0.0342243,2.499,2.50105
-0.0877052,0.0344708,2.517,2.51876
-0.0795356,0.0344708,2.517,2.51849
-0.0713661,0.0344708,2.517,2.51825
-0.0636736,0.034731,2.536,2.53704
-0.0554423,0.034731,2.536,2.53684
-0.0472111,0.034731,2.536,2.53668
-0.0389799,0.034731,2.536,2.53654
-0.0307487,0.034731,2.536,2.53642
-0.0225174,0.034731,2.536,2.53634
-0.0142862,0.034731,2.536,2.53628
-0.00605498,0.034731,2.536,2.53625
0.00217625,0.034731,2.536,2.53624
0.0104075,0.034731,2.536,2.53626
0.0186387,0.034731,2.536,2.53631
0.0268699,0.034731,2.536,2.53638
0.0348382,0.0344708,2.517,2.51748
0.0430077,0.0344708,2.517,2.5176
0.0508113,0.0342243,2.499,2.49975
0.0589224,0.0342243,2.499,2.49993
0.0670336,0.0342243,2.499,2.50013
0.0751447,0.0342243,2.499,2.50036
0.0832558,0.0342243,2.499,2.50062
0.091367,0.0342243,2.499,2.5009
0.0994781,0.0342243,2.499,2.50121
0.107589,0.0342243,2.499,2.50155
0.1157,0.0342243,2.499,2.50191
0.123811,0.0342243,2.499,2.5023
0.131923,0.0342243,2.499,2.50271
0.140034,0.0342243,2.499,2.50315
0.148145,0.0342243,2.499,2.50362
0.156256,0.0342243,2.499,2.50411
0.164367,0.0342243,2.499,2.50463
0.172478,0.0342243,2.499,2.50518
0.180589,0.0342243,2.499,2.50575
0.19006,0.0344708,2.517,2.5244
0.198229,0.0344708,2.517,2.52503
0.206399,0.0344708,2.517,2.52568
0.214568,0.0344708,2.517,2.52636
0.222738,0.0344708,2.517,2.52707
0.230908,0.0344708,2.517,2.5278
0.239077,0.0344708,2.517,2.52856
0.247247,0.0344708,2.517,2.52935
0.255416,0.0344708,2.517,2.53016
0.261701,0.0342243,2.499,2.5129
0.269812,0.0342243,2.499,2.51376
0.277923,0.0342243,2.499,2.51464
0.283974,0.0339778,2.481,2.49743
0.292027,0.0339778,2.481,2.49836
0.300079,0.0339778,2.481,2.49931
0.308132,0.0339778,2.481,2.50029
0.313891,0.0337313,2.463,2.48315
0.321885,0.0337313,2.463,2.48417
0.329879,0.0337313,2.463,2.48522
0.335404,0.0334848,2.445,2.46813
0.34334,0.0334848,2.445,2.46922
0.351276,0.0334848,2.445,2.47033
0.359212,0.0334848,2.445,2.47147
0.367148,0.0334848,2.445,2.47264
0.375084,0.0334848,2.445,2.47383
0.38302,0.0334848,2.445,2.47505
0.388237,0.0332519,2.428,2.45907
0.396118,0.0332519,2.428,2.46033
0.403999,0.0332519,2.428,2.46161
0.411879,0.0332519,2.428,2.46291
0.41976,0.0332519,2.428,2.46424
0.430635,0.0334848,2.445,2.48286
0.438571,0.0334848,2.445,2.48425
0.446507,0.0334848,2.445,2.48566
0.454442,0.0334848,2.445,2.4871
0.462378,0.0334848,2.445,2.48856
0.470314,0.0334848,2.445,2.49005
0.47825,0.0334848,2.445,2.49156
0.486186,0.0334848,2.445,2.4931
0.494122,0.0334848,2.445,2.49465
0.505754,0.0337313,2.463,2.51462
0.513748,0.0337313,2.463,2.51624
0.521742,0.0337313,2.463,2.51788
0.533608,0.0339778,2.481,2.53796
0.541661,0.0339778,2.481,2.53967
0.549713,0.0339778,2.481,2.5414
0.557766,0.0339778,2.481,2.54315
0.565819,0.0339778,2.481,2.54493
0.573871,0.0339778,2.481,2.54673
0.586146,0.0342243,2.499,2.56705
0.594257,0.0342243,2.499,2.56891
0.606707,0.0344708,2.517,2.58932
0.614877,0.0344708,2.517,2.59125
0.623046,0.0344708,2.517,2.5932
0.631216,0.0344708,2.517,2.59517
0.639385,0.0344708,2.517,2.59717
0.647555,0.0344708,2.517,2.59919
0.655725,0.0344708,2.517,2.60124
0.663894,0.0344708,2.517,2.60331
0.672064,0.0344708,2.517,2.60541
0.680233,0.0344708,2.517,2.60753
0.688403,0.0344708,2.517,2.60967
0.696572,0.0344708,2.517,2.61184
0.704742,0.0344708,2.517,2.61403
0.712911,0.0344708,2.517,2.61624
0.721081,0.0344708,2.517,2.61848
0.724035,0.0342243,2.499,2.602
0.732147,0.0342243,2.499,2.60427
0.740258,0.0342243,2.499,2.60656
0.748369,0.0342243,2.499,2.60888
0.75648,0.0342243,2.499,2.61121
0.764591,0.0342243,2.499,2.61357
0.772702,0.0342243,2.499,2.61596
0.780813,0.0342243,2.499,2.61837
0.788924,0.0342243,2.499,2.6208
0.791295,0.0339778,2.481,2.60435
0.799347,0.0339778,2.481,2.60681
0.8074,0.0339778,2.481,2.60929
0.815453,0.0339778,2.481,2.6118
0.823505,0.0339778,2.481,2.61432
0.831558,0.0339778,2.481,2.61687
0.839611,0.0339778,2.481,2.61944
0.841514,0.0337313,2.463,2.60301
0.849508,0.0337313,2.463,2.6056
0.857502,0.0337313,2.463,2.60822
0.865497,0.0337313,2.463,2.61086
0.873491,0.0337313,2.463,2.61352
0.881485,0.0337313,2.463,2.6162
0.889479,0.0337313,2.463,2.61891
0.897474,0.0337313,2.463,2.62163
0.905468,0.0337313,2.463,2.62438
0.913462,0.0337313,2.463,2.62715
0.921457,0.0337313,2.463,2.62994
0.929451,0.0337313,2.463,2.63275
0.937445,0.0337313,2.463,2.63559
0.945439,0.0337313,2.463,2.63844
0.953434,0.0337313,2.463,2.64131
0.954402,0.0334848,2.445,2.62489
0.962338,0.0334848,2.445,2.62778
0.970273,0.0334848,2.445,2.6307
0.978209,0.0334848,2.445,2.63364
0.986145,0.0334848,2.445,2.63659
0.994081,0.0334848,2.445,2.63957
1.00202,0.0334848,2.445,2.64257
1.00995,0.0334848,2.445,2.64559
1.01789,0.0334848,2.445,2.64863
1.02582,0.0334848,2.445,2.65169
1.03376,0.0334848,2.445,2.65477
1.0417,0.0334848,2.445,2.65787
1.05736,0.0337313,2.463,2.68058
1.06535,0.0337313,2.463,2.68374
1.08119,0.0339778,2.481,2.70656
1.08924,0.0339778,2.481,2.70979
1.10526,0.0342243,2.499,2.73272
1.11337,0.0342243,2.499,2.73601
1.13809,0.034731,2.536,2.77988
1.1549,0.0349912,2.555,2.80411
1.1632,0.0349912,2.555,2.80754
1.18891,0.0355116,2.593,2.85279
1.2158,0.0360594,2.633,2.90037
1.22435,0.0360594,2.633,2.90397
1.24273,0.036347,2.654,2.93077
1.26124,0.0366346,2.675,2.95765
1.27989,0.0369222,2.696,2.98461
1.28864,0.0369222,2.696,2.98837
1.3075,0.0372098,2.717,3.01547
1.32698,0.0375111,2.739,3.04375
1.33587,0.0375111,2.739,3.04763
1.35556,0.0378124,2.761,3.07605
1.36452,0.0378124,2.761,3.08001
1.37348,0.0378124,2.761,3.08399
1.38244,0.0378124,2.761,3.08799
1.40249,0.0381137,2.783,3.11665
1.41152,0.0381137,2.783,3.12073
1.4323,0.0384287,2.806,3.15065
1.46555,0.0390724,2.853,3.20764
1.48722,0.0394011,2.877,3.2389
1.49655,0.0394011,2.877,3.2432
1.51845,0.0397298,2.901,3.27461
1.54104,0.0400721,2.926,3.30725
1.55053,0.0400721,2.926,3.31168
1.57336,0.0404145,2.951,3.34447
1.59688,0.0407706,2.977,3.3785
1.60655,0.0407706,2.977,3.38307
1.63032,0.0411267,3.003,3.41726
1.65482,0.0414964,3.03,3.45269
1.66465,0.0414964,3.03,3.45741
1.67449,0.0414964,3.03,3.46216
1.69933,0.0418662,3.057,3.49782
1.70925,0.0418662,3.057,3.50265
1.71917,0.0418662,3.057,3.5075
1.7291,0.0418662,3.057,3.51238
1.73902,0.0418662,3.057,3.51727
1.73349,0.0414964,3.03,3.49108
1.74333,0.0414964,3.03,3.49597
1.75316,0.0414964,3.03,3.50089
1.763,0.0414964,3.03,3.50582
1.77283,0.0414964,3.03,3.51078
1.78267,0.0414964,3.03,3.51575
1.7925,0.0414964,3.03,3.52075
1.78628,0.0411267,3.003,3.49435
1.79602,0.0411267,3.003,3.49934
1.80577,0.0411267,3.003,3.50436
1.7998,0.0407706,2.977,3.479
1.80946,0.0407706,2.977,3.48401
1.81912,0.0407706,2.977,3.48904
1.82879,0.0407706,2.977,3.49409
1.82239,0.0404145,2.951,3.4686
1.83197,0.0404145,2.951,3.47364
1.82595,0.0400721,2.926,3.44923
1.80471,0.0394011,2.877,3.39642
1.81405,0.0394011,2.877,3.40139
1.79296,0.0387437,2.829,3.34955
1.77284,0.0381137,2.783,3.29993
1.7537,0.0375111,2.739,3.25254
1.76259,0.0375111,2.739,3.25734
1.74367,0.0369222,2.696,3.21095
1.73877,0.0366346,2.675,3.19066
1.74746,0.0366346,2.675,3.1954
1.72856,0.0360594,2.633,3.14991
1.71072,0.0355116,2.593,3.10668
1.71914,0.0355116,2.593,3.11133
1.71489,0.0352514,2.574,3.09315
1.71053,0.0349912,2.555,3.07492
1.71882,0.0349912,2.555,3.07955
1.71427,0.034731,2.536,3.06125
1.7096,0.0344708,2.517,3.04289
-1.99587,0.0487365,2.877,3.50186
-1.96996,0.0483299,2.853,3.46737
-1.9607,0.0483299,2.853,3.46212
-1.93502,0.0479233,2.829,3.42781
-1.92584,0.0479233,2.829,3.42263
-1.91666,0.0479233,2.829,3.41747
-1.87646,0.0471441,2.783,3.35685
-1.85267,0.0467714,2.761,3.32531
-1.8437,0.0467714,2.761,3.32032
-1.83474,0.0467714,2.761,3.31536
-1.81123,0.0463987,2.739,3.28403
-1.78787,0.0460261,2.717,3.25279
-1.77905,0.0460261,2.717,3.24796
-1.75655,0.0456703,2.696,3.21807
-1.73418,0.0453146,2.675,3.18827
-1.7255,0.0453146,2.675,3.18356
-1.70334,0.0449588,2.654,3.1539
-1.69472,0.0449588,2.654,3.14926
-1.68611,0.0449588,2.654,3.14463
-1.6775,0.0449588,2.654,3.14002
-1.66888,0.0449588,2.654,3.13543
-1.66027,0.0449588,2.654,3.13085
-1.65165,0.0449588,2.654,3.12629
-1.64304,0.0449588,2.654,3.12175
-1.64736,0.0453146,2.675,3.14189
-1.63868,0.0453146,2.675,3.13735
-1.62999,0.0453146,2.675,3.13282
-1.63404,0.0456703,2.696,3.15287
-1.65121,0.0463987,2.739,3.19856
-1.64232,0.0463987,2.739,3.19398
-1.63343,0.0463987,2.739,3.18942
-1.62454,0.0463987,2.739,3.18487
-1.61565,0.0463987,2.739,3.18035
-1.59385,0.0460261,2.717,3.15033
-1.58504,0.0460261,2.717,3.14588
-1.57622,0.0460261,2.717,3.14144
-1.55528,0.0456703,2.696,3.11278
-1.53449,0.0453146,2.675,3.08421
-1.5258,0.0453146,2.675,3.0799
-1.50521,0.0449588,2.654,3.05146
-1.4966,0.0449588,2.654,3.04722
-1.48798,0.0449588,2.654,3.043
-1.46766,0.0446031,2.633,3.01475
-1.44803,0.0442643,2.613,2.98773
-1.43955,0.0442643,2.613,2.98363
-1.43107,0.0442643,2.613,2.97955
-1.42259,0.0442643,2.613,2.97548
-1.41411,0.0442643,2.613,2.97144
-1.40563,0.0442643,2.613,2.96741
-1.39715,0.0442643,2.613,2.9634
-1.38867,0.0442643,2.613,2.95941
-1.38019,0.0442643,2.613,2.95544
-1.3717,0.0442643,2.613,2.95149
-1.37366,0.0446031,2.633,2.97012
-1.36511,0.0446031,2.633,2.96618
-1.35656,0.0446031,2.633,2.96225
-1.34802,0.0446031,2.633,2.95835
-1.3293,0.0442643,2.613,2.93202
-1.32082,0.0442643,2.613,2.92819
-1.30229,0.0439255,2.593,2.90199
-1.28439,0.0436036,2.574,2.87699
-1.27604,0.0436036,2.574,2.87327
-1.25833,0.0432818,2.555,2.84838
-1.24074,0.0429599,2.536,2.82357
-1.23251,0.0429599,2.536,2.81997
-1.20641,0.0423331,2.499,2.77529
-1.18967,0.0420282,2.481,2.75181
-1.17305,0.0417233,2.463,2.7284
-1.16505,0.0417233,2.463,2.72497
-1.1486,0.0414184,2.445,2.70167
-1.13274,0.0411304,2.428,2.67955
-1.12485,0.0411304,2.428,2.67622
-1.10915,0.0408424,2.411,2.65421
-1.10133,0.0408424,2.411,2.65095
-1.0935,0.0408424,2.411,2.6477
-1.07802,0.0405544,2.394,2.62584
-1.07025,0.0405544,2.394,2.62265
-1.06248,0.0405544,2.394,2.61949
-1.05471,0.0405544,2.394,2.61635
-1.04694,0.0405544,2.394,2.61323
-1.03179,0.0402665,2.377,2.59159
-1.02408,0.0402665,2.377,2.58853
-1.01636,0.0402665,2.377,2.58549
-1.00865,0.0402665,2.377,2.58246
-1.00093,0.0402665,2.377,2.57946
-0.993215,0.0402665,2.377,2.57648
-0.9855,0.0402665,2.377,2.57351
-0.977785,0.0402665,2.377,2.57057
-0.970069,0.0402665,2.377,2.56764
-0.962354,0.0402665,2.377,2.56474
-0.954639,0.0402665,2.377,2.56185
-0.946924,0.0402665,2.377,2.55899
-0.932887,0.0399954,2.361,2.53894
-0.925224,0.0399954,2.361,2.53613
-0.91756,0.0399954,2.361,2.53335
-0.909897,0.0399954,2.361,2.53058
-0.908348,0.0402665,2.377,2.54497
-0.900633,0.0402665,2.377,2.54222
-0.892918,0.0402665,2.377,2.5395
-0.885203,0.0402665,2.377,2.5368
-0.877488,0.0402665,2.377,2.53411
-0.869772,0.0402665,2.377,2.53145
-0.862057,0.0402665,2.377,2.52881
-0.854342,0.0402665,2.377,2.52619
-0.846627,0.0402665,2.377,2.52359
-0.838912,0.0402665,2.377,2.52102
-0.837141,0.0405544,2.394,2.53647
-0.829371,0.0405544,2.394,2.53392
-0.821601,0.0405544,2.394,2.53138
-0.81383,0.0405544,2.394,2.52887
-0.80606,0.0405544,2.394,2.52638
-0.79829,0.0405544,2.394,2.52392
-0.796133,0.0408424,2.411,2.53937
-0.788307,0.0408424,2.411,2.53693
-0.780482,0.0408424,2.411,2.53451
-0.772656,0.0408424,2.411,2.53211
-0.764831,0.0408424,2.411,2.52973
-0.757005,0.0408424,2.411,2.52738
-0.74918,0.0408424,2.411,2.52505
-0.746581,0.0411304,2.428,2.54052
-0.738701,0.0411304,2.428,2.53822
-0.73082,0.0411304,2.428,2.53594
-0.722939,0.0411304,2.428,2.53368
-0.715059,0.0411304,2.428,2.53144
-0.712129,0.0414184,2.445,2.54693
-0.704194,0.0414184,2.445,2.54473
-0.696258,0.0414184,2.445,2.54254
-0.688322,0.0414184,2.445,2.54038
-0.680386,0.0414184,2.445,2.53824
-0.677401,0.0417233,2.463,2.5548
-0.669406,0.0417233,2.463,2.55269
-0.661412,0.0417233,2.463,2.5506
-0.653418,0.0417233,2.463,2.54854
-0.645424,0.0417233,2.463,2.5465
-0.637429,0.0417233,2.463,2.54449
-0.624835,0.0414184,2.445,2.52392
-0.616899,0.0414184,2.445,2.52196
-0.608963,0.0414184,2.445,2.52004
-0.601027,0.0414184,2.445,2.51813
-0.593092,0.0414184,2.445,2.51625
-0.585156,0.0414184,2.445,2.51439
-0.57722,0.0414184,2.445,2.51255
-0.569284,0.0414184,2.445,2.51074
-0.561348,0.0414184,2.445,2.50895
-0.553412,0.0414184,2.445,2.50719
-0.545476,0.0414184,2.445,2.50545
-0.53754,0.0414184,2.445,2.50374
-0.529605,0.0414184,2.445,2.50204
-0.521669,0.0414184,2.445,2.50038
-0.513733,0.0414184,2.445,2.49873
-0.509521,0.0417233,2.463,2.5155
-0.501526,0.0417233,2.463,2.51389
-0.493532,0.0417233,2.463,2.51231
-0.485538,0.0417233,2.463,2.51075
-0.477544,0.0417233,2.463,2.50921
-0.469549,0.0417233,2.463,2.50771
-0.464928,0.0420282,2.481,2.52454
-0.456875,0.0420282,2.481,2.52307
-0.448823,0.0420282,2.481,2.52162
-0.443968,0.0423331,2.499,2.53848
-0.435857,0.0423331,2.499,2.53708
-0.427746,0.0423331,2.499,2.5357
-0.422657,0.0426381,2.517,2.5526
-0.414487,0.0426381,2.517,2.55126
-0.406318,0.0426381,2.517,2.54994
-0.401154,0.0429599,2.536,2.56789
-0.392923,0.0429599,2.536,2.56662
-0.384691,0.0429599,2.536,2.56537
-0.37646,0.0429599,2.536,2.56415
-0.368229,0.0429599,2.536,2.56295
-0.362695,0.0432818,2.555,2.58098
-0.354402,0.0432818,2.555,2.57983
-0.346109,0.0432818,2.555,2.5787
-0.337816,0.0432818,2.555,2.5776
-0.329523,0.0432818,2.555,2.57653
-0.318842,0.0429599,2.536,2.55633
-0.31061,0.0429599,2.536,2.55531
-0.302379,0.0429599,2.536,2.55432
-0.294148,0.0429599,2.536,2.55336
-0.283775,0.0426381,2.517,2.53331
-0.275605,0.0426381,2.517,2.5324
-0.267435,0.0426381,2.517,2.53153
-0.257412,0.0423331,2.499,2.51258
-0.249301,0.0423331,2.499,2.51176
-0.24119,0.0423331,2.499,2.51097
-0.233078,0.0423331,2.499,2.5102
-0.224967,0.0423331,2.499,2.50946
-0.215294,0.0420282,2.481,2.49068
-0.207241,0.0420282,2.481,2.49
-0.199189,0.0420282,2.481,2.48934
-0.191136,0.0420282,2.481,2.48871
-0.181755,0.0417233,2.463,2.47005
-0.173761,0.0417233,2.463,2.46947
-0.165766,0.0417233,2.463,2.46892
-0.157772,0.0417233,2.463,2.4684
-0.149778,0.0417233,2.463,2.4679
-0.14282,0.0420282,2.481,2.48546
-0.134767,0.0420282,2.481,2.48501
-0.126714,0.0420282,2.481,2.48459
-0.118662,0.0420282,2.481,2.48419
-0.110609,0.0420282,2.481,2.48382
-0.1033,0.0423331,2.499,2.50149
-0.0951891,0.0423331,2.499,2.50117
-0.0877052,0.0426381,2.517,2.51889
-0.0795356,0.0426381,2.517,2.51862
-0.0713661,0.0426381,2.517,2.51837
-0.0636736,0.0429599,2.536,2.53716
-0.0554423,0.0429599,2.536,2.53697
-0.0472111,0.0429599,2.536,2.5368
-0.0389799,0.0429599,2.536,2.53666
-0.0307487,0.0429599,2.536,2.53655
-0.0225174,0.0429599,2.536,2.53646
-0.0142862,0.0429599,2.536,2.5364
-0.00605498,0.0429599,2.536,2.53637
0.00217625,0.0429599,2.536,2.53636
0.0104075,0.0429599,2.536,2.53639
0.0186387,0.0429599,2.536,2.53643
0.0268699,0.0429599,2.536,2.53651
0.0348382,0.0426381,2.517,2.5176
0.0430077,0.0426381,2.517,2.51773
0.0508113,0.0423331,2.499,2.49988
0.0589224,0.0423331,2.499,2.50005
0.0670336,0.0423331,2.499,2.50026
0.0751447,0.0423331,2.499,2.50049
0.0832558,0.0423331,2.499,2.50074
0.091367,0.0423331,2.499,2.50103
0.0994781,0.0423331,2.499,2.50134
0.107589,0.0423331,2.499,2.50167
0.1157,0.0423331,2.499,2.50204
0.123811,0.0423331,2.499,2.50242
0.131923,0.0423331,2.499,2.50284
0.140034,0.0423331,2.499,2.50328
0.149212,0.0426381,2.517,2.52178
0.157382,0.0426381,2.517,2.52228
0.165551,0.0426381,2.517,2.5228
0.173721,0.0426381,2.517,2.52335
0.18189,0.0426381,2.517,2.52392
0.19006,0.0426381,2.517,2.52453
0.198229,0.0426381,2.517,2.52515
0.206399,0.0426381,2.517,2.52581
0.214568,0.0426381,2.517,2.52649
0.222738,0.0426381,2.517,2.5272
0.230908,0.0426381,2.517,2.52793
0.239077,0.0426381,2.517,2.52869
0.247247,0.0426381,2.517,2.52947
0.255416,0.0426381,2.517,2.53029
0.261701,0.0423331,2.499,2.51302
0.267868,0.0420282,2.481,2.49577
0.275921,0.0420282,2.481,2.49665
0.283974,0.0420282,2.481,2.49755
0.292027,0.0420282,2.481,2.49848
0.297902,0.0417233,2.463,2.4813
0.305896,0.0417233,2.463,2.48227
0.311597,0.0414184,2.445,2.46512
0.319533,0.0414184,2.445,2.46614
0.327469,0.0414184,2.445,2.46718
0.335404,0.0414184,2.445,2.46825
0.34334,0.0414184,2.445,2.46934
0.351276,0.0414184,2.445,2.47045
0.356714,0.0411304,2.428,2.45441
0.364595,0.0411304,2.428,2.45557
0.372476,0.0411304,2.428,2.45675
0.380356,0.0411304,2.428,2.45796
0.388237,0.0411304,2.428,2.45919
0.396118,0.0411304,2.428,2.46044
0.403999,0.0411304,2.428,2.46173
0.411879,0.0411304,2.428,2.46303
0.41976,0.0411304,2.428,2.46436
0.430635,0.0414184,2.445,2.48298
0.438571,0.0414184,2.445,2.48437
0.446507,0.0414184,2.445,2.48578
0.454442,0.0414184,2.445,2.48722
0.462378,0.0414184,2.445,2.48868
0.470314,0.0414184,2.445,2.49017
0.47825,0.0414184,2.445,2.49168
0.486186,0.0414184,2.445,2.49321
0.494122,0.0414184,2.445,2.49477
0.505754,0.0417233,2.463,2.51474
0.513748,0.0417233,2.463,2.51636
0.521742,0.0417233,2.463,2.518
0.533608,0.0420282,2.481,2.53808
0.541661,0.0420282,2.481,2.53979
0.549713,0.0420282,2.481,2.54152
0.557766,0.0420282,2.481,2.54327
0.565819,0.0420282,2.481,2.54505
0.573871,0.0420282,2.481,2.54685
0.586146,0.0423331,2.499,2.56717
0.594257,0.0423331,2.499,2.56903
0.606707,0.0426381,2.517,2.58944
0.614877,0.0426381,2.517,2.59137
0.623046,0.0426381,2.517,2.59332
0.631216,0.0426381,2.517,2.59529
0.639385,0.0426381,2.517,2.59729
0.647555,0.0426381,2.517,2.59931
0.655725,0.0426381,2.517,2.60136
0.663894,0.0426381,2.517,2.60343
0.672064,0.0426381,2.517,2.60553
0.680233,0.0426381,2.517,2.60765
0.688403,0.0426381,2.517,2.60979
0.696572,0.0426381,2.517,2.61196
0.704742,0.0426381,2.517,2.61415
0.712911,0.0426381,2.517,2.61636
0.721081,0.0426381,2.517,2.6186
0.724035,0.0423331,2.499,2.60212
0.732147,0.0423331,2.499,2.60439
0.740258,0.0423331,2.499,2.60668
0.748369,0.0423331,2.499,2.60899
0.75648,0.0423331,2.499,2.61133
0.764591,0.0423331,2.499,2.61369
0.772702,0.0423331,2.499,2.61608
0.780813,0.0423331,2.499,2.61848
0.788924,0.0423331,2.499,2.62091
0.791295,0.0420282,2.481,2.60447
0.799347,0.0420282,2.481,2.60693
0.8074,0.0420282,2.481,2.60941
0.815453,0.0420282,2.481,2.61191
0.823505,0.0420282,2.481,2.61444
0.831558,0.0420282,2.481,2.61699
0.839611,0.0420282,2.481,2.61956
0.841514,0.0417233,2.463,2.60312
0.849508,0.0417233,2.463,2.60572
0.857502,0.0417233,2.463,2.60834
0.865497,0.0417233,2.463,2.61098
0.873491,0.0417233,2.463,2.61364
0.881485,0.0417233,2.463,2.61632
0.889479,0.0417233,2.463,2.61902
0.897474,0.0417233,2.463,2.62175
0.905468,0.0417233,2.463,2.6245
0.913462,0.0417233,2.463,2.62727
0.921457,0.0417233,2.463,2.63006
0.929451,0.0417233,2.463,2.63287
0.937445,0.0417233,2.463,2.6357
0.945439,0.0417233,2.463,2.63855
0.953434,0.0417233,2.463,2.64143
0.954402,0.0414184,2.445,2.625
0.962338,0.0414184,2.445,2.6279
0.970273,0.0414184,2.445,2.63081
0.978209,0.0414184,2.445,2.63375
0.986145,0.0414184,2.445,2.63671
0.994081,0.0414184,2.445,2.63969
1.00202,0.0414184,2.445,2.64268
1.00995,0.0414184,2.445,2.6457
1.01789,0.0414184,2.445,2.64874
1.02582,0.0414184,2.445,2.6518
1.03376,0.0414184,2.445,2.65488
1.04937,0.0417233,2.463,2.67755
1.05736,0.0417233,2.463,2.68069
1.06535,0.0417233,2.463,2.68386
1.08119,0.0420282,2.481,2.70668
1.09715,0.0423331,2.499,2.72957
1.11322,0.0426381,2.517,2.75252
1.12139,0.0426381,2.517,2.75583
1.13809,0.0429599,2.536,2.78
1.1549,0.0432818,2.555,2.80423
1.1632,0.0432818,2.555,2.80766
1.18891,0.0439255,2.593,2.85291
1.2158,0.0446031,2.633,2.90049
1.22435,0.0446031,2.633,2.90408
1.24273,0.0449588,2.654,2.93089
1.26124,0.0453146,2.675,2.95777
1.27989,0.0456703,2.696,2.98473
1.28864,0.0456703,2.696,2.9885
1.3075,0.0460261,2.717,3.01559
1.32698,0.0463987,2.739,3.04387
1.33587,0.0463987,2.739,3.04776
1.34476,0.0463987,2.739,3.05166
1.35365,0.0463987,2.739,3.05559
1.36254,0.0463987,2.739,3.05954
1.37143,0.0463987,2.739,3.06351
1.3914,0.0467714,2.761,3.09214
1.40037,0.0467714,2.761,3.09618
1.42056,0.0471441,2.783,3.12495
1.45322,0.0479233,2.829,3.18078
1.47481,0.0483299,2.853,3.21201
1.48407,0.0483299,2.853,3.21627
1.50589,0.0487365,2.877,3.24765
1.52787,0.049143,2.901,3.27912
1.53729,0.049143,2.901,3.28351
1.57336,0.04999,2.951,3.3446
1.59688,0.0504305,2.977,3.37863
1.60655,0.0504305,2.977,3.3832
1.63032,0.0508709,3.003,3.41739
1.65482,0.0513283,3.03,3.45282
1.66465,0.0513283,3.03,3.45754
1.67449,0.0513283,3.03,3.46229
1.69933,0.0517857,3.057,3.49795
1.70925,0.0517857,3.057,3.50278
1.71917,0.0517857,3.057,3.50763
1.7291,0.0517857,3.057,3.51251
1.73902,0.0517857,3.057,3.5174
1.73349,0.0513283,3.03,3.49121
1.74333,0.0513283,3.03,3.4961
1.75316,0.0513283,3.03,3.50102
1.763,0.0513283,3.03,3.50595
1.77283,0.0513283,3.03,3.51091
1.78267,0.0513283,3.03,3.51588
1.7925,0.0513283,3.03,3.52088
1.78628,0.0508709,3.003,3.49448
1.79602,0.0508709,3.003,3.49947
1.80577,0.0508709,3.003,3.50448
1.7998,0.0504305,2.977,3.47913
1.80946,0.0504305,2.977,3.48414
1.81912,0.0504305,2.977,3.48917
1.81281,0.04999,2.951,3.4637
1.80695,0.0495665,2.926,3.43933
1.81645,0.0495665,2.926,3.44433
1.81035,0.049143,2.901,3.41988
1.78965,0.0483299,2.853,3.36821
1.79891,0.0483299,2.853,3.37313
1.77839,0.0475337,2.806,3.32243
1.75883,0.0467714,2.761,3.27396
1.73962,0.0460261,2.717,3.22653
1.74844,0.0460261,2.717,3.23129
1.73009,0.0453146,2.675,3.18605
1.71147,0.0446031,2.633,3.14067
1.72002,0.0446031,2.633,3.14534
1.71543,0.0442643,2.613,3.12609
1.69819,0.0436036,2.574,3.08403
1.70654,0.0436036,2.574,3.08863
1.70224,0.0432818,2.555,3.07042
1.69781,0.0429599,2.536,3.05216
1.70604,0.0429599,2.536,3.05675
1.70143,0.0426381,2.517,3.03841
1.69737,0.0423331,2.499,3.02124
-1.97922,0.0575874,2.853,3.47278
-1.95339,0.057103,2.829,3.43835
-1.94421,0.057103,2.829,3.43314
-1.93502,0.057103,2.829,3.42795
-1.91018,0.0566387,2.806,3.39494
-1.90108,0.0566387,2.806,3.38983
-1.87646,0.0561745,2.783,3.35699
-1.85267,0.0557304,2.761,3.32545
-1.82901,0.0552864,2.739,3.294
-1.82012,0.0552864,2.739,3.28908
-1.81123,0.0552864,2.739,3.28417
-1.77405,0.0544184,2.696,3.22779
-1.7653,0.0544184,2.696,3.22299
-1.74286,0.0539945,2.675,3.19314
-1.72057,0.0535706,2.654,3.16337
-1.71195,0.0535706,2.654,3.1587
-1.70334,0.0535706,2.654,3.15404
-1.69472,0.0535706,2.654,3.14939
-1.68611,0.0535706,2.654,3.14477
-1.6775,0.0535706,2.654,3.14016
-1.66888,0.0535706,2.654,3.13556
-1.64713,0.0531468,2.633,3.10621
-1.63858,0.0531468,2.633,3.10169
-1.63004,0.0531468,2.633,3.09718
-1.64736,0.0539945,2.675,3.14203
-1.63868,0.0539945,2.675,3.13748
-1.62999,0.0539945,2.675,3.13296
-1.63404,0.0544184,2.696,3.15301
-1.63795,0.0548423,2.717,3.17301
-1.62913,0.0548423,2.717,3.16846
-1.63343,0.0552864,2.739,3.18956
-1.62454,0.0552864,2.739,3.18501
-1.61565,0.0552864,2.739,3.18049
-1.59385,0.0548423,2.717,3.15047
-1.58504,0.0548423,2.717,3.14602
-1.57622,0.0548423,2.717,3.14159
-1.55528,0.0544184,2.696,3.11292
-1.53449,0.0539945,2.675,3.08435
-1.5258,0.0539945,2.675,3.08004
-1.50521,0.0535706,2.654,3.0516
-1.48476,0.0531468,2.633,3.02325
-1.47621,0.0531468,2.633,3.01906
-1.45652,0.0527431,2.613,2.99199
-1.43695,0.0523394,2.593,2.965
-1.42853,0.0523394,2.593,2.96093
-1.42012,0.0523394,2.593,2.95688
-1.4117,0.0523394,2.593,2.95284
-1.393,0.0519558,2.574,2.92722
-1.38465,0.0519558,2.574,2.92326
-1.37629,0.0519558,2.574,2.91931
-1.37804,0.0523394,2.593,2.9369
-1.36962,0.0523394,2.593,2.93296
-1.3612,0.0523394,2.593,2.92904
-1.36322,0.0527431,2.613,2.9477
-1.36511,0.0531468,2.633,2.96632
-1.35656,0.0531468,2.633,2.96239
-1.34802,0.0531468,2.633,2.95849
-1.3293,0.0527431,2.613,2.93216
-1.32082,0.0527431,2.613,2.92833
-1.30229,0.0523394,2.593,2.90213
-1.28439,0.0519558,2.574,2.87712
-1.27604,0.0519558,2.574,2.8734
-1.25833,0.0515723,2.555,2.84852
-1.24074,0.0511888,2.536,2.82371
-1.23251,0.0511888,2.536,2.8201
-1.20641,0.050442,2.499,2.77542
-1.18967,0.0500787,2.481,2.75194
-1.17305,0.0497153,2.463,2.72853
-1.16505,0.0497153,2.463,2.7251
-1.1486,0.049352,2.445,2.7018
-1.13274,0.0490089,2.428,2.67968
-1.12485,0.0490089,2.428,2.67636
-1.10915,0.0486657,2.411,2.65434
-1.10133,0.0486657,2.411,2.65108
-1.0935,0.0486657,2.411,2.64784
-1.07802,0.0483226,2.394,2.62597
-1.07025,0.0483226,2.394,2.62279
-1.06248,0.0483226,2.394,2.61963
-1.05471,0.0483226,2.394,2.61648
-1.04694,0.0483226,2.394,2.61336
-1.03179,0.0479794,2.377,2.59172
-1.02408,0.0479794,2.377,2.58866
-1.01636,0.0479794,2.377,2.58562
-1.00865,0.0479794,2.377,2.58259
-1.00093,0.0479794,2.377,2.57959
-0.993215,0.0479794,2.377,2.57661
-0.9855,0.0479794,2.377,2.57364
-0.977785,0.0479794,2.377,2.5707
-0.970069,0.0479794,2.377,2.56777
-0.962354,0.0479794,2.377,2.56487
-0.954639,0.0479794,2.377,2.56199
-0.946924,0.0479794,2.377,2.55912
-0.932887,0.0476565,2.361,2.53907
-0.925224,0.0476565,2.361,2.53626
-0.923778,0.0479794,2.377,2.55065
-0.916063,0.0479794,2.377,2.54786
-0.908348,0.0479794,2.377,2.5451
-0.900633,0.0479794,2.377,2.54236
-0.892918,0.0479794,2.377,2.53963
-0.885203,0.0479794,2.377,2.53693
-0.877488,0.0479794,2.377,2.53425
-0.869772,0.0479794,2.377,2.53159
-0.862057,0.0479794,2.377,2.52895
-0.854342,0.0479794,2.377,2.52633
-0.846627,0.0479794,2.377,2.52373
-0.838912,0.0479794,2.377,2.52115
-0.837141,0.0483226,2.394,2.53661
-0.829371,0.0483226,2.394,2.53405
-0.821601,0.0483226,2.394,2.53152
-0.81383,0.0483226,2.394,2.52901
-0.80606,0.0483226,2.394,2.52652
-0.79829,0.0483226,2.394,2.52405
-0.796133,0.0486657,2.411,2.53951
-0.788307,0.0486657,2.411,2.53707
-0.780482,0.0486657,2.411,2.53465
-0.772656,0.0486657,2.411,2.53225
-0.764831,0.0486657,2.411,2.52987
-0.757005,0.0486657,2.411,2.52752
-0.74918,0.0486657,2.411,2.52519
-0.746581,0.0490089,2.428,2.54066
-0.738701,0.0490089,2.428,2.53836
-0.73082,0.0490089,2.428,2.53608
-0.722939,0.0490089,2.428,2.53382
-0.715059,0.0490089,2.428,2.53158
-0.712129,0.049352,2.445,2.54707
-0.704194,0.049352,2.445,2.54487
-0.696258,0.049352,2.445,2.54268
-0.688322,0.049352,2.445,2.54052
-0.680386,0.049352,2.445,2.53838
-0.67245,0.049352,2.445,2.53627
-0.669406,0.0497153,2.463,2.55283
-0.661412,0.0497153,2.463,2.55075
-0.653418,0.0497153,2.463,2.54869
-0.645424,0.0497153,2.463,2.54665
-0.637429,0.0497153,2.463,2.54463
-0.624835,0.049352,2.445,2.52406
-0.616899,0.049352,2.445,2.52211
-0.608963,0.049352,2.445,2.52018
-0.601027,0.049352,2.445,2.51827
-0.593092,0.049352,2.445,2.51639
-0.585156,0.049352,2.445,2.51453
-0.57722,0.049352,2.445,2.5127
-0.569284,0.049352,2.445,2.51089
-0.561348,0.049352,2.445,2.5091
-0.553412,0.049352,2.445,2.50733
-0.545476,0.049352,2.445,2.50559
-0.53754,0.049352,2.445,2.50388
-0.529605,0.049352,2.445,2.50219
-0.521669,0.049352,2.445,2.50052
-0.513733,0.049352,2.445,2.49888
-0.509521,0.0497153,2.463,2.51564
-0.501526,0.0497153,2.463,2.51403
-0.493532,0.0497153,2.463,2.51245
-0.485538,0.0497153,2.463,2.51089
-0.477544,0.0497153,2.463,2.50936
-0.469549,0.0497153,2.463,2.50785
-0.464928,0.0500787,2.481,2.52468
-0.456875,0.0500787,2.481,2.52321
-0.448823,0.0500787,2.481,2.52177
-0.443968,0.050442,2.499,2.53863
-0.435857,0.050442,2.499,2.53723
-0.427746,0.050442,2.499,2.53585
-0.422657,0.0508053,2.517,2.55275
-0.414487,0.0508053,2.517,2.55141
-0.406318,0.0508053,2.517,2.55009
-0.401154,0.0511888,2.536,2.56804
-0.392923,0.0511888,2.536,2.56677
-0.384691,0.0511888,2.536,2.56552
-0.37646,0.0511888,2.536,2.5643
-0.368229,0.0511888,2.536,2.56311
-0.362695,0.0515723,2.555,2.58113
-0.354402,0.0515723,2.555,2.57998
-0.346109,0.0515723,2.555,2.57885
-0.337816,0.0515723,2.555,2.57775
-0.329523,0.0515723,2.555,2.57668
-0.318842,0.0511888,2.536,2.55648
-0.31061,0.0511888,2.536,2.55546
-0.302379,0.0511888,2.536,2.55448
-0.294148,0.0511888,2.536,2.55351
-0.283775,0.0508053,2.517,2.53346
-0.275605,0.0508053,2.517,2.53255
-0.267435,0.0508053,2.517,2.53168
-0.257412,0.050442,2.499,2.51273
-0.249301,0.050442,2.499,2.51191
-0.24119,0.050442,2.499,2.51112
-0.233078,0.050442,2.499,2.51035
-0.224967,0.050442,2.499,2.50961
-0.215294,0.0500787,2.481,2.49083
-0.207241,0.0500787,2.481,2.49014
-0.199189,0.0500787,2.481,2.48949
-0.189749,0.0497153,2.463,2.4708
-0.181755,0.0497153,2.463,2.4702
-0.173761,0.0497153,2.463,2.46962
-0.165766,0.0497153,2.463,2.46907
-0.157772,0.0497153,2.463,2.46855
-0.149778,0.0497153,2.463,2.46805
-0.14282,0.0500787,2.481,2.48561
-0.134767,0.0500787,2.481,2.48516
-0.126714,0.0500787,2.481,2.48474
-0.118662,0.0500787,2.481,2.48434
-0.110609,0.0500787,2.481,2.48397
-0.1033,0.050442,2.499,2.50164
-0.0951891,0.050442,2.499,2.50132
-0.0877052,0.0508053,2.517,2.51904
-0.0795356,0.0508053,2.517,2.51877
-0.0719048,0.0511888,2.536,2.53754
-0.0636736,0.0511888,2.536,2.53732
-0.0554423,0.0511888,2.536,2.53712
-0.0472111,0.0511888,2.536,2.53696
-0.0389799,0.0511888,2.536,2.53682
-0.0307487,0.0511888,2.536,2.5367
-0.0225174,0.0511888,2.536,2.53662
-0.0142862,0.0511888,2.536,2.53656
-0.00605498,0.0511888,2.536,2.53652
0.00217625,0.0511888,2.536,2.53652
0.0104075,0.0511888,2.536,2.53654
0.0186387,0.0511888,2.536,2.53659
0.0268699,0.0511888,2.536,2.53666
0.0348382,0.0508053,2.517,2.51775
0.0430077,0.0508053,2.517,2.51788
0.0511773,0.0508053,2.517,2.51803
0.0589224,0.050442,2.499,2.5002
0.0670336,0.050442,2.499,2.50041
0.0751447,0.050442,2.499,2.50064
0.0832558,0.050442,2.499,2.5009
0.091367,0.050442,2.499,2.50118
0.0994781,0.050442,2.499,2.50149
0.107589,0.050442,2.499,2.50182
0.1157,0.050442,2.499,2.50219
0.124703,0.0508053,2.517,2.5206
0.132873,0.0508053,2.517,2.52102
0.141042,0.0508053,2.517,2.52146
0.149212,0.0508053,2.517,2.52193
0.157382,0.0508053,2.517,2.52243
0.165551,0.0508053,2.517,2.52295
0.173721,0.0508053,2.517,2.5235
0.18189,0.0508053,2.517,2.52408
0.19006,0.0508053,2.517,2.52468
0.199726,0.0511888,2.536,2.54437
0.207957,0.0511888,2.536,2.54503
0.214568,0.0508053,2.517,2.52664
0.222738,0.0508053,2.517,2.52735
0.230908,0.0508053,2.517,2.52808
0.239077,0.0508053,2.517,2.52884
0.247247,0.0508053,2.517,2.52962
0.255416,0.0508053,2.517,2.53044
0.261701,0.050442,2.499,2.51317
0.267868,0.0500787,2.481,2.49592
0.275921,0.0500787,2.481,2.4968
0.283974,0.0500787,2.481,2.4977
0.292027,0.0500787,2.481,2.49863
0.297902,0.0497153,2.463,2.48145
0.305896,0.0497153,2.463,2.48242
0.311597,0.049352,2.445,2.46527
0.319533,0.049352,2.445,2.46629
0.327469,0.049352,2.445,2.46733
0.335404,0.049352,2.445,2.46839
0.34334,0.049352,2.445,2.46948
0.351276,0.049352,2.445,2.4706
0.356714,0.0490089,2.428,2.45455
0.364595,0.0490089,2.428,2.45571
0.372476,0.0490089,2.428,2.45689
0.380356,0.0490089,2.428,2.4581
0.388237,0.0490089,2.428,2.45933
0.396118,0.0490089,2.428,2.46059
0.403999,0.0490089,2.428,2.46187
0.411879,0.0490089,2.428,2.46318
0.422699,0.049352,2.445,2.48176
0.430635,0.049352,2.445,2.48312
0.438571,0.049352,2.445,2.48451
0.446507,0.049352,2.445,2.48593
0.454442,0.049352,2.445,2.48736
0.462378,0.049352,2.445,2.48883
0.470314,0.049352,2.445,2.49031
0.481771,0.0497153,2.463,2.51017
0.489765,0.0497153,2.463,2.51171
0.497759,0.0497153,2.463,2.51329
0.505754,0.0497153,2.463,2.51488
0.513748,0.0497153,2.463,2.5165
0.521742,0.0497153,2.463,2.51815
0.533608,0.0500787,2.481,2.53823
0.541661,0.0500787,2.481,2.53993
0.549713,0.0500787,2.481,2.54166
0.557766,0.0500787,2.481,2.54342
0.565819,0.0500787,2.481,2.5452
0.573871,0.0500787,2.481,2.547
0.586146,0.050442,2.499,2.56732
0.594257,0.050442,2.499,2.56918
0.606707,0.0508053,2.517,2.58959
0.614877,0.0508053,2.517,2.59151
0.623046,0.0508053,2.517,2.59346
0.631216,0.0508053,2.517,2.59544
0.639385,0.0508053,2.517,2.59744
0.647555,0.0508053,2.517,2.59946
0.655725,0.0508053,2.517,2.60151
0.663894,0.0508053,2.517,2.60358
0.672064,0.0508053,2.517,2.60567
0.680233,0.0508053,2.517,2.60779
0.688403,0.0508053,2.517,2.60994
0.696572,0.0508053,2.517,2.6121
0.699702,0.050442,2.499,2.5956
0.707813,0.050442,2.499,2.5978
0.715924,0.050442,2.499,2.60002
0.724035,0.050442,2.499,2.60226
0.732147,0.050442,2.499,2.60453
0.740258,0.050442,2.499,2.60682
0.748369,0.050442,2.499,2.60914
0.75648,0.050442,2.499,2.61148
0.764591,0.050442,2.499,2.61384
0.772702,0.050442,2.499,2.61622
0.780813,0.050442,2.499,2.61863
0.783242,0.0500787,2.481,2.60218
0.791295,0.0500787,2.481,2.60461
0.799347,0.0500787,2.481,2.60707
0.8074,0.0500787,2.481,2.60955
0.815453,0.0500787,2.481,2.61206
0.823505,0.0500787,2.481,2.61458
0.831558,0.0500787,2.481,2.61713
0.833519,0.0497153,2.463,2.60069
0.841514,0.0497153,2.463,2.60326
0.849508,0.0497153,2.463,2.60586
0.857502,0.0497153,2.463,2.60848
0.865497,0.0497153,2.463,2.61112
0.873491,0.0497153,2.463,2.61378
0.881485,0.0497153,2.463,2.61646
0.889479,0.0497153,2.463,2.61916
0.897474,0.0497153,2.463,2.62189
0.905468,0.0497153,2.463,2.62464
0.913462,0.0497153,2.463,2.6274
0.921457,0.0497153,2.463,2.63019
0.929451,0.0497153,2.463,2.63301
0.937445,0.0497153,2.463,2.63584
0.945439,0.0497153,2.463,2.63869
0.953434,0.0497153,2.463,2.64157
0.954402,0.049352,2.445,2.62514
0.962338,0.049352,2.445,2.62803
0.970273,0.049352,2.445,2.63095
0.978209,0.049352,2.445,2.63389
0.986145,0.049352,2.445,2.63684
0.994081,0.049352,2.445,2.63982
1.00202,0.049352,2.445,2.64282
1.00995,0.049352,2.445,2.64584
1.01789,0.049352,2.445,2.64888
1.02582,0.049352,2.445,2.65194
1.03376,0.049352,2.445,2.65502
1.04937,0.0497153,2.463,2.67769
1.05736,0.0497153,2.463,2.68083
1.06535,0.0497153,2.463,2.68399
1.08119,0.0500787,2.481,2.70681
1.09715,0.050442,2.499,2.7297
1.11322,0.0508053,2.517,2.75266
1.12139,0.0508053,2.517,2.75597
1.13809,0.0511888,2.536,2.78014
1.1549,0.0515723,2.555,2.80437
1.1632,0.0515723,2.555,2.8078
1.19808,0.0527431,2.613,2.87506
1.2158,0.0531468,2.633,2.90064
1.22435,0.0531468,2.633,2.90423
1.24273,0.0535706,2.654,2.93103
1.26124,0.0539945,2.675,2.95792
1.27989,0.0544184,2.696,2.98488
1.28864,0.0544184,2.696,2.98864
1.3075,0.0548423,2.717,3.01573
1.31632,0.0548423,2.717,3.01957
1.32514,0.0548423,2.717,3.02342
1.33396,0.0548423,2.717,3.0273
1.34278,0.0548423,2.717,3.03119
1.35159,0.0548423,2.717,3.03511
1.36041,0.0548423,2.717,3.03905
1.38032,0.0552864,2.739,3.06765
1.38921,0.0552864,2.739,3.07166
1.40933,0.0557304,2.761,3.10039
1.42959,0.0561745,2.783,3.12921
1.4624,0.057103,2.829,3.18514
1.47158,0.057103,2.829,3.18937
1.50589,0.0580719,2.877,3.2478
1.52787,0.0585563,2.901,3.27927
1.53729,0.0585563,2.901,3.28367
1.57336,0.0595655,2.951,3.34476
1.59688,0.0600903,2.977,3.37878
1.60655,0.0600903,2.977,3.38336
1.63032,0.0606152,3.003,3.41755
1.65482,0.0611602,3.03,3.45298
1.66465,0.0611602,3.03,3.4577
1.67449,0.0611602,3.03,3.46245
1.69933,0.0617051,3.057,3.49811
1.72435,0.0622501,3.084,3.53388
1.73436,0.0622501,3.084,3.53878
1.7291,0.0617051,3.057,3.51267
1.73902,0.0617051,3.057,3.51756
1.74894,0.0617051,3.057,3.52248
1.74333,0.0611602,3.03,3.49626
1.75316,0.0611602,3.03,3.50117
1.763,0.0611602,3.03,3.50611
1.77283,0.0611602,3.03,3.51107
1.78267,0.0611602,3.03,3.51604
1.7925,0.0611602,3.03,3.52104
1.78628,0.0606152,3.003,3.49463
1.78047,0.0600903,2.977,3.46933
1.79014,0.0600903,2.977,3.4743
1.7998,0.0600903,2.977,3.47928
1.79366,0.0595655,2.951,3.45386
1.80324,0.0595655,2.951,3.45885
1.79746,0.0590609,2.926,3.4345
1.79152,0.0585563,2.901,3.4101
1.80093,0.0585563,2.901,3.41505
1.79537,0.0580719,2.877,3.39173
1.7746,0.057103,2.829,3.34002
1.78378,0.057103,2.829,3.3449
1.76381,0.0561745,2.783,3.29534
1.74481,0.0552864,2.739,3.24801
1.72617,0.0544184,2.696,3.20173
1.73492,0.0544184,2.696,3.20645
1.70293,0.0531468,2.633,3.13616
1.69847,0.0527431,2.613,3.11695
1.70695,0.0527431,2.613,3.12158
1.68983,0.0519558,2.574,3.07956
1.68565,0.0515723,2.555,3.06139
1.69394,0.0515723,2.555,3.06596
1.67692,0.0508053,2.517,3.02488
1.68509,0.0508053,2.517,3.02942
1.69326,0.0508053,2.517,3.03397
1.68926,0.050442,2.499,3.01681
1.68515,0.0500787,2.481,2.9996
-1.97922,0.0668449,2.853,3.47295
-1.95339,0.0662826,2.829,3.43851
-1.94421,0.0662826,2.829,3.4333
-1.93502,0.0662826,2.829,3.42811
-1.91018,0.0657437,2.806,3.39511
-1.90108,0.0657437,2.806,3.38999
-1.87646,0.0652049,2.783,3.35715
-1.85267,0.0646894,2.761,3.32561
-1.82901,0.064174,2.739,3.29417
-1.82012,0.064174,2.739,3.28924
-1.81123,0.064174,2.739,3.28433
-1.77405,0.0631665,2.696,3.22795
-1.7653,0.0631665,2.696,3.22315
-1.74286,0.0626745,2.675,3.19329
-1.72057,0.0621824,2.654,3.16353
-1.71195,0.0621824,2.654,3.15886
-1.70334,0.0621824,2.654,3.1542
-1.69472,0.0621824,2.654,3.14955
-1.68611,0.0621824,2.654,3.14492
-1.6775,0.0621824,2.654,3.14031
-1.66888,0.0621824,2.654,3.13572
-1.64713,0.0616904,2.633,3.10637
-1.63858,0.0616904,2.633,3.10185
-1.63004,0.0616904,2.633,3.09734
-1.64736,0.0626745,2.675,3.14219
-1.63868,0.0626745,2.675,3.13764
-1.62999,0.0626745,2.675,3.13312
-1.63404,0.0631665,2.696,3.15317
-1.63795,0.0636585,2.717,3.17317
-1.62913,0.0636585,2.717,3.16863
-1.63343,0.064174,2.739,3.18972
-1.62454,0.064174,2.739,3.18518
-1.61565,0.064174,2.739,3.18066
-1.60676,0.064174,2.739,3.17615
-1.58504,0.0636585,2.717,3.14619
-1.57622,0.0636585,2.717,3.14175
-1.55528,0.0631665,2.696,3.11309
-1.53449,0.0626745,2.675,3.08451
-1.5258,0.0626745,2.675,3.0802
-1.50521,0.0621824,2.654,3.05176
-1.48476,0.0616904,2.633,3.02341
-1.47621,0.0616904,2.633,3.01922
-1.45652,0.0612218,2.613,2.99215
-1.43695,0.0607532,2.593,2.96516
-1.42853,0.0607532,2.593,2.96109
-1.42012,0.0607532,2.593,2.95704
-1.4117,0.0607532,2.593,2.95301
-1.393,0.0603081,2.574,2.92738
-1.38465,0.0603081,2.574,2.92342
-1.37629,0.0603081,2.574,2.91947
-1.37804,0.0607532,2.593,2.93706
-1.36962,0.0607532,2.593,2.93312
-1.3612,0.0607532,2.593,2.9292
-1.36322,0.0612218,2.613,2.94786
-1.35474,0.0612218,2.613,2.94395
-1.34626,0.0612218,2.613,2.94006
-1.33778,0.0612218,2.613,2.93618
-1.31912,0.0607532,2.593,2.90988
-1.31071,0.0607532,2.593,2.90608
-1.29275,0.0603081,2.574,2.88103
-1.27491,0.0598629,2.555,2.85605
-1.26662,0.0598629,2.555,2.85236
-1.24897,0.0594177,2.536,2.8275
-1.22264,0.0585508,2.499,2.78267
-1.21453,0.0585508,2.499,2.77912
-1.19772,0.0581291,2.481,2.75559
-1.18104,0.0577074,2.463,2.73213
-1.16447,0.0572856,2.445,2.70875
-1.15654,0.0572856,2.445,2.70534
-1.14062,0.0568873,2.428,2.68317
-1.13274,0.0568873,2.428,2.67983
-1.12485,0.0568873,2.428,2.67651
-1.10915,0.056489,2.411,2.65449
-1.09356,0.0560907,2.394,2.63254
-1.08579,0.0560907,2.394,2.62932
-1.07802,0.0560907,2.394,2.62612
-1.07025,0.0560907,2.394,2.62294
-1.06248,0.0560907,2.394,2.61978
-1.05471,0.0560907,2.394,2.61664
-1.04694,0.0560907,2.394,2.61352
-1.03179,0.0556924,2.377,2.59188
-1.02408,0.0556924,2.377,2.58881
-1.01636,0.0556924,2.377,2.58577
-1.00865,0.0556924,2.377,2.58275
-1.00093,0.0556924,2.377,2.57975
-0.993215,0.0556924,2.377,2.57676
-0.9855,0.0556924,2.377,2.5738
-0.977785,0.0556924,2.377,2.57085
-0.970069,0.0556924,2.377,2.56793
-0.962354,0.0556924,2.377,2.56503
-0.954639,0.0556924,2.377,2.56214
-0.946924,0.0556924,2.377,2.55928
-0.932887,0.0553175,2.361,2.53922
-0.925224,0.0553175,2.361,2.53642
-0.923778,0.0556924,2.377,2.5508
-0.916063,0.0556924,2.377,2.54802
-0.908348,0.0556924,2.377,2.54526
-0.900633,0.0556924,2.377,2.54251
-0.892918,0.0556924,2.377,2.53979
-0.885203,0.0556924,2.377,2.53709
-0.877488,0.0556924,2.377,2.53441
-0.869772,0.0556924,2.377,2.53175
-0.862057,0.0556924,2.377,2.52911
-0.854342,0.0556924,2.377,2.52649
-0.846627,0.0556924,2.377,2.52389
-0.838912,0.0556924,2.377,2.52131
-0.837141,0.0560907,2.394,2.53677
-0.829371,0.0560907,2.394,2.53421
-0.821601,0.0560907,2.394,2.53168
-0.81383,0.0560907,2.394,2.52917
-0.80606,0.0560907,2.394,2.52668
-0.79829,0.0560907,2.394,2.52421
-0.796133,0.056489,2.411,2.53967
-0.788307,0.056489,2.411,2.53723
-0.780482,0.056489,2.411,2.53481
-0.772656,0.056489,2.411,2.53241
-0.764831,0.056489,2.411,2.53004
-0.757005,0.056489,2.411,2.52768
-0.74918,0.056489,2.411,2.52535
-0.746581,0.0568873,2.428,2.54083
-0.738701,0.0568873,2.428,2.53852
-0.73082,0.0568873,2.428,2.53624
-0.722939,0.0568873,2.428,2.53398
-0.715059,0.0568873,2.428,2.53174
-0.712129,0.0572856,2.445,2.54724
-0.704194,0.0572856,2.445,2.54503
-0.696258,0.0572856,2.445,2.54285
-0.688322,0.0572856,2.445,2.54069
-0.680386,0.0572856,2.445,2.53855
-0.67245,0.0572856,2.445,2.53643
-0.664514,0.0572856,2.445,2.53434
-0.656578,0.0572856,2.445,2.53227
-0.648643,0.0572856,2.445,2.53023
-0.640707,0.0572856,2.445,2.5282
-0.637429,0.0577074,2.463,2.5448
-0.629435,0.0577074,2.463,2.54281
-0.621441,0.0577074,2.463,2.54084
-0.613446,0.0577074,2.463,2.5389
-0.605452,0.0577074,2.463,2.53698
-0.593092,0.0572856,2.445,2.51656
-0.585156,0.0572856,2.445,2.5147
-0.57722,0.0572856,2.445,2.51287
-0.569284,0.0572856,2.445,2.51105
-0.561348,0.0572856,2.445,2.50927
-0.553412,0.0572856,2.445,2.5075
-0.545476,0.0572856,2.445,2.50576
-0.541498,0.0577074,2.463,2.52248
-0.533504,0.0577074,2.463,2.52078
-0.525509,0.0577074,2.463,2.5191
-0.517515,0.0577074,2.463,2.51744
-0.509521,0.0577074,2.463,2.51581
-0.501526,0.0577074,2.463,2.51421
-0.493532,0.0577074,2.463,2.51262
-0.485538,0.0577074,2.463,2.51106
-0.477544,0.0577074,2.463,2.50953
-0.472981,0.0581291,2.481,2.52635
-0.464928,0.0581291,2.481,2.52486
-0.456875,0.0581291,2.481,2.52339
-0.448823,0.0581291,2.481,2.52194
-0.443968,0.0585508,2.499,2.53881
-0.435857,0.0585508,2.499,2.5374
-0.427746,0.0585508,2.499,2.53602
-0.422657,0.0589726,2.517,2.55292
-0.414487,0.0589726,2.517,2.55158
-0.406318,0.0589726,2.517,2.55027
-0.401154,0.0594177,2.536,2.56822
-0.392923,0.0594177,2.536,2.56695
-0.384691,0.0594177,2.536,2.5657
-0.37646,0.0594177,2.536,2.56448
-0.368229,0.0594177,2.536,2.56328
-0.362695,0.0598629,2.555,2.58131
-0.354402,0.0598629,2.555,2.58016
-0.346109,0.0598629,2.555,2.57903
-0.337816,0.0598629,2.555,2.57793
-0.329523,0.0598629,2.555,2.57686
-0.318842,0.0594177,2.536,2.55666
-0.31061,0.0594177,2.536,2.55564
-0.302379,0.0594177,2.536,2.55465
-0.294148,0.0594177,2.536,2.55369
-0.285917,0.0594177,2.536,2.55276
-0.277685,0.0594177,2.536,2.55185
-0.267435,0.0589726,2.517,2.53185
-0.257412,0.0585508,2.499,2.5129
-0.249301,0.0585508,2.499,2.51209
-0.24119,0.0585508,2.499,2.51129
-0.233078,0.0585508,2.499,2.51053
-0.224967,0.0585508,2.499,2.50979
-0.215294,0.0581291,2.481,2.491
-0.207241,0.0581291,2.481,2.49032
-0.199189,0.0581291,2.481,2.48966
-0.189749,0.0577074,2.463,2.47097
-0.181755,0.0577074,2.463,2.47037
-0.173761,0.0577074,2.463,2.4698
-0.165766,0.0577074,2.463,2.46925
-0.157772,0.0577074,2.463,2.46872
-0.149778,0.0577074,2.463,2.46822
-0.14282,0.0581291,2.481,2.48579
-0.134767,0.0581291,2.481,2.48534
-0.126714,0.0581291,2.481,2.48491
-0.118662,0.0581291,2.481,2.48452
-0.110609,0.0581291,2.481,2.48414
-0.1033,0.0585508,2.499,2.50182
-0.0958747,0.0589726,2.517,2.51952
-0.0877052,0.0589726,2.517,2.51922
-0.0795356,0.0589726,2.517,2.51895
-0.0719048,0.0594177,2.536,2.53771
-0.0636736,0.0594177,2.536,2.53749
-0.0554423,0.0594177,2.536,2.5373
-0.0472111,0.0594177,2.536,2.53714
-0.0389799,0.0594177,2.536,2.537
-0.0307487,0.0594177,2.536,2.53688
-0.0225174,0.0594177,2.536,2.5368
-0.0142862,0.0594177,2.536,2.53674
-0.00605498,0.0594177,2.536,2.5367
0.00217625,0.0594177,2.536,2.5367
0.0104075,0.0594177,2.536,2.53672
0.0186387,0.0594177,2.536,2.53676
0.0268699,0.0594177,2.536,2.53684
0.0348382,0.0589726,2.517,2.51793
0.0430077,0.0589726,2.517,2.51806
0.0511773,0.0589726,2.517,2.51821
0.0589224,0.0585508,2.499,2.50038
0.0670336,0.0585508,2.499,2.50058
0.0751447,0.0585508,2.499,2.50082
0.0832558,0.0585508,2.499,2.50107
0.091367,0.0585508,2.499,2.50136
0.0994781,0.0585508,2.499,2.50166
0.107589,0.0585508,2.499,2.502
0.1157,0.0585508,2.499,2.50236
0.124703,0.0589726,2.517,2.52078
0.132873,0.0589726,2.517,2.52119
0.141042,0.0589726,2.517,2.52164
0.149212,0.0589726,2.517,2.52211
0.157382,0.0589726,2.517,2.52261
0.166801,0.0594177,2.536,2.54217
0.175032,0.0594177,2.536,2.54273
0.183263,0.0594177,2.536,2.54331
0.191494,0.0594177,2.536,2.54391
0.199726,0.0594177,2.536,2.54455
0.207957,0.0594177,2.536,2.54521
0.214568,0.0589726,2.517,2.52682
0.222738,0.0589726,2.517,2.52752
0.230908,0.0589726,2.517,2.52826
0.239077,0.0589726,2.517,2.52902
0.247247,0.0589726,2.517,2.5298
0.255416,0.0589726,2.517,2.53061
0.261701,0.0585508,2.499,2.51335
0.267868,0.0581291,2.481,2.4961
0.275921,0.0581291,2.481,2.49697
0.283974,0.0581291,2.481,2.49788
0.292027,0.0581291,2.481,2.4988
0.297902,0.0577074,2.463,2.48162
0.305896,0.0577074,2.463,2.48259
0.311597,0.0572856,2.445,2.46544
0.319533,0.0572856,2.445,2.46646
0.327469,0.0572856,2.445,2.4675
0.333072,0.0568873,2.428,2.4514
0.340953,0.0568873,2.428,2.45248
0.348834,0.0568873,2.428,2.45359
0.356714,0.0568873,2.428,2.45472
0.364595,0.0568873,2.428,2.45588
0.372476,0.0568873,2.428,2.45706
0.380356,0.0568873,2.428,2.45827
0.388237,0.0568873,2.428,2.4595
0.396118,0.0568873,2.428,2.46076
0.403999,0.0568873,2.428,2.46204
0.411879,0.0568873,2.428,2.46334
0.422699,0.0572856,2.445,2.48193
0.430635,0.0572856,2.445,2.48329
0.438571,0.0572856,2.445,2.48468
0.446507,0.0572856,2.445,2.4861
0.454442,0.0572856,2.445,2.48753
0.462378,0.0572856,2.445,2.489
0.470314,0.0572856,2.445,2.49048
0.481771,0.0577074,2.463,2.51034
0.489765,0.0577074,2.463,2.51189
0.497759,0.0577074,2.463,2.51346
0.505754,0.0577074,2.463,2.51505
0.513748,0.0577074,2.463,2.51667
0.521742,0.0577074,2.463,2.51832
0.533608,0.0581291,2.481,2.5384
0.541661,0.0581291,2.481,2.54011
0.549713,0.0581291,2.481,2.54184
0.557766,0.0581291,2.481,2.54359
0.565819,0.0581291,2.481,2.54537
0.573871,0.0581291,2.481,2.54717
0.586146,0.0585508,2.499,2.56749
0.594257,0.0585508,2.499,2.56935
0.602368,0.0585508,2.499,2.57124
0.610479,0.0585508,2.499,2.57315
0.623046,0.0589726,2.517,2.59364
0.631216,0.0589726,2.517,2.59561
0.639385,0.0589726,2.517,2.59761
0.647555,0.0589726,2.517,2.59963
0.655725,0.0589726,2.517,2.60168
0.659146,0.0585508,2.499,2.58513
0.667257,0.0585508,2.499,2.58721
0.675369,0.0585508,2.499,2.58931
0.68348,0.0585508,2.499,2.59144
0.691591,0.0585508,2.499,2.59359
0.699702,0.0585508,2.499,2.59577
0.707813,0.0585508,2.499,2.59797
0.715924,0.0585508,2.499,2.60019
0.71882,0.0581291,2.481,2.58369
0.726873,0.0581291,2.481,2.58594
0.734926,0.0581291,2.481,2.58821
0.742978,0.0581291,2.481,2.59051
0.751031,0.0581291,2.481,2.59283
0.759084,0.0581291,2.481,2.59518
0.767137,0.0581291,2.481,2.59754
0.775189,0.0581291,2.481,2.59993
0.783242,0.0581291,2.481,2.60235
0.791295,0.0581291,2.481,2.60478
0.799347,0.0581291,2.481,2.60724
0.8074,0.0581291,2.481,2.60972
0.815453,0.0581291,2.481,2.61222
0.823505,0.0581291,2.481,2.61475
0.831558,0.0581291,2.481,2.61729
0.833519,0.0577074,2.463,2.60086
0.841514,0.0577074,2.463,2.60343
0.849508,0.0577074,2.463,2.60602
0.857502,0.0577074,2.463,2.60864
0.865497,0.0577074,2.463,2.61128
0.873491,0.0577074,2.463,2.61394
0.881485,0.0577074,2.463,2.61662
0.889479,0.0577074,2.463,2.61933
0.897474,0.0577074,2.463,2.62205
0.905468,0.0577074,2.463,2.6248
0.913462,0.0577074,2.463,2.62757
0.921457,0.0577074,2.463,2.63036
0.929451,0.0577074,2.463,2.63317
0.937445,0.0577074,2.463,2.636
0.945439,0.0577074,2.463,2.63885
0.953434,0.0577074,2.463,2.64173
0.954402,0.0572856,2.445,2.6253
0.962338,0.0572856,2.445,2.62819
0.970273,0.0572856,2.445,2.63111
0.978209,0.0572856,2.445,2.63405
0.986145,0.0572856,2.445,2.637
0.994081,0.0572856,2.445,2.63998
1.00202,0.0572856,2.445,2.64298
1.00995,0.0572856,2.445,2.646
1.02538,0.0577074,2.463,2.66854
1.03338,0.0577074,2.463,2.67162
1.04137,0.0577074,2.463,2.67472
1.05703,0.0581291,2.481,2.69742
1.06509,0.0581291,2.481,2.70058
1.07314,0.0581291,2.481,2.70377
1.08904,0.0585508,2.499,2.72662
1.10505,0.0589726,2.517,2.74953
1.12162,0.0594177,2.536,2.7736
1.12985,0.0594177,2.536,2.77694
1.15514,0.0603081,2.574,2.82196
1.17208,0.0607532,2.593,2.84625
1.1805,0.0607532,2.593,2.84972
1.19808,0.0612218,2.613,2.87523
1.2255,0.0621824,2.654,2.92394
1.23411,0.0621824,2.654,2.92756
1.25256,0.0626745,2.675,2.9544
1.27114,0.0631665,2.696,2.98131
1.27989,0.0631665,2.696,2.98505
1.28864,0.0631665,2.696,2.98881
1.29739,0.0631665,2.696,2.9926
1.30614,0.0631665,2.696,2.9964
1.3149,0.0631665,2.696,3.00023
1.32365,0.0631665,2.696,3.00407
1.3324,0.0631665,2.696,3.00794
1.34115,0.0631665,2.696,3.01182
1.3499,0.0631665,2.696,3.01573
1.36923,0.0636585,2.717,3.04318
1.37805,0.0636585,2.717,3.04716
1.40933,0.0646894,2.761,3.10057
1.42959,0.0652049,2.783,3.12939
1.4624,0.0662826,2.829,3.18532
1.47158,0.0662826,2.829,3.18955
1.50589,0.0674073,2.877,3.24798
1.52787,0.0679696,2.901,3.27945
1.53729,0.0679696,2.901,3.28385
1.57336,0.0691411,2.951,3.34494
1.59688,0.0697502,2.977,3.37897
1.60655,0.0697502,2.977,3.38355
1.64498,0.070992,3.03,3.44846
1.66956,0.0716246,3.057,3.48394
1.67949,0.0716246,3.057,3.4887
1.68941,0.0716246,3.057,3.49349
1.69933,0.0716246,3.057,3.4983
1.72435,0.0722572,3.084,3.53407
1.73436,0.0722572,3.084,3.53897
1.74437,0.0722572,3.084,3.54388
1.75438,0.0722572,3.084,3.54882
1.74894,0.0716246,3.057,3.52267
1.75886,0.0716246,3.057,3.5276
1.76879,0.0716246,3.057,3.53256
1.77871,0.0716246,3.057,3.53754
1.77283,0.070992,3.03,3.51125
1.78267,0.070992,3.03,3.51623
1.7925,0.070992,3.03,3.52122
1.78628,0.0703594,3.003,3.49482
1.78047,0.0697502,2.977,3.46951
1.79014,0.0697502,2.977,3.47448
1.7998,0.0697502,2.977,3.47946
1.79366,0.0691411,2.951,3.45404
1.80324,0.0691411,2.951,3.45902
1.79746,0.0685553,2.926,3.43468
1.79152,0.0679696,2.901,3.41027
1.80093,0.0679696,2.901,3.41523
1.79537,0.0674073,2.877,3.39191
1.7746,0.0662826,2.829,3.34018
1.78378,0.0662826,2.829,3.34507
1.76381,0.0652049,2.783,3.29551
1.74481,0.064174,2.739,3.24817
1.72617,0.0631665,2.696,3.20189
1.73492,0.0631665,2.696,3.20661
1.70293,0.0616904,2.633,3.13631
1.69847,0.0612218,2.613,3.1171
1.70695,0.0612218,2.613,3.12173
1.68983,0.0603081,2.574,3.07971
1.68565,0.0598629,2.555,3.06154
1.69394,0.0598629,2.555,3.06611
1.67692,0.0589726,2.517,3.02503
1.68509,0.0589726,2.517,3.02957
1.69326,0.0589726,2.517,3.03412
1.68926,0.0585508,2.499,3.01696
1.68515,0.0581291,2.481,2.99974
-1.96257,0.0754623,2.829,3.44392
-1.95339,0.0754623,2.829,3.4387
-1.94421,0.0754623,2.829,3.43349
-1.91929,0.0748488,2.806,3.40043
-1.91018,0.0748488,2.806,3.3953
-1.90108,0.0748488,2.806,3.39018
-1.87646,0.0742353,2.783,3.35734
-1.8379,0.0730616,2.739,3.29929
-1.82901,0.0730616,2.739,3.29435
-1.82012,0.0730616,2.739,3.28942
-1.79668,0.0724747,2.717,3.25813
-1.77405,0.0719146,2.696,3.22813
-1.7653,0.0719146,2.696,3.22333
-1.74286,0.0713544,2.675,3.19348
-1.72057,0.0707942,2.654,3.16371
-1.71195,0.0707942,2.654,3.15904
-1.68986,0.0702341,2.633,3.12942
-1.68132,0.0702341,2.633,3.12481
-1.67277,0.0702341,2.633,3.12022
-1.66422,0.0702341,2.633,3.11565
-1.6431,0.0697006,2.613,3.08746
-1.63462,0.0697006,2.613,3.08295
-1.62614,0.0697006,2.613,3.07847
-1.61766,0.0697006,2.613,3.07399
-1.62149,0.0702341,2.633,3.09303
-1.62581,0.0707942,2.654,3.1132
-1.6172,0.0707942,2.654,3.10871
-1.60858,0.0707942,2.654,3.10423
-1.62529,0.0719146,2.696,3.14883
-1.61654,0.0719146,2.696,3.14433
-1.62031,0.0724747,2.717,3.16429
-1.61149,0.0724747,2.717,3.15979
-1.60267,0.0724747,2.717,3.1553
-1.58154,0.0719146,2.696,3.12647
-1.57278,0.0719146,2.696,3.12206
-1.56403,0.0719146,2.696,3.11766
-1.54317,0.0713544,2.675,3.08903
-1.52244,0.0707942,2.654,3.06048
-1.51383,0.0707942,2.654,3.05621
-1.4933,0.0702341,2.633,3.0278
-1.47348,0.0697006,2.613,3.00063
-1.465,0.0697006,2.613,2.99647
-1.44537,0.0691671,2.593,2.96943
-1.42642,0.0686603,2.574,2.94362
-1.4076,0.0681534,2.555,2.91788
-1.39931,0.0681534,2.555,2.91389
-1.39101,0.0681534,2.555,2.90991
-1.38272,0.0681534,2.555,2.90596
-1.37443,0.0681534,2.555,2.90202
-1.36614,0.0681534,2.555,2.8981
-1.35784,0.0681534,2.555,2.8942
-1.35959,0.0686603,2.574,2.91181
-1.35123,0.0686603,2.574,2.90792
-1.34288,0.0686603,2.574,2.90405
-1.33452,0.0686603,2.574,2.9002
-1.32617,0.0686603,2.574,2.89636
-1.31781,0.0686603,2.574,2.89255
-1.30946,0.0686603,2.574,2.88875
-1.3011,0.0686603,2.574,2.88497
-1.28321,0.0681534,2.555,2.85995
-1.26543,0.0676466,2.536,2.83499
-1.2572,0.0676466,2.536,2.83133
-1.23961,0.0671398,2.517,2.8065
-1.21383,0.0661795,2.481,2.76281
-1.20578,0.0661795,2.481,2.75928
-1.18904,0.0656994,2.463,2.73578
-1.18104,0.0656994,2.463,2.73231
-1.16447,0.0652193,2.445,2.70893
-1.15654,0.0652193,2.445,2.70552
-1.14062,0.0647658,2.428,2.68335
-1.1248,0.0643123,2.411,2.66125
-1.11698,0.0643123,2.411,2.65795
-1.10915,0.0643123,2.411,2.65467
-1.09356,0.0638589,2.394,2.63272
-1.08579,0.0638589,2.394,2.6295
-1.07802,0.0638589,2.394,2.6263
-1.07025,0.0638589,2.394,2.62312
-1.06248,0.0638589,2.394,2.61996
-1.05471,0.0638589,2.394,2.61682
-1.04694,0.0638589,2.394,2.61369
-1.03179,0.0634054,2.377,2.59205
-1.02408,0.0634054,2.377,2.58899
-1.01636,0.0634054,2.377,2.58595
-1.00865,0.0634054,2.377,2.58293
-1.00093,0.0634054,2.377,2.57992
-0.993215,0.0634054,2.377,2.57694
-0.9855,0.0634054,2.377,2.57398
-0.977785,0.0634054,2.377,2.57103
-0.970069,0.0634054,2.377,2.56811
-0.962354,0.0634054,2.377,2.5652
-0.954639,0.0634054,2.377,2.56232
-0.946924,0.0634054,2.377,2.55946
-0.939209,0.0634054,2.377,2.55661
-0.931494,0.0634054,2.377,2.55379
-0.923778,0.0634054,2.377,2.55098
-0.916063,0.0634054,2.377,2.5482
-0.908348,0.0634054,2.377,2.54544
-0.900633,0.0634054,2.377,2.54269
-0.892918,0.0634054,2.377,2.53997
-0.885203,0.0634054,2.377,2.53727
-0.877488,0.0634054,2.377,2.53459
-0.869772,0.0634054,2.377,2.53193
-0.862057,0.0634054,2.377,2.52929
-0.854342,0.0634054,2.377,2.52667
-0.852682,0.0638589,2.394,2.54212
-0.844912,0.0638589,2.394,2.53953
-0.837141,0.0638589,2.394,2.53695
-0.829371,0.0638589,2.394,2.5344
-0.821601,0.0638589,2.394,2.53187
-0.81383,0.0638589,2.394,2.52935
-0.811784,0.0643123,2.411,2.54481
-0.803958,0.0643123,2.411,2.54232
-0.796133,0.0643123,2.411,2.53986
-0.788307,0.0643123,2.411,2.53742
-0.780482,0.0643123,2.411,2.535
-0.772656,0.0643123,2.411,2.5326
-0.770224,0.0647658,2.428,2.54806
-0.762343,0.0647658,2.428,2.54569
-0.754462,0.0647658,2.428,2.54334
-0.746581,0.0647658,2.428,2.54102
-0.738701,0.0647658,2.428,2.53871
-0.73082,0.0647658,2.428,2.53643
-0.722939,0.0647658,2.428,2.53417
-0.715059,0.0647658,2.428,2.53193
-0.712129,0.0652193,2.445,2.54743
-0.704194,0.0652193,2.445,2.54522
-0.696258,0.0652193,2.445,2.54304
-0.688322,0.0652193,2.445,2.54088
-0.680386,0.0652193,2.445,2.53874
-0.67245,0.0652193,2.445,2.53663
-0.664514,0.0652193,2.445,2.53453
-0.656578,0.0652193,2.445,2.53246
-0.648643,0.0652193,2.445,2.53042
-0.640707,0.0652193,2.445,2.5284
-0.637429,0.0656994,2.463,2.545
-0.629435,0.0656994,2.463,2.543
-0.621441,0.0656994,2.463,2.54104
-0.613446,0.0656994,2.463,2.53909
-0.605452,0.0656994,2.463,2.53718
-0.597458,0.0656994,2.463,2.53528
-0.589464,0.0656994,2.463,2.53341
-0.581469,0.0656994,2.463,2.53156
-0.573475,0.0656994,2.463,2.52974
-0.565481,0.0656994,2.463,2.52793
-0.557486,0.0656994,2.463,2.52616
-0.549492,0.0656994,2.463,2.52441
-0.541498,0.0656994,2.463,2.52268
-0.533504,0.0656994,2.463,2.52097
-0.525509,0.0656994,2.463,2.51929
-0.517515,0.0656994,2.463,2.51764
-0.509521,0.0656994,2.463,2.51601
-0.501526,0.0656994,2.463,2.5144
-0.497139,0.0661795,2.481,2.53118
-0.489086,0.0661795,2.481,2.52961
-0.481034,0.0661795,2.481,2.52807
-0.472981,0.0661795,2.481,2.52655
-0.464928,0.0661795,2.481,2.52505
-0.46019,0.0666597,2.499,2.54189
-0.452079,0.0666597,2.499,2.54044
-0.443968,0.0666597,2.499,2.53901
-0.435857,0.0666597,2.499,2.5376
-0.427746,0.0666597,2.499,2.53622
-0.422657,0.0671398,2.517,2.55312
-0.414487,0.0671398,2.517,2.55178
-0.406318,0.0671398,2.517,2.55047
-0.401154,0.0676466,2.536,2.56842
-0.392923,0.0676466,2.536,2.56715
-0.384691,0.0676466,2.536,2.5659
-0.37646,0.0676466,2.536,2.56468
-0.368229,0.0676466,2.536,2.56349
-0.362695,0.0681534,2.555,2.58151
-0.354402,0.0681534,2.555,2.58036
-0.346109,0.0681534,2.555,2.57924
-0.337816,0.0681534,2.555,2.57814
-0.329523,0.0681534,2.555,2.57706
-0.318842,0.0676466,2.536,2.55686
-0.31061,0.0676466,2.536,2.55585
-0.302379,0.0676466,2.536,2.55486
-0.294148,0.0676466,2.536,2.5539
-0.285917,0.0676466,2.536,2.55296
-0.277685,0.0676466,2.536,2.55205
-0.267435,0.0671398,2.517,2.53206
-0.257412,0.0666597,2.499,2.51311
-0.249301,0.0666597,2.499,2.51229
-0.24119,0.0666597,2.499,2.5115
-0.233078,0.0666597,2.499,2.51073
-0.224967,0.0666597,2.499,2.50999
-0.215294,0.0661795,2.481,2.4912
-0.207241,0.0661795,2.481,2.49052
-0.199189,0.0661795,2.481,2.48986
-0.189749,0.0656994,2.463,2.47117
-0.181755,0.0656994,2.463,2.47057
-0.173761,0.0656994,2.463,2.47
-0.165766,0.0656994,2.463,2.46945
-0.157772,0.0656994,2.463,2.46892
-0.149778,0.0656994,2.463,2.46842
-0.14282,0.0661795,2.481,2.48599
-0.134767,0.0661795,2.481,2.48554
-0.126714,0.0661795,2.481,2.48512
-0.118662,0.0661795,2.481,2.48472
-0.110609,0.0661795,2.481,2.48435
-0.1033,0.0666597,2.499,2.50202
-0.0958747,0.0671398,2.517,2.51972
-0.0877052,0.0671398,2.517,2.51942
-0.0795356,0.0671398,2.517,2.51915
-0.0719048,0.0676466,2.536,2.53792
-0.0636736,0.0676466,2.536,2.5377
-0.0554423,0.0676466,2.536,2.53751
-0.0472111,0.0676466,2.536,2.53734
-0.0389799,0.0676466,2.536,2.5372
-0.0307487,0.0676466,2.536,2.53709
-0.0225174,0.0676466,2.536,2.537
-0.0142862,0.0676466,2.536,2.53694
-0.00605498,0.0676466,2.536,2.53691
0.00217625,0.0676466,2.536,2.5369
0.0104075,0.0676466,2.536,2.53692
0.0186387,0.0676466,2.536,2.53697
0.0268699,0.0676466,2.536,2.53704
0.0348382,0.0671398,2.517,2.51814
0.0430077,0.0671398,2.517,2.51826
0.0508113,0.0666597,2.499,2.50041
0.0589224,0.0666597,2.499,2.50058
0.0670336,0.0666597,2.499,2.50079
0.0751447,0.0666597,2.499,2.50102
0.0832558,0.0666597,2.499,2.50127
0.091367,0.0666597,2.499,2.50156
0.0994781,0.0666597,2.499,2.50187
0.107589,0.0666597,2.499,2.5022
0.1157,0.0666597,2.499,2.50256
0.124703,0.0671398,2.517,2.52098
0.132873,0.0671398,2.517,2.5214
0.141042,0.0671398,2.517,2.52184
0.149212,0.0671398,2.517,2.52231
0.157382,0.0671398,2.517,2.52281
0.166801,0.0676466,2.536,2.54238
0.175032,0.0676466,2.536,2.54293
0.183263,0.0676466,2.536,2.54351
0.191494,0.0676466,2.536,2.54412
0.199726,0.0676466,2.536,2.54475
0.207957,0.0676466,2.536,2.54541
0.216188,0.0676466,2.536,2.5461
0.222738,0.0671398,2.517,2.52773
0.230908,0.0671398,2.517,2.52846
0.239077,0.0671398,2.517,2.52922
0.247247,0.0671398,2.517,2.53001
0.255416,0.0671398,2.517,2.53082
0.261701,0.0666597,2.499,2.51355
0.267868,0.0661795,2.481,2.4963
0.275921,0.0661795,2.481,2.49717
0.283974,0.0661795,2.481,2.49808
0.292027,0.0661795,2.481,2.499
0.297902,0.0656994,2.463,2.48182
0.305896,0.0656994,2.463,2.48279
0.311597,0.0652193,2.445,2.46564
0.319533,0.0652193,2.445,2.46665
0.327469,0.0652193,2.445,2.46769
0.333072,0.0647658,2.428,2.45159
0.340953,0.0647658,2.428,2.45268
0.348834,0.0647658,2.428,2.45379
0.356714,0.0647658,2.428,2.45492
0.364595,0.0647658,2.428,2.45608
0.372476,0.0647658,2.428,2.45726
0.380356,0.0647658,2.428,2.45847
0.388237,0.0647658,2.428,2.4597
0.396118,0.0647658,2.428,2.46095
0.403999,0.0647658,2.428,2.46223
0.411879,0.0647658,2.428,2.46354
0.422699,0.0652193,2.445,2.48213
0.430635,0.0652193,2.445,2.48349
0.438571,0.0652193,2.445,2.48488
0.446507,0.0652193,2.445,2.48629
0.454442,0.0652193,2.445,2.48773
0.462378,0.0652193,2.445,2.48919
0.470314,0.0652193,2.445,2.49068
0.481771,0.0656994,2.463,2.51054
0.489765,0.0656994,2.463,2.51208
0.497759,0.0656994,2.463,2.51365
0.505754,0.0656994,2.463,2.51525
0.513748,0.0656994,2.463,2.51687
0.521742,0.0656994,2.463,2.51851
0.533608,0.0661795,2.481,2.5386
0.541661,0.0661795,2.481,2.5403
0.549713,0.0661795,2.481,2.54203
0.557766,0.0661795,2.481,2.54379
0.565819,0.0661795,2.481,2.54556
0.573871,0.0661795,2.481,2.54737
0.586146,0.0666597,2.499,2.56769
0.594257,0.0666597,2.499,2.56955
0.602368,0.0666597,2.499,2.57144
0.610479,0.0666597,2.499,2.57335
0.618591,0.0666597,2.499,2.57529
0.626702,0.0666597,2.499,2.57725
0.634813,0.0666597,2.499,2.57923
0.642924,0.0666597,2.499,2.58124
0.651035,0.0666597,2.499,2.58327
0.659146,0.0666597,2.499,2.58533
0.667257,0.0666597,2.499,2.58741
0.675369,0.0666597,2.499,2.58951
0.68348,0.0666597,2.499,2.59164
0.691591,0.0666597,2.499,2.59379
0.699702,0.0666597,2.499,2.59596
0.707813,0.0666597,2.499,2.59816
0.710768,0.0661795,2.481,2.58165
0.71882,0.0661795,2.481,2.58388
0.726873,0.0661795,2.481,2.58613
0.734926,0.0661795,2.481,2.58841
0.742978,0.0661795,2.481,2.59071
0.751031,0.0661795,2.481,2.59303
0.759084,0.0661795,2.481,2.59537
0.767137,0.0661795,2.481,2.59774
0.775189,0.0661795,2.481,2.60013
0.783242,0.0661795,2.481,2.60254
0.791295,0.0661795,2.481,2.60497
0.799347,0.0661795,2.481,2.60743
0.8074,0.0661795,2.481,2.60991
0.815453,0.0661795,2.481,2.61241
0.823505,0.0661795,2.481,2.61494
0.831558,0.0661795,2.481,2.61749
0.833519,0.0656994,2.463,2.60105
0.841514,0.0656994,2.463,2.60362
0.849508,0.0656994,2.463,2.60621
0.857502,0.0656994,2.463,2.60883
0.865497,0.0656994,2.463,2.61147
0.879874,0.0661795,2.481,2.63323
0.887927,0.0661795,2.481,2.63594
0.89598,0.0661795,2.481,2.63866
0.904033,0.0661795,2.481,2.6414
0.912085,0.0661795,2.481,2.64417
0.913462,0.0656994,2.463,2.62776
0.921457,0.0656994,2.463,2.63055
0.929451,0.0656994,2.463,2.63336
0.937445,0.0656994,2.463,2.63619
0.945439,0.0656994,2.463,2.63904
0.953434,0.0656994,2.463,2.64192
0.954402,0.0652193,2.445,2.62548
0.962338,0.0652193,2.445,2.62838
0.970273,0.0652193,2.445,2.63129
0.978209,0.0652193,2.445,2.63423
0.986145,0.0652193,2.445,2.63719
0.994081,0.0652193,2.445,2.64017
1.00939,0.0656994,2.463,2.66262
1.01739,0.0656994,2.463,2.66566
1.02538,0.0656994,2.463,2.66873
1.04093,0.0661795,2.481,2.69133
1.04898,0.0661795,2.481,2.69446
1.05703,0.0661795,2.481,2.6976
1.07281,0.0666597,2.499,2.72036
1.08093,0.0666597,2.499,2.72357
1.08904,0.0666597,2.499,2.7268
1.11339,0.0676466,2.536,2.77047
1.13003,0.0681534,2.555,2.79457
1.13832,0.0681534,2.555,2.79794
1.15514,0.0686603,2.574,2.82215
1.17208,0.0691671,2.593,2.84644
1.1805,0.0691671,2.593,2.84991
1.20725,0.0702341,2.633,2.89743
1.2255,0.0707942,2.654,2.92414
1.23411,0.0707942,2.654,2.92776
1.25256,0.0713544,2.675,2.95459
1.27114,0.0719146,2.696,2.98151
1.27989,0.0719146,2.696,2.98525
1.28864,0.0719146,2.696,2.98901
1.29739,0.0719146,2.696,2.99279
1.30614,0.0719146,2.696,2.9966
1.3149,0.0719146,2.696,3.00042
1.32365,0.0719146,2.696,3.00427
1.3324,0.0719146,2.696,3.00813
1.34115,0.0719146,2.696,3.01202
1.3499,0.0719146,2.696,3.01593
1.36923,0.0724747,2.717,3.04338
1.37805,0.0724747,2.717,3.04735
1.3981,0.0730616,2.739,3.07606
1.41829,0.0736484,2.761,3.10485
1.45051,0.0748488,2.806,3.15962
1.45962,0.0748488,2.806,3.16382
1.49333,0.0761025,2.853,3.22109
1.51523,0.0767427,2.877,3.25253
1.52457,0.0767427,2.877,3.25689
1.56003,0.0780497,2.926,3.31682
1.59688,0.0794101,2.977,3.37918
1.60655,0.0794101,2.977,3.38376
1.64498,0.0808239,3.03,3.44868
1.66956,0.0815441,3.057,3.48416
1.67949,0.0815441,3.057,3.48892
1.68941,0.0815441,3.057,3.49371
1.69933,0.0815441,3.057,3.49852
1.72435,0.0822643,3.084,3.53429
1.73436,0.0822643,3.084,3.53918
1.74437,0.0822643,3.084,3.5441
1.75438,0.0822643,3.084,3.54904
1.74894,0.0815441,3.057,3.52288
1.75886,0.0815441,3.057,3.52782
1.76879,0.0815441,3.057,3.53278
1.77871,0.0815441,3.057,3.53775
1.77283,0.0808239,3.03,3.51146
1.78267,0.0808239,3.03,3.51644
1.7925,0.0808239,3.03,3.52143
1.78628,0.0801036,3.003,3.49503
1.78047,0.0794101,2.977,3.46972
1.79014,0.0794101,2.977,3.47468
1.78408,0.0787166,2.951,3.44928
1.77846,0.0780497,2.926,3.42498
1.78796,0.0780497,2.926,3.42992
1.7821,0.0773828,2.901,3.40553
1.77669,0.0767427,2.877,3.38226
1.78603,0.0767427,2.877,3.38717
1.76542,0.0754623,2.829,3.33551
1.74574,0.0742353,2.783,3.28606
1.75478,0.0742353,2.783,3.29087
1.73592,0.0730616,2.739,3.24359
1.71742,0.0719146,2.696,3.19736
1.69928,0.0707942,2.654,3.15219
1.70789,0.0707942,2.654,3.15684
1.70293,0.0702341,2.633,3.13649
1.68547,0.0691671,2.593,3.09342
1.69389,0.0691671,2.593,3.09801
1.67736,0.0681534,2.555,3.05716
1.67312,0.0676466,2.536,3.03894
1.68135,0.0676466,2.536,3.04348
1.67692,0.0671398,2.517,3.0252
1.67304,0.0666597,2.499,3.00807
1.68115,0.0666597,2.499,3.01259
1.67709,0.0661795,2.481,2.99539
1.67292,0.0656994,2.463,2.97814
-1.94661,0.0839538,2.806,3.41614
-1.93751,0.0839538,2.806,3.41096
-1.9284,0.0839538,2.806,3.40579
-1.91929,0.0839538,2.806,3.40064
-1.89453,0.0832656,2.783,3.36768
-1.88549,0.0832656,2.783,3.3626
-1.86163,0.0826074,2.761,3.33101
-1.8379,0.0819492,2.739,3.2995
-1.82901,0.0819492,2.739,3.29456
-1.82012,0.0819492,2.739,3.28963
-1.79668,0.081291,2.717,3.25834
-1.77405,0.0806626,2.696,3.22834
-1.7653,0.0806626,2.696,3.22354
-1.74286,0.0800343,2.675,3.19368
-1.72057,0.079406,2.654,3.16392
-1.71195,0.079406,2.654,3.15924
-1.68986,0.0787777,2.633,3.12962
-1.66854,0.0781793,2.613,3.10128
-1.66006,0.0781793,2.613,3.09672
-1.65158,0.0781793,2.613,3.09218
-1.63052,0.0775809,2.593,3.06403
-1.62211,0.0775809,2.593,3.05956
-1.62614,0.0781793,2.613,3.07867
-1.61766,0.0781793,2.613,3.0742
-1.60918,0.0781793,2.613,3.06974
-1.61295,0.0787777,2.633,3.08877
-1.6044,0.0787777,2.633,3.08431
-1.60858,0.079406,2.654,3.10444
-1.61263,0.0800343,2.675,3.12452
-1.60395,0.0800343,2.675,3.12004
-1.60779,0.0806626,2.696,3.14005
-1.59904,0.0806626,2.696,3.13558
-1.59029,0.0806626,2.696,3.13112
-1.58154,0.0806626,2.696,3.12669
-1.56053,0.0800343,2.675,3.09795
-1.55185,0.0800343,2.675,3.09359
-1.53105,0.079406,2.654,3.06499
-1.51039,0.0787777,2.633,3.03648
-1.50185,0.0787777,2.633,3.03223
-1.48196,0.0781793,2.613,3.00501
-1.4622,0.0775809,2.593,2.97787
-1.45378,0.0775809,2.593,2.97374
-1.43478,0.0770125,2.574,2.94788
-1.41589,0.076444,2.555,2.92209
-1.4076,0.076444,2.555,2.91808
-1.39931,0.076444,2.555,2.91409
-1.39101,0.076444,2.555,2.91012
-1.38272,0.076444,2.555,2.90616
-1.37443,0.076444,2.555,2.90223
-1.36614,0.076444,2.555,2.89831
-1.35784,0.076444,2.555,2.89441
-1.34955,0.076444,2.555,2.89053
-1.34126,0.076444,2.555,2.88667
-1.33296,0.076444,2.555,2.88282
-1.33452,0.0770125,2.574,2.90041
-1.32617,0.0770125,2.574,2.89657
-1.31781,0.0770125,2.574,2.89276
-1.29979,0.076444,2.555,2.86763
-1.2915,0.076444,2.555,2.86389
-1.27366,0.0758755,2.536,2.83889
-1.25595,0.0753071,2.517,2.81396
-1.24778,0.0753071,2.517,2.81032
-1.23075,0.0747685,2.499,2.78663
-1.21383,0.07423,2.481,2.76302
-1.20578,0.07423,2.481,2.75949
-1.18904,0.0736914,2.463,2.73598
-1.17241,0.0731529,2.445,2.71255
-1.16447,0.0731529,2.445,2.70913
-1.15654,0.0731529,2.445,2.70573
-1.14062,0.0726442,2.428,2.68355
-1.1248,0.0721356,2.411,2.66145
-1.11698,0.0721356,2.411,2.65815
-1.10915,0.0721356,2.411,2.65487
-1.09356,0.071627,2.394,2.63292
-1.08579,0.071627,2.394,2.6297
-1.07802,0.071627,2.394,2.6265
-1.07025,0.071627,2.394,2.62332
-1.06248,0.071627,2.394,2.62016
-1.05471,0.071627,2.394,2.61702
-1.04694,0.071627,2.394,2.6139
-1.03917,0.071627,2.394,2.61079
-1.0314,0.071627,2.394,2.60771
-1.02363,0.071627,2.394,2.60465
-1.01586,0.071627,2.394,2.6016
-1.00809,0.071627,2.394,2.59858
-1.00032,0.071627,2.394,2.59557
-0.992548,0.071627,2.394,2.59259
-0.984778,0.071627,2.394,2.58962
-0.970069,0.0711184,2.377,2.56831
-0.962354,0.0711184,2.377,2.56541
-0.954639,0.0711184,2.377,2.56252
-0.946924,0.0711184,2.377,2.55966
-0.939209,0.0711184,2.377,2.55681
-0.931494,0.0711184,2.377,2.55399
-0.923778,0.0711184,2.377,2.55119
-0.916063,0.0711184,2.377,2.5484
-0.908348,0.0711184,2.377,2.54564
-0.900633,0.0711184,2.377,2.5429
-0.892918,0.0711184,2.377,2.54017
-0.885203,0.0711184,2.377,2.53747
-0.877488,0.0711184,2.377,2.53479
-0.875993,0.071627,2.394,2.55024
-0.868223,0.071627,2.394,2.54758
-0.860452,0.071627,2.394,2.54495
-0.852682,0.071627,2.394,2.54233
-0.844912,0.071627,2.394,2.53973
-0.837141,0.071627,2.394,2.53716
-0.829371,0.071627,2.394,2.53461
-0.821601,0.071627,2.394,2.53207
-0.819609,0.0721356,2.411,2.54753
-0.811784,0.0721356,2.411,2.54502
-0.803958,0.0721356,2.411,2.54253
-0.796133,0.0721356,2.411,2.54007
-0.793866,0.0726442,2.428,2.55552
-0.785985,0.0726442,2.428,2.55308
-0.778104,0.0726442,2.428,2.55067
-0.770224,0.0726442,2.428,2.54828
-0.762343,0.0726442,2.428,2.5459
-0.754462,0.0726442,2.428,2.54356
-0.746581,0.0726442,2.428,2.54123
-0.738701,0.0726442,2.428,2.53893
-0.73082,0.0726442,2.428,2.53664
-0.722939,0.0726442,2.428,2.53438
-0.715059,0.0726442,2.428,2.53215
-0.712129,0.0731529,2.445,2.54765
-0.704194,0.0731529,2.445,2.54544
-0.696258,0.0731529,2.445,2.54326
-0.688322,0.0731529,2.445,2.5411
-0.680386,0.0731529,2.445,2.53896
-0.67245,0.0731529,2.445,2.53684
-0.664514,0.0731529,2.445,2.53475
-0.656578,0.0731529,2.445,2.53268
-0.648643,0.0731529,2.445,2.53064
-0.640707,0.0731529,2.445,2.52861
-0.637429,0.0736914,2.463,2.54521
-0.629435,0.0736914,2.463,2.54322
-0.621441,0.0736914,2.463,2.54126
-0.613446,0.0736914,2.463,2.53931
-0.605452,0.0736914,2.463,2.53739
-0.597458,0.0736914,2.463,2.5355
-0.589464,0.0736914,2.463,2.53363
-0.581469,0.0736914,2.463,2.53178
-0.573475,0.0736914,2.463,2.52996
-0.565481,0.0736914,2.463,2.52816
-0.557486,0.0736914,2.463,2.52638
-0.549492,0.0736914,2.463,2.52463
-0.541498,0.0736914,2.463,2.5229
-0.533504,0.0736914,2.463,2.5212
-0.525509,0.0736914,2.463,2.51952
-0.517515,0.0736914,2.463,2.51786
-0.509521,0.0736914,2.463,2.51623
-0.501526,0.0736914,2.463,2.51462
-0.497139,0.07423,2.481,2.53141
-0.489086,0.07423,2.481,2.52984
-0.481034,0.07423,2.481,2.52829
-0.472981,0.07423,2.481,2.52677
-0.464928,0.07423,2.481,2.52528
-0.46019,0.0747685,2.499,2.54212
-0.452079,0.0747685,2.499,2.54066
-0.443968,0.0747685,2.499,2.53923
-0.435857,0.0747685,2.499,2.53783
-0.427746,0.0747685,2.499,2.53645
-0.422657,0.0753071,2.517,2.55335
-0.414487,0.0753071,2.517,2.55201
-0.406318,0.0753071,2.517,2.5507
-0.401154,0.0758755,2.536,2.56865
-0.392923,0.0758755,2.536,2.56738
-0.384691,0.0758755,2.536,2.56613
-0.37646,0.0758755,2.536,2.56491
-0.368229,0.0758755,2.536,2.56372
-0.359998,0.0758755,2.536,2.56255
-0.351766,0.0758755,2.536,2.5614
-0.346109,0.076444,2.555,2.57947
-0.337816,0.076444,2.555,2.57837
-0.329523,0.076444,2.555,2.5773
-0.318842,0.0758755,2.536,2.55709
-0.31061,0.0758755,2.536,2.55608
-0.302379,0.0758755,2.536,2.55509
-0.294148,0.0758755,2.536,2.55413
-0.285917,0.0758755,2.536,2.55319
-0.277685,0.0758755,2.536,2.55229
-0.267435,0.0753071,2.517,2.53229
-0.257412,0.0747685,2.499,2.51333
-0.249301,0.0747685,2.499,2.51252
-0.24119,0.0747685,2.499,2.51173
-0.233078,0.0747685,2.499,2.51096
-0.224967,0.0747685,2.499,2.51022
-0.215294,0.07423,2.481,2.49143
-0.207241,0.07423,2.481,2.49075
-0.199189,0.07423,2.481,2.49009
-0.191136,0.07423,2.481,2.48946
-0.181755,0.0736914,2.463,2.4708
-0.173761,0.0736914,2.463,2.47022
-0.166978,0.07423,2.481,2.48772
-0.158925,0.07423,2.481,2.48719
-0.150872,0.07423,2.481,2.48669
-0.14282,0.07423,2.481,2.48622
-0.134767,0.07423,2.481,2.48577
-0.126714,0.07423,2.481,2.48534
-0.119523,0.0747685,2.499,2.50297
-0.111411,0.0747685,2.499,2.5026
-0.1033,0.0747685,2.499,2.50225
-0.0958747,0.0753071,2.517,2.51995
-0.0877052,0.0753071,2.517,2.51965
-0.0795356,0.0753071,2.517,2.51938
-0.0719048,0.0758755,2.536,2.53815
-0.0636736,0.0758755,2.536,2.53793
-0.0554423,0.0758755,2.536,2.53774
-0.0475648,0.076444,2.555,2.55659
-0.0392719,0.076444,2.555,2.55645
-0.030979,0.076444,2.555,2.55633
-0.0226861,0.076444,2.555,2.55624
-0.0143932,0.076444,2.555,2.55618
-0.00610034,0.076444,2.555,2.55615
0.00217625,0.0758755,2.536,2.53714
0.0104075,0.0758755,2.536,2.53716
0.0186387,0.0758755,2.536,2.5372
0.0266686,0.0753071,2.517,2.51827
0.0348382,0.0753071,2.517,2.51837
0.0430077,0.0753071,2.517,2.51849
0.0508113,0.0747685,2.499,2.50063
0.0589224,0.0747685,2.499,2.50081
0.0670336,0.0747685,2.499,2.50102
0.0751447,0.0747685,2.499,2.50125
0.0832558,0.0747685,2.499,2.5015
0.091367,0.0747685,2.499,2.50179
0.0994781,0.0747685,2.499,2.5021
0.107589,0.0747685,2.499,2.50243
0.116534,0.0753071,2.517,2.52082
0.124703,0.0753071,2.517,2.52121
0.132873,0.0753071,2.517,2.52163
0.141042,0.0753071,2.517,2.52207
0.149212,0.0753071,2.517,2.52254
0.157382,0.0753071,2.517,2.52304
0.166801,0.0758755,2.536,2.54261
0.175032,0.0758755,2.536,2.54317
0.183263,0.0758755,2.536,2.54375
0.191494,0.0758755,2.536,2.54435
0.199726,0.0758755,2.536,2.54498
0.207957,0.0758755,2.536,2.54564
0.216188,0.0758755,2.536,2.54633
0.222738,0.0753071,2.517,2.52796
0.230908,0.0753071,2.517,2.52869
0.239077,0.0753071,2.517,2.52945
0.247247,0.0753071,2.517,2.53024
0.255416,0.0753071,2.517,2.53105
0.261701,0.0747685,2.499,2.51378
0.267868,0.07423,2.481,2.49652
0.275921,0.07423,2.481,2.4974
0.283974,0.07423,2.481,2.4983
0.292027,0.07423,2.481,2.49923
0.297902,0.0736914,2.463,2.48204
0.305896,0.0736914,2.463,2.48302
0.313891,0.0736914,2.463,2.48401
0.319533,0.0731529,2.445,2.46688
0.327469,0.0731529,2.445,2.46792
0.335404,0.0731529,2.445,2.46898
0.340953,0.0726442,2.428,2.4529
0.348834,0.0726442,2.428,2.45401
0.356714,0.0726442,2.428,2.45514
0.364595,0.0726442,2.428,2.4563
0.375084,0.0731529,2.445,2.47468
0.38302,0.0731529,2.445,2.4759
0.390955,0.0731529,2.445,2.47714
0.398891,0.0731529,2.445,2.4784
0.406827,0.0731529,2.445,2.47969
0.414763,0.0731529,2.445,2.48101
0.422699,0.0731529,2.445,2.48235
0.433805,0.0736914,2.463,2.502
0.441799,0.0736914,2.463,2.5034
0.449794,0.0736914,2.463,2.50482
0.457788,0.0736914,2.463,2.50627
0.465782,0.0736914,2.463,2.50774
0.473776,0.0736914,2.463,2.50924
0.481771,0.0736914,2.463,2.51076
0.489765,0.0736914,2.463,2.5123
0.497759,0.0736914,2.463,2.51387
0.505754,0.0736914,2.463,2.51547
0.517502,0.07423,2.481,2.53548
0.525555,0.07423,2.481,2.53714
0.533608,0.07423,2.481,2.53882
0.541661,0.07423,2.481,2.54053
0.549713,0.07423,2.481,2.54225
0.557766,0.07423,2.481,2.54401
0.565819,0.07423,2.481,2.54579
0.573871,0.07423,2.481,2.54759
0.586146,0.0747685,2.499,2.56791
0.594257,0.0747685,2.499,2.56977
0.602368,0.0747685,2.499,2.57166
0.610479,0.0747685,2.499,2.57357
0.618591,0.0747685,2.499,2.57551
0.626702,0.0747685,2.499,2.57747
0.634813,0.0747685,2.499,2.57945
0.642924,0.0747685,2.499,2.58146
0.651035,0.0747685,2.499,2.58349
0.659146,0.0747685,2.499,2.58555
0.667257,0.0747685,2.499,2.58763
0.675369,0.0747685,2.499,2.58973
0.68348,0.0747685,2.499,2.59186
0.691591,0.0747685,2.499,2.59401
0.699702,0.0747685,2.499,2.59618
0.707813,0.0747685,2.499,2.59838
0.710768,0.07423,2.481,2.58187
0.71882,0.07423,2.481,2.5841
0.726873,0.07423,2.481,2.58635
0.734926,0.07423,2.481,2.58863
0.742978,0.07423,2.481,2.59092
0.751031,0.07423,2.481,2.59325
0.759084,0.07423,2.481,2.59559
0.767137,0.07423,2.481,2.59795
0.775189,0.07423,2.481,2.60034
0.783242,0.07423,2.481,2.60276
0.791295,0.07423,2.481,2.60519
0.799347,0.07423,2.481,2.60765
0.8074,0.07423,2.481,2.61013
0.809537,0.0736914,2.463,2.59367
0.817531,0.0736914,2.463,2.59618
0.825525,0.0736914,2.463,2.59871
0.833519,0.0736914,2.463,2.60126
0.841514,0.0736914,2.463,2.60383
0.849508,0.0736914,2.463,2.60643
0.857502,0.0736914,2.463,2.60904
0.865497,0.0736914,2.463,2.61168
0.879874,0.07423,2.481,2.63345
0.887927,0.07423,2.481,2.63615
0.89598,0.07423,2.481,2.63887
0.904033,0.07423,2.481,2.64162
0.912085,0.07423,2.481,2.64438
0.913462,0.0736914,2.463,2.62797
0.921457,0.0736914,2.463,2.63076
0.929451,0.0736914,2.463,2.63357
0.937445,0.0736914,2.463,2.6364
0.945439,0.0736914,2.463,2.63925
0.953434,0.0736914,2.463,2.64213
0.954402,0.0731529,2.445,2.62569
0.962338,0.0731529,2.445,2.62859
0.970273,0.0731529,2.445,2.6315
0.978209,0.0731529,2.445,2.63444
0.986145,0.0731529,2.445,2.6374
0.994081,0.0731529,2.445,2.64037
1.00939,0.0736914,2.463,2.66283
1.01739,0.0736914,2.463,2.66587
1.02538,0.0736914,2.463,2.66893
1.04093,0.07423,2.481,2.69154
1.04898,0.07423,2.481,2.69467
1.05703,0.07423,2.481,2.69781
1.07281,0.0747685,2.499,2.72057
1.08093,0.0747685,2.499,2.72378
1.08904,0.0747685,2.499,2.72701
1.11339,0.0758755,2.536,2.77068
1.13003,0.076444,2.555,2.79479
1.13832,0.076444,2.555,2.79815
1.15514,0.0770125,2.574,2.82237
1.17208,0.0775809,2.593,2.84665
1.1805,0.0775809,2.593,2.85013
1.20725,0.0787777,2.633,2.89765
1.2255,0.079406,2.654,2.92436
1.23411,0.079406,2.654,2.92798
1.25256,0.0800343,2.675,2.95482
1.26124,0.0800343,2.675,2.95851
1.27989,0.0806626,2.696,2.98547
1.28864,0.0806626,2.696,2.98923
1.29739,0.0806626,2.696,2.99302
1.30614,0.0806626,2.696,2.99682
1.3149,0.0806626,2.696,3.00065
1.31334,0.0800343,2.675,2.98109
1.32202,0.0800343,2.675,2.98492
1.32025,0.079406,2.654,2.96531
1.32887,0.079406,2.654,2.96916
1.34807,0.0800343,2.675,2.99655
1.35675,0.0800343,2.675,3.00047
1.37615,0.0806626,2.696,3.02799
1.40699,0.0819492,2.739,3.08033
1.43862,0.0832656,2.783,3.13395
1.44766,0.0832656,2.783,3.13811
1.46873,0.0839538,2.806,3.16826
1.50259,0.08536,2.853,3.22563
1.51185,0.08536,2.853,3.22995
1.56003,0.0875441,2.926,3.31705
1.59688,0.08907,2.977,3.37942
1.63515,0.0906557,3.03,3.44425
1.64498,0.0906557,3.03,3.44893
1.66956,0.0914635,3.057,3.4844
1.67949,0.0914635,3.057,3.48917
1.68941,0.0914635,3.057,3.49395
1.71434,0.0922714,3.084,3.52966
1.74,0.0931091,3.112,3.56663
1.73436,0.0922714,3.084,3.53943
1.74437,0.0922714,3.084,3.54435
1.75438,0.0922714,3.084,3.54928
1.76439,0.0922714,3.084,3.55424
1.75886,0.0914635,3.057,3.52806
1.76879,0.0914635,3.057,3.53302
1.77871,0.0914635,3.057,3.538
1.77283,0.0906557,3.03,3.5117
1.78267,0.0906557,3.03,3.51668
1.7925,0.0906557,3.03,3.52167
1.77081,0.08907,2.977,3.465
1.76492,0.0882921,2.951,3.43964
1.7745,0.0882921,2.951,3.44457
1.76897,0.0875441,2.926,3.42029
1.76327,0.0867961,2.901,3.39595
1.77268,0.0867961,2.901,3.40084
1.76736,0.086078,2.877,3.37759
1.76187,0.08536,2.853,3.35426
1.77113,0.08536,2.853,3.35914
1.75106,0.0839538,2.806,3.30861
1.73194,0.0826074,2.761,3.2603
1.7409,0.0826074,2.761,3.26507
1.72198,0.081291,2.717,3.21775
1.70404,0.0800343,2.675,3.17266
1.68583,0.0787777,2.633,3.12745
1.69438,0.0787777,2.633,3.13206
1.67706,0.0775809,2.593,3.08904
1.66077,0.076444,2.555,3.04828
1.66906,0.076444,2.555,3.05281
1.66488,0.0758755,2.536,3.03462
1.66058,0.0753071,2.517,3.01637
1.66875,0.0753071,2.517,3.02088
1.66493,0.0747685,2.499,3.00376
1.66099,0.07423,2.481,2.9866
1.66904,0.07423,2.481,2.99108
1.67709,0.07423,2.481,2.99558
1.67292,0.0736914,2.463,2.97833
-1.94661,0.0930588,2.806,3.41637
-1.92163,0.092296,2.783,3.38323
-1.91259,0.092296,2.783,3.37811
-1.90356,0.092296,2.783,3.373
-1.87955,0.0915664,2.761,3.34129
-1.87059,0.0915664,2.761,3.33626
-1.86163,0.0915664,2.761,3.33124
-1.8379,0.0908368,2.739,3.29974
-1.82901,0.0908368,2.739,3.29479
-1.82012,0.0908368,2.739,3.28987
-1.7828,0.0894107,2.696,3.23339
-1.77405,0.0894107,2.696,3.22857
-1.7653,0.0894107,2.696,3.22377
-1.74286,0.0887143,2.675,3.19391
-1.72057,0.0880178,2.654,3.16415
-1.71195,0.0880178,2.654,3.15947
-1.68986,0.0873214,2.633,3.12985
-1.66854,0.0866581,2.613,3.1015
-1.66006,0.0866581,2.613,3.09695
-1.65158,0.0866581,2.613,3.09241
-1.63052,0.0859948,2.593,3.06425
-1.62211,0.0859948,2.593,3.05978
-1.62614,0.0866581,2.613,3.0789
-1.61766,0.0866581,2.613,3.07443
-1.60918,0.0866581,2.613,3.06997
-1.61295,0.0873214,2.633,3.089
-1.6044,0.0873214,2.633,3.08454
-1.60858,0.0880178,2.654,3.10467
-1.61263,0.0887143,2.675,3.12475
-1.60395,0.0887143,2.675,3.12028
-1.60779,0.0894107,2.696,3.14028
-1.59904,0.0894107,2.696,3.13581
-1.59029,0.0894107,2.696,3.13136
-1.58154,0.0894107,2.696,3.12693
-1.56053,0.0887143,2.675,3.09819
-1.55185,0.0887143,2.675,3.09382
-1.53105,0.0880178,2.654,3.06522
-1.51039,0.0873214,2.633,3.03671
-1.50185,0.0873214,2.633,3.03247
-1.48196,0.0866581,2.613,3.00524
-1.4622,0.0859948,2.593,2.9781
-1.45378,0.0859948,2.593,2.97398
-1.43478,0.0853647,2.574,2.94811
-1.41589,0.0847346,2.555,2.92232
-1.4076,0.0847346,2.555,2.91831
-1.39931,0.0847346,2.555,2.91432
-1.39101,0.0847346,2.555,2.91035
-1.38272,0.0847346,2.555,2.90639
-1.37443,0.0847346,2.555,2.90246
-1.36614,0.0847346,2.555,2.89854
-1.35784,0.0847346,2.555,2.89464
-1.34955,0.0847346,2.555,2.89076
-1.34126,0.0847346,2.555,2.8869
-1.33296,0.0847346,2.555,2.88305
-1.33452,0.0853647,2.574,2.90064
-1.32617,0.0853647,2.574,2.89681
-1.31781,0.0853647,2.574,2.89299
-1.29979,0.0847346,2.555,2.86787
-1.2915,0.0847346,2.555,2.86412
-1.27366,0.0841044,2.536,2.83912
-1.25595,0.0834743,2.517,2.81419
-1.24778,0.0834743,2.517,2.81055
-1.23075,0.0828774,2.499,2.78686
-1.21383,0.0822804,2.481,2.76324
-1.20578,0.0822804,2.481,2.75972
-1.18904,0.0816835,2.463,2.73621
-1.17241,0.0810865,2.445,2.71277
-1.16447,0.0810865,2.445,2.70935
-1.15654,0.0810865,2.445,2.70595
-1.14062,0.0805227,2.428,2.68378
-1.1248,0.0799589,2.411,2.66167
-1.11698,0.0799589,2.411,2.65837
-1.10915,0.0799589,2.411,2.6551
-1.09356,0.0793951,2.394,2.63314
-1.08579,0.0793951,2.394,2.62992
-1.07802,0.0793951,2.394,2.62672
-1.07025,0.0793951,2.394,2.62354
-1.06248,0.0793951,2.394,2.62038
-1.05471,0.0793951,2.394,2.61724
-1.04694,0.0793951,2.394,2.61412
-1.03917,0.0793951,2.394,2.61102
-1.0314,0.0793951,2.394,2.60793
-1.02363,0.0793951,2.394,2.60487
-1.01586,0.0793951,2.394,2.60183
-1.00809,0.0793951,2.394,2.5988
-1.00032,0.0793951,2.394,2.5958
-0.992548,0.0793951,2.394,2.59282
-0.984778,0.0793951,2.394,2.58985
-0.970069,0.0788313,2.377,2.56854
-0.962354,0.0788313,2.377,2.56563
-0.954639,0.0788313,2.377,2.56275
-0.946924,0.0788313,2.377,2.55988
-0.939209,0.0788313,2.377,2.55704
-0.931494,0.0788313,2.377,2.55422
-0.923778,0.0788313,2.377,2.55141
-0.916063,0.0788313,2.377,2.54863
-0.908348,0.0788313,2.377,2.54587
-0.900633,0.0788313,2.377,2.54312
-0.892918,0.0788313,2.377,2.5404
-0.885203,0.0788313,2.377,2.5377
-0.877488,0.0788313,2.377,2.53502
-0.875993,0.0793951,2.394,2.55047
-0.868223,0.0793951,2.394,2.54781
-0.860452,0.0793951,2.394,2.54518
-0.852682,0.0793951,2.394,2.54256
-0.844912,0.0793951,2.394,2.53996
-0.837141,0.0793951,2.394,2.53739
-0.829371,0.0793951,2.394,2.53484
-0.821601,0.0793951,2.394,2.5323
-0.819609,0.0799589,2.411,2.54776
-0.811784,0.0799589,2.411,2.54525
-0.803958,0.0799589,2.411,2.54277
-0.796133,0.0799589,2.411,2.5403
-0.788307,0.0799589,2.411,2.53786
-0.785985,0.0805227,2.428,2.55332
-0.778104,0.0805227,2.428,2.5509
-0.770224,0.0805227,2.428,2.54851
-0.762343,0.0805227,2.428,2.54614
-0.754462,0.0805227,2.428,2.54379
-0.746581,0.0805227,2.428,2.54147
-0.738701,0.0805227,2.428,2.53916
-0.73082,0.0805227,2.428,2.53688
-0.722939,0.0805227,2.428,2.53462
-0.715059,0.0805227,2.428,2.53239
-0.712129,0.0810865,2.445,2.54789
-0.704194,0.0810865,2.445,2.54568
-0.696258,0.0810865,2.445,2.5435
-0.688322,0.0810865,2.445,2.54134
-0.680386,0.0810865,2.445,2.5392
-0.67245,0.0810865,2.445,2.53708
-0.664514,0.0810865,2.445,2.53499
-0.656578,0.0810865,2.445,2.53292
-0.653418,0.0816835,2.463,2.54951
-0.645424,0.0816835,2.463,2.54747
-0.637429,0.0816835,2.463,2.54546
-0.629435,0.0816835,2.463,2.54347
-0.621441,0.0816835,2.463,2.5415
-0.613446,0.0816835,2.463,2.53956
-0.605452,0.0816835,2.463,2.53764
-0.597458,0.0816835,2.463,2.53574
-0.589464,0.0816835,2.463,2.53387
-0.581469,0.0816835,2.463,2.53202
-0.573475,0.0816835,2.463,2.5302
-0.565481,0.0816835,2.463,2.5284
-0.557486,0.0816835,2.463,2.52662
-0.549492,0.0816835,2.463,2.52487
-0.541498,0.0816835,2.463,2.52314
-0.537403,0.0822804,2.481,2.53987
-0.52935,0.0822804,2.481,2.53818
-0.521297,0.0822804,2.481,2.53651
-0.513244,0.0822804,2.481,2.53487
-0.505192,0.0822804,2.481,2.53325
-0.497139,0.0822804,2.481,2.53166
-0.489086,0.0822804,2.481,2.53009
-0.481034,0.0822804,2.481,2.52854
-0.472981,0.0822804,2.481,2.52702
-0.468301,0.0828774,2.499,2.54385
-0.46019,0.0828774,2.499,2.54237
-0.452079,0.0828774,2.499,2.54091
-0.443968,0.0828774,2.499,2.53948
-0.438996,0.0834743,2.517,2.55636
-0.430827,0.0834743,2.517,2.55497
-0.422657,0.0834743,2.517,2.5536
-0.414487,0.0834743,2.517,2.55227
-0.406318,0.0834743,2.517,2.55095
-0.401154,0.0841044,2.536,2.56891
-0.392923,0.0841044,2.536,2.56764
-0.384691,0.0841044,2.536,2.56639
-0.37646,0.0841044,2.536,2.56517
-0.368229,0.0841044,2.536,2.56397
-0.359998,0.0841044,2.536,2.5628
-0.351766,0.0841044,2.536,2.56166
-0.346109,0.0847346,2.555,2.57973
-0.337816,0.0847346,2.555,2.57863
-0.329523,0.0847346,2.555,2.57756
-0.318842,0.0841044,2.536,2.55735
-0.31061,0.0841044,2.536,2.55633
-0.302379,0.0841044,2.536,2.55535
-0.294148,0.0841044,2.536,2.55439
-0.285917,0.0841044,2.536,2.55345
-0.277685,0.0841044,2.536,2.55254
-0.267435,0.0834743,2.517,2.53254
-0.257412,0.0828774,2.499,2.51359
-0.249301,0.0828774,2.499,2.51277
-0.24119,0.0828774,2.499,2.51198
-0.233078,0.0828774,2.499,2.51121
-0.224967,0.0828774,2.499,2.51047
-0.216856,0.0828774,2.499,2.50976
-0.207241,0.0822804,2.481,2.491
-0.199189,0.0822804,2.481,2.49034
-0.191136,0.0822804,2.481,2.48971
-0.183083,0.0822804,2.481,2.48911
-0.175031,0.0822804,2.481,2.48853
-0.166978,0.0822804,2.481,2.48797
-0.158925,0.0822804,2.481,2.48745
-0.150872,0.0822804,2.481,2.48694
-0.14282,0.0822804,2.481,2.48647
-0.134767,0.0822804,2.481,2.48602
-0.127634,0.0828774,2.499,2.50363
-0.119523,0.0828774,2.499,2.50323
-0.111411,0.0828774,2.499,2.50285
-0.1033,0.0828774,2.499,2.50251
-0.0958747,0.0834743,2.517,2.52021
-0.0883672,0.0841044,2.536,2.53893
-0.080136,0.0841044,2.536,2.53866
-0.0719048,0.0841044,2.536,2.53841
-0.0636736,0.0841044,2.536,2.53819
-0.0554423,0.0841044,2.536,2.538
-0.0475648,0.0847346,2.555,2.55685
-0.0392719,0.0847346,2.555,2.55671
-0.030979,0.0847346,2.555,2.55659
-0.0226861,0.0847346,2.555,2.55651
-0.0143932,0.0847346,2.555,2.55645
-0.00610034,0.0847346,2.555,2.55641
0.00217625,0.0841044,2.536,2.5374
0.0104075,0.0841044,2.536,2.53742
0.0186387,0.0841044,2.536,2.53746
0.0266686,0.0834743,2.517,2.51853
0.0348382,0.0834743,2.517,2.51863
0.0430077,0.0834743,2.517,2.51875
0.0508113,0.0828774,2.499,2.50089
0.0589224,0.0828774,2.499,2.50107
0.0670336,0.0828774,2.499,2.50127
0.0751447,0.0828774,2.499,2.5015
0.0832558,0.0828774,2.499,2.50176
0.091367,0.0828774,2.499,2.50204
0.0994781,0.0828774,2.499,2.50235
0.107589,0.0828774,2.499,2.50269
0.116534,0.0834743,2.517,2.52108
0.124703,0.0834743,2.517,2.52147
0.132873,0.0834743,2.517,2.52189
0.141042,0.0834743,2.517,2.52233
0.149212,0.0834743,2.517,2.5228
0.157382,0.0834743,2.517,2.5233
0.166801,0.0841044,2.536,2.54287
0.175032,0.0841044,2.536,2.54342
0.183263,0.0841044,2.536,2.544
0.191494,0.0841044,2.536,2.54461
0.199726,0.0841044,2.536,2.54524
0.207957,0.0841044,2.536,2.5459
0.216188,0.0841044,2.536,2.54659
0.222738,0.0834743,2.517,2.52821
0.230908,0.0834743,2.517,2.52895
0.239077,0.0834743,2.517,2.52971
0.247247,0.0834743,2.517,2.53049
0.255416,0.0834743,2.517,2.5313
0.261701,0.0828774,2.499,2.51403
0.269812,0.0828774,2.499,2.51489
0.277923,0.0828774,2.499,2.51577
0.283974,0.0822804,2.481,2.49855
0.292027,0.0822804,2.481,2.49948
0.297902,0.0816835,2.463,2.48229
0.305896,0.0816835,2.463,2.48327
0.313891,0.0816835,2.463,2.48426
0.319533,0.0810865,2.445,2.46712
0.327469,0.0810865,2.445,2.46816
0.335404,0.0810865,2.445,2.46923
0.340953,0.0805227,2.428,2.45314
0.348834,0.0805227,2.428,2.45425
0.356714,0.0805227,2.428,2.45538
0.364595,0.0805227,2.428,2.45654
0.375084,0.0810865,2.445,2.47493
0.38302,0.0810865,2.445,2.47615
0.390955,0.0810865,2.445,2.47739
0.398891,0.0810865,2.445,2.47865
0.406827,0.0810865,2.445,2.47994
0.414763,0.0810865,2.445,2.48126
0.422699,0.0810865,2.445,2.48259
0.433805,0.0816835,2.463,2.50224
0.441799,0.0816835,2.463,2.50364
0.449794,0.0816835,2.463,2.50507
0.457788,0.0816835,2.463,2.50651
0.465782,0.0816835,2.463,2.50799
0.473776,0.0816835,2.463,2.50948
0.481771,0.0816835,2.463,2.511
0.489765,0.0816835,2.463,2.51255
0.497759,0.0816835,2.463,2.51412
0.505754,0.0816835,2.463,2.51572
0.517502,0.0822804,2.481,2.53573
0.525555,0.0822804,2.481,2.53739
0.533608,0.0822804,2.481,2.53907
0.541661,0.0822804,2.481,2.54077
0.549713,0.0822804,2.481,2.5425
0.557766,0.0822804,2.481,2.54426
0.565819,0.0822804,2.481,2.54603
0.573871,0.0822804,2.481,2.54783
0.586146,0.0828774,2.499,2.56816
0.594257,0.0828774,2.499,2.57002
0.602368,0.0828774,2.499,2.57191
0.610479,0.0828774,2.499,2.57382
0.618591,0.0828774,2.499,2.57576
0.626702,0.0828774,2.499,2.57772
0.634813,0.0828774,2.499,2.5797
0.642924,0.0828774,2.499,2.58171
0.651035,0.0828774,2.499,2.58374
0.659146,0.0828774,2.499,2.5858
0.667257,0.0828774,2.499,2.58788
0.675369,0.0828774,2.499,2.58998
0.68348,0.0828774,2.499,2.59211
0.691591,0.0828774,2.499,2.59426
0.694662,0.0822804,2.481,2.57773
0.702715,0.0822804,2.481,2.57991
0.710768,0.0822804,2.481,2.58212
0.71882,0.0822804,2.481,2.58434
0.726873,0.0822804,2.481,2.5866
0.734926,0.0822804,2.481,2.58887
0.742978,0.0822804,2.481,2.59117
0.751031,0.0822804,2.481,2.59349
0.759084,0.0822804,2.481,2.59583
0.767137,0.0822804,2.481,2.5982
0.775189,0.0822804,2.481,2.60059
0.783242,0.0822804,2.481,2.603
0.791295,0.0822804,2.481,2.60543
0.793548,0.0816835,2.463,2.58897
0.801542,0.0816835,2.463,2.59143
0.809537,0.0816835,2.463,2.59391
0.817531,0.0816835,2.463,2.59642
0.825525,0.0816835,2.463,2.59895
0.833519,0.0816835,2.463,2.6015
0.841514,0.0816835,2.463,2.60407
0.855716,0.0822804,2.481,2.62572
0.863769,0.0822804,2.481,2.62835
0.871822,0.0822804,2.481,2.63101
0.879874,0.0822804,2.481,2.63369
0.887927,0.0822804,2.481,2.63639
0.89598,0.0822804,2.481,2.63911
0.904033,0.0822804,2.481,2.64186
0.912085,0.0822804,2.481,2.64462
0.913462,0.0816835,2.463,2.6282
0.921457,0.0816835,2.463,2.63099
0.929451,0.0816835,2.463,2.6338
0.937445,0.0816835,2.463,2.63664
0.93853,0.0810865,2.445,2.6202
0.946466,0.0810865,2.445,2.62305
0.954402,0.0810865,2.445,2.62593
0.962338,0.0810865,2.445,2.62882
0.970273,0.0810865,2.445,2.63174
0.978209,0.0810865,2.445,2.63467
0.986145,0.0810865,2.445,2.63763
0.994081,0.0810865,2.445,2.64061
1.00939,0.0816835,2.463,2.66307
1.01739,0.0816835,2.463,2.66611
1.02538,0.0816835,2.463,2.66917
1.04093,0.0822804,2.481,2.69178
1.04898,0.0822804,2.481,2.6949
1.0647,0.0828774,2.499,2.71762
1.08054,0.0834743,2.517,2.74041
1.08871,0.0834743,2.517,2.74364
1.09688,0.0834743,2.517,2.74689
1.11339,0.0841044,2.536,2.77092
1.13003,0.0847346,2.555,2.79503
1.13832,0.0847346,2.555,2.79839
1.16367,0.0859948,2.593,2.84344
1.18112,0.0866581,2.613,2.86885
1.1896,0.0866581,2.613,2.87236
1.20725,0.0873214,2.633,2.89789
1.2255,0.0880178,2.654,2.9246
1.23411,0.0880178,2.654,2.92822
1.24273,0.0880178,2.654,2.93186
1.26124,0.0887143,2.675,2.95875
1.26992,0.0887143,2.675,2.96247
1.27861,0.0887143,2.675,2.9662
1.28729,0.0887143,2.675,2.96995
1.29597,0.0887143,2.675,2.97372
1.30465,0.0887143,2.675,2.97752
1.30303,0.0880178,2.654,2.95793
1.31164,0.0880178,2.654,2.96173
1.30981,0.0873214,2.633,2.94209
1.31835,0.0873214,2.633,2.94591
1.33748,0.0880178,2.654,2.97327
1.3461,0.0880178,2.654,2.97715
1.36543,0.0887143,2.675,3.00465
1.39569,0.0901072,2.717,3.05584
1.42725,0.0915664,2.761,3.10943
1.43621,0.0915664,2.761,3.11355
1.46873,0.0930588,2.806,3.16851
1.50259,0.0946175,2.853,3.22589
1.51185,0.0946175,2.853,3.23021
1.5467,0.0962094,2.901,3.28897
1.58294,0.0978676,2.951,3.35017
1.62058,0.0995921,3.003,3.41383
1.63032,0.0995921,3.003,3.41846
1.66956,0.101383,3.057,3.48468
1.69432,0.102278,3.084,3.52026
1.70433,0.102278,3.084,3.52509
1.71434,0.102278,3.084,3.52994
1.74,0.103207,3.112,3.56691
1.75011,0.103207,3.112,3.57184
1.74437,0.102278,3.084,3.54462
1.75438,0.102278,3.084,3.54956
1.76439,0.102278,3.084,3.55452
1.75886,0.101383,3.057,3.52833
1.76879,0.101383,3.057,3.53329
1.77871,0.101383,3.057,3.53827
1.77283,0.100488,3.03,3.51197
1.78267,0.100488,3.03,3.51695
1.7925,0.100488,3.03,3.52194
1.77081,0.0987299,2.977,3.46526
1.76492,0.0978676,2.951,3.4399
1.7745,0.0978676,2.951,3.44483
1.76897,0.0970385,2.926,3.42055
1.76327,0.0962094,2.901,3.3962
1.77268,0.0962094,2.901,3.4011
1.76736,0.0954134,2.877,3.37784
1.76187,0.0946175,2.853,3.35451
1.77113,0.0946175,2.853,3.35939
1.75106,0.0930588,2.806,3.30885
1.73194,0.0915664,2.761,3.26054
1.7409,0.0915664,2.761,3.26531
1.72198,0.0901072,2.717,3.21798
1.70404,0.0887143,2.675,3.17289
1.68583,0.0873214,2.633,3.12768
1.69438,0.0873214,2.633,3.13229
1.67706,0.0859948,2.593,3.08927
1.66077,0.0847346,2.555,3.0485
1.66906,0.0847346,2.555,3.05303
1.66488,0.0841044,2.536,3.03483
1.66058,0.0834743,2.517,3.01658
1.66875,0.0834743,2.517,3.02109
1.66493,0.0828774,2.499,3.00397
1.66099,0.0822804,2.481,2.98681
1.66904,0.0822804,2.481,2.99129
1.67709,0.0822804,2.481,2.99579
1.67292,0.0816835,2.463,2.97854
-1.94661,0.102164,2.806,3.41663
-1.92163,0.101326,2.783,3.38349
-1.91259,0.101326,2.783,3.37837
-1.90356,0.101326,2.783,3.37326
-1.87955,0.100525,2.761,3.34155
-1.87059,0.100525,2.761,3.33651
-1.86163,0.100525,2.761,3.3315
-1.8379,0.0997244,2.739,3.29999
-1.82901,0.0997244,2.739,3.29505
-1.82012,0.0997244,2.739,3.29012
-1.7828,0.0981588,2.696,3.23364
-1.77405,0.0981588,2.696,3.22882
-1.7653,0.0981588,2.696,3.22402
-1.72918,0.0966296,2.654,3.16909
-1.70695,0.095865,2.633,3.13936
-1.69841,0.095865,2.633,3.13472
-1.67703,0.0951369,2.613,3.10632
-1.65577,0.0944087,2.593,3.07801
-1.64736,0.0944087,2.593,3.07349
-1.63894,0.0944087,2.593,3.06899
-1.63052,0.0944087,2.593,3.0645
-1.61022,0.0937169,2.574,3.03761
-1.60187,0.0937169,2.574,3.03319
-1.59351,0.0937169,2.574,3.02879
-1.60918,0.0951369,2.613,3.07022
-1.60069,0.0951369,2.613,3.06579
-1.59221,0.0951369,2.613,3.06137
-1.59585,0.095865,2.633,3.08036
-1.59997,0.0966296,2.654,3.10048
-1.59135,0.0966296,2.654,3.09604
-1.59526,0.0973942,2.675,3.11608
-1.58658,0.0973942,2.675,3.11165
-1.5779,0.0973942,2.675,3.10723
-1.56922,0.0973942,2.675,3.10283
-1.56053,0.0973942,2.675,3.09845
-1.55185,0.0973942,2.675,3.09408
-1.51894,0.095865,2.633,3.04123
-1.51039,0.095865,2.633,3.03697
-1.50185,0.095865,2.633,3.03273
-1.48196,0.0951369,2.613,3.0055
-1.4622,0.0944087,2.593,2.97835
-1.45378,0.0944087,2.593,2.97423
-1.42419,0.0930251,2.555,2.9266
-1.41589,0.0930251,2.555,2.92257
-1.39713,0.0923334,2.536,2.89686
-1.3889,0.0923334,2.536,2.8929
-1.38067,0.0923334,2.536,2.88896
-1.37244,0.0923334,2.536,2.88503
-1.36421,0.0923334,2.536,2.88113
-1.35598,0.0923334,2.536,2.87724
-1.34774,0.0923334,2.536,2.87337
-1.34955,0.0930251,2.555,2.89101
-1.34126,0.0930251,2.555,2.88715
-1.33296,0.0930251,2.555,2.88331
-1.32467,0.0930251,2.555,2.87948
-1.31638,0.0930251,2.555,2.87568
-1.30808,0.0930251,2.555,2.87189
-1.29979,0.0930251,2.555,2.86812
-1.2915,0.0930251,2.555,2.86438
-1.27366,0.0923334,2.536,2.83937
-1.25595,0.0916416,2.517,2.81445
-1.24778,0.0916416,2.517,2.81081
-1.23075,0.0909862,2.499,2.78712
-1.21383,0.0903309,2.481,2.7635
-1.20578,0.0903309,2.481,2.75997
-1.18904,0.0896755,2.463,2.73646
-1.17241,0.0890201,2.445,2.71302
-1.16447,0.0890201,2.445,2.7096
-1.15654,0.0890201,2.445,2.7062
-1.14062,0.0884012,2.428,2.68403
-1.1248,0.0877822,2.411,2.66192
-1.11698,0.0877822,2.411,2.65862
-1.10915,0.0877822,2.411,2.65534
-1.09356,0.0871633,2.394,2.63338
-1.08579,0.0871633,2.394,2.63017
-1.07802,0.0871633,2.394,2.62697
-1.07025,0.0871633,2.394,2.62379
-1.06248,0.0871633,2.394,2.62063
-1.05471,0.0871633,2.394,2.61749
-1.04694,0.0871633,2.394,2.61437
-1.03917,0.0871633,2.394,2.61127
-1.0314,0.0871633,2.394,2.60818
-1.02363,0.0871633,2.394,2.60512
-1.01586,0.0871633,2.394,2.60208
-1.00809,0.0871633,2.394,2.59905
-1.00032,0.0871633,2.394,2.59605
-0.992548,0.0871633,2.394,2.59306
-0.984778,0.0871633,2.394,2.5901
-0.977007,0.0871633,2.394,2.58716
-0.962354,0.0865443,2.377,2.56588
-0.954639,0.0865443,2.377,2.563
-0.946924,0.0865443,2.377,2.56013
-0.939209,0.0865443,2.377,2.55729
-0.931494,0.0865443,2.377,2.55447
-0.923778,0.0865443,2.377,2.55166
-0.916063,0.0865443,2.377,2.54888
-0.908348,0.0865443,2.377,2.54612
-0.907074,0.0871633,2.394,2.56157
-0.899304,0.0871633,2.394,2.55882
-0.891534,0.0871633,2.394,2.5561
-0.883763,0.0871633,2.394,2.5534
-0.875993,0.0871633,2.394,2.55072
-0.868223,0.0871633,2.394,2.54807
-0.860452,0.0871633,2.394,2.54543
-0.852682,0.0871633,2.394,2.54281
-0.844912,0.0871633,2.394,2.54022
-0.837141,0.0871633,2.394,2.53764
-0.83526,0.0877822,2.411,2.55309
-0.827435,0.0877822,2.411,2.55054
-0.819609,0.0877822,2.411,2.54802
-0.811784,0.0877822,2.411,2.54551
-0.803958,0.0877822,2.411,2.54303
-0.796133,0.0877822,2.411,2.54056
-0.788307,0.0877822,2.411,2.53812
-0.785985,0.0884012,2.428,2.55358
-0.778104,0.0884012,2.428,2.55117
-0.770224,0.0884012,2.428,2.54877
-0.762343,0.0884012,2.428,2.5464
-0.754462,0.0884012,2.428,2.54405
-0.746581,0.0884012,2.428,2.54173
-0.738701,0.0884012,2.428,2.53942
-0.73082,0.0884012,2.428,2.53714
-0.728001,0.0890201,2.445,2.55263
-0.720065,0.0890201,2.445,2.55038
-0.712129,0.0890201,2.445,2.54815
-0.704194,0.0890201,2.445,2.54595
-0.696258,0.0890201,2.445,2.54376
-0.688322,0.0890201,2.445,2.5416
-0.680386,0.0890201,2.445,2.53946
-0.677401,0.0896755,2.463,2.55603
-0.669406,0.0896755,2.463,2.55392
-0.661412,0.0896755,2.463,2.55184
-0.653418,0.0896755,2.463,2.54978
-0.645424,0.0896755,2.463,2.54774
-0.637429,0.0896755,2.463,2.54573
-0.629435,0.0896755,2.463,2.54374
-0.621441,0.0896755,2.463,2.54177
-0.613446,0.0896755,2.463,2.53983
-0.605452,0.0896755,2.463,2.53791
-0.597458,0.0896755,2.463,2.53601
-0.589464,0.0896755,2.463,2.53414
-0.581469,0.0896755,2.463,2.53229
-0.573475,0.0896755,2.463,2.53047
-0.565481,0.0896755,2.463,2.52867
-0.561561,0.0903309,2.481,2.54536
-0.553508,0.0903309,2.481,2.5436
-0.545455,0.0903309,2.481,2.54186
-0.537403,0.0903309,2.481,2.54014
-0.52935,0.0903309,2.481,2.53845
-0.521297,0.0903309,2.481,2.53678
-0.513244,0.0903309,2.481,2.53514
-0.505192,0.0903309,2.481,2.53352
-0.497139,0.0903309,2.481,2.53193
-0.492635,0.0909862,2.499,2.54872
-0.484524,0.0909862,2.499,2.54716
-0.476412,0.0909862,2.499,2.54563
-0.468301,0.0909862,2.499,2.54413
-0.46019,0.0909862,2.499,2.54265
-0.452079,0.0909862,2.499,2.54119
-0.443968,0.0909862,2.499,2.53976
-0.438996,0.0916416,2.517,2.55664
-0.430827,0.0916416,2.517,2.55525
-0.422657,0.0916416,2.517,2.55388
-0.414487,0.0916416,2.517,2.55255
-0.406318,0.0916416,2.517,2.55123
-0.401154,0.0923334,2.536,2.56919
-0.392923,0.0923334,2.536,2.56792
-0.384691,0.0923334,2.536,2.56667
-0.37646,0.0923334,2.536,2.56545
-0.368229,0.0923334,2.536,2.56426
-0.359998,0.0923334,2.536,2.56309
-0.351766,0.0923334,2.536,2.56194
-0.346109,0.0930251,2.555,2.58001
-0.337816,0.0930251,2.555,2.57891
-0.329523,0.0930251,2.555,2.57784
-0.318842,0.0923334,2.536,2.55763
-0.31061,0.0923334,2.536,2.55662
-0.302379,0.0923334,2.536,2.55563
-0.294148,0.0923334,2.536,2.55467
-0.285917,0.0923334,2.536,2.55374
-0.277685,0.0923334,2.536,2.55283
-0.267435,0.0916416,2.517,2.53283
-0.259266,0.0916416,2.517,2.53198
-0.251096,0.0916416,2.517,2.53115
-0.24119,0.0909862,2.499,2.51226
-0.233078,0.0909862,2.499,2.51149
-0.224967,0.0909862,2.499,2.51075
-0.216856,0.0909862,2.499,2.51004
-0.208745,0.0909862,2.499,2.50935
-0.200634,0.0909862,2.499,2.50869
-0.192523,0.0909862,2.499,2.50806
-0.184412,0.0909862,2.499,2.50745
-0.1763,0.0909862,2.499,2.50686
-0.168189,0.0909862,2.499,2.50631
-0.160078,0.0909862,2.499,2.50577
-0.151967,0.0909862,2.499,2.50527
-0.143856,0.0909862,2.499,2.50479
-0.135745,0.0909862,2.499,2.50434
-0.127634,0.0909862,2.499,2.50391
-0.119523,0.0909862,2.499,2.50351
-0.111411,0.0909862,2.499,2.50314
-0.1033,0.0909862,2.499,2.50279
-0.0958747,0.0916416,2.517,2.52049
-0.0883672,0.0923334,2.536,2.53922
-0.080136,0.0923334,2.536,2.53895
-0.0719048,0.0923334,2.536,2.5387
-0.0636736,0.0923334,2.536,2.53848
-0.0554423,0.0923334,2.536,2.53829
-0.0475648,0.0930251,2.555,2.55714
-0.0392719,0.0930251,2.555,2.55699
-0.030979,0.0930251,2.555,2.55688
-0.0226861,0.0930251,2.555,2.55679
-0.0142862,0.0923334,2.536,2.53772
-0.00605498,0.0923334,2.536,2.53769
0.00217625,0.0923334,2.536,2.53768
0.0103295,0.0916416,2.517,2.51869
0.0184991,0.0916416,2.517,2.51874
0.0266686,0.0916416,2.517,2.51881
0.0348382,0.0916416,2.517,2.51891
0.0430077,0.0916416,2.517,2.51904
0.0508113,0.0909862,2.499,2.50117
0.0589224,0.0909862,2.499,2.50135
0.0670336,0.0909862,2.499,2.50155
0.0751447,0.0909862,2.499,2.50178
0.0832558,0.0909862,2.499,2.50204
0.091367,0.0909862,2.499,2.50232
0.0994781,0.0909862,2.499,2.50263
0.107589,0.0909862,2.499,2.50297
0.116534,0.0916416,2.517,2.52136
0.124703,0.0916416,2.517,2.52175
0.132873,0.0916416,2.517,2.52217
0.141042,0.0916416,2.517,2.52261
0.149212,0.0916416,2.517,2.52308
0.157382,0.0916416,2.517,2.52358
0.166801,0.0923334,2.536,2.54316
0.175032,0.0923334,2.536,2.54371
0.183263,0.0923334,2.536,2.54429
0.191494,0.0923334,2.536,2.5449
0.199726,0.0923334,2.536,2.54553
0.207957,0.0923334,2.536,2.54619
0.216188,0.0923334,2.536,2.54687
0.222738,0.0916416,2.517,2.5285
0.230908,0.0916416,2.517,2.52923
0.239077,0.0916416,2.517,2.52999
0.247247,0.0916416,2.517,2.53077
0.255416,0.0916416,2.517,2.53159
0.261701,0.0909862,2.499,2.51431
0.269812,0.0909862,2.499,2.51517
0.277923,0.0909862,2.499,2.51605
0.283974,0.0903309,2.481,2.49883
0.292027,0.0903309,2.481,2.49976
0.297902,0.0896755,2.463,2.48257
0.305896,0.0896755,2.463,2.48354
0.313891,0.0896755,2.463,2.48454
0.321885,0.0896755,2.463,2.48556
0.329879,0.0896755,2.463,2.48661
0.335404,0.0890201,2.445,2.4695
0.34334,0.0890201,2.445,2.47059
0.351276,0.0890201,2.445,2.47171
0.359212,0.0890201,2.445,2.47285
0.367148,0.0890201,2.445,2.47401
0.375084,0.0890201,2.445,2.4752
0.38302,0.0890201,2.445,2.47642
0.390955,0.0890201,2.445,2.47766
0.398891,0.0890201,2.445,2.47892
0.406827,0.0890201,2.445,2.48021
0.414763,0.0890201,2.445,2.48153
0.425811,0.0896755,2.463,2.50114
0.433805,0.0896755,2.463,2.50252
0.441799,0.0896755,2.463,2.50392
0.449794,0.0896755,2.463,2.50534
0.457788,0.0896755,2.463,2.50679
0.465782,0.0896755,2.463,2.50826
0.473776,0.0896755,2.463,2.50976
0.485292,0.0903309,2.481,2.52963
0.493344,0.0903309,2.481,2.53119
0.501397,0.0903309,2.481,2.53277
0.50945,0.0903309,2.481,2.53438
0.517502,0.0903309,2.481,2.53601
0.525555,0.0903309,2.481,2.53766
0.533608,0.0903309,2.481,2.53934
0.541661,0.0903309,2.481,2.54105
0.549713,0.0903309,2.481,2.54278
0.557766,0.0903309,2.481,2.54453
0.565819,0.0903309,2.481,2.54631
0.573871,0.0903309,2.481,2.54811
0.581924,0.0903309,2.481,2.54993
0.589977,0.0903309,2.481,2.55178
0.602368,0.0909862,2.499,2.57218
0.610479,0.0909862,2.499,2.5741
0.618591,0.0909862,2.499,2.57603
0.626702,0.0909862,2.499,2.57799
0.634813,0.0909862,2.499,2.57997
0.642924,0.0909862,2.499,2.58198
0.651035,0.0909862,2.499,2.58401
0.659146,0.0909862,2.499,2.58607
0.667257,0.0909862,2.499,2.58815
0.675369,0.0909862,2.499,2.59025
0.68348,0.0909862,2.499,2.59238
0.686609,0.0903309,2.481,2.57584
0.694662,0.0903309,2.481,2.578
0.702715,0.0903309,2.481,2.58018
0.710768,0.0903309,2.481,2.58239
0.71882,0.0903309,2.481,2.58461
0.726873,0.0903309,2.481,2.58686
0.729594,0.0896755,2.463,2.57035
0.737588,0.0896755,2.463,2.57263
0.745582,0.0896755,2.463,2.57494
0.753577,0.0896755,2.463,2.57726
0.761571,0.0896755,2.463,2.57961
0.769565,0.0896755,2.463,2.58198
0.777559,0.0896755,2.463,2.58438
0.785554,0.0896755,2.463,2.58679
0.793548,0.0896755,2.463,2.58923
0.801542,0.0896755,2.463,2.59169
0.809537,0.0896755,2.463,2.59418
0.817531,0.0896755,2.463,2.59668
0.831558,0.0903309,2.481,2.61821
0.839611,0.0903309,2.481,2.62078
0.847664,0.0903309,2.481,2.62337
0.855716,0.0903309,2.481,2.62598
0.863769,0.0903309,2.481,2.62862
0.871822,0.0903309,2.481,2.63127
0.879874,0.0903309,2.481,2.63395
0.887927,0.0903309,2.481,2.63665
0.89598,0.0903309,2.481,2.63938
0.904033,0.0903309,2.481,2.64212
0.912085,0.0903309,2.481,2.64489
0.913462,0.0896755,2.463,2.62846
0.921457,0.0896755,2.463,2.63125
0.929451,0.0896755,2.463,2.63406
0.937445,0.0896755,2.463,2.63689
0.93853,0.0890201,2.445,2.62046
0.946466,0.0890201,2.445,2.62331
0.954402,0.0890201,2.445,2.62618
0.962338,0.0890201,2.445,2.62908
0.970273,0.0890201,2.445,2.63199
0.978209,0.0890201,2.445,2.63493
0.986145,0.0890201,2.445,2.63788
0.994081,0.0890201,2.445,2.64086
1.00939,0.0896755,2.463,2.66332
1.01739,0.0896755,2.463,2.66636
1.02538,0.0896755,2.463,2.66942
1.04093,0.0903309,2.481,2.69204
1.04898,0.0903309,2.481,2.69516
1.0647,0.0909862,2.499,2.71788
1.08054,0.0916416,2.517,2.74067
1.08871,0.0916416,2.517,2.7439
1.09688,0.0916416,2.517,2.74715
1.12173,0.0930251,2.555,2.79195
1.13843,0.0937169,2.574,2.81608
1.14678,0.0937169,2.574,2.81946
1.16367,0.0944087,2.593,2.84371
1.18112,0.0951369,2.613,2.86912
1.1896,0.0951369,2.613,2.87263
1.20725,0.095865,2.633,2.89816
1.2255,0.0966296,2.654,2.92488
1.23411,0.0966296,2.654,2.9285
1.24273,0.0966296,2.654,2.93214
1.26124,0.0973942,2.675,2.95903
1.26992,0.0973942,2.675,2.96274
1.27861,0.0973942,2.675,2.96647
1.28729,0.0973942,2.675,2.97022
1.29597,0.0973942,2.675,2.974
1.30465,0.0973942,2.675,2.97779
1.30303,0.0966296,2.654,2.9582
1.31164,0.0966296,2.654,2.962
1.30981,0.095865,2.633,2.94236
1.31835,0.095865,2.633,2.94617
1.33748,0.0966296,2.654,2.97354
1.3461,0.0966296,2.654,2.97742
1.36543,0.0973942,2.675,3.00491
1.39569,0.0989234,2.717,3.05611
1.42725,0.100525,2.761,3.10971
1.43621,0.100525,2.761,3.11383
1.46873,0.102164,2.806,3.16879
1.50259,0.103875,2.853,3.22617
1.51185,0.103875,2.853,3.23049
1.5467,0.105623,2.901,3.28926
1.58294,0.107443,2.951,3.35047
1.62058,0.109336,3.003,3.41412
1.63032,0.109336,3.003,3.41876
1.66956,0.111302,3.057,3.48498
1.69432,0.112286,3.084,3.52057
1.70433,0.112286,3.084,3.52539
1.71434,0.112286,3.084,3.53024
1.72435,0.112286,3.084,3.53512
1.73436,0.112286,3.084,3.54001
1.74437,0.112286,3.084,3.54492
1.75438,0.112286,3.084,3.54986
1.76439,0.112286,3.084,3.55482
1.75886,0.111302,3.057,3.52863
1.76879,0.111302,3.057,3.53359
1.77871,0.111302,3.057,3.53856
1.77283,0.110319,3.03,3.51227
1.76678,0.109336,3.003,3.4859
1.77653,0.109336,3.003,3.49085
1.77081,0.10839,2.977,3.46555
1.74997,0.106533,2.926,3.41104
1.75947,0.106533,2.926,3.41593
1.75385,0.105623,2.901,3.3916
1.74868,0.104749,2.877,3.36838
1.75802,0.104749,2.877,3.37324
1.73787,0.103001,2.829,3.32175
1.73285,0.102164,2.806,3.29952
1.74196,0.102164,2.806,3.30431
1.72298,0.100525,2.761,3.25605
1.70434,0.0989234,2.717,3.20884
1.71316,0.0989234,2.717,3.21353
1.69536,0.0973942,2.675,3.16849
1.67729,0.095865,2.633,3.12333
1.68583,0.095865,2.633,3.12793
1.66864,0.0944087,2.593,3.08495
1.66477,0.0937169,2.574,3.06687
1.64842,0.0923334,2.536,3.02607
1.65665,0.0923334,2.536,3.03056
1.65241,0.0916416,2.517,3.01233
1.6487,0.0909862,2.499,2.99525
1.65682,0.0909862,2.499,2.99972
1.65293,0.0903309,2.481,2.98257
1.66099,0.0903309,2.481,2.98704
1.66904,0.0903309,2.481,2.99152
1.66493,0.0896755,2.463,2.97429
1.67292,0.0896755,2.463,2.97877
-1.93066,0.110357,2.783,3.38891
-1.92163,0.110357,2.783,3.38377
-1.91259,0.110357,2.783,3.37865
-1.90356,0.110357,2.783,3.37355
-1.87955,0.109484,2.761,3.34183
-1.87059,0.109484,2.761,3.3368
-1.84679,0.108612,2.739,3.30523
-1.82314,0.10774,2.717,3.27377
-1.81432,0.10774,2.717,3.26886
-1.8055,0.10774,2.717,3.26398
-1.7828,0.106907,2.696,3.23392
-1.74641,0.105241,2.654,3.1788
-1.7378,0.105241,2.654,3.17407
-1.7155,0.104409,2.633,3.14429
-1.69399,0.103616,2.613,3.11578
-1.68551,0.103616,2.613,3.11118
-1.66419,0.102823,2.593,3.08281
-1.64364,0.102069,2.574,3.05572
-1.63529,0.102069,2.574,3.05124
-1.61492,0.101316,2.555,3.02428
-1.60663,0.101316,2.555,3.01986
-1.59834,0.101316,2.555,3.01546
-1.59004,0.101316,2.555,3.01107
-1.58175,0.101316,2.555,3.0067
-1.58516,0.102069,2.574,3.02467
-1.58844,0.102823,2.593,3.04259
-1.58003,0.102823,2.593,3.03821
-1.57161,0.102823,2.593,3.03384
-1.57525,0.103616,2.613,3.05286
-1.56677,0.103616,2.613,3.04849
-1.57022,0.104409,2.633,3.06744
-1.57413,0.105241,2.654,3.0875
-1.56551,0.105241,2.654,3.08312
-1.5569,0.105241,2.654,3.07875
-1.53603,0.104409,2.633,3.05008
-1.52749,0.104409,2.633,3.04578
-1.51894,0.104409,2.633,3.04151
-1.48745,0.102823,2.593,2.99111
-1.47903,0.102823,2.593,2.98693
-1.47062,0.102823,2.593,2.98277
-1.45149,0.102069,2.574,2.95681
-1.43248,0.101316,2.555,2.93092
-1.42419,0.101316,2.555,2.92687
-1.40536,0.100562,2.536,2.90111
-1.38666,0.0998088,2.517,2.87543
-1.3785,0.0998088,2.517,2.8715
-1.37033,0.0998088,2.517,2.86759
-1.36216,0.0998088,2.517,2.86369
-1.35399,0.0998088,2.517,2.85981
-1.34582,0.0998088,2.517,2.85595
-1.34774,0.100562,2.536,2.87364
-1.33951,0.100562,2.536,2.86979
-1.33128,0.100562,2.536,2.86596
-1.32305,0.100562,2.536,2.86214
-1.32467,0.101316,2.555,2.87976
-1.31638,0.101316,2.555,2.87596
-1.30808,0.101316,2.555,2.87217
-1.29979,0.101316,2.555,2.86841
-1.3011,0.102069,2.574,2.88596
-1.27366,0.100562,2.536,2.83965
-1.26543,0.100562,2.536,2.83597
-1.2572,0.100562,2.536,2.83231
-1.23075,0.0990951,2.499,2.78739
-1.21383,0.0983813,2.481,2.76377
-1.20578,0.0983813,2.481,2.76024
-1.18904,0.0976675,2.463,2.73673
-1.18104,0.0976675,2.463,2.73327
-1.16447,0.0969537,2.445,2.70988
-1.15654,0.0969537,2.445,2.70647
-1.14062,0.0962796,2.428,2.6843
-1.1248,0.0956055,2.411,2.66219
-1.11698,0.0956055,2.411,2.65889
-1.10915,0.0956055,2.411,2.65561
-1.10133,0.0956055,2.411,2.65235
-1.0935,0.0956055,2.411,2.64911
-1.08568,0.0956055,2.411,2.64589
-1.07025,0.0949314,2.394,2.62406
-1.06248,0.0949314,2.394,2.6209
-1.05471,0.0949314,2.394,2.61776
-1.04694,0.0949314,2.394,2.61464
-1.03917,0.0949314,2.394,2.61154
-1.0314,0.0949314,2.394,2.60845
-1.02363,0.0949314,2.394,2.60539
-1.01586,0.0949314,2.394,2.60235
-1.00809,0.0949314,2.394,2.59932
-1.00032,0.0949314,2.394,2.59632
-0.992548,0.0949314,2.394,2.59334
-0.984778,0.0949314,2.394,2.59037
-0.977007,0.0949314,2.394,2.58743
-0.969237,0.0949314,2.394,2.58451
-0.961466,0.0949314,2.394,2.5816
-0.953696,0.0949314,2.394,2.57872
-0.945926,0.0949314,2.394,2.57585
-0.938156,0.0949314,2.394,2.57301
-0.930385,0.0949314,2.394,2.57019
-0.922615,0.0949314,2.394,2.56739
-0.914845,0.0949314,2.394,2.5646
-0.907074,0.0949314,2.394,2.56184
-0.899304,0.0949314,2.394,2.5591
-0.891534,0.0949314,2.394,2.55638
-0.883763,0.0949314,2.394,2.55368
-0.875993,0.0949314,2.394,2.551
-0.868223,0.0949314,2.394,2.54834
-0.860452,0.0949314,2.394,2.54571
-0.858737,0.0956055,2.411,2.56115
-0.850911,0.0956055,2.411,2.55854
-0.843086,0.0956055,2.411,2.55594
-0.83526,0.0956055,2.411,2.55337
-0.827435,0.0956055,2.411,2.55083
-0.819609,0.0956055,2.411,2.5483
-0.817508,0.0962796,2.428,2.56374
-0.809627,0.0962796,2.428,2.56124
-0.801746,0.0962796,2.428,2.55876
-0.793866,0.0962796,2.428,2.5563
-0.785985,0.0962796,2.428,2.55387
-0.778104,0.0962796,2.428,2.55145
-0.770224,0.0962796,2.428,2.54906
-0.762343,0.0962796,2.428,2.54669
-0.754462,0.0962796,2.428,2.54434
-0.751809,0.0969537,2.445,2.55981
-0.743873,0.0969537,2.445,2.55749
-0.735937,0.0969537,2.445,2.5552
-0.728001,0.0969537,2.445,2.55292
-0.720065,0.0969537,2.445,2.55067
-0.712129,0.0969537,2.445,2.54844
-0.704194,0.0969537,2.445,2.54624
-0.696258,0.0969537,2.445,2.54405
-0.688322,0.0969537,2.445,2.54189
-0.680386,0.0969537,2.445,2.53975
-0.677401,0.0976675,2.463,2.55632
-0.669406,0.0976675,2.463,2.55421
-0.661412,0.0976675,2.463,2.55213
-0.653418,0.0976675,2.463,2.55007
-0.645424,0.0976675,2.463,2.54803
-0.642088,0.0983813,2.481,2.56463
-0.634035,0.0983813,2.481,2.56262
-0.625982,0.0983813,2.481,2.56064
-0.61793,0.0983813,2.481,2.55869
-0.609877,0.0983813,2.481,2.55675
-0.597458,0.0976675,2.463,2.53631
-0.589464,0.0976675,2.463,2.53444
-0.581469,0.0976675,2.463,2.53259
-0.573475,0.0976675,2.463,2.53077
-0.565481,0.0976675,2.463,2.52897
-0.561561,0.0983813,2.481,2.54566
-0.553508,0.0983813,2.481,2.5439
-0.545455,0.0983813,2.481,2.54216
-0.537403,0.0983813,2.481,2.54044
-0.52935,0.0983813,2.481,2.53875
-0.521297,0.0983813,2.481,2.53708
-0.513244,0.0983813,2.481,2.53544
-0.505192,0.0983813,2.481,2.53382
-0.497139,0.0983813,2.481,2.53223
-0.489086,0.0983813,2.481,2.53066
-0.481034,0.0983813,2.481,2.52912
-0.476412,0.0990951,2.499,2.54594
-0.468301,0.0990951,2.499,2.54443
-0.46019,0.0990951,2.499,2.54295
-0.452079,0.0990951,2.499,2.54149
-0.443968,0.0990951,2.499,2.54006
-0.438996,0.0998088,2.517,2.55695
-0.430827,0.0998088,2.517,2.55556
-0.422657,0.0998088,2.517,2.55419
-0.414487,0.0998088,2.517,2.55285
-0.406318,0.0998088,2.517,2.55154
-0.401154,0.100562,2.536,2.5695
-0.392923,0.100562,2.536,2.56823
-0.384691,0.100562,2.536,2.56698
-0.37646,0.100562,2.536,2.56576
-0.368229,0.100562,2.536,2.56457
-0.359998,0.100562,2.536,2.5634
-0.351766,0.100562,2.536,2.56225
-0.343535,0.100562,2.536,2.56114
-0.335304,0.100562,2.536,2.56005
-0.327073,0.100562,2.536,2.55898
-0.318842,0.100562,2.536,2.55794
-0.31061,0.100562,2.536,2.55693
-0.302379,0.100562,2.536,2.55594
-0.294148,0.100562,2.536,2.55498
-0.285917,0.100562,2.536,2.55405
-0.277685,0.100562,2.536,2.55314
-0.267435,0.0998088,2.517,2.53314
-0.259266,0.0998088,2.517,2.53229
-0.251096,0.0998088,2.517,2.53146
-0.24119,0.0990951,2.499,2.51257
-0.233078,0.0990951,2.499,2.5118
-0.224967,0.0990951,2.499,2.51106
-0.216856,0.0990951,2.499,2.51035
-0.208745,0.0990951,2.499,2.50966
-0.200634,0.0990951,2.499,2.509
-0.192523,0.0990951,2.499,2.50836
-0.184412,0.0990951,2.499,2.50775
-0.1763,0.0990951,2.499,2.50717
-0.168189,0.0990951,2.499,2.50661
-0.160078,0.0990951,2.499,2.50608
-0.151967,0.0990951,2.499,2.50558
-0.143856,0.0990951,2.499,2.5051
-0.135745,0.0990951,2.499,2.50465
-0.127634,0.0990951,2.499,2.50422
-0.119523,0.0990951,2.499,2.50382
-0.111411,0.0990951,2.499,2.50344
-0.104044,0.0998088,2.517,2.52113
-0.0958747,0.0998088,2.517,2.5208
-0.0883672,0.100562,2.536,2.53953
-0.080136,0.100562,2.536,2.53926
-0.0719048,0.100562,2.536,2.53901
-0.0636736,0.100562,2.536,2.53879
-0.0554423,0.100562,2.536,2.5386
-0.0475648,0.101316,2.555,2.55745
-0.0392719,0.101316,2.555,2.55731
-0.030979,0.101316,2.555,2.5572
-0.0225174,0.100562,2.536,2.53809
-0.0142862,0.100562,2.536,2.53803
-0.00605498,0.100562,2.536,2.538
0.00217625,0.100562,2.536,2.53799
0.0103295,0.0998088,2.517,2.519
0.0184991,0.0998088,2.517,2.51905
0.0266686,0.0998088,2.517,2.51912
0.0348382,0.0998088,2.517,2.51922
0.0430077,0.0998088,2.517,2.51935
0.0508113,0.0990951,2.499,2.50148
0.0589224,0.0990951,2.499,2.50166
0.0670336,0.0990951,2.499,2.50186
0.0751447,0.0990951,2.499,2.50209
0.0832558,0.0990951,2.499,2.50235
0.091367,0.0990951,2.499,2.50263
0.0994781,0.0990951,2.499,2.50294
0.107589,0.0990951,2.499,2.50328
0.116534,0.0998088,2.517,2.52167
0.124703,0.0998088,2.517,2.52206
0.132873,0.0998088,2.517,2.52248
0.141042,0.0998088,2.517,2.52292
0.149212,0.0998088,2.517,2.52339
0.157382,0.0998088,2.517,2.52389
0.166801,0.100562,2.536,2.54347
0.175032,0.100562,2.536,2.54402
0.183263,0.100562,2.536,2.5446
0.191494,0.100562,2.536,2.54521
0.199726,0.100562,2.536,2.54584
0.207957,0.100562,2.536,2.5465
0.216188,0.100562,2.536,2.54718
0.222738,0.0998088,2.517,2.52881
0.230908,0.0998088,2.517,2.52954
0.239077,0.0998088,2.517,2.5303
0.247247,0.0998088,2.517,2.53108
0.255416,0.0998088,2.517,2.53189
0.261701,0.0990951,2.499,2.51462
0.269812,0.0990951,2.499,2.51548
0.277923,0.0990951,2.499,2.51636
0.286034,0.0990951,2.499,2.51727
0.292027,0.0983813,2.481,2.50006
0.300079,0.0983813,2.481,2.50102
0.308132,0.0983813,2.481,2.502
0.313891,0.0976675,2.463,2.48484
0.321885,0.0976675,2.463,2.48586
0.329879,0.0976675,2.463,2.48691
0.337874,0.0976675,2.463,2.48798
0.345868,0.0976675,2.463,2.48908
0.353862,0.0976675,2.463,2.49021
0.361856,0.0976675,2.463,2.49135
0.369851,0.0976675,2.463,2.49253
0.377845,0.0976675,2.463,2.49373
0.385839,0.0976675,2.463,2.49495
0.393834,0.0976675,2.463,2.4962
0.401828,0.0976675,2.463,2.49747
0.409822,0.0976675,2.463,2.49877
0.417816,0.0976675,2.463,2.5001
0.425811,0.0976675,2.463,2.50144
0.433805,0.0976675,2.463,2.50282
0.441799,0.0976675,2.463,2.50422
0.449794,0.0976675,2.463,2.50564
0.461134,0.0983813,2.481,2.52541
0.469186,0.0983813,2.481,2.52689
0.477239,0.0983813,2.481,2.5284
0.485292,0.0983813,2.481,2.52993
0.493344,0.0983813,2.481,2.53149
0.501397,0.0983813,2.481,2.53307
0.50945,0.0983813,2.481,2.53468
0.517502,0.0983813,2.481,2.53631
0.525555,0.0983813,2.481,2.53796
0.533608,0.0983813,2.481,2.53964
0.541661,0.0983813,2.481,2.54135
0.549713,0.0983813,2.481,2.54307
0.557766,0.0983813,2.481,2.54483
0.565819,0.0983813,2.481,2.5466
0.573871,0.0983813,2.481,2.54841
0.581924,0.0983813,2.481,2.55023
0.589977,0.0983813,2.481,2.55208
0.602368,0.0990951,2.499,2.57248
0.610479,0.0990951,2.499,2.57439
0.618591,0.0990951,2.499,2.57633
0.626702,0.0990951,2.499,2.57829
0.634813,0.0990951,2.499,2.58027
0.642924,0.0990951,2.499,2.58228
0.651035,0.0990951,2.499,2.58431
0.659146,0.0990951,2.499,2.58637
0.667257,0.0990951,2.499,2.58845
0.675369,0.0990951,2.499,2.59055
0.68348,0.0990951,2.499,2.59268
0.686609,0.0983813,2.481,2.57614
0.694662,0.0983813,2.481,2.57829
0.702715,0.0983813,2.481,2.58047
0.710768,0.0983813,2.481,2.58268
0.71882,0.0983813,2.481,2.58491
0.726873,0.0983813,2.481,2.58716
0.729594,0.0976675,2.463,2.57064
0.737588,0.0976675,2.463,2.57293
0.745582,0.0976675,2.463,2.57523
0.753577,0.0976675,2.463,2.57755
0.761571,0.0976675,2.463,2.5799
0.769565,0.0976675,2.463,2.58227
0.777559,0.0976675,2.463,2.58467
0.785554,0.0976675,2.463,2.58708
0.793548,0.0976675,2.463,2.58952
0.801542,0.0976675,2.463,2.59198
0.809537,0.0976675,2.463,2.59447
0.817531,0.0976675,2.463,2.59697
0.831558,0.0983813,2.481,2.6185
0.839611,0.0983813,2.481,2.62107
0.847664,0.0983813,2.481,2.62366
0.855716,0.0983813,2.481,2.62627
0.863769,0.0983813,2.481,2.6289
0.871822,0.0983813,2.481,2.63156
0.879874,0.0983813,2.481,2.63424
0.887927,0.0983813,2.481,2.63694
0.89598,0.0983813,2.481,2.63966
0.904033,0.0983813,2.481,2.64241
0.912085,0.0983813,2.481,2.64517
0.913462,0.0976675,2.463,2.62875
0.914722,0.0969537,2.445,2.61231
0.922658,0.0969537,2.445,2.6151
0.930594,0.0969537,2.445,2.61791
0.93853,0.0969537,2.445,2.62074
0.946466,0.0969537,2.445,2.62359
0.954402,0.0969537,2.445,2.62646
0.962338,0.0969537,2.445,2.62936
0.970273,0.0969537,2.445,2.63227
0.978209,0.0969537,2.445,2.63521
0.986145,0.0969537,2.445,2.63816
0.994081,0.0969537,2.445,2.64114
1.00939,0.0976675,2.463,2.6636
1.01739,0.0976675,2.463,2.66664
1.02538,0.0976675,2.463,2.6697
1.04093,0.0983813,2.481,2.69232
1.04898,0.0983813,2.481,2.69544
1.0647,0.0990951,2.499,2.71816
1.08054,0.0998088,2.517,2.74095
1.08871,0.0998088,2.517,2.74418
1.09688,0.0998088,2.517,2.74744
1.12173,0.101316,2.555,2.79223
1.13843,0.102069,2.574,2.81637
1.14678,0.102069,2.574,2.81975
1.16367,0.102823,2.593,2.844
1.18112,0.103616,2.613,2.86942
1.1896,0.103616,2.613,2.87292
1.20725,0.104409,2.633,2.89846
1.2255,0.105241,2.654,2.92517
1.23411,0.105241,2.654,2.92879
1.24273,0.105241,2.654,2.93243
1.25134,0.105241,2.654,2.93609
1.25995,0.105241,2.654,2.93977
1.26857,0.105241,2.654,2.94348
1.27718,0.105241,2.654,2.9472
1.2858,0.105241,2.654,2.95094
1.29441,0.105241,2.654,2.95471
1.29272,0.104409,2.633,2.93508
1.30126,0.104409,2.633,2.93886
1.30981,0.104409,2.633,2.94265
1.31835,0.104409,2.633,2.94646
1.3269,0.104409,2.633,2.9503
1.33545,0.104409,2.633,2.95415
1.35471,0.105241,2.654,2.98162
1.3849,0.106907,2.696,3.03279
1.41588,0.108612,2.739,3.08523
1.42477,0.108612,2.739,3.08932
1.45669,0.110357,2.783,3.14312
1.48995,0.112181,2.829,3.19934
1.49913,0.112181,2.829,3.20363
1.53391,0.114084,2.877,3.26236
1.58294,0.117019,2.951,3.35079
1.62058,0.119081,3.003,3.41445
1.63032,0.119081,3.003,3.41909
1.65482,0.120151,3.03,3.45453
1.67949,0.121222,3.057,3.49007
1.68941,0.121222,3.057,3.49486
1.71434,0.122293,3.084,3.53058
1.72435,0.122293,3.084,3.53545
1.73436,0.122293,3.084,3.54034
1.7291,0.121222,3.057,3.51422
1.73902,0.121222,3.057,3.51911
1.74894,0.121222,3.057,3.52402
1.75886,0.121222,3.057,3.52896
1.75316,0.120151,3.03,3.5027
1.763,0.120151,3.03,3.50763
1.75704,0.119081,3.003,3.48129
1.75149,0.11805,2.977,3.45603
1.76115,0.11805,2.977,3.46094
1.74047,0.116027,2.926,3.40649
1.73502,0.115036,2.901,3.38221
1.74444,0.115036,2.901,3.38705
1.73934,0.114084,2.877,3.36385
1.7195,0.112181,2.829,3.31248
1.72869,0.112181,2.829,3.31726
1.72374,0.111269,2.806,3.29504
1.70506,0.109484,2.761,3.2469
1.71402,0.109484,2.761,3.25161
1.69552,0.10774,2.717,3.20445
1.678,0.106074,2.675,3.15952
1.68668,0.106074,2.675,3.16414
1.68205,0.105241,2.654,3.1439
1.66455,0.103616,2.613,3.09987
1.67303,0.103616,2.613,3.10444
1.65641,0.102069,2.574,3.06261
1.65248,0.101316,2.555,3.0445
1.63607,0.0998088,2.517,3.00366
1.64424,0.0998088,2.517,3.00812
1.64059,0.0990951,2.499,2.99105
1.63683,0.0983813,2.481,2.97393
1.64488,0.0983813,2.481,2.97837
1.65293,0.0983813,2.481,2.98282
1.64894,0.0976675,2.463,2.96562
1.65693,0.0976675,2.463,2.97007
1.66493,0.0976675,2.463,2.97454
1.66069,0.0969537,2.445,2.95725
-1.93066,0.119387,2.783,3.38922
-1.90643,0.118443,2.761,3.35733
-1.89747,0.118443,2.761,3.35225
-1.88851,0.118443,2.761,3.34718
-1.86457,0.1175,2.739,3.3155
-1.85568,0.1175,2.739,3.31051
-1.83196,0.116556,2.717,3.27899
-1.80905,0.115655,2.696,3.24876
-1.78628,0.114754,2.675,3.21863
-1.77759,0.114754,2.675,3.21382
-1.75502,0.113853,2.654,3.18383
-1.73259,0.112952,2.633,3.15394
-1.72405,0.112952,2.633,3.14925
-1.70247,0.112094,2.613,3.12069
-1.6687,0.110421,2.574,3.06957
-1.66035,0.110421,2.574,3.06503
-1.652,0.110421,2.574,3.06052
-1.61938,0.108791,2.536,3.0109
-1.61114,0.108791,2.536,3.00648
-1.60291,0.108791,2.536,3.00208
-1.59468,0.108791,2.536,2.99769
-1.58645,0.108791,2.536,2.99332
-1.57822,0.108791,2.536,2.98896
-1.56999,0.108791,2.536,2.98463
-1.57346,0.109606,2.555,3.00263
-1.56516,0.109606,2.555,2.9983
-1.55687,0.109606,2.555,2.99398
-1.56009,0.110421,2.574,3.0119
-1.55174,0.110421,2.574,3.00759
-1.54339,0.110421,2.574,3.00328
-1.57022,0.112952,2.633,3.06774
-1.57413,0.113853,2.654,3.08781
-1.56551,0.113853,2.654,3.08342
-1.5569,0.113853,2.654,3.07906
-1.53603,0.112952,2.633,3.05038
-1.52749,0.112952,2.633,3.04609
-1.51894,0.112952,2.633,3.04181
-1.48745,0.111236,2.593,2.99141
-1.47903,0.111236,2.593,2.98723
-1.47062,0.111236,2.593,2.98307
-1.45149,0.110421,2.574,2.95711
-1.43248,0.109606,2.555,2.93122
-1.42419,0.109606,2.555,2.92717
-1.40536,0.108791,2.536,2.90141
-1.38666,0.107976,2.517,2.87572
-1.3785,0.107976,2.517,2.87179
-1.37033,0.107976,2.517,2.86788
-1.36216,0.107976,2.517,2.86399
-1.35399,0.107976,2.517,2.86011
-1.34582,0.107976,2.517,2.85625
-1.34774,0.108791,2.536,2.87394
-1.33951,0.108791,2.536,2.87009
-1.33128,0.108791,2.536,2.86626
-1.32305,0.108791,2.536,2.86245
-1.32467,0.109606,2.555,2.88007
-1.31638,0.109606,2.555,2.87626
-1.30808,0.109606,2.555,2.87248
-1.29979,0.109606,2.555,2.86871
-1.3011,0.110421,2.574,2.88627
-1.28321,0.109606,2.555,2.86123
-1.26543,0.108791,2.536,2.83627
-1.2572,0.108791,2.536,2.83261
-1.23961,0.107976,2.517,2.80777
-1.22264,0.107204,2.499,2.78412
-1.20578,0.106432,2.481,2.76054
-1.19772,0.106432,2.481,2.75703
-1.18104,0.10566,2.463,2.73357
-1.16447,0.104887,2.445,2.71017
-1.15654,0.104887,2.445,2.70677
-1.14062,0.104158,2.428,2.68459
-1.13274,0.104158,2.428,2.68125
-1.12485,0.104158,2.428,2.67793
-1.10915,0.103429,2.411,2.65591
-1.10133,0.103429,2.411,2.65265
-1.0935,0.103429,2.411,2.64941
-1.08568,0.103429,2.411,2.64619
-1.07025,0.1027,2.394,2.62435
-1.06248,0.1027,2.394,2.62119
-1.05471,0.1027,2.394,2.61805
-1.04694,0.1027,2.394,2.61493
-1.03917,0.1027,2.394,2.61183
-1.0314,0.1027,2.394,2.60875
-1.02363,0.1027,2.394,2.60569
-1.01586,0.1027,2.394,2.60264
-1.00809,0.1027,2.394,2.59962
-1.00032,0.1027,2.394,2.59662
-0.992548,0.1027,2.394,2.59363
-0.984778,0.1027,2.394,2.59067
-0.977007,0.1027,2.394,2.58773
-0.969237,0.1027,2.394,2.5848
-0.961466,0.1027,2.394,2.5819
-0.953696,0.1027,2.394,2.57902
-0.945926,0.1027,2.394,2.57615
-0.938156,0.1027,2.394,2.57331
-0.930385,0.1027,2.394,2.57049
-0.922615,0.1027,2.394,2.56768
-0.914845,0.1027,2.394,2.5649
-0.907074,0.1027,2.394,2.56214
-0.899304,0.1027,2.394,2.5594
-0.891534,0.1027,2.394,2.55668
-0.883763,0.1027,2.394,2.55398
-0.875993,0.1027,2.394,2.5513
-0.868223,0.1027,2.394,2.54865
-0.860452,0.1027,2.394,2.54601
-0.858737,0.103429,2.411,2.56145
-0.850911,0.103429,2.411,2.55884
-0.843086,0.103429,2.411,2.55625
-0.83526,0.103429,2.411,2.55368
-0.827435,0.103429,2.411,2.55113
-0.819609,0.103429,2.411,2.5486
-0.817508,0.104158,2.428,2.56405
-0.809627,0.104158,2.428,2.56155
-0.801746,0.104158,2.428,2.55907
-0.793866,0.104158,2.428,2.55661
-0.785985,0.104158,2.428,2.55417
-0.778104,0.104158,2.428,2.55176
-0.770224,0.104158,2.428,2.54937
-0.762343,0.104158,2.428,2.547
-0.754462,0.104158,2.428,2.54465
-0.751809,0.104887,2.445,2.56013
-0.743873,0.104887,2.445,2.55781
-0.735937,0.104887,2.445,2.55551
-0.728001,0.104887,2.445,2.55324
-0.720065,0.104887,2.445,2.55098
-0.712129,0.104887,2.445,2.54876
-0.704194,0.104887,2.445,2.54655
-0.696258,0.104887,2.445,2.54437
-0.688322,0.104887,2.445,2.54221
-0.680386,0.104887,2.445,2.54007
-0.677401,0.10566,2.463,2.55664
-0.669406,0.10566,2.463,2.55453
-0.661412,0.10566,2.463,2.55245
-0.653418,0.10566,2.463,2.55039
-0.645424,0.10566,2.463,2.54835
-0.642088,0.106432,2.481,2.56495
-0.634035,0.106432,2.481,2.56295
-0.625982,0.106432,2.481,2.56097
-0.61793,0.106432,2.481,2.55901
-0.609877,0.106432,2.481,2.55708
-0.601824,0.106432,2.481,2.55517
-0.593771,0.106432,2.481,2.55328
-0.585719,0.106432,2.481,2.55142
-0.577666,0.106432,2.481,2.54959
-0.569613,0.106432,2.481,2.54777
-0.561561,0.106432,2.481,2.54599
-0.553508,0.106432,2.481,2.54422
-0.545455,0.106432,2.481,2.54248
-0.537403,0.106432,2.481,2.54077
-0.52935,0.106432,2.481,2.53907
-0.521297,0.106432,2.481,2.53741
-0.513244,0.106432,2.481,2.53577
-0.505192,0.106432,2.481,2.53415
-0.497139,0.106432,2.481,2.53256
-0.489086,0.106432,2.481,2.53099
-0.481034,0.106432,2.481,2.52944
-0.476412,0.107204,2.499,2.54626
-0.468301,0.107204,2.499,2.54476
-0.46019,0.107204,2.499,2.54328
-0.452079,0.107204,2.499,2.54182
-0.447166,0.107976,2.517,2.55869
-0.438996,0.107976,2.517,2.55728
-0.430827,0.107976,2.517,2.55589
-0.422657,0.107976,2.517,2.55452
-0.414487,0.107976,2.517,2.55318
-0.406318,0.107976,2.517,2.55187
-0.398148,0.107976,2.517,2.55058
-0.389979,0.107976,2.517,2.54932
-0.381809,0.107976,2.517,2.54808
-0.37364,0.107976,2.517,2.54687
-0.368229,0.108791,2.536,2.5649
-0.359998,0.108791,2.536,2.56373
-0.351766,0.108791,2.536,2.56259
-0.343535,0.108791,2.536,2.56147
-0.335304,0.108791,2.536,2.56038
-0.327073,0.108791,2.536,2.55932
-0.318842,0.108791,2.536,2.55828
-0.31061,0.108791,2.536,2.55727
-0.302379,0.108791,2.536,2.55628
-0.294148,0.108791,2.536,2.55532
-0.285917,0.108791,2.536,2.55438
-0.277685,0.108791,2.536,2.55348
-0.269454,0.108791,2.536,2.55259
-0.259266,0.107976,2.517,2.53262
-0.251096,0.107976,2.517,2.5318
-0.242927,0.107976,2.517,2.531
-0.233078,0.107204,2.499,2.51213
-0.224967,0.107204,2.499,2.51139
-0.216856,0.107204,2.499,2.51068
-0.208745,0.107204,2.499,2.50999
-0.200634,0.107204,2.499,2.50933
-0.192523,0.107204,2.499,2.5087
-0.184412,0.107204,2.499,2.50809
-0.1763,0.107204,2.499,2.5075
-0.168189,0.107204,2.499,2.50695
-0.160078,0.107204,2.499,2.50642
-0.151967,0.107204,2.499,2.50591
-0.143856,0.107204,2.499,2.50543
-0.135745,0.107204,2.499,2.50498
-0.128553,0.107976,2.517,2.52259
-0.120383,0.107976,2.517,2.52219
-0.112214,0.107976,2.517,2.52181
-0.104044,0.107976,2.517,2.52146
-0.0965985,0.108791,2.536,2.54017
-0.0883672,0.108791,2.536,2.53987
-0.080136,0.108791,2.536,2.5396
-0.0719048,0.108791,2.536,2.53935
-0.0636736,0.108791,2.536,2.53913
-0.0554423,0.108791,2.536,2.53894
-0.0472111,0.108791,2.536,2.53877
-0.0392719,0.109606,2.555,2.55765
-0.0307487,0.108791,2.536,2.53852
-0.0225174,0.108791,2.536,2.53843
-0.0142862,0.108791,2.536,2.53837
-0.00605498,0.108791,2.536,2.53834
0.00217625,0.108791,2.536,2.53833
0.0103295,0.107976,2.517,2.51934
0.0184991,0.107976,2.517,2.51938
0.0266686,0.107976,2.517,2.51946
0.0348382,0.107976,2.517,2.51956
0.0430077,0.107976,2.517,2.51968
0.0508113,0.107204,2.499,2.50181
0.0589224,0.107204,2.499,2.50199
0.0670336,0.107204,2.499,2.5022
0.0751447,0.107204,2.499,2.50243
0.0832558,0.107204,2.499,2.50268
0.091367,0.107204,2.499,2.50297
0.0994781,0.107204,2.499,2.50328
0.107589,0.107204,2.499,2.50361
0.116534,0.107976,2.517,2.52201
0.124703,0.107976,2.517,2.5224
0.132873,0.107976,2.517,2.52282
0.141042,0.107976,2.517,2.52326
0.149212,0.107976,2.517,2.52373
0.157382,0.107976,2.517,2.52423
0.166801,0.108791,2.536,2.54381
0.175032,0.108791,2.536,2.54436
0.183263,0.108791,2.536,2.54494
0.191494,0.108791,2.536,2.54555
0.199726,0.108791,2.536,2.54618
0.207957,0.108791,2.536,2.54684
0.216188,0.108791,2.536,2.54752
0.224419,0.108791,2.536,2.54823
0.232651,0.108791,2.536,2.54897
0.239077,0.107976,2.517,2.53063
0.247247,0.107976,2.517,2.53142
0.255416,0.107976,2.517,2.53223
0.263586,0.107976,2.517,2.53307
0.269812,0.107204,2.499,2.51581
0.277923,0.107204,2.499,2.51669
0.286034,0.107204,2.499,2.5176
0.292027,0.106432,2.481,2.50039
0.300079,0.106432,2.481,2.50135
0.308132,0.106432,2.481,2.50233
0.316185,0.106432,2.481,2.50333
0.321885,0.10566,2.463,2.48619
0.329879,0.10566,2.463,2.48724
0.337874,0.10566,2.463,2.48831
0.345868,0.10566,2.463,2.48941
0.353862,0.10566,2.463,2.49053
0.361856,0.10566,2.463,2.49168
0.369851,0.10566,2.463,2.49285
0.377845,0.10566,2.463,2.49405
0.385839,0.10566,2.463,2.49528
0.393834,0.10566,2.463,2.49653
0.401828,0.10566,2.463,2.4978
0.409822,0.10566,2.463,2.4991
0.417816,0.10566,2.463,2.50042
0.425811,0.10566,2.463,2.50177
0.433805,0.10566,2.463,2.50314
0.441799,0.10566,2.463,2.50454
0.449794,0.10566,2.463,2.50596
0.461134,0.106432,2.481,2.52573
0.469186,0.106432,2.481,2.52722
0.477239,0.106432,2.481,2.52872
0.485292,0.106432,2.481,2.53026
0.493344,0.106432,2.481,2.53181
0.501397,0.106432,2.481,2.53339
0.50945,0.106432,2.481,2.535
0.517502,0.106432,2.481,2.53663
0.525555,0.106432,2.481,2.53829
0.533608,0.106432,2.481,2.53997
0.541661,0.106432,2.481,2.54167
0.549713,0.106432,2.481,2.5434
0.557766,0.106432,2.481,2.54515
0.565819,0.106432,2.481,2.54693
0.573871,0.106432,2.481,2.54873
0.581924,0.106432,2.481,2.55055
0.589977,0.106432,2.481,2.5524
0.59803,0.106432,2.481,2.55428
0.606082,0.106432,2.481,2.55617
0.614135,0.106432,2.481,2.5581
0.622188,0.106432,2.481,2.56004
0.63024,0.106432,2.481,2.56201
0.638293,0.106432,2.481,2.564
0.646346,0.106432,2.481,2.56602
0.654399,0.106432,2.481,2.56806
0.662451,0.106432,2.481,2.57012
0.670504,0.106432,2.481,2.57221
0.678557,0.106432,2.481,2.57432
0.686609,0.106432,2.481,2.57646
0.694662,0.106432,2.481,2.57861
0.702715,0.106432,2.481,2.58079
0.710768,0.106432,2.481,2.583
0.71882,0.106432,2.481,2.58523
0.726873,0.106432,2.481,2.58748
0.729594,0.10566,2.463,2.57096
0.737588,0.10566,2.463,2.57324
0.745582,0.10566,2.463,2.57554
0.753577,0.10566,2.463,2.57787
0.761571,0.10566,2.463,2.58022
0.769565,0.10566,2.463,2.58259
0.777559,0.10566,2.463,2.58498
0.785554,0.10566,2.463,2.5874
0.793548,0.10566,2.463,2.58984
0.801542,0.10566,2.463,2.5923
0.809537,0.10566,2.463,2.59478
0.817531,0.10566,2.463,2.59729
0.825525,0.10566,2.463,2.59981
0.833519,0.10566,2.463,2.60236
0.847664,0.106432,2.481,2.62397
0.855716,0.106432,2.481,2.62658
0.863769,0.106432,2.481,2.62922
0.871822,0.106432,2.481,2.63187
0.879874,0.106432,2.481,2.63455
0.887927,0.106432,2.481,2.63725
0.889479,0.10566,2.463,2.62082
0.897474,0.10566,2.463,2.62355
0.905468,0.10566,2.463,2.62629
0.913462,0.10566,2.463,2.62906
0.914722,0.104887,2.445,2.61261
0.922658,0.104887,2.445,2.6154
0.930594,0.104887,2.445,2.61821
0.93853,0.104887,2.445,2.62104
0.946466,0.104887,2.445,2.62389
0.954402,0.104887,2.445,2.62677
0.962338,0.104887,2.445,2.62966
0.970273,0.104887,2.445,2.63258
0.978209,0.104887,2.445,2.63551
0.986145,0.104887,2.445,2.63847
0.994081,0.104887,2.445,2.64144
1.00939,0.10566,2.463,2.66391
1.01739,0.10566,2.463,2.66695
1.03288,0.106432,2.481,2.68952
1.04848,0.107204,2.499,2.71216
1.05659,0.107204,2.499,2.7153
1.07237,0.107976,2.517,2.73805
1.08054,0.107976,2.517,2.74126
1.08871,0.107976,2.517,2.74449
1.10516,0.108791,2.536,2.76849
1.12173,0.109606,2.555,2.79255
1.13843,0.110421,2.574,2.81668
1.14678,0.110421,2.574,2.82007
1.16367,0.111236,2.593,2.84432
1.17208,0.111236,2.593,2.84777
1.1805,0.111236,2.593,2.85125
1.19808,0.112094,2.613,2.87676
1.2158,0.112952,2.633,2.90235
1.22435,0.112952,2.633,2.90594
1.23289,0.112952,2.633,2.90955
1.24144,0.112952,2.633,2.91318
1.25995,0.113853,2.654,2.9401
1.25853,0.112952,2.633,2.9205
1.26708,0.112952,2.633,2.9242
1.27562,0.112952,2.633,2.92791
1.28417,0.112952,2.633,2.93164
1.2829,0.112094,2.613,2.9131
1.29138,0.112094,2.613,2.91685
1.29986,0.112094,2.613,2.92061
1.30834,0.112094,2.613,2.9244
1.31682,0.112094,2.613,2.9282
1.3253,0.112094,2.613,2.93202
1.34399,0.112952,2.633,2.95834
1.37411,0.114754,2.675,3.00948
1.39365,0.115655,2.696,3.03711
1.4024,0.115655,2.696,3.04114
1.43366,0.1175,2.739,3.09375
1.47784,0.120374,2.806,3.17366
1.48694,0.120374,2.806,3.17791
1.52111,0.12239,2.853,3.23549
1.55612,0.124449,2.901,3.29436
1.56553,0.124449,2.901,3.29882
1.61621,0.12771,2.977,3.38983
1.64007,0.128825,3.003,3.4241
1.67949,0.131141,3.057,3.49043
1.68941,0.131141,3.057,3.49522
1.69933,0.131141,3.057,3.50002
1.70925,0.131141,3.057,3.50485
1.71917,0.131141,3.057,3.5097
1.7291,0.131141,3.057,3.51457
1.73902,0.131141,3.057,3.51947
1.74894,0.131141,3.057,3.52438
1.74333,0.129983,3.03,3.49814
1.73754,0.128825,3.003,3.47184
1.74729,0.128825,3.003,3.47673
1.74182,0.12771,2.977,3.45149
1.73619,0.126594,2.951,3.42619
1.74577,0.126594,2.951,3.43105
1.7256,0.124449,2.901,3.37772
1.73502,0.124449,2.901,3.38254
1.74444,0.124449,2.901,3.38738
1.73934,0.12342,2.877,3.36417
1.7195,0.12136,2.829,3.3128
1.72869,0.12136,2.829,3.31758
1.72374,0.120374,2.806,3.29536
1.70506,0.118443,2.761,3.24721
1.71402,0.118443,2.761,3.25192
1.69552,0.116556,2.717,3.20476
1.678,0.114754,2.675,3.15982
1.68668,0.114754,2.675,3.16444
1.68205,0.113853,2.654,3.1442
1.66455,0.112094,2.613,3.10017
1.67303,0.112094,2.613,3.10473
1.65641,0.110421,2.574,3.0629
1.65248,0.109606,2.555,3.04479
1.63607,0.107976,2.517,3.00394
1.64424,0.107976,2.517,3.0084
1.64059,0.107204,2.499,2.99133
1.63683,0.106432,2.481,2.97421
1.64488,0.106432,2.481,2.97865
1.65293,0.106432,2.481,2.9831
1.64894,0.10566,2.463,2.96589
1.65693,0.10566,2.463,2.97035
1.66493,0.10566,2.463,2.97481
1.66069,0.104887,2.445,2.95752
-1.93066,0.128418,2.783,3.38955
-1.90643,0.127402,2.761,3.35765
-1.89747,0.127402,2.761,3.35257
-1.88851,0.127402,2.761,3.34751
-1.86457,0.126387,2.739,3.31583
-1.85568,0.126387,2.739,3.31084
-1.83196,0.125372,2.717,3.27931
-1.80905,0.124403,2.696,3.24908
-1.78628,0.123434,2.675,3.21895
-1.77759,0.123434,2.675,3.21414
-1.75502,0.122465,2.654,3.18415
-1.73259,0.121496,2.633,3.15425
-1.72405,0.121496,2.633,3.14957
-1.70247,0.120573,2.613,3.12101
-1.6687,0.118774,2.574,3.06988
-1.66035,0.118774,2.574,3.06535
-1.652,0.118774,2.574,3.06083
-1.61938,0.11702,2.536,3.01121
-1.61114,0.11702,2.536,3.00679
-1.60291,0.11702,2.536,3.00239
-1.59468,0.11702,2.536,2.998
-1.58645,0.11702,2.536,2.99363
-1.57822,0.11702,2.536,2.98927
-1.56999,0.11702,2.536,2.98494
-1.57346,0.117897,2.555,3.00295
-1.56516,0.117897,2.555,2.99861
-1.55687,0.117897,2.555,2.99429
-1.56009,0.118774,2.574,3.01222
-1.55174,0.118774,2.574,3.0079
-1.54339,0.118774,2.574,3.0036
-1.54636,0.11965,2.593,3.02146
-1.54981,0.120573,2.613,3.04043
-1.54133,0.120573,2.613,3.03612
-1.53285,0.120573,2.613,3.03182
-1.52436,0.120573,2.613,3.02754
-1.51588,0.120573,2.613,3.02328
-1.49586,0.11965,2.593,2.99593
-1.47655,0.118774,2.574,2.96981
-1.46819,0.118774,2.574,2.96567
-1.45984,0.118774,2.574,2.96154
-1.44077,0.117897,2.555,2.9356
-1.43248,0.117897,2.555,2.93154
-1.403,0.116143,2.517,2.88396
-1.39483,0.116143,2.517,2.87999
-1.37675,0.115313,2.499,2.85547
-1.36864,0.115313,2.499,2.85157
-1.36053,0.115313,2.499,2.84769
-1.35241,0.115313,2.499,2.84382
-1.35399,0.116143,2.517,2.86043
-1.34582,0.116143,2.517,2.85657
-1.33765,0.116143,2.517,2.85273
-1.33951,0.11702,2.536,2.87042
-1.33128,0.11702,2.536,2.86658
-1.32305,0.11702,2.536,2.86277
-1.32467,0.117897,2.555,2.8804
-1.31638,0.117897,2.555,2.87659
-1.30808,0.117897,2.555,2.87281
-1.29979,0.117897,2.555,2.86904
-1.2915,0.117897,2.555,2.86529
-1.28321,0.117897,2.555,2.86156
-1.26543,0.11702,2.536,2.8366
-1.2572,0.11702,2.536,2.83294
-1.23961,0.116143,2.517,2.8081
-1.22264,0.115313,2.499,2.78445
-1.20578,0.114482,2.481,2.76086
-1.19772,0.114482,2.481,2.75736
-1.18104,0.113652,2.463,2.73389
-1.16447,0.112821,2.445,2.71049
-1.15654,0.112821,2.445,2.70709
-1.14062,0.112037,2.428,2.68491
-1.13274,0.112037,2.428,2.68157
-1.12485,0.112037,2.428,2.67825
-1.10915,0.111252,2.411,2.65622
-1.10133,0.111252,2.411,2.65296
-1.0935,0.111252,2.411,2.64973
-1.08568,0.111252,2.411,2.64651
-1.07025,0.110468,2.394,2.62467
-1.06248,0.110468,2.394,2.62151
-1.05471,0.110468,2.394,2.61837
-1.04694,0.110468,2.394,2.61525
-1.03917,0.110468,2.394,2.61215
-1.0314,0.110468,2.394,2.60907
-1.02363,0.110468,2.394,2.606
-1.01586,0.110468,2.394,2.60296
-1.00809,0.110468,2.394,2.59994
-1.00032,0.110468,2.394,2.59694
-0.992548,0.110468,2.394,2.59395
-0.984778,0.110468,2.394,2.59099
-0.977007,0.110468,2.394,2.58805
-0.969237,0.110468,2.394,2.58512
-0.961466,0.110468,2.394,2.58222
-0.953696,0.110468,2.394,2.57934
-0.945926,0.110468,2.394,2.57647
-0.938156,0.110468,2.394,2.57363
-0.930385,0.110468,2.394,2.57081
-0.922615,0.110468,2.394,2.56801
-0.914845,0.110468,2.394,2.56523
-0.907074,0.110468,2.394,2.56246
-0.899304,0.110468,2.394,2.55972
-0.891534,0.110468,2.394,2.557
-0.890039,0.111252,2.411,2.57244
-0.882213,0.111252,2.411,2.56975
-0.874388,0.111252,2.411,2.56707
-0.866562,0.111252,2.411,2.56442
-0.858737,0.111252,2.411,2.56178
-0.850911,0.111252,2.411,2.55917
-0.843086,0.111252,2.411,2.55658
-0.83526,0.111252,2.411,2.55401
-0.827435,0.111252,2.411,2.55146
-0.825388,0.112037,2.428,2.56691
-0.817508,0.112037,2.428,2.56438
-0.809627,0.112037,2.428,2.56188
-0.801746,0.112037,2.428,2.5594
-0.793866,0.112037,2.428,2.55694
-0.785985,0.112037,2.428,2.55451
-0.778104,0.112037,2.428,2.55209
-0.770224,0.112037,2.428,2.5497
-0.767681,0.112821,2.445,2.56517
-0.759745,0.112821,2.445,2.5628
-0.751809,0.112821,2.445,2.56046
-0.743873,0.112821,2.445,2.55814
-0.735937,0.112821,2.445,2.55585
-0.728001,0.112821,2.445,2.55357
-0.720065,0.112821,2.445,2.55132
-0.712129,0.112821,2.445,2.54909
-0.704194,0.112821,2.445,2.54689
-0.696258,0.112821,2.445,2.54471
-0.688322,0.112821,2.445,2.54255
-0.680386,0.112821,2.445,2.54041
-0.677401,0.113652,2.463,2.55698
-0.669406,0.113652,2.463,2.55488
-0.661412,0.113652,2.463,2.55279
-0.653418,0.113652,2.463,2.55073
-0.645424,0.113652,2.463,2.5487
-0.642088,0.114482,2.481,2.5653
-0.634035,0.114482,2.481,2.56329
-0.625982,0.114482,2.481,2.56131
-0.61793,0.114482,2.481,2.55936
-0.609877,0.114482,2.481,2.55742
-0.601824,0.114482,2.481,2.55552
-0.593771,0.114482,2.481,2.55363
-0.585719,0.114482,2.481,2.55177
-0.577666,0.114482,2.481,2.54993
-0.569613,0.114482,2.481,2.54812
-0.561561,0.114482,2.481,2.54633
-0.553508,0.114482,2.481,2.54457
-0.545455,0.114482,2.481,2.54283
-0.537403,0.114482,2.481,2.54112
-0.52935,0.114482,2.481,2.53943
-0.521297,0.114482,2.481,2.53776
-0.513244,0.114482,2.481,2.53612
-0.505192,0.114482,2.481,2.5345
-0.497139,0.114482,2.481,2.53291
-0.492635,0.115313,2.499,2.5497
-0.484524,0.115313,2.499,2.54815
-0.476412,0.115313,2.499,2.54662
-0.468301,0.115313,2.499,2.54511
-0.46019,0.115313,2.499,2.54363
-0.452079,0.115313,2.499,2.54218
-0.447166,0.116143,2.517,2.55905
-0.438996,0.116143,2.517,2.55764
-0.430827,0.116143,2.517,2.55625
-0.422657,0.116143,2.517,2.55488
-0.414487,0.116143,2.517,2.55354
-0.406318,0.116143,2.517,2.55223
-0.398148,0.116143,2.517,2.55094
-0.389979,0.116143,2.517,2.54968
-0.381809,0.116143,2.517,2.54844
-0.37364,0.116143,2.517,2.54723
-0.368229,0.11702,2.536,2.56526
-0.359998,0.11702,2.536,2.5641
-0.351766,0.11702,2.536,2.56295
-0.343535,0.11702,2.536,2.56184
-0.335304,0.11702,2.536,2.56075
-0.327073,0.11702,2.536,2.55968
-0.318842,0.11702,2.536,2.55864
-0.31061,0.11702,2.536,2.55763
-0.302379,0.11702,2.536,2.55664
-0.294148,0.11702,2.536,2.55568
-0.285917,0.11702,2.536,2.55475
-0.277685,0.11702,2.536,2.55384
-0.269454,0.11702,2.536,2.55296
-0.259266,0.116143,2.517,2.53298
-0.251096,0.116143,2.517,2.53216
-0.242927,0.116143,2.517,2.53136
-0.234757,0.116143,2.517,2.53059
-0.226588,0.116143,2.517,2.52985
-0.218418,0.116143,2.517,2.52913
-0.210249,0.116143,2.517,2.52843
-0.202079,0.116143,2.517,2.52777
-0.193909,0.116143,2.517,2.52713
-0.18574,0.116143,2.517,2.52652
-0.17757,0.116143,2.517,2.52593
-0.169401,0.116143,2.517,2.52537
-0.161231,0.116143,2.517,2.52483
-0.153062,0.116143,2.517,2.52432
-0.144892,0.116143,2.517,2.52384
-0.136723,0.116143,2.517,2.52339
-0.128553,0.116143,2.517,2.52296
-0.120383,0.116143,2.517,2.52255
-0.113061,0.11702,2.536,2.54121
-0.10483,0.11702,2.536,2.54086
-0.0965985,0.11702,2.536,2.54054
-0.0883672,0.11702,2.536,2.54024
-0.080136,0.11702,2.536,2.53996
-0.0719048,0.11702,2.536,2.53972
-0.0636736,0.11702,2.536,2.5395
-0.0554423,0.11702,2.536,2.5393
-0.0472111,0.11702,2.536,2.53914
-0.0392719,0.117897,2.555,2.55802
-0.0307487,0.11702,2.536,2.53888
-0.0225174,0.11702,2.536,2.5388
-0.0142862,0.11702,2.536,2.53874
-0.00605498,0.11702,2.536,2.53871
0.00217625,0.11702,2.536,2.5387
0.0103295,0.116143,2.517,2.5197
0.0184991,0.116143,2.517,2.51975
0.0266686,0.116143,2.517,2.51982
0.034589,0.115313,2.499,2.5019
0.0427002,0.115313,2.499,2.50202
0.0508113,0.115313,2.499,2.50218
0.0589224,0.115313,2.499,2.50235
0.0670336,0.115313,2.499,2.50256
0.0751447,0.115313,2.499,2.50279
0.0832558,0.115313,2.499,2.50304
0.091367,0.115313,2.499,2.50333
0.0994781,0.115313,2.499,2.50364
0.107589,0.115313,2.499,2.50397
0.116534,0.116143,2.517,2.52237
0.124703,0.116143,2.517,2.52276
0.132873,0.116143,2.517,2.52318
0.141042,0.116143,2.517,2.52362
0.149212,0.116143,2.517,2.52409
0.157382,0.116143,2.517,2.52459
0.166801,0.11702,2.536,2.54417
0.175032,0.11702,2.536,2.54473
0.183263,0.11702,2.536,2.5453
0.191494,0.11702,2.536,2.54591
0.199726,0.11702,2.536,2.54654
0.207957,0.11702,2.536,2.5472
0.216188,0.11702,2.536,2.54789
0.222738,0.116143,2.517,2.5295
0.230908,0.116143,2.517,2.53024
0.239077,0.116143,2.517,2.531
0.247247,0.116143,2.517,2.53178
0.255416,0.116143,2.517,2.53259
0.261701,0.115313,2.499,2.51531
0.269812,0.115313,2.499,2.51617
0.277923,0.115313,2.499,2.51705
0.286034,0.115313,2.499,2.51796
0.292027,0.114482,2.481,2.50075
0.300079,0.114482,2.481,2.5017
0.308132,0.114482,2.481,2.50268
0.316185,0.114482,2.481,2.50369
0.321885,0.113652,2.463,2.48654
0.329879,0.113652,2.463,2.48759
0.337874,0.113652,2.463,2.48866
0.345868,0.113652,2.463,2.48976
0.353862,0.113652,2.463,2.49088
0.361856,0.113652,2.463,2.49203
0.369851,0.113652,2.463,2.49321
0.377845,0.113652,2.463,2.4944
0.385839,0.113652,2.463,2.49563
0.393834,0.113652,2.463,2.49688
0.401828,0.113652,2.463,2.49815
0.409822,0.113652,2.463,2.49945
0.417816,0.113652,2.463,2.50077
0.425811,0.113652,2.463,2.50212
0.433805,0.113652,2.463,2.50349
0.441799,0.113652,2.463,2.50489
0.449794,0.113652,2.463,2.50631
0.461134,0.114482,2.481,2.52609
0.469186,0.114482,2.481,2.52757
0.477239,0.114482,2.481,2.52908
0.485292,0.114482,2.481,2.53061
0.493344,0.114482,2.481,2.53216
0.501397,0.114482,2.481,2.53375
0.50945,0.114482,2.481,2.53535
0.517502,0.114482,2.481,2.53698
0.525555,0.114482,2.481,2.53864
0.533608,0.114482,2.481,2.54032
0.541661,0.114482,2.481,2.54202
0.549713,0.114482,2.481,2.54375
0.557766,0.114482,2.481,2.5455
0.565819,0.114482,2.481,2.54728
0.573871,0.114482,2.481,2.54908
0.581924,0.114482,2.481,2.5509
0.589977,0.114482,2.481,2.55275
0.59803,0.114482,2.481,2.55462
0.606082,0.114482,2.481,2.55652
0.614135,0.114482,2.481,2.55844
0.622188,0.114482,2.481,2.56039
0.63024,0.114482,2.481,2.56236
0.638293,0.114482,2.481,2.56435
0.646346,0.114482,2.481,2.56637
0.654399,0.114482,2.481,2.56841
0.662451,0.114482,2.481,2.57047
0.670504,0.114482,2.481,2.57256
0.678557,0.114482,2.481,2.57467
0.681628,0.113652,2.463,2.55811
0.689622,0.113652,2.463,2.56025
0.697617,0.113652,2.463,2.56241
0.705611,0.113652,2.463,2.5646
0.713605,0.113652,2.463,2.56681
0.721599,0.113652,2.463,2.56904
0.729594,0.113652,2.463,2.5713
0.737588,0.113652,2.463,2.57358
0.745582,0.113652,2.463,2.57588
0.753577,0.113652,2.463,2.57821
0.761571,0.113652,2.463,2.58056
0.769565,0.113652,2.463,2.58293
0.777559,0.113652,2.463,2.58532
0.785554,0.113652,2.463,2.58774
0.793548,0.113652,2.463,2.59017
0.801542,0.113652,2.463,2.59263
0.809537,0.113652,2.463,2.59512
0.817531,0.113652,2.463,2.59762
0.825525,0.113652,2.463,2.60015
0.833519,0.113652,2.463,2.6027
0.841514,0.113652,2.463,2.60527
0.849508,0.113652,2.463,2.60786
0.857502,0.113652,2.463,2.61048
0.865497,0.113652,2.463,2.61312
0.873491,0.113652,2.463,2.61577
0.881485,0.113652,2.463,2.61845
0.889479,0.113652,2.463,2.62116
0.897474,0.113652,2.463,2.62388
0.905468,0.113652,2.463,2.62662
0.906787,0.112821,2.445,2.61018
0.914722,0.112821,2.445,2.61294
0.922658,0.112821,2.445,2.61573
0.930594,0.112821,2.445,2.61854
0.93853,0.112821,2.445,2.62137
0.946466,0.112821,2.445,2.62422
0.947766,0.112037,2.428,2.60883
0.955646,0.112037,2.428,2.6117
0.963527,0.112037,2.428,2.6146
0.971408,0.112037,2.428,2.61751
0.979289,0.112037,2.428,2.62045
0.994081,0.112821,2.445,2.64177
1.00939,0.113652,2.463,2.66424
1.01739,0.113652,2.463,2.66728
1.02538,0.113652,2.463,2.67034
1.04848,0.115313,2.499,2.71249
1.05659,0.115313,2.499,2.71564
1.07237,0.116143,2.517,2.73839
1.08054,0.116143,2.517,2.7416
1.08871,0.116143,2.517,2.74483
1.10516,0.11702,2.536,2.76882
1.12173,0.117897,2.555,2.79289
1.13843,0.118774,2.574,2.81702
1.14678,0.118774,2.574,2.82041
1.16367,0.11965,2.593,2.84466
1.17208,0.11965,2.593,2.84811
1.1805,0.11965,2.593,2.85159
1.19808,0.120573,2.613,2.8771
1.2158,0.121496,2.633,2.90269
1.22435,0.121496,2.633,2.90628
1.23289,0.121496,2.633,2.90989
1.24144,0.121496,2.633,2.91352
1.25995,0.122465,2.654,2.94044
1.25853,0.121496,2.633,2.92085
1.26708,0.121496,2.633,2.92454
1.27562,0.121496,2.633,2.92825
1.28417,0.121496,2.633,2.93199
1.2829,0.120573,2.613,2.91344
1.29138,0.120573,2.613,2.91718
1.29986,0.120573,2.613,2.92095
1.30834,0.120573,2.613,2.92473
1.31682,0.120573,2.613,2.92854
1.3253,0.120573,2.613,2.93236
1.34399,0.121496,2.633,2.95868
1.37411,0.123434,2.675,3.00982
1.39365,0.124403,2.696,3.03746
1.4024,0.124403,2.696,3.04148
1.43366,0.126387,2.739,3.0941
1.47784,0.129479,2.806,3.17402
1.48694,0.129479,2.806,3.17827
1.52111,0.131648,2.853,3.23585
1.55612,0.133862,2.901,3.29473
1.56553,0.133862,2.901,3.29918
1.61621,0.137369,2.977,3.39021
1.64007,0.138569,3.003,3.42448
1.67949,0.141061,3.057,3.49082
1.68941,0.141061,3.057,3.4956
1.69933,0.141061,3.057,3.50041
1.70925,0.141061,3.057,3.50524
1.71917,0.141061,3.057,3.51009
1.7291,0.141061,3.057,3.51496
1.73902,0.141061,3.057,3.51985
1.74894,0.141061,3.057,3.52476
1.74333,0.139815,3.03,3.49852
1.73754,0.138569,3.003,3.47221
1.74729,0.138569,3.003,3.4771
1.74182,0.137369,2.977,3.45186
1.73619,0.13617,2.951,3.42656
1.74577,0.13617,2.951,3.43142
1.7256,0.133862,2.901,3.37808
1.72067,0.132755,2.877,3.35491
1.73,0.132755,2.877,3.35971
1.72483,0.131648,2.853,3.33646
1.70553,0.129479,2.806,3.28622
1.71463,0.129479,2.806,3.29095
1.6961,0.127402,2.761,3.24285
1.67789,0.125372,2.717,3.1958
1.6867,0.125372,2.717,3.20043
1.68242,0.124403,2.696,3.18032
1.66482,0.122465,2.654,3.13534
1.67344,0.122465,2.654,3.13992
1.65607,0.120573,2.613,3.09594
1.65181,0.11965,2.593,3.07676
1.66022,0.11965,2.593,3.08128
1.65641,0.118774,2.574,3.06322
1.64019,0.11702,2.536,3.02245
1.63607,0.116143,2.517,3.00425
1.64424,0.116143,2.517,3.00871
1.64059,0.115313,2.499,2.99163
1.63683,0.114482,2.481,2.9745
1.64488,0.114482,2.481,2.97894
1.65293,0.114482,2.481,2.9834
1.64894,0.113652,2.463,2.96619
1.65693,0.113652,2.463,2.97064
1.66493,0.113652,2.463,2.97511
1.66069,0.112821,2.445,2.95781
-1.9154,0.136361,2.761,3.3631
-1.90643,0.136361,2.761,3.35801
-1.89747,0.136361,2.761,3.35293
-1.87346,0.135275,2.739,3.32119
-1.8496,0.134188,2.717,3.28955
-1.84078,0.134188,2.717,3.28459
-1.8178,0.133151,2.696,3.25431
-1.79496,0.132114,2.675,3.22412
-1.77225,0.131077,2.654,3.19402
-1.76364,0.131077,2.654,3.18925
-1.74114,0.13004,2.633,3.1593
-1.71943,0.129052,2.613,3.13063
-1.71095,0.129052,2.613,3.12598
-1.67706,0.127126,2.574,3.07476
-1.65639,0.126187,2.555,3.04755
-1.64809,0.126187,2.555,3.04305
-1.62761,0.125249,2.536,3.01597
-1.60724,0.124311,2.517,2.98898
-1.59907,0.124311,2.517,2.98459
-1.5909,0.124311,2.517,2.98022
-1.58273,0.124311,2.517,2.97587
-1.57456,0.124311,2.517,2.97153
-1.5664,0.124311,2.517,2.96721
-1.55823,0.124311,2.517,2.96291
-1.56176,0.125249,2.536,2.98095
-1.55353,0.125249,2.536,2.97665
-1.54529,0.125249,2.536,2.97236
-1.53706,0.125249,2.536,2.96809
-1.54029,0.126187,2.555,2.98604
-1.53199,0.126187,2.555,2.98177
-1.53503,0.127126,2.574,2.99966
-1.53795,0.128064,2.593,3.0175
-1.52953,0.128064,2.593,3.01322
-1.52111,0.128064,2.593,3.00896
-1.5127,0.128064,2.593,3.00471
-1.50428,0.128064,2.593,3.00049
-1.4849,0.127126,2.574,2.97432
-1.46565,0.126187,2.555,2.94823
-1.45736,0.126187,2.555,2.94412
-1.43829,0.125249,2.536,2.91816
-1.43006,0.125249,2.536,2.91411
-1.42183,0.125249,2.536,2.91008
-1.39297,0.123422,2.499,2.86367
-1.38486,0.123422,2.499,2.85973
-1.36683,0.122533,2.481,2.83524
-1.35878,0.122533,2.481,2.83137
-1.35073,0.122533,2.481,2.82751
-1.35241,0.123422,2.499,2.84416
-1.3443,0.123422,2.499,2.84031
-1.33619,0.123422,2.499,2.83648
-1.32808,0.123422,2.499,2.83267
-1.32948,0.124311,2.517,2.84926
-1.32131,0.124311,2.517,2.84545
-1.32305,0.125249,2.536,2.86312
-1.31482,0.125249,2.536,2.85932
-1.31638,0.126187,2.555,2.87694
-1.30808,0.126187,2.555,2.87316
-1.29979,0.126187,2.555,2.86939
-1.2915,0.126187,2.555,2.86564
-1.28321,0.126187,2.555,2.86192
-1.27491,0.126187,2.555,2.85821
-1.26662,0.126187,2.555,2.85452
-1.23961,0.124311,2.517,2.80845
-1.22264,0.123422,2.499,2.78479
-1.20578,0.122533,2.481,2.76121
-1.19772,0.122533,2.481,2.7577
-1.18967,0.122533,2.481,2.75421
-1.17305,0.121644,2.463,2.73079
-1.16505,0.121644,2.463,2.72736
-1.1486,0.120755,2.445,2.70405
-1.13274,0.119915,2.428,2.68191
-1.12485,0.119915,2.428,2.67859
-1.11697,0.119915,2.428,2.67529
-1.10133,0.119075,2.411,2.6533
-1.0935,0.119075,2.411,2.65007
-1.08568,0.119075,2.411,2.64685
-1.07025,0.118236,2.394,2.62501
-1.06248,0.118236,2.394,2.62185
-1.05471,0.118236,2.394,2.61871
-1.04694,0.118236,2.394,2.61559
-1.03917,0.118236,2.394,2.61249
-1.0314,0.118236,2.394,2.60941
-1.02363,0.118236,2.394,2.60634
-1.01586,0.118236,2.394,2.6033
-1.00809,0.118236,2.394,2.60028
-1.00032,0.118236,2.394,2.59728
-0.992548,0.118236,2.394,2.5943
-0.984778,0.118236,2.394,2.59133
-0.977007,0.118236,2.394,2.58839
-0.969237,0.118236,2.394,2.58547
-0.961466,0.118236,2.394,2.58256
-0.953696,0.118236,2.394,2.57968
-0.945926,0.118236,2.394,2.57682
-0.938156,0.118236,2.394,2.57398
-0.930385,0.118236,2.394,2.57115
-0.922615,0.118236,2.394,2.56835
-0.914845,0.118236,2.394,2.56557
-0.907074,0.118236,2.394,2.56281
-0.899304,0.118236,2.394,2.56007
-0.897864,0.119075,2.411,2.57551
-0.890039,0.119075,2.411,2.57279
-0.882213,0.119075,2.411,2.5701
-0.874388,0.119075,2.411,2.56742
-0.866562,0.119075,2.411,2.56477
-0.858737,0.119075,2.411,2.56213
-0.850911,0.119075,2.411,2.55952
-0.84903,0.119915,2.428,2.57496
-0.84115,0.119915,2.428,2.57237
-0.833269,0.119915,2.428,2.56981
-0.825388,0.119915,2.428,2.56726
-0.817508,0.119915,2.428,2.56474
-0.809627,0.119915,2.428,2.56224
-0.801746,0.119915,2.428,2.55976
-0.793866,0.119915,2.428,2.5573
-0.785985,0.119915,2.428,2.55487
-0.778104,0.119915,2.428,2.55245
-0.770224,0.119915,2.428,2.55006
-0.767681,0.120755,2.445,2.56553
-0.759745,0.120755,2.445,2.56317
-0.751809,0.120755,2.445,2.56082
-0.743873,0.120755,2.445,2.55851
-0.735937,0.120755,2.445,2.55621
-0.728001,0.120755,2.445,2.55394
-0.720065,0.120755,2.445,2.55169
-0.712129,0.120755,2.445,2.54946
-0.704194,0.120755,2.445,2.54725
-0.696258,0.120755,2.445,2.54507
-0.693389,0.121644,2.463,2.56163
-0.685395,0.121644,2.463,2.55948
-0.677401,0.121644,2.463,2.55735
-0.669406,0.121644,2.463,2.55524
-0.661412,0.121644,2.463,2.55316
-0.653418,0.121644,2.463,2.5511
-0.645424,0.121644,2.463,2.54907
-0.642088,0.122533,2.481,2.56567
-0.634035,0.122533,2.481,2.56366
-0.625982,0.122533,2.481,2.56169
-0.61793,0.122533,2.481,2.55973
-0.609877,0.122533,2.481,2.5578
-0.601824,0.122533,2.481,2.55589
-0.593771,0.122533,2.481,2.554
-0.585719,0.122533,2.481,2.55214
-0.577666,0.122533,2.481,2.55031
-0.569613,0.122533,2.481,2.5485
-0.561561,0.122533,2.481,2.54671
-0.553508,0.122533,2.481,2.54495
-0.545455,0.122533,2.481,2.54321
-0.537403,0.122533,2.481,2.54149
-0.52935,0.122533,2.481,2.5398
-0.521297,0.122533,2.481,2.53813
-0.516968,0.123422,2.499,2.5549
-0.508857,0.123422,2.499,2.55327
-0.500746,0.123422,2.499,2.55166
-0.492635,0.123422,2.499,2.55008
-0.484524,0.123422,2.499,2.54853
-0.476412,0.123422,2.499,2.547
-0.468301,0.123422,2.499,2.54549
-0.46019,0.123422,2.499,2.54401
-0.452079,0.123422,2.499,2.54256
-0.443968,0.123422,2.499,2.54113
-0.435857,0.123422,2.499,2.53973
-0.427746,0.123422,2.499,2.53835
-0.419634,0.123422,2.499,2.53699
-0.414487,0.124311,2.517,2.55393
-0.406318,0.124311,2.517,2.55261
-0.398148,0.124311,2.517,2.55133
-0.389979,0.124311,2.517,2.55006
-0.381809,0.124311,2.517,2.54883
-0.37364,0.124311,2.517,2.54762
-0.36547,0.124311,2.517,2.54643
-0.357301,0.124311,2.517,2.54527
-0.349131,0.124311,2.517,2.54414
-0.340961,0.124311,2.517,2.54303
-0.332792,0.124311,2.517,2.54195
-0.324622,0.124311,2.517,2.54089
-0.318842,0.125249,2.536,2.55903
-0.31061,0.125249,2.536,2.55802
-0.302379,0.125249,2.536,2.55703
-0.294148,0.125249,2.536,2.55607
-0.285917,0.125249,2.536,2.55514
-0.277685,0.125249,2.536,2.55423
-0.269454,0.125249,2.536,2.55335
-0.259266,0.124311,2.517,2.53337
-0.251096,0.124311,2.517,2.53255
-0.242927,0.124311,2.517,2.53175
-0.234757,0.124311,2.517,2.53098
-0.226588,0.124311,2.517,2.53023
-0.218418,0.124311,2.517,2.52952
-0.210249,0.124311,2.517,2.52882
-0.202079,0.124311,2.517,2.52816
-0.193909,0.124311,2.517,2.52752
-0.18574,0.124311,2.517,2.5269
-0.17757,0.124311,2.517,2.52632
-0.169401,0.124311,2.517,2.52576
-0.161231,0.124311,2.517,2.52522
-0.153062,0.124311,2.517,2.52471
-0.144892,0.124311,2.517,2.52423
-0.136723,0.124311,2.517,2.52377
-0.128553,0.124311,2.517,2.52334
-0.120383,0.124311,2.517,2.52294
-0.112214,0.124311,2.517,2.52257
-0.104044,0.124311,2.517,2.52221
-0.0965985,0.125249,2.536,2.54093
-0.0883672,0.125249,2.536,2.54063
-0.080136,0.125249,2.536,2.54036
-0.0719048,0.125249,2.536,2.54011
-0.0636736,0.125249,2.536,2.53989
-0.0554423,0.125249,2.536,2.5397
-0.0472111,0.125249,2.536,2.53953
-0.0389799,0.125249,2.536,2.53939
-0.0307487,0.125249,2.536,2.53928
-0.0225174,0.125249,2.536,2.53919
-0.0141792,0.124311,2.517,2.52011
-0.00600962,0.124311,2.517,2.52008
0.00215994,0.124311,2.517,2.52007
0.0103295,0.124311,2.517,2.52009
0.0184991,0.124311,2.517,2.52014
0.0264779,0.123422,2.499,2.50219
0.034589,0.123422,2.499,2.50229
0.0427002,0.123422,2.499,2.50241
0.0508113,0.123422,2.499,2.50256
0.058498,0.122533,2.481,2.48471
0.0665507,0.122533,2.481,2.48492
0.0746034,0.122533,2.481,2.48514
0.0832558,0.123422,2.499,2.50343
0.091367,0.123422,2.499,2.50371
0.0994781,0.123422,2.499,2.50402
0.107589,0.123422,2.499,2.50436
0.1157,0.123422,2.499,2.50472
0.123811,0.123422,2.499,2.50511
0.131923,0.123422,2.499,2.50552
0.140034,0.123422,2.499,2.50596
0.149212,0.124311,2.517,2.52448
0.157382,0.124311,2.517,2.52498
0.166801,0.125249,2.536,2.54456
0.175032,0.125249,2.536,2.54512
0.183263,0.125249,2.536,2.5457
0.191494,0.125249,2.536,2.5463
0.198229,0.124311,2.517,2.52785
0.206399,0.124311,2.517,2.52851
0.214568,0.124311,2.517,2.52919
0.222738,0.124311,2.517,2.52989
0.230908,0.124311,2.517,2.53062
0.239077,0.124311,2.517,2.53138
0.247247,0.124311,2.517,2.53217
0.255416,0.124311,2.517,2.53298
0.261701,0.123422,2.499,2.5157
0.269812,0.123422,2.499,2.51655
0.277923,0.123422,2.499,2.51743
0.286034,0.123422,2.499,2.51834
0.292027,0.122533,2.481,2.50113
0.300079,0.122533,2.481,2.50208
0.308132,0.122533,2.481,2.50306
0.316185,0.122533,2.481,2.50407
0.324237,0.122533,2.481,2.5051
0.33229,0.122533,2.481,2.50615
0.337874,0.121644,2.463,2.48904
0.345868,0.121644,2.463,2.49014
0.353862,0.121644,2.463,2.49126
0.361856,0.121644,2.463,2.49241
0.369851,0.121644,2.463,2.49358
0.377845,0.121644,2.463,2.49478
0.385839,0.121644,2.463,2.496
0.393834,0.121644,2.463,2.49725
0.401828,0.121644,2.463,2.49853
0.409822,0.121644,2.463,2.49982
0.417816,0.121644,2.463,2.50115
0.425811,0.121644,2.463,2.5025
0.433805,0.121644,2.463,2.50387
0.441799,0.121644,2.463,2.50526
0.449794,0.121644,2.463,2.50669
0.457788,0.121644,2.463,2.50813
0.465782,0.121644,2.463,2.50961
0.473776,0.121644,2.463,2.5111
0.481771,0.121644,2.463,2.51262
0.493344,0.122533,2.481,2.53254
0.501397,0.122533,2.481,2.53412
0.50945,0.122533,2.481,2.53573
0.517502,0.122533,2.481,2.53736
0.521742,0.121644,2.463,2.52059
0.529737,0.121644,2.463,2.52226
0.537731,0.121644,2.463,2.52395
0.545725,0.121644,2.463,2.52566
0.553719,0.121644,2.463,2.5274
0.561714,0.121644,2.463,2.52917
0.573871,0.122533,2.481,2.54945
0.581924,0.122533,2.481,2.55128
0.589977,0.122533,2.481,2.55313
0.59803,0.122533,2.481,2.555
0.606082,0.122533,2.481,2.5569
0.614135,0.122533,2.481,2.55882
0.622188,0.122533,2.481,2.56076
0.63024,0.122533,2.481,2.56273
0.638293,0.122533,2.481,2.56472
0.646346,0.122533,2.481,2.56674
0.654399,0.122533,2.481,2.56878
0.662451,0.122533,2.481,2.57084
0.670504,0.122533,2.481,2.57293
0.678557,0.122533,2.481,2.57504
0.681628,0.121644,2.463,2.55847
0.689622,0.121644,2.463,2.56061
0.697617,0.121644,2.463,2.56278
0.705611,0.121644,2.463,2.56497
0.713605,0.121644,2.463,2.56718
0.721599,0.121644,2.463,2.56941
0.729594,0.121644,2.463,2.57167
0.737588,0.121644,2.463,2.57395
0.745582,0.121644,2.463,2.57625
0.753577,0.121644,2.463,2.57857
0.761571,0.121644,2.463,2.58092
0.769565,0.121644,2.463,2.58329
0.777559,0.121644,2.463,2.58568
0.785554,0.121644,2.463,2.5881
0.793548,0.121644,2.463,2.59054
0.801542,0.121644,2.463,2.593
0.809537,0.121644,2.463,2.59548
0.817531,0.121644,2.463,2.59798
0.825525,0.121644,2.463,2.60051
0.833519,0.121644,2.463,2.60306
0.841514,0.121644,2.463,2.60563
0.849508,0.121644,2.463,2.60822
0.857502,0.121644,2.463,2.61084
0.865497,0.121644,2.463,2.61347
0.873491,0.121644,2.463,2.61613
0.881485,0.121644,2.463,2.61881
0.889479,0.121644,2.463,2.62151
0.897474,0.121644,2.463,2.62424
0.905468,0.121644,2.463,2.62698
0.906787,0.120755,2.445,2.61053
0.914722,0.120755,2.445,2.6133
0.922658,0.120755,2.445,2.61609
0.930594,0.120755,2.445,2.6189
0.93853,0.120755,2.445,2.62173
0.946466,0.120755,2.445,2.62458
0.947766,0.119915,2.428,2.60918
0.955646,0.119915,2.428,2.61205
0.963527,0.119915,2.428,2.61495
0.971408,0.119915,2.428,2.61786
0.979289,0.119915,2.428,2.6208
0.994081,0.120755,2.445,2.64212
1.00939,0.121644,2.463,2.66459
1.01739,0.121644,2.463,2.66763
1.02538,0.121644,2.463,2.67069
1.04093,0.122533,2.481,2.69331
1.04898,0.122533,2.481,2.69643
1.0647,0.123422,2.499,2.71916
1.08054,0.124311,2.517,2.74195
1.08871,0.124311,2.517,2.74518
1.09688,0.124311,2.517,2.74843
1.11339,0.125249,2.536,2.77248
1.13003,0.126187,2.555,2.79659
1.13832,0.126187,2.555,2.79995
1.15514,0.127126,2.574,2.82418
1.17208,0.128064,2.593,2.84848
1.1805,0.128064,2.593,2.85195
1.18891,0.128064,2.593,2.85545
1.20657,0.129052,2.613,2.88101
1.21505,0.129052,2.613,2.88457
1.22353,0.129052,2.613,2.88816
1.23201,0.129052,2.613,2.89176
1.24049,0.129052,2.613,2.89538
1.24897,0.129052,2.613,2.89903
1.25745,0.129052,2.613,2.90269
1.26593,0.129052,2.613,2.90637
1.27441,0.129052,2.613,2.91008
1.27308,0.128064,2.593,2.8915
1.28149,0.128064,2.593,2.89522
1.28991,0.128064,2.593,2.89895
1.29833,0.128064,2.593,2.90271
1.30674,0.128064,2.593,2.90648
1.31516,0.128064,2.593,2.91027
1.33378,0.129052,2.613,2.93656
1.36333,0.131077,2.654,2.98656
1.38279,0.132114,2.675,3.01417
1.39148,0.132114,2.675,3.01816
1.42214,0.134188,2.717,3.06962
1.45414,0.136361,2.761,3.1235
1.4631,0.136361,2.761,3.12768
1.50831,0.13972,2.829,3.20901
1.54324,0.14209,2.877,3.26786
1.55258,0.14209,2.877,3.27228
1.58852,0.14451,2.926,3.33253
1.62587,0.147029,2.977,3.39523
1.64982,0.148313,3.003,3.42956
1.65957,0.148313,3.003,3.43426
1.68432,0.149647,3.03,3.4699
1.69416,0.149647,3.03,3.47469
1.70399,0.149647,3.03,3.47949
1.71383,0.149647,3.03,3.48432
1.72366,0.149647,3.03,3.48917
1.71805,0.148313,3.003,3.4629
1.72779,0.148313,3.003,3.46775
1.7225,0.147029,2.977,3.44255
1.73216,0.147029,2.977,3.44739
1.72661,0.145745,2.951,3.42211
1.72148,0.14451,2.926,3.39792
1.73098,0.14451,2.926,3.40274
1.7256,0.143276,2.901,3.37847
1.70631,0.140905,2.853,3.32731
1.71557,0.140905,2.853,3.33206
1.71032,0.13972,2.829,3.30877
1.69155,0.137448,2.783,3.25965
1.70058,0.137448,2.783,3.26435
1.68258,0.135275,2.739,3.21738
1.66492,0.133151,2.696,3.17145
1.67367,0.133151,2.696,3.17605
1.65621,0.131077,2.654,3.13112
1.65165,0.13004,2.633,3.11088
1.6602,0.13004,2.633,3.11542
1.64339,0.128064,2.593,3.07259
1.6397,0.127126,2.574,3.05455
1.64806,0.127126,2.574,3.05904
1.64419,0.126187,2.555,3.04094
1.6279,0.124311,2.517,3.00013
1.62437,0.123422,2.499,2.98309
1.63248,0.123422,2.499,2.98751
1.64059,0.123422,2.499,2.99195
1.63683,0.122533,2.481,2.97483
1.64488,0.122533,2.481,2.97926
1.65293,0.122533,2.481,2.98372
1.64894,0.121644,2.463,2.96651
1.65693,0.121644,2.463,2.97096
1.65276,0.120755,2.445,2.95368
1.66069,0.120755,2.445,2.95813
-1.9154,0.14532,2.761,3.36348
-1.89124,0.144162,2.739,3.33162
-1.88235,0.144162,2.739,3.32658
-1.87346,0.144162,2.739,3.32156
-1.8496,0.143004,2.717,3.28992
-1.84078,0.143004,2.717,3.28497
-1.80364,0.140794,2.675,3.22933
-1.78087,0.139689,2.654,3.19917
-1.75823,0.138583,2.633,3.16911
-1.74968,0.138583,2.633,3.16438
-1.72791,0.137531,2.613,3.13566
-1.69377,0.135478,2.574,3.08426
-1.68541,0.135478,2.574,3.07968
-1.66468,0.134478,2.555,3.05242
-1.64407,0.133478,2.536,3.02524
-1.63584,0.133478,2.536,3.02077
-1.61541,0.132478,2.517,2.99373
-1.59575,0.13153,2.499,2.96795
-1.58764,0.13153,2.499,2.96359
-1.57953,0.13153,2.499,2.95926
-1.57142,0.13153,2.499,2.95494
-1.5633,0.13153,2.499,2.95063
-1.55519,0.13153,2.499,2.94634
-1.54708,0.13153,2.499,2.94207
-1.55006,0.132478,2.517,2.95897
-1.54189,0.132478,2.517,2.9547
-1.53372,0.132478,2.517,2.95045
-1.52555,0.132478,2.517,2.94621
-1.52883,0.133478,2.536,2.96419
-1.5206,0.133478,2.536,2.95996
-1.5237,0.134478,2.555,2.97788
-1.51541,0.134478,2.555,2.97365
-1.50711,0.134478,2.555,2.96943
-1.49882,0.134478,2.555,2.96523
-1.47944,0.133478,2.536,2.93902
-1.47121,0.133478,2.536,2.93489
-1.46298,0.133478,2.536,2.93077
-1.44385,0.132478,2.517,2.90475
-1.43568,0.132478,2.517,2.90069
-1.42751,0.132478,2.517,2.89666
-1.40919,0.13153,2.499,2.87195
-1.40108,0.13153,2.499,2.86798
-1.38294,0.130583,2.481,2.8434
-1.36491,0.129636,2.463,2.81889
-1.35692,0.129636,2.463,2.81503
-1.35878,0.130583,2.481,2.83173
-1.35073,0.130583,2.481,2.82787
-1.35241,0.13153,2.499,2.84453
-1.3443,0.13153,2.499,2.84068
-1.33619,0.13153,2.499,2.83685
-1.32808,0.13153,2.499,2.83304
-1.32948,0.132478,2.517,2.84962
-1.32131,0.132478,2.517,2.84582
-1.32305,0.133478,2.536,2.86349
-1.31482,0.133478,2.536,2.8597
-1.31638,0.134478,2.555,2.87732
-1.30808,0.134478,2.555,2.87353
-1.29979,0.134478,2.555,2.86977
-1.3011,0.135478,2.574,2.88733
-1.29275,0.135478,2.574,2.88358
-1.27491,0.134478,2.555,2.85859
-1.26662,0.134478,2.555,2.8549
-1.24897,0.133478,2.536,2.83002
-1.23144,0.132478,2.517,2.80523
-1.21453,0.13153,2.499,2.78161
-1.20641,0.13153,2.499,2.77808
-1.18967,0.130583,2.481,2.75458
-1.17305,0.129636,2.463,2.73116
-1.16505,0.129636,2.463,2.72773
-1.1486,0.128688,2.445,2.70442
-1.14067,0.128688,2.445,2.70106
-1.13273,0.128688,2.445,2.69771
-1.11697,0.127793,2.428,2.67566
-1.10133,0.126899,2.411,2.65367
-1.0935,0.126899,2.411,2.65043
-1.08568,0.126899,2.411,2.64721
-1.07025,0.126004,2.394,2.62537
-1.06248,0.126004,2.394,2.62221
-1.05471,0.126004,2.394,2.61907
-1.04694,0.126004,2.394,2.61595
-1.03917,0.126004,2.394,2.61285
-1.0314,0.126004,2.394,2.60977
-1.02363,0.126004,2.394,2.60671
-1.01586,0.126004,2.394,2.60367
-1.00809,0.126004,2.394,2.60065
-1.00032,0.126004,2.394,2.59764
-0.992548,0.126004,2.394,2.59466
-0.984778,0.126004,2.394,2.5917
-0.977007,0.126004,2.394,2.58876
-0.969237,0.126004,2.394,2.58583
-0.961466,0.126004,2.394,2.58293
-0.953696,0.126004,2.394,2.58005
-0.945926,0.126004,2.394,2.57719
-0.938156,0.126004,2.394,2.57434
-0.936992,0.126899,2.411,2.58978
-0.929166,0.126899,2.411,2.58696
-0.921341,0.126899,2.411,2.58416
-0.913515,0.126899,2.411,2.58138
-0.90569,0.126899,2.411,2.57862
-0.897864,0.126899,2.411,2.57589
-0.890039,0.126899,2.411,2.57317
-0.882213,0.126899,2.411,2.57047
-0.874388,0.126899,2.411,2.5678
-0.866562,0.126899,2.411,2.56514
-0.858737,0.126899,2.411,2.56251
-0.850911,0.126899,2.411,2.5599
-0.84903,0.127793,2.428,2.57534
-0.84115,0.127793,2.428,2.57275
-0.833269,0.127793,2.428,2.57019
-0.825388,0.127793,2.428,2.56764
-0.817508,0.127793,2.428,2.56512
-0.809627,0.127793,2.428,2.56262
-0.801746,0.127793,2.428,2.56014
-0.793866,0.127793,2.428,2.55768
-0.785985,0.127793,2.428,2.55525
-0.778104,0.127793,2.428,2.55283
-0.770224,0.127793,2.428,2.55044
-0.767681,0.128688,2.445,2.56592
-0.759745,0.128688,2.445,2.56355
-0.751809,0.128688,2.445,2.56121
-0.743873,0.128688,2.445,2.55889
-0.735937,0.128688,2.445,2.5566
-0.728001,0.128688,2.445,2.55432
-0.720065,0.128688,2.445,2.55207
-0.712129,0.128688,2.445,2.54985
-0.704194,0.128688,2.445,2.54764
-0.696258,0.128688,2.445,2.54546
-0.693389,0.129636,2.463,2.56202
-0.685395,0.129636,2.463,2.55987
-0.677401,0.129636,2.463,2.55774
-0.669406,0.129636,2.463,2.55564
-0.661412,0.129636,2.463,2.55355
-0.653418,0.129636,2.463,2.5515
-0.645424,0.129636,2.463,2.54946
-0.642088,0.130583,2.481,2.56607
-0.634035,0.130583,2.481,2.56406
-0.625982,0.130583,2.481,2.56208
-0.61793,0.130583,2.481,2.56013
-0.609877,0.130583,2.481,2.5582
-0.601824,0.130583,2.481,2.55629
-0.593771,0.130583,2.481,2.5544
-0.585719,0.130583,2.481,2.55254
-0.577666,0.130583,2.481,2.55071
-0.569613,0.130583,2.481,2.5489
-0.561561,0.130583,2.481,2.54711
-0.553508,0.130583,2.481,2.54535
-0.545455,0.130583,2.481,2.54361
-0.537403,0.130583,2.481,2.54189
-0.52935,0.130583,2.481,2.5402
-0.521297,0.130583,2.481,2.53854
-0.516968,0.13153,2.499,2.5553
-0.508857,0.13153,2.499,2.55367
-0.500746,0.13153,2.499,2.55207
-0.492635,0.13153,2.499,2.55049
-0.484524,0.13153,2.499,2.54893
-0.476412,0.13153,2.499,2.5474
-0.468301,0.13153,2.499,2.5459
-0.46019,0.13153,2.499,2.54442
-0.452079,0.13153,2.499,2.54297
-0.443968,0.13153,2.499,2.54154
-0.435857,0.13153,2.499,2.54013
-0.427746,0.13153,2.499,2.53875
-0.419634,0.13153,2.499,2.5374
-0.411523,0.13153,2.499,2.53607
-0.403412,0.13153,2.499,2.53477
-0.395301,0.13153,2.499,2.53349
-0.38719,0.13153,2.499,2.53224
-0.381809,0.132478,2.517,2.54924
-0.37364,0.132478,2.517,2.54803
-0.36547,0.132478,2.517,2.54684
-0.357301,0.132478,2.517,2.54568
-0.349131,0.132478,2.517,2.54455
-0.340961,0.132478,2.517,2.54344
-0.332792,0.132478,2.517,2.54236
-0.324622,0.132478,2.517,2.5413
-0.316453,0.132478,2.517,2.54027
-0.31061,0.133478,2.536,2.55844
-0.302379,0.133478,2.536,2.55745
-0.294148,0.133478,2.536,2.55649
-0.285917,0.133478,2.536,2.55555
-0.277685,0.133478,2.536,2.55465
-0.269454,0.133478,2.536,2.55377
-0.259266,0.132478,2.517,2.53378
-0.251096,0.132478,2.517,2.53296
-0.242927,0.132478,2.517,2.53216
-0.234757,0.132478,2.517,2.53139
-0.226588,0.132478,2.517,2.53065
-0.218418,0.132478,2.517,2.52993
-0.210249,0.132478,2.517,2.52924
-0.202079,0.132478,2.517,2.52857
-0.193909,0.132478,2.517,2.52793
-0.18574,0.132478,2.517,2.52732
-0.17757,0.132478,2.517,2.52673
-0.169401,0.132478,2.517,2.52617
-0.161231,0.132478,2.517,2.52564
-0.153062,0.132478,2.517,2.52513
-0.144892,0.132478,2.517,2.52465
-0.136723,0.132478,2.517,2.52419
-0.128553,0.132478,2.517,2.52376
-0.120383,0.132478,2.517,2.52336
-0.112214,0.132478,2.517,2.52298
-0.104044,0.132478,2.517,2.52263
-0.0958747,0.132478,2.517,2.52231
-0.0877052,0.132478,2.517,2.52201
-0.0795356,0.132478,2.517,2.52174
-0.0713661,0.132478,2.517,2.52149
-0.0636736,0.133478,2.536,2.54031
-0.0554423,0.133478,2.536,2.54012
-0.0472111,0.133478,2.536,2.53995
-0.0389799,0.133478,2.536,2.53981
-0.0307487,0.133478,2.536,2.5397
-0.0223487,0.132478,2.517,2.52058
-0.0141792,0.132478,2.517,2.52052
-0.00600962,0.132478,2.517,2.52049
0.00215994,0.132478,2.517,2.52049
0.0102556,0.13153,2.499,2.50248
0.0183668,0.13153,2.499,2.50253
0.0264779,0.13153,2.499,2.5026
0.034589,0.13153,2.499,2.5027
0.0427002,0.13153,2.499,2.50282
0.0504453,0.130583,2.481,2.48495
0.058498,0.130583,2.481,2.48512
0.0665507,0.130583,2.481,2.48533
0.0746034,0.130583,2.481,2.48555
0.0826561,0.130583,2.481,2.48581
0.0907089,0.130583,2.481,2.48609
0.0987616,0.130583,2.481,2.4864
0.106814,0.130583,2.481,2.48673
0.1157,0.13153,2.499,2.50513
0.123811,0.13153,2.499,2.50552
0.131923,0.13153,2.499,2.50593
0.140034,0.13153,2.499,2.50637
0.149212,0.132478,2.517,2.5249
0.157382,0.132478,2.517,2.52539
0.166801,0.133478,2.536,2.54498
0.175032,0.133478,2.536,2.54553
0.183263,0.133478,2.536,2.54611
0.191494,0.133478,2.536,2.54672
0.198229,0.132478,2.517,2.52827
0.206399,0.132478,2.517,2.52892
0.214568,0.132478,2.517,2.5296
0.222738,0.132478,2.517,2.53031
0.230908,0.132478,2.517,2.53104
0.239077,0.132478,2.517,2.5318
0.247247,0.132478,2.517,2.53258
0.255416,0.132478,2.517,2.53339
0.263586,0.132478,2.517,2.53423
0.269812,0.13153,2.499,2.51696
0.277923,0.13153,2.499,2.51784
0.286034,0.13153,2.499,2.51875
0.294145,0.13153,2.499,2.51969
0.300079,0.130583,2.481,2.50249
0.308132,0.130583,2.481,2.50347
0.316185,0.130583,2.481,2.50447
0.324237,0.130583,2.481,2.5055
0.33229,0.130583,2.481,2.50656
0.340343,0.130583,2.481,2.50764
0.348396,0.130583,2.481,2.50874
0.356448,0.130583,2.481,2.50987
0.364501,0.130583,2.481,2.51103
0.372554,0.130583,2.481,2.51221
0.380606,0.130583,2.481,2.51342
0.388659,0.130583,2.481,2.51465
0.396712,0.130583,2.481,2.51591
0.404765,0.130583,2.481,2.51719
0.412817,0.130583,2.481,2.5185
0.42087,0.130583,2.481,2.51983
0.425811,0.129636,2.463,2.5029
0.433805,0.129636,2.463,2.50427
0.441799,0.129636,2.463,2.50567
0.449794,0.129636,2.463,2.50709
0.457788,0.129636,2.463,2.50853
0.465782,0.129636,2.463,2.51001
0.473776,0.129636,2.463,2.5115
0.481771,0.129636,2.463,2.51302
0.493344,0.130583,2.481,2.53294
0.501397,0.130583,2.481,2.53452
0.50945,0.130583,2.481,2.53613
0.517502,0.130583,2.481,2.53776
0.521742,0.129636,2.463,2.52099
0.529737,0.129636,2.463,2.52266
0.537731,0.129636,2.463,2.52435
0.545725,0.129636,2.463,2.52606
0.553719,0.129636,2.463,2.5278
0.561714,0.129636,2.463,2.52956
0.569708,0.129636,2.463,2.53135
0.577702,0.129636,2.463,2.53316
0.585697,0.129636,2.463,2.535
0.593691,0.129636,2.463,2.53686
0.601685,0.129636,2.463,2.53874
0.609679,0.129636,2.463,2.54065
0.617674,0.129636,2.463,2.54258
0.625668,0.129636,2.463,2.54453
0.633662,0.129636,2.463,2.54651
0.641657,0.129636,2.463,2.54851
0.649651,0.129636,2.463,2.55053
0.657645,0.129636,2.463,2.55258
0.665639,0.129636,2.463,2.55465
0.673634,0.129636,2.463,2.55675
0.676647,0.128688,2.445,2.54016
0.684582,0.128688,2.445,2.54229
0.692518,0.128688,2.445,2.54444
0.700454,0.128688,2.445,2.54661
0.70839,0.128688,2.445,2.5488
0.716326,0.128688,2.445,2.55102
0.724262,0.128688,2.445,2.55326
0.732198,0.128688,2.445,2.55552
0.745582,0.129636,2.463,2.57664
0.753577,0.129636,2.463,2.57896
0.756005,0.128688,2.445,2.56245
0.763941,0.128688,2.445,2.5648
0.771877,0.128688,2.445,2.56717
0.779813,0.128688,2.445,2.56957
0.793548,0.129636,2.463,2.59092
0.801542,0.129636,2.463,2.59338
0.809537,0.129636,2.463,2.59587
0.817531,0.129636,2.463,2.59837
0.825525,0.129636,2.463,2.6009
0.833519,0.129636,2.463,2.60345
0.841514,0.129636,2.463,2.60602
0.849508,0.129636,2.463,2.60861
0.857502,0.129636,2.463,2.61122
0.865497,0.129636,2.463,2.61386
0.867107,0.128688,2.445,2.5974
0.875043,0.128688,2.445,2.60006
0.882979,0.128688,2.445,2.60274
0.890915,0.128688,2.445,2.60544
0.898851,0.128688,2.445,2.60816
0.906787,0.128688,2.445,2.61091
0.908362,0.127793,2.428,2.5955
0.916243,0.127793,2.428,2.59827
0.924124,0.127793,2.428,2.60106
0.932004,0.127793,2.428,2.60387
0.939885,0.127793,2.428,2.6067
0.947766,0.127793,2.428,2.60955
0.955646,0.127793,2.428,2.61243
0.963527,0.127793,2.428,2.61532
0.971408,0.127793,2.428,2.61823
0.979289,0.127793,2.428,2.62117
0.994081,0.128688,2.445,2.6425
1.00202,0.128688,2.445,2.64549
1.00995,0.128688,2.445,2.64851
1.02538,0.129636,2.463,2.67106
1.04093,0.130583,2.481,2.69369
1.04898,0.130583,2.481,2.69681
1.05703,0.130583,2.481,2.69995
1.07281,0.13153,2.499,2.72273
1.08093,0.13153,2.499,2.72593
1.09688,0.132478,2.517,2.74882
1.11339,0.133478,2.536,2.77286
1.12162,0.133478,2.536,2.77618
1.12985,0.133478,2.536,2.77951
1.14661,0.134478,2.555,2.80372
1.1549,0.134478,2.555,2.80712
1.1632,0.134478,2.555,2.81054
1.1802,0.135478,2.574,2.83491
1.18856,0.135478,2.574,2.8384
1.19691,0.135478,2.574,2.84191
1.21416,0.136478,2.593,2.86644
1.22258,0.136478,2.593,2.87001
1.231,0.136478,2.593,2.87361
1.23941,0.136478,2.593,2.87722
1.24783,0.136478,2.593,2.88086
1.25624,0.136478,2.593,2.88451
1.26466,0.136478,2.593,2.88819
1.27308,0.136478,2.593,2.89189
1.28149,0.136478,2.593,2.8956
1.28046,0.135478,2.574,2.87809
1.28881,0.135478,2.574,2.88182
1.29717,0.135478,2.574,2.88556
1.30552,0.135478,2.574,2.88933
1.32357,0.136478,2.593,2.91447
1.34226,0.137531,2.613,2.94081
1.37194,0.139689,2.654,2.99089
1.38055,0.139689,2.654,2.99486
1.41115,0.141899,2.696,3.04629
1.44255,0.144162,2.739,3.09901
1.45144,0.144162,2.739,3.10316
1.48379,0.146478,2.783,3.15724
1.5175,0.148899,2.829,3.21375
1.52668,0.148899,2.829,3.2181
1.57495,0.152689,2.901,3.30448
1.59802,0.154005,2.926,3.33749
1.63553,0.156689,2.977,3.4003
1.6452,0.156689,2.977,3.40496
1.66931,0.158058,3.003,3.43942
1.67906,0.158058,3.003,3.44416
1.68881,0.158058,3.003,3.44892
1.69855,0.158058,3.003,3.4537
1.7083,0.158058,3.003,3.45851
1.71805,0.158058,3.003,3.46333
1.71284,0.156689,2.977,3.43815
1.70745,0.155321,2.951,3.41291
1.71703,0.155321,2.951,3.41771
1.71198,0.154005,2.926,3.39354
1.70677,0.152689,2.901,3.3693
1.71619,0.152689,2.901,3.37408
1.71133,0.151426,2.877,3.35093
1.69196,0.148899,2.829,3.29972
1.70114,0.148899,2.829,3.30444
1.68251,0.146478,2.783,3.25536
1.67817,0.14532,2.761,3.23427
1.68714,0.14532,2.761,3.23893
1.66907,0.143004,2.717,3.19192
1.65195,0.140794,2.675,3.14712
1.66063,0.140794,2.675,3.15169
1.6431,0.138583,2.633,3.10672
1.6391,0.137531,2.613,3.08761
1.64759,0.137531,2.613,3.09212
1.64339,0.136478,2.593,3.07295
1.6276,0.134478,2.555,3.03236
1.63589,0.134478,2.555,3.03682
1.63196,0.133478,2.536,3.01868
1.6279,0.132478,2.517,3.00048
1.62437,0.13153,2.499,2.98343
1.63248,0.13153,2.499,2.98786
1.64059,0.13153,2.499,2.9923
1.63683,0.130583,2.481,2.97517
1.64488,0.130583,2.481,2.97961
1.65293,0.130583,2.481,2.98406
1.64894,0.129636,2.463,2.96684
1.65693,0.129636,2.463,2.9713
1.65276,0.128688,2.445,2.95401
1.66069,0.128688,2.445,2.95846
-1.9154,0.154279,2.761,3.36388
-1.89124,0.15305,2.739,3.33202
-1.88235,0.15305,2.739,3.32698
-1.87346,0.15305,2.739,3.32196
-1.8496,0.151821,2.717,3.29031
-1.84078,0.151821,2.717,3.28536
-1.80364,0.149474,2.675,3.22972
-1.78087,0.1483,2.654,3.19956
-1.75823,0.147127,2.633,3.1695
-1.74968,0.147127,2.633,3.16476
-1.72791,0.146009,2.613,3.13604
-1.69377,0.14383,2.574,3.08464
-1.68541,0.14383,2.574,3.08006
-1.66468,0.142768,2.555,3.0528
-1.64407,0.141707,2.536,3.02561
-1.63584,0.141707,2.536,3.02115
-1.61541,0.140645,2.517,2.9941
-1.59575,0.139639,2.499,2.96832
-1.58764,0.139639,2.499,2.96397
-1.57953,0.139639,2.499,2.95963
-1.57142,0.139639,2.499,2.95531
-1.5633,0.139639,2.499,2.951
-1.55519,0.139639,2.499,2.94671
-1.54708,0.139639,2.499,2.94244
-1.55006,0.140645,2.517,2.95935
-1.54189,0.140645,2.517,2.95508
-1.53372,0.140645,2.517,2.95082
-1.52555,0.140645,2.517,2.94659
-1.52883,0.141707,2.536,2.96457
-1.5206,0.141707,2.536,2.96034
-1.5237,0.142768,2.555,2.97827
-1.51541,0.142768,2.555,2.97403
-1.50711,0.142768,2.555,2.96982
-1.49882,0.142768,2.555,2.96562
-1.47944,0.141707,2.536,2.93941
-1.47121,0.141707,2.536,2.93528
-1.46298,0.141707,2.536,2.93116
-1.44385,0.140645,2.517,2.90513
-1.43568,0.140645,2.517,2.90108
-1.42751,0.140645,2.517,2.89704
-1.40919,0.139639,2.499,2.87234
-1.40108,0.139639,2.499,2.86837
-1.38294,0.138633,2.481,2.84378
-1.36491,0.137628,2.463,2.81927
-1.35692,0.137628,2.463,2.81541
-1.34892,0.137628,2.463,2.81156
-1.34093,0.137628,2.463,2.80774
-1.34267,0.138633,2.481,2.82442
-1.33462,0.138633,2.481,2.8206
-1.32657,0.138633,2.481,2.8168
-1.32808,0.139639,2.499,2.83343
-1.32948,0.140645,2.517,2.85001
-1.32131,0.140645,2.517,2.84621
-1.32305,0.141707,2.536,2.86389
-1.31482,0.141707,2.536,2.86009
-1.31638,0.142768,2.555,2.87772
-1.30808,0.142768,2.555,2.87393
-1.29979,0.142768,2.555,2.87017
-1.3011,0.14383,2.574,2.88774
-1.29275,0.14383,2.574,2.88398
-1.27491,0.142768,2.555,2.85899
-1.26662,0.142768,2.555,2.8553
-1.24897,0.141707,2.536,2.83042
-1.23144,0.140645,2.517,2.80562
-1.21453,0.139639,2.499,2.78201
-1.20641,0.139639,2.499,2.77848
-1.18967,0.138633,2.481,2.75498
-1.17305,0.137628,2.463,2.73155
-1.16505,0.137628,2.463,2.72812
-1.1486,0.136622,2.445,2.70481
-1.14067,0.136622,2.445,2.70145
-1.13273,0.136622,2.445,2.6981
-1.11697,0.135672,2.428,2.67605
-1.10133,0.134722,2.411,2.65405
-1.0935,0.134722,2.411,2.65081
-1.08568,0.134722,2.411,2.6476
-1.07025,0.133772,2.394,2.62575
-1.06248,0.133772,2.394,2.62259
-1.05471,0.133772,2.394,2.61946
-1.04694,0.133772,2.394,2.61634
-1.03917,0.133772,2.394,2.61324
-1.0314,0.133772,2.394,2.61016
-1.02363,0.133772,2.394,2.6071
-1.01586,0.133772,2.394,2.60405
-1.00809,0.133772,2.394,2.60103
-1.00032,0.133772,2.394,2.59803
-0.992548,0.133772,2.394,2.59505
-0.984778,0.133772,2.394,2.59209
-0.977007,0.133772,2.394,2.58915
-0.969237,0.133772,2.394,2.58622
-0.961466,0.133772,2.394,2.58332
-0.953696,0.133772,2.394,2.58044
-0.945926,0.133772,2.394,2.57758
-0.938156,0.133772,2.394,2.57474
-0.936992,0.134722,2.411,2.59018
-0.929166,0.134722,2.411,2.58736
-0.921341,0.134722,2.411,2.58456
-0.913515,0.134722,2.411,2.58178
-0.90569,0.134722,2.411,2.57902
-0.897864,0.134722,2.411,2.57628
-0.890039,0.134722,2.411,2.57357
-0.882213,0.134722,2.411,2.57087
-0.874388,0.134722,2.411,2.56819
-0.872672,0.135672,2.428,2.58363
-0.864792,0.135672,2.428,2.58098
-0.856911,0.135672,2.428,2.57835
-0.84903,0.135672,2.428,2.57574
-0.84115,0.135672,2.428,2.57315
-0.833269,0.135672,2.428,2.57059
-0.825388,0.135672,2.428,2.56805
-0.817508,0.135672,2.428,2.56552
-0.809627,0.135672,2.428,2.56302
-0.801746,0.135672,2.428,2.56054
-0.793866,0.135672,2.428,2.55809
-0.785985,0.135672,2.428,2.55565
-0.778104,0.135672,2.428,2.55324
-0.775616,0.136622,2.445,2.56871
-0.767681,0.136622,2.445,2.56633
-0.759745,0.136622,2.445,2.56396
-0.751809,0.136622,2.445,2.56162
-0.743873,0.136622,2.445,2.5593
-0.735937,0.136622,2.445,2.55701
-0.728001,0.136622,2.445,2.55474
-0.720065,0.136622,2.445,2.55249
-0.712129,0.136622,2.445,2.55026
-0.704194,0.136622,2.445,2.54805
-0.701384,0.137628,2.463,2.56461
-0.693389,0.137628,2.463,2.56244
-0.685395,0.137628,2.463,2.56029
-0.677401,0.137628,2.463,2.55816
-0.669406,0.137628,2.463,2.55605
-0.661412,0.137628,2.463,2.55397
-0.653418,0.137628,2.463,2.55191
-0.645424,0.137628,2.463,2.54988
-0.642088,0.138633,2.481,2.56649
-0.634035,0.138633,2.481,2.56448
-0.625982,0.138633,2.481,2.56251
-0.61793,0.138633,2.481,2.56055
-0.609877,0.138633,2.481,2.55862
-0.601824,0.138633,2.481,2.55671
-0.593771,0.138633,2.481,2.55483
-0.585719,0.138633,2.481,2.55297
-0.577666,0.138633,2.481,2.55113
-0.569613,0.138633,2.481,2.54932
-0.561561,0.138633,2.481,2.54753
-0.553508,0.138633,2.481,2.54577
-0.545455,0.138633,2.481,2.54403
-0.537403,0.138633,2.481,2.54232
-0.52935,0.138633,2.481,2.54063
-0.521297,0.138633,2.481,2.53896
-0.516968,0.139639,2.499,2.55573
-0.508857,0.139639,2.499,2.5541
-0.500746,0.139639,2.499,2.5525
-0.492635,0.139639,2.499,2.55092
-0.484524,0.139639,2.499,2.54937
-0.476412,0.139639,2.499,2.54784
-0.468301,0.139639,2.499,2.54633
-0.46019,0.139639,2.499,2.54485
-0.452079,0.139639,2.499,2.5434
-0.443968,0.139639,2.499,2.54197
-0.435857,0.139639,2.499,2.54057
-0.427746,0.139639,2.499,2.53919
-0.419634,0.139639,2.499,2.53783
-0.411523,0.139639,2.499,2.5365
-0.403412,0.139639,2.499,2.5352
-0.395301,0.139639,2.499,2.53392
-0.38719,0.139639,2.499,2.53267
-0.379079,0.139639,2.499,2.53144
-0.370968,0.139639,2.499,2.53024
-0.362857,0.139639,2.499,2.52906
-0.354745,0.139639,2.499,2.52791
-0.346634,0.139639,2.499,2.52679
-0.338523,0.139639,2.499,2.52569
-0.332792,0.140645,2.517,2.5428
-0.324622,0.140645,2.517,2.54174
-0.316453,0.140645,2.517,2.54071
-0.31061,0.141707,2.536,2.55888
-0.302379,0.141707,2.536,2.55789
-0.294148,0.141707,2.536,2.55693
-0.285917,0.141707,2.536,2.556
-0.277685,0.141707,2.536,2.55509
-0.269454,0.141707,2.536,2.55421
-0.261223,0.141707,2.536,2.55335
-0.252992,0.141707,2.536,2.55252
-0.242927,0.140645,2.517,2.5326
-0.234757,0.140645,2.517,2.53183
-0.228298,0.141707,2.536,2.5502
-0.218418,0.140645,2.517,2.53037
-0.210249,0.140645,2.517,2.52968
-0.202079,0.140645,2.517,2.52901
-0.193909,0.140645,2.517,2.52837
-0.18574,0.140645,2.517,2.52776
-0.17757,0.140645,2.517,2.52717
-0.169401,0.140645,2.517,2.52661
-0.161231,0.140645,2.517,2.52608
-0.153062,0.140645,2.517,2.52557
-0.144892,0.140645,2.517,2.52509
-0.136723,0.140645,2.517,2.52463
-0.128553,0.140645,2.517,2.5242
-0.120383,0.140645,2.517,2.5238
-0.112214,0.140645,2.517,2.52342
-0.104044,0.140645,2.517,2.52307
-0.0958747,0.140645,2.517,2.52275
-0.0877052,0.140645,2.517,2.52245
-0.0795356,0.140645,2.517,2.52218
-0.0713661,0.140645,2.517,2.52194
-0.0636736,0.141707,2.536,2.54075
-0.0554423,0.141707,2.536,2.54056
-0.0472111,0.141707,2.536,2.54039
-0.0389799,0.141707,2.536,2.54026
-0.0307487,0.141707,2.536,2.54014
-0.0223487,0.140645,2.517,2.52103
-0.0141792,0.140645,2.517,2.52097
-0.00600962,0.140645,2.517,2.52093
0.00215994,0.140645,2.517,2.52093
0.0102556,0.139639,2.499,2.50292
0.0183668,0.139639,2.499,2.50297
0.0264779,0.139639,2.499,2.50304
0.034589,0.139639,2.499,2.50314
0.0427002,0.139639,2.499,2.50326
0.0504453,0.138633,2.481,2.48538
0.058498,0.138633,2.481,2.48556
0.0665507,0.138633,2.481,2.48576
0.0746034,0.138633,2.481,2.48599
0.0826561,0.138633,2.481,2.48624
0.0907089,0.138633,2.481,2.48653
0.0987616,0.138633,2.481,2.48683
0.106814,0.138633,2.481,2.48717
0.1157,0.139639,2.499,2.50557
0.123811,0.139639,2.499,2.50596
0.131923,0.139639,2.499,2.50637
0.140034,0.139639,2.499,2.50681
0.149212,0.140645,2.517,2.52534
0.157382,0.140645,2.517,2.52583
0.165551,0.140645,2.517,2.52636
0.173721,0.140645,2.517,2.52691
0.18189,0.140645,2.517,2.52748
0.19006,0.140645,2.517,2.52808
0.198229,0.140645,2.517,2.52871
0.206399,0.140645,2.517,2.52936
0.214568,0.140645,2.517,2.53004
0.222738,0.140645,2.517,2.53075
0.230908,0.140645,2.517,2.53148
0.239077,0.140645,2.517,2.53224
0.247247,0.140645,2.517,2.53302
0.255416,0.140645,2.517,2.53383
0.261701,0.139639,2.499,2.51654
0.269812,0.139639,2.499,2.5174
0.277923,0.139639,2.499,2.51828
0.286034,0.139639,2.499,2.51919
0.294145,0.139639,2.499,2.52012
0.300079,0.138633,2.481,2.50292
0.308132,0.138633,2.481,2.5039
0.316185,0.138633,2.481,2.50491
0.324237,0.138633,2.481,2.50594
0.33229,0.138633,2.481,2.50699
0.340343,0.138633,2.481,2.50807
0.348396,0.138633,2.481,2.50918
0.356448,0.138633,2.481,2.51031
0.364501,0.138633,2.481,2.51146
0.372554,0.138633,2.481,2.51264
0.377845,0.137628,2.463,2.49561
0.385839,0.137628,2.463,2.49683
0.393834,0.137628,2.463,2.49808
0.401828,0.137628,2.463,2.49936
0.409822,0.137628,2.463,2.50065
0.417816,0.137628,2.463,2.50198
0.425811,0.137628,2.463,2.50332
0.433805,0.137628,2.463,2.50469
0.441799,0.137628,2.463,2.50609
0.449794,0.137628,2.463,2.50751
0.457788,0.137628,2.463,2.50896
0.465782,0.137628,2.463,2.51043
0.473776,0.137628,2.463,2.51193
0.481771,0.137628,2.463,2.51345
0.489765,0.137628,2.463,2.51499
0.497759,0.137628,2.463,2.51656
0.505754,0.137628,2.463,2.51815
0.513748,0.137628,2.463,2.51977
0.521742,0.137628,2.463,2.52141
0.529737,0.137628,2.463,2.52308
0.537731,0.137628,2.463,2.52477
0.545725,0.137628,2.463,2.52648
0.553719,0.137628,2.463,2.52822
0.561714,0.137628,2.463,2.52999
0.569708,0.137628,2.463,2.53177
0.577702,0.137628,2.463,2.53358
0.585697,0.137628,2.463,2.53542
0.593691,0.137628,2.463,2.53728
0.601685,0.137628,2.463,2.53916
0.605224,0.136622,2.445,2.5225
0.61316,0.136622,2.445,2.52441
0.621095,0.136622,2.445,2.52635
0.629031,0.136622,2.445,2.52831
0.636967,0.136622,2.445,2.5303
0.644903,0.136622,2.445,2.53231
0.652839,0.136622,2.445,2.53434
0.660775,0.136622,2.445,2.5364
0.664061,0.135672,2.428,2.52083
0.671942,0.135672,2.428,2.52291
0.679823,0.135672,2.428,2.52502
0.687703,0.135672,2.428,2.52716
0.695584,0.135672,2.428,2.52931
0.703465,0.135672,2.428,2.53149
0.711345,0.135672,2.428,2.53369
0.719226,0.135672,2.428,2.53592
0.732198,0.136622,2.445,2.55594
0.740133,0.136622,2.445,2.55822
0.748069,0.136622,2.445,2.56053
0.756005,0.136622,2.445,2.56286
0.763941,0.136622,2.445,2.56521
0.771877,0.136622,2.445,2.56758
0.779813,0.136622,2.445,2.56998
0.787749,0.136622,2.445,2.5724
0.795684,0.136622,2.445,2.57484
0.80362,0.136622,2.445,2.5773
0.811556,0.136622,2.445,2.57979
0.819492,0.136622,2.445,2.5823
0.827428,0.136622,2.445,2.58483
0.835364,0.136622,2.445,2.58738
0.8433,0.136622,2.445,2.58995
0.851236,0.136622,2.445,2.59255
0.859171,0.136622,2.445,2.59516
0.867107,0.136622,2.445,2.5978
0.875043,0.136622,2.445,2.60046
0.87684,0.135672,2.428,2.58504
0.88472,0.135672,2.428,2.58773
0.892601,0.135672,2.428,2.59043
0.900482,0.135672,2.428,2.59316
0.908362,0.135672,2.428,2.5959
0.916243,0.135672,2.428,2.59867
0.924124,0.135672,2.428,2.60146
0.925479,0.134722,2.411,2.58604
0.933304,0.134722,2.411,2.58885
0.94113,0.134722,2.411,2.59168
0.948955,0.134722,2.411,2.59453
0.956781,0.134722,2.411,2.5974
0.971408,0.135672,2.428,2.61863
0.979289,0.135672,2.428,2.62156
0.987169,0.135672,2.428,2.62452
1.00202,0.136622,2.445,2.64589
1.00995,0.136622,2.445,2.6489
1.01789,0.136622,2.445,2.65194
1.03338,0.137628,2.463,2.67454
1.04137,0.137628,2.463,2.67764
1.04937,0.137628,2.463,2.68076
1.06509,0.138633,2.481,2.70351
1.07314,0.138633,2.481,2.7067
1.08904,0.139639,2.499,2.72956
1.10505,0.140645,2.517,2.75249
1.11322,0.140645,2.517,2.75578
1.12139,0.140645,2.517,2.75909
1.13809,0.141707,2.536,2.78327
1.14632,0.141707,2.536,2.78665
1.15455,0.141707,2.536,2.79005
1.16278,0.141707,2.536,2.79346
1.17978,0.142768,2.555,2.81785
1.18808,0.142768,2.555,2.82134
1.21416,0.144892,2.593,2.86685
1.22258,0.144892,2.593,2.87043
1.231,0.144892,2.593,2.87402
1.23941,0.144892,2.593,2.87764
1.24783,0.144892,2.593,2.88127
1.25624,0.144892,2.593,2.88493
1.26466,0.144892,2.593,2.8886
1.27308,0.144892,2.593,2.89229
1.28149,0.144892,2.593,2.89601
1.28046,0.14383,2.574,2.8785
1.28881,0.14383,2.574,2.88222
1.29717,0.14383,2.574,2.88597
1.30552,0.14383,2.574,2.88973
1.32357,0.144892,2.593,2.91487
1.34226,0.146009,2.613,2.94122
1.37194,0.1483,2.654,2.99131
1.38055,0.1483,2.654,2.99527
1.41115,0.150647,2.696,3.04671
1.44255,0.15305,2.739,3.09943
1.45144,0.15305,2.739,3.10358
1.48379,0.155509,2.783,3.15767
1.5175,0.158079,2.829,3.21419
1.52668,0.158079,2.829,3.21854
1.57495,0.162102,2.901,3.30493
1.59802,0.163499,2.926,3.33794
1.63553,0.166349,2.977,3.40076
1.6452,0.166349,2.977,3.40542
1.66931,0.167802,3.003,3.43988
1.67906,0.167802,3.003,3.44462
1.68881,0.167802,3.003,3.44938
1.69855,0.167802,3.003,3.45416
1.7083,0.167802,3.003,3.45897
1.71805,0.167802,3.003,3.46379
1.71284,0.166349,2.977,3.43861
1.70745,0.164896,2.951,3.41336
1.71703,0.164896,2.951,3.41816
1.71198,0.163499,2.926,3.39398
1.70677,0.162102,2.901,3.36974
1.71619,0.162102,2.901,3.37452
1.71133,0.160761,2.877,3.35136
1.69196,0.158079,2.829,3.30014
1.70114,0.158079,2.829,3.30486
1.68251,0.155509,2.783,3.25578
1.67817,0.154279,2.761,3.23469
1.68714,0.154279,2.761,3.23934
1.66907,0.151821,2.717,3.19232
1.65195,0.149474,2.675,3.14752
1.66063,0.149474,2.675,3.15209
1.6431,0.147127,2.633,3.10711
1.6391,0.146009,2.613,3.088
1.64759,0.146009,2.613,3.09251
1.64339,0.144892,2.593,3.07333
1.6276,0.142768,2.555,3.03274
1.63589,0.142768,2.555,3.0372
1.63196,0.141707,2.536,3.01905
1.6279,0.140645,2.517,3.00086
1.62437,0.139639,2.499,2.9838
1.63248,0.139639,2.499,2.98823
1.64059,0.139639,2.499,2.99267
1.63683,0.138633,2.481,2.97553
1.64488,0.138633,2.481,2.97997
1.65293,0.138633,2.481,2.98442
1.64894,0.137628,2.463,2.9672
1.65693,0.137628,2.463,2.97165
1.65276,0.136622,2.445,2.95437
1.66069,0.136622,2.445,2.95882
-1.90013,0.161938,2.739,3.33749
-1.89124,0.161938,2.739,3.33244
-1.88235,0.161938,2.739,3.3274
-1.85842,0.160637,2.717,3.29569
-1.8353,0.159395,2.696,3.2653
-1.82655,0.159395,2.696,3.26038
-1.78948,0.156912,2.654,3.20477
-1.76678,0.155671,2.633,3.17465
-1.74487,0.154488,2.613,3.14583
-1.73639,0.154488,2.613,3.14113
-1.71469,0.153306,2.593,3.11244
-1.68127,0.151059,2.555,3.06227
-1.67297,0.151059,2.555,3.05772
-1.6523,0.149936,2.536,3.03049
-1.64407,0.149936,2.536,3.02601
-1.63584,0.149936,2.536,3.02155
-1.60386,0.147748,2.499,2.97308
-1.59575,0.147748,2.499,2.96871
-1.58764,0.147748,2.499,2.96436
-1.57953,0.147748,2.499,2.96002
-1.57142,0.147748,2.499,2.9557
-1.5633,0.147748,2.499,2.9514
-1.55519,0.147748,2.499,2.94711
-1.54708,0.147748,2.499,2.94284
-1.53897,0.147748,2.499,2.93858
-1.53086,0.147748,2.499,2.93434
-1.52275,0.147748,2.499,2.93012
-1.51464,0.147748,2.499,2.92591
-1.51738,0.148812,2.517,2.94277
-1.50921,0.148812,2.517,2.93856
-1.50104,0.148812,2.517,2.93437
-1.49287,0.148812,2.517,2.9302
-1.4847,0.148812,2.517,2.92605
-1.47653,0.148812,2.517,2.92191
-1.45786,0.147748,2.499,2.89693
-1.44975,0.147748,2.499,2.89285
-1.43125,0.146684,2.481,2.86799
-1.4232,0.146684,2.481,2.86398
-1.41515,0.146684,2.481,2.85999
-1.4071,0.146684,2.481,2.85601
-1.38889,0.14562,2.463,2.83136
-1.3809,0.14562,2.463,2.82745
-1.36287,0.144556,2.445,2.80292
-1.34551,0.14355,2.428,2.7796
-1.33763,0.14355,2.428,2.7758
-1.32975,0.14355,2.428,2.77201
-1.32187,0.14355,2.428,2.76824
-1.32319,0.144556,2.445,2.78384
-1.32494,0.14562,2.463,2.80054
-1.31694,0.14562,2.463,2.79677
-1.31852,0.146684,2.481,2.81343
-1.31997,0.147748,2.499,2.83004
-1.31186,0.147748,2.499,2.82627
-1.31314,0.148812,2.517,2.84284
-1.31482,0.149936,2.536,2.86051
-1.31638,0.151059,2.555,2.87814
-1.30808,0.151059,2.555,2.87436
-1.30946,0.152182,2.574,2.89194
-1.3011,0.152182,2.574,2.88817
-1.29275,0.152182,2.574,2.88441
-1.28439,0.152182,2.574,2.88068
-1.27604,0.152182,2.574,2.87696
-1.25833,0.151059,2.555,2.85206
-1.24074,0.149936,2.536,2.82723
-1.21453,0.147748,2.499,2.78243
-1.20641,0.147748,2.499,2.7789
-1.18967,0.146684,2.481,2.75539
-1.18162,0.146684,2.481,2.75193
-1.17357,0.146684,2.481,2.74848
-1.15706,0.14562,2.463,2.72513
-1.14067,0.144556,2.445,2.70186
-1.13273,0.144556,2.445,2.69852
-1.11697,0.14355,2.428,2.67646
-1.10133,0.142545,2.411,2.65446
-1.0935,0.142545,2.411,2.65122
-1.08568,0.142545,2.411,2.64801
-1.07025,0.14154,2.394,2.62616
-1.06248,0.14154,2.394,2.623
-1.05471,0.14154,2.394,2.61986
-1.04694,0.14154,2.394,2.61674
-1.03917,0.14154,2.394,2.61365
-1.0314,0.14154,2.394,2.61057
-1.01636,0.140535,2.377,2.58899
-1.00865,0.140535,2.377,2.58597
-1.00093,0.140535,2.377,2.58297
-0.993215,0.140535,2.377,2.57999
-0.9855,0.140535,2.377,2.57703
-0.977785,0.140535,2.377,2.57409
-0.970069,0.140535,2.377,2.57117
-0.962354,0.140535,2.377,2.56827
-0.961466,0.14154,2.394,2.58374
-0.953696,0.14154,2.394,2.58085
-0.945926,0.14154,2.394,2.57799
-0.938156,0.14154,2.394,2.57515
-0.936992,0.142545,2.411,2.5906
-0.929166,0.142545,2.411,2.58778
-0.921341,0.142545,2.411,2.58498
-0.913515,0.142545,2.411,2.5822
-0.90569,0.142545,2.411,2.57944
-0.897864,0.142545,2.411,2.5767
-0.896315,0.14355,2.428,2.59214
-0.888434,0.14355,2.428,2.58942
-0.880553,0.14355,2.428,2.58673
-0.872672,0.14355,2.428,2.58406
-0.864792,0.14355,2.428,2.58141
-0.856911,0.14355,2.428,2.57878
-0.84903,0.14355,2.428,2.57617
-0.84115,0.14355,2.428,2.57358
-0.833269,0.14355,2.428,2.57102
-0.825388,0.14355,2.428,2.56847
-0.823232,0.144556,2.445,2.58392
-0.815296,0.144556,2.445,2.5814
-0.801746,0.14355,2.428,2.56097
-0.793866,0.14355,2.428,2.55852
-0.791488,0.144556,2.445,2.57398
-0.783552,0.144556,2.445,2.57155
-0.775616,0.144556,2.445,2.56914
-0.767681,0.144556,2.445,2.56676
-0.759745,0.144556,2.445,2.5644
-0.751809,0.144556,2.445,2.56206
-0.743873,0.144556,2.445,2.55974
-0.735937,0.144556,2.445,2.55745
-0.728001,0.144556,2.445,2.55517
-0.720065,0.144556,2.445,2.55292
-0.717372,0.14562,2.463,2.56947
-0.709378,0.14562,2.463,2.56725
-0.701384,0.14562,2.463,2.56506
-0.693389,0.14562,2.463,2.56288
-0.685395,0.14562,2.463,2.56073
-0.677401,0.14562,2.463,2.5586
-0.669406,0.14562,2.463,2.5565
-0.666246,0.146684,2.481,2.57308
-0.658193,0.146684,2.481,2.57101
-0.65014,0.146684,2.481,2.56896
-0.642088,0.146684,2.481,2.56694
-0.634035,0.146684,2.481,2.56493
-0.625982,0.146684,2.481,2.56295
-0.61793,0.146684,2.481,2.561
-0.609877,0.146684,2.481,2.55907
-0.601824,0.146684,2.481,2.55716
-0.593771,0.146684,2.481,2.55528
-0.585719,0.146684,2.481,2.55342
-0.577666,0.146684,2.481,2.55158
-0.569613,0.146684,2.481,2.54977
-0.561561,0.146684,2.481,2.54799
-0.553508,0.146684,2.481,2.54622
-0.549413,0.147748,2.499,2.56294
-0.541301,0.147748,2.499,2.56122
-0.53319,0.147748,2.499,2.55952
-0.525079,0.147748,2.499,2.55784
-0.516968,0.147748,2.499,2.55619
-0.508857,0.147748,2.499,2.55456
-0.500746,0.147748,2.499,2.55295
-0.492635,0.147748,2.499,2.55138
-0.484524,0.147748,2.499,2.54982
-0.476412,0.147748,2.499,2.54829
-0.468301,0.147748,2.499,2.54679
-0.46019,0.147748,2.499,2.54531
-0.452079,0.147748,2.499,2.54386
-0.443968,0.147748,2.499,2.54243
-0.435857,0.147748,2.499,2.54102
-0.427746,0.147748,2.499,2.53965
-0.419634,0.147748,2.499,2.53829
-0.411523,0.147748,2.499,2.53696
-0.403412,0.147748,2.499,2.53566
-0.395301,0.147748,2.499,2.53438
-0.38719,0.147748,2.499,2.53313
-0.379079,0.147748,2.499,2.5319
-0.370968,0.147748,2.499,2.5307
-0.362857,0.147748,2.499,2.52952
-0.354745,0.147748,2.499,2.52837
-0.346634,0.147748,2.499,2.52725
-0.338523,0.147748,2.499,2.52615
-0.330412,0.147748,2.499,2.52507
-0.322301,0.147748,2.499,2.52403
-0.316453,0.148812,2.517,2.54118
-0.308283,0.148812,2.517,2.54017
-0.300114,0.148812,2.517,2.53919
-0.291944,0.148812,2.517,2.53824
-0.283775,0.148812,2.517,2.53731
-0.275605,0.148812,2.517,2.53641
-0.267435,0.148812,2.517,2.53554
-0.259266,0.148812,2.517,2.53469
-0.251096,0.148812,2.517,2.53387
-0.242927,0.148812,2.517,2.53307
-0.234757,0.148812,2.517,2.5323
-0.226588,0.148812,2.517,2.53156
-0.218418,0.148812,2.517,2.53084
-0.210249,0.148812,2.517,2.53015
-0.202079,0.148812,2.517,2.52948
-0.193909,0.148812,2.517,2.52884
-0.18574,0.148812,2.517,2.52823
-0.17757,0.148812,2.517,2.52764
-0.169401,0.148812,2.517,2.52708
-0.161231,0.148812,2.517,2.52655
-0.153062,0.148812,2.517,2.52604
-0.144892,0.148812,2.517,2.52556
-0.136723,0.148812,2.517,2.5251
-0.128553,0.148812,2.517,2.52467
-0.120383,0.148812,2.517,2.52427
-0.112214,0.148812,2.517,2.52389
-0.104044,0.148812,2.517,2.52354
-0.0958747,0.148812,2.517,2.52322
-0.0877052,0.148812,2.517,2.52292
-0.0795356,0.148812,2.517,2.52265
-0.0713661,0.148812,2.517,2.52241
-0.0636736,0.149936,2.536,2.54123
-0.0554423,0.149936,2.536,2.54103
-0.0472111,0.149936,2.536,2.54087
-0.0389799,0.149936,2.536,2.54073
-0.0305183,0.148812,2.517,2.52158
-0.0223487,0.148812,2.517,2.52149
-0.0141792,0.148812,2.517,2.52144
-0.00600962,0.148812,2.517,2.5214
0.00214449,0.147748,2.499,2.50336
0.0102556,0.147748,2.499,2.50338
0.0183668,0.147748,2.499,2.50343
0.0264779,0.147748,2.499,2.5035
0.034589,0.147748,2.499,2.5036
0.0427002,0.147748,2.499,2.50373
0.0504453,0.146684,2.481,2.48584
0.058498,0.146684,2.481,2.48602
0.0665507,0.146684,2.481,2.48622
0.0746034,0.146684,2.481,2.48645
0.0826561,0.146684,2.481,2.48671
0.0907089,0.146684,2.481,2.48699
0.0987616,0.146684,2.481,2.48729
0.106814,0.146684,2.481,2.48763
0.114867,0.146684,2.481,2.48799
0.123811,0.147748,2.499,2.50642
0.131923,0.147748,2.499,2.50684
0.140034,0.147748,2.499,2.50728
0.149212,0.148812,2.517,2.52581
0.157382,0.148812,2.517,2.5263
0.165551,0.148812,2.517,2.52682
0.173721,0.148812,2.517,2.52737
0.18189,0.148812,2.517,2.52795
0.19006,0.148812,2.517,2.52855
0.198229,0.148812,2.517,2.52918
0.206399,0.148812,2.517,2.52983
0.214568,0.148812,2.517,2.53051
0.222738,0.148812,2.517,2.53121
0.230908,0.148812,2.517,2.53195
0.239077,0.148812,2.517,2.5327
0.245479,0.147748,2.499,2.51537
0.25359,0.147748,2.499,2.51618
0.261701,0.147748,2.499,2.51701
0.269812,0.147748,2.499,2.51786
0.277923,0.147748,2.499,2.51874
0.286034,0.147748,2.499,2.51965
0.294145,0.147748,2.499,2.52059
0.300079,0.146684,2.481,2.50338
0.308132,0.146684,2.481,2.50436
0.316185,0.146684,2.481,2.50536
0.324237,0.146684,2.481,2.50639
0.33229,0.146684,2.481,2.50745
0.340343,0.146684,2.481,2.50853
0.345868,0.14562,2.463,2.49143
0.353862,0.14562,2.463,2.49255
0.361856,0.14562,2.463,2.4937
0.369851,0.14562,2.463,2.49487
0.377845,0.14562,2.463,2.49607
0.385839,0.14562,2.463,2.49729
0.393834,0.14562,2.463,2.49854
0.401828,0.14562,2.463,2.49981
0.409822,0.14562,2.463,2.50111
0.417816,0.14562,2.463,2.50243
0.425811,0.14562,2.463,2.50377
0.433805,0.14562,2.463,2.50515
0.441799,0.14562,2.463,2.50654
0.449794,0.14562,2.463,2.50797
0.457788,0.14562,2.463,2.50941
0.465782,0.14562,2.463,2.51088
0.473776,0.14562,2.463,2.51238
0.47825,0.144556,2.445,2.49553
0.486186,0.144556,2.445,2.49706
0.494122,0.144556,2.445,2.49862
0.505754,0.14562,2.463,2.5186
0.513748,0.14562,2.463,2.52022
0.521742,0.14562,2.463,2.52186
0.525865,0.144556,2.445,2.50509
0.533801,0.144556,2.445,2.50676
0.541737,0.144556,2.445,2.50847
0.549673,0.144556,2.445,2.51019
0.557609,0.144556,2.445,2.51194
0.565544,0.144556,2.445,2.51372
0.57348,0.144556,2.445,2.51551
0.581416,0.144556,2.445,2.51733
0.589352,0.144556,2.445,2.51918
0.597288,0.144556,2.445,2.52105
0.601016,0.14355,2.428,2.5054
0.608896,0.14355,2.428,2.5073
0.616777,0.14355,2.428,2.50922
0.624658,0.14355,2.428,2.51117
0.632538,0.14355,2.428,2.51314
0.635935,0.142545,2.411,2.49753
0.643761,0.142545,2.411,2.49953
0.651586,0.142545,2.411,2.50156
0.659412,0.142545,2.411,2.50361
0.667237,0.142545,2.411,2.50568
0.675063,0.142545,2.411,2.50778
0.687703,0.14355,2.428,2.52759
0.695584,0.14355,2.428,2.52975
0.703465,0.14355,2.428,2.53193
0.711345,0.14355,2.428,2.53413
0.719226,0.14355,2.428,2.53635
0.732198,0.144556,2.445,2.55637
0.740133,0.144556,2.445,2.55866
0.748069,0.144556,2.445,2.56096
0.756005,0.144556,2.445,2.56329
0.763941,0.144556,2.445,2.56564
0.771877,0.144556,2.445,2.56802
0.779813,0.144556,2.445,2.57041
0.787749,0.144556,2.445,2.57283
0.795684,0.144556,2.445,2.57527
0.80362,0.144556,2.445,2.57774
0.811556,0.144556,2.445,2.58022
0.819492,0.144556,2.445,2.58273
0.827428,0.144556,2.445,2.58526
0.835364,0.144556,2.445,2.58781
0.8433,0.144556,2.445,2.59038
0.851236,0.144556,2.445,2.59298
0.859171,0.144556,2.445,2.59559
0.867107,0.144556,2.445,2.59823
0.875043,0.144556,2.445,2.60089
0.87684,0.14355,2.428,2.58547
0.88472,0.14355,2.428,2.58815
0.892601,0.14355,2.428,2.59085
0.900482,0.14355,2.428,2.59358
0.908362,0.14355,2.428,2.59633
0.916243,0.14355,2.428,2.59909
0.924124,0.14355,2.428,2.60188
0.925479,0.142545,2.411,2.58646
0.933304,0.142545,2.411,2.58927
0.94113,0.142545,2.411,2.5921
0.948955,0.142545,2.411,2.59495
0.956781,0.142545,2.411,2.59782
0.971408,0.14355,2.428,2.61905
0.979289,0.14355,2.428,2.62198
0.987169,0.14355,2.428,2.62494
1.00202,0.144556,2.445,2.64631
1.00995,0.144556,2.445,2.64933
1.01789,0.144556,2.445,2.65236
1.03338,0.14562,2.463,2.67497
1.04137,0.14562,2.463,2.67806
1.04937,0.14562,2.463,2.68118
1.06509,0.146684,2.481,2.70394
1.07314,0.146684,2.481,2.70712
1.08904,0.147748,2.499,2.72999
1.10505,0.148812,2.517,2.75292
1.11322,0.148812,2.517,2.75621
1.12139,0.148812,2.517,2.75952
1.13809,0.149936,2.536,2.78371
1.14632,0.149936,2.536,2.78708
1.15455,0.149936,2.536,2.79048
1.16278,0.149936,2.536,2.79389
1.17978,0.151059,2.555,2.81829
1.18808,0.151059,2.555,2.82177
1.19637,0.151059,2.555,2.82527
1.21362,0.152182,2.574,2.84983
1.22198,0.152182,2.574,2.85339
1.23033,0.152182,2.574,2.85698
1.23868,0.152182,2.574,2.86059
1.24704,0.152182,2.574,2.86422
1.25539,0.152182,2.574,2.86786
1.25442,0.151059,2.555,2.85034
1.26271,0.151059,2.555,2.85399
1.27101,0.151059,2.555,2.85767
1.2793,0.151059,2.555,2.86137
1.28759,0.151059,2.555,2.86509
1.29588,0.151059,2.555,2.86883
1.31388,0.152182,2.574,2.89394
1.33199,0.153306,2.593,2.91914
1.35075,0.154488,2.613,2.94553
1.35923,0.154488,2.613,2.94943
1.38917,0.156912,2.654,2.99969
1.4199,0.159395,2.696,3.05122
1.42865,0.159395,2.696,3.0553
1.46033,0.161938,2.739,3.1082
1.49282,0.164539,2.783,3.16238
1.50185,0.164539,2.783,3.16666
1.53586,0.167259,2.829,3.22337
1.57126,0.170097,2.877,3.28252
1.60752,0.172994,2.926,3.34298
1.61701,0.172994,2.926,3.34756
1.64041,0.174472,2.951,3.3808
1.66452,0.176009,2.977,3.41528
1.67419,0.176009,2.977,3.42
1.66914,0.174472,2.951,3.39483
1.67872,0.174472,2.951,3.39955
1.6883,0.174472,2.951,3.40429
1.69788,0.174472,2.951,3.40905
1.69299,0.172994,2.926,3.38491
1.70249,0.172994,2.926,3.38967
1.69736,0.171516,2.901,3.36545
1.69265,0.170097,2.877,3.34232
1.70199,0.170097,2.877,3.34706
1.68278,0.167259,2.829,3.2959
1.66445,0.164539,2.783,3.24693
1.67348,0.164539,2.783,3.25157
1.66921,0.163238,2.761,3.23049
1.65143,0.160637,2.717,3.18357
1.66025,0.160637,2.717,3.18815
1.64327,0.158154,2.675,3.1434
1.62601,0.155671,2.633,3.09852
1.63456,0.155671,2.633,3.10301
1.63062,0.154488,2.613,3.08392
1.62656,0.153306,2.593,3.06477
1.63497,0.153306,2.593,3.06925
1.63135,0.152182,2.574,3.05122
1.6155,0.149936,2.536,3.01058
1.62373,0.149936,2.536,3.01501
1.63196,0.149936,2.536,3.01945
1.6279,0.148812,2.517,3.00125
1.62437,0.147748,2.499,2.98419
1.63248,0.147748,2.499,2.98862
1.64059,0.147748,2.499,2.99305
1.63683,0.146684,2.481,2.97592
1.64488,0.146684,2.481,2.98035
1.64094,0.14562,2.463,2.96315
1.64894,0.14562,2.463,2.96759
1.65693,0.14562,2.463,2.97204
1.65276,0.144556,2.445,2.95475
1.66069,0.144556,2.445,2.95919
-1.88487,0.169453,2.717,3.31112
-1.87605,0.169453,2.717,3.30611
-1.86723,0.169453,2.717,3.30112
-1.84405,0.168143,2.696,3.27066
-1.82101,0.166834,2.675,3.2403
-1.81232,0.166834,2.675,3.23542
-1.77532,0.164214,2.633,3.17985
-1.76678,0.164214,2.633,3.17508
-1.73152,0.16172,2.593,3.12217
-1.7231,0.16172,2.593,3.11751
-1.70212,0.160535,2.574,3.09006
-1.68127,0.15935,2.555,3.06269
-1.67297,0.15935,2.555,3.05815
-1.6523,0.158165,2.536,3.03091
-1.63175,0.15698,2.517,3.00376
-1.62358,0.15698,2.517,2.99933
-1.60386,0.155857,2.499,2.97349
-1.59575,0.155857,2.499,2.96913
-1.58764,0.155857,2.499,2.96477
-1.57953,0.155857,2.499,2.96044
-1.57142,0.155857,2.499,2.95612
-1.5633,0.155857,2.499,2.95182
-1.55519,0.155857,2.499,2.94753
-1.54708,0.155857,2.499,2.94326
-1.53897,0.155857,2.499,2.939
-1.53086,0.155857,2.499,2.93476
-1.52275,0.155857,2.499,2.93054
-1.51464,0.155857,2.499,2.92633
-1.50653,0.155857,2.499,2.92214
-1.49842,0.155857,2.499,2.91797
-1.4903,0.155857,2.499,2.91381
-1.48219,0.155857,2.499,2.90967
-1.47408,0.155857,2.499,2.90555
-1.45541,0.154734,2.481,2.88054
-1.44736,0.154734,2.481,2.87648
-1.43931,0.154734,2.481,2.87244
-1.41049,0.152489,2.445,2.82679
-1.40255,0.152489,2.445,2.82284
-1.39461,0.152489,2.445,2.81891
-1.37704,0.151429,2.428,2.79541
-1.36916,0.151429,2.428,2.79154
-1.36127,0.151429,2.428,2.78768
-1.35339,0.151429,2.428,2.78384
-1.33609,0.150369,2.411,2.76056
-1.32827,0.150369,2.411,2.75678
-1.32044,0.150369,2.411,2.75302
-1.31262,0.150369,2.411,2.74927
-1.31399,0.151429,2.428,2.7649
-1.31526,0.152489,2.445,2.7805
-1.30732,0.152489,2.445,2.77675
-1.30895,0.153612,2.463,2.79344
-1.31997,0.155857,2.499,2.83048
-1.31186,0.155857,2.499,2.82671
-1.31314,0.15698,2.517,2.84328
-1.31482,0.158165,2.536,2.86095
-1.31638,0.15935,2.555,2.87859
-1.30808,0.15935,2.555,2.8748
-1.30946,0.160535,2.574,2.89239
-1.3011,0.160535,2.574,2.88862
-1.29275,0.160535,2.574,2.88487
-1.28439,0.160535,2.574,2.88113
-1.27604,0.160535,2.574,2.87742
-1.25833,0.15935,2.555,2.85251
-1.24074,0.158165,2.536,2.82767
-1.22327,0.15698,2.517,2.80291
-1.2151,0.15698,2.517,2.79936
-1.1983,0.155857,2.499,2.77583
-1.18162,0.154734,2.481,2.75237
-1.17357,0.154734,2.481,2.74892
-1.15706,0.153612,2.463,2.72557
-1.14067,0.152489,2.445,2.7023
-1.13273,0.152489,2.445,2.69895
-1.11697,0.151429,2.428,2.67689
-1.10133,0.150369,2.411,2.65489
-1.0935,0.150369,2.411,2.65166
-1.08568,0.150369,2.411,2.64844
-1.07025,0.149308,2.394,2.62659
-1.06248,0.149308,2.394,2.62343
-1.05471,0.149308,2.394,2.62029
-1.04694,0.149308,2.394,2.61718
-1.03917,0.149308,2.394,2.61408
-1.0314,0.149308,2.394,2.611
-1.01636,0.148248,2.377,2.58942
-1.00865,0.148248,2.377,2.5864
-1.00093,0.148248,2.377,2.5834
-0.993215,0.148248,2.377,2.58042
-0.9855,0.148248,2.377,2.57746
-0.977785,0.148248,2.377,2.57452
-0.970069,0.148248,2.377,2.5716
-0.962354,0.148248,2.377,2.5687
-0.961466,0.149308,2.394,2.58417
-0.953696,0.149308,2.394,2.58129
-0.945926,0.149308,2.394,2.57843
-0.938156,0.149308,2.394,2.57559
-0.936992,0.150369,2.411,2.59104
-0.929166,0.150369,2.411,2.58822
-0.921341,0.150369,2.411,2.58542
-0.913515,0.150369,2.411,2.58264
-0.90569,0.150369,2.411,2.57989
-0.897864,0.150369,2.411,2.57715
-0.896315,0.151429,2.428,2.59258
-0.888434,0.151429,2.428,2.58987
-0.880553,0.151429,2.428,2.58718
-0.872672,0.151429,2.428,2.58451
-0.864792,0.151429,2.428,2.58186
-0.856911,0.151429,2.428,2.57923
-0.84903,0.151429,2.428,2.57662
-0.847039,0.152489,2.445,2.59206
-0.839103,0.152489,2.445,2.58947
-0.831167,0.152489,2.445,2.58691
-0.823232,0.152489,2.445,2.58437
-0.815296,0.152489,2.445,2.58186
-0.801746,0.151429,2.428,2.56143
-0.793866,0.151429,2.428,2.55897
-0.791488,0.152489,2.445,2.57444
-0.783552,0.152489,2.445,2.57201
-0.775616,0.152489,2.445,2.5696
-0.767681,0.152489,2.445,2.56722
-0.759745,0.152489,2.445,2.56486
-0.751809,0.152489,2.445,2.56252
-0.743873,0.152489,2.445,2.5602
-0.735937,0.152489,2.445,2.55791
-0.728001,0.152489,2.445,2.55563
-0.720065,0.152489,2.445,2.55338
-0.717372,0.153612,2.463,2.56994
-0.709378,0.153612,2.463,2.56772
-0.701384,0.153612,2.463,2.56552
-0.693389,0.153612,2.463,2.56335
-0.685395,0.153612,2.463,2.5612
-0.677401,0.153612,2.463,2.55907
-0.669406,0.153612,2.463,2.55697
-0.666246,0.154734,2.481,2.57356
-0.658193,0.154734,2.481,2.57148
-0.65014,0.154734,2.481,2.56943
-0.642088,0.154734,2.481,2.56741
-0.634035,0.154734,2.481,2.56541
-0.625982,0.154734,2.481,2.56343
-0.61793,0.154734,2.481,2.56147
-0.609877,0.154734,2.481,2.55954
-0.601824,0.154734,2.481,2.55764
-0.593771,0.154734,2.481,2.55575
-0.585719,0.154734,2.481,2.55389
-0.577666,0.154734,2.481,2.55206
-0.569613,0.154734,2.481,2.55025
-0.561561,0.154734,2.481,2.54846
-0.553508,0.154734,2.481,2.5467
-0.549413,0.155857,2.499,2.56342
-0.541301,0.155857,2.499,2.5617
-0.53319,0.155857,2.499,2.56
-0.525079,0.155857,2.499,2.55832
-0.516968,0.155857,2.499,2.55667
-0.508857,0.155857,2.499,2.55504
-0.500746,0.155857,2.499,2.55344
-0.492635,0.155857,2.499,2.55186
-0.484524,0.155857,2.499,2.55031
-0.476412,0.155857,2.499,2.54878
-0.468301,0.155857,2.499,2.54727
-0.46019,0.155857,2.499,2.54579
-0.452079,0.155857,2.499,2.54434
-0.443968,0.155857,2.499,2.54291
-0.435857,0.155857,2.499,2.54151
-0.427746,0.155857,2.499,2.54013
-0.419634,0.155857,2.499,2.53878
-0.411523,0.155857,2.499,2.53745
-0.403412,0.155857,2.499,2.53615
-0.395301,0.155857,2.499,2.53487
-0.38719,0.155857,2.499,2.53362
-0.379079,0.155857,2.499,2.53239
-0.368296,0.154734,2.481,2.51296
-0.360243,0.154734,2.481,2.51179
-0.35219,0.154734,2.481,2.51065
-0.344137,0.154734,2.481,2.50953
-0.336085,0.154734,2.481,2.50844
-0.330412,0.155857,2.499,2.52556
-0.322301,0.155857,2.499,2.52451
-0.31419,0.155857,2.499,2.52349
-0.306079,0.155857,2.499,2.52249
-0.300114,0.15698,2.517,2.53969
-0.291944,0.15698,2.517,2.53873
-0.283775,0.15698,2.517,2.53781
-0.275605,0.15698,2.517,2.53691
-0.267435,0.15698,2.517,2.53603
-0.259266,0.15698,2.517,2.53518
-0.251096,0.15698,2.517,2.53436
-0.242927,0.15698,2.517,2.53356
-0.234757,0.15698,2.517,2.53279
-0.226588,0.15698,2.517,2.53205
-0.218418,0.15698,2.517,2.53133
-0.210249,0.15698,2.517,2.53064
-0.202079,0.15698,2.517,2.52997
-0.193909,0.15698,2.517,2.52933
-0.18574,0.15698,2.517,2.52872
-0.17757,0.15698,2.517,2.52813
-0.169401,0.15698,2.517,2.52757
-0.161231,0.15698,2.517,2.52704
-0.153062,0.15698,2.517,2.52653
-0.144892,0.15698,2.517,2.52605
-0.136723,0.15698,2.517,2.52559
-0.128553,0.15698,2.517,2.52517
-0.120383,0.15698,2.517,2.52476
-0.112214,0.15698,2.517,2.52439
-0.104044,0.15698,2.517,2.52404
-0.0958747,0.15698,2.517,2.52371
-0.0877052,0.15698,2.517,2.52342
-0.0795356,0.15698,2.517,2.52314
-0.0713661,0.15698,2.517,2.5229
-0.0631965,0.15698,2.517,2.52268
-0.055027,0.15698,2.517,2.52249
-0.0468574,0.15698,2.517,2.52233
-0.0386878,0.15698,2.517,2.52219
-0.0303,0.155857,2.499,2.50404
-0.0221889,0.155857,2.499,2.50395
-0.0140778,0.155857,2.499,2.5039
-0.00596664,0.155857,2.499,2.50386
0.00214449,0.155857,2.499,2.50386
0.0102556,0.155857,2.499,2.50388
0.0183668,0.155857,2.499,2.50392
0.0264779,0.155857,2.499,2.504
0.034589,0.155857,2.499,2.50409
0.0427002,0.155857,2.499,2.50422
0.0500793,0.153612,2.463,2.46829
0.0580736,0.153612,2.463,2.46847
0.0660679,0.153612,2.463,2.46867
0.0740622,0.153612,2.463,2.4689
0.0826561,0.154734,2.481,2.48719
0.0907089,0.154734,2.481,2.48748
0.0987616,0.154734,2.481,2.48778
0.106814,0.154734,2.481,2.48811
0.114867,0.154734,2.481,2.48847
0.123811,0.155857,2.499,2.50691
0.131923,0.155857,2.499,2.50733
0.140034,0.155857,2.499,2.50777
0.148145,0.155857,2.499,2.50823
0.156256,0.155857,2.499,2.50873
0.164367,0.155857,2.499,2.50924
0.173721,0.15698,2.517,2.52787
0.18189,0.15698,2.517,2.52844
0.19006,0.15698,2.517,2.52904
0.198229,0.15698,2.517,2.52967
0.206399,0.15698,2.517,2.53032
0.214568,0.15698,2.517,2.531
0.221145,0.155857,2.499,2.5136
0.229256,0.155857,2.499,2.51433
0.237367,0.155857,2.499,2.51508
0.245479,0.155857,2.499,2.51586
0.25359,0.155857,2.499,2.51666
0.261701,0.155857,2.499,2.51749
0.269812,0.155857,2.499,2.51835
0.277923,0.155857,2.499,2.51923
0.286034,0.155857,2.499,2.52014
0.294145,0.155857,2.499,2.52107
0.300079,0.154734,2.481,2.50387
0.308132,0.154734,2.481,2.50485
0.316185,0.154734,2.481,2.50585
0.324237,0.154734,2.481,2.50688
0.33229,0.154734,2.481,2.50793
0.340343,0.154734,2.481,2.50901
0.345868,0.153612,2.463,2.4919
0.353862,0.153612,2.463,2.49303
0.361856,0.153612,2.463,2.49417
0.369851,0.153612,2.463,2.49535
0.377845,0.153612,2.463,2.49654
0.385839,0.153612,2.463,2.49777
0.393834,0.153612,2.463,2.49901
0.401828,0.153612,2.463,2.50029
0.409822,0.153612,2.463,2.50158
0.417816,0.153612,2.463,2.50291
0.425811,0.153612,2.463,2.50425
0.433805,0.153612,2.463,2.50562
0.441799,0.153612,2.463,2.50702
0.449794,0.153612,2.463,2.50844
0.457788,0.153612,2.463,2.50989
0.465782,0.153612,2.463,2.51136
0.473776,0.153612,2.463,2.51285
0.47825,0.152489,2.445,2.496
0.486186,0.152489,2.445,2.49753
0.494122,0.152489,2.445,2.49909
0.505754,0.153612,2.463,2.51908
0.513748,0.153612,2.463,2.52069
0.521742,0.153612,2.463,2.52234
0.525865,0.152489,2.445,2.50556
0.533801,0.152489,2.445,2.50723
0.541737,0.152489,2.445,2.50894
0.549673,0.152489,2.445,2.51066
0.557609,0.152489,2.445,2.51241
0.565544,0.152489,2.445,2.51418
0.57348,0.152489,2.445,2.51598
0.581416,0.152489,2.445,2.5178
0.589352,0.152489,2.445,2.51965
0.597288,0.152489,2.445,2.52151
0.601016,0.151429,2.428,2.50586
0.608896,0.151429,2.428,2.50776
0.616777,0.151429,2.428,2.50969
0.624658,0.151429,2.428,2.51164
0.632538,0.151429,2.428,2.51361
0.635935,0.150369,2.411,2.49799
0.643761,0.150369,2.411,2.49999
0.651586,0.150369,2.411,2.50202
0.659412,0.150369,2.411,2.50407
0.667237,0.150369,2.411,2.50614
0.675063,0.150369,2.411,2.50823
0.682888,0.150369,2.411,2.51035
0.690714,0.150369,2.411,2.51249
0.698539,0.150369,2.411,2.51465
0.706365,0.150369,2.411,2.51684
0.71419,0.150369,2.411,2.51905
0.727107,0.151429,2.428,2.53905
0.734987,0.151429,2.428,2.54132
0.742868,0.151429,2.428,2.54361
0.750749,0.151429,2.428,2.54593
0.758629,0.151429,2.428,2.54826
0.76651,0.151429,2.428,2.55062
0.774391,0.151429,2.428,2.553
0.787749,0.152489,2.445,2.57329
0.795684,0.152489,2.445,2.57573
0.80362,0.152489,2.445,2.57819
0.811556,0.152489,2.445,2.58068
0.819492,0.152489,2.445,2.58319
0.827428,0.152489,2.445,2.58571
0.835364,0.152489,2.445,2.58826
0.8433,0.152489,2.445,2.59084
0.845317,0.151429,2.428,2.5754
0.853198,0.151429,2.428,2.578
0.861078,0.151429,2.428,2.58061
0.868959,0.151429,2.428,2.58325
0.87684,0.151429,2.428,2.58592
0.88472,0.151429,2.428,2.5886
0.892601,0.151429,2.428,2.5913
0.900482,0.151429,2.428,2.59403
0.908362,0.151429,2.428,2.59677
0.916243,0.151429,2.428,2.59954
0.917653,0.150369,2.411,2.58411
0.925479,0.150369,2.411,2.5869
0.933304,0.150369,2.411,2.58971
0.94113,0.150369,2.411,2.59254
0.948955,0.150369,2.411,2.59539
0.956781,0.150369,2.411,2.59826
0.971408,0.151429,2.428,2.61949
0.979289,0.151429,2.428,2.62243
0.987169,0.151429,2.428,2.62538
0.99505,0.151429,2.428,2.62835
1.00293,0.151429,2.428,2.63135
1.01789,0.152489,2.445,2.65281
1.02582,0.152489,2.445,2.65586
1.03376,0.152489,2.445,2.65894
1.04937,0.153612,2.463,2.68163
1.05736,0.153612,2.463,2.68477
1.06535,0.153612,2.463,2.68793
1.08119,0.154734,2.481,2.71077
1.09715,0.155857,2.499,2.73368
1.10526,0.155857,2.499,2.73695
1.11337,0.155857,2.499,2.74023
1.12956,0.15698,2.517,2.7633
1.13773,0.15698,2.517,2.76665
1.1459,0.15698,2.517,2.77002
1.15407,0.15698,2.517,2.77341
1.16224,0.15698,2.517,2.77682
1.17041,0.15698,2.517,2.78025
1.18747,0.158165,2.536,2.80471
1.1957,0.158165,2.536,2.80821
1.20394,0.158165,2.536,2.81172
1.21217,0.158165,2.536,2.81525
1.22954,0.15935,2.555,2.83993
1.23783,0.15935,2.555,2.84353
1.24613,0.15935,2.555,2.84715
1.24509,0.158165,2.536,2.82959
1.25332,0.158165,2.536,2.83322
1.26155,0.158165,2.536,2.83687
1.26979,0.158165,2.536,2.84054
1.27802,0.158165,2.536,2.84423
1.28625,0.158165,2.536,2.84794
1.30418,0.15935,2.555,2.87303
1.32223,0.160535,2.574,2.8982
1.34041,0.16172,2.593,2.92344
1.34882,0.16172,2.593,2.92731
1.36771,0.162967,2.613,2.9538
1.39778,0.165524,2.654,3.00415
1.4064,0.165524,2.654,3.00817
1.4374,0.168143,2.696,3.05987
1.46922,0.170825,2.739,3.11286
1.47811,0.170825,2.739,3.11707
1.51089,0.173569,2.783,3.17143
1.54504,0.176438,2.829,3.22824
1.5806,0.179432,2.877,3.28749
1.58993,0.179432,2.877,3.29199
1.61261,0.180929,2.901,3.32401
1.63601,0.182488,2.926,3.35728
1.6455,0.182488,2.926,3.36191
1.655,0.182488,2.926,3.36657
1.6645,0.182488,2.926,3.37125
1.674,0.182488,2.926,3.37595
1.68349,0.182488,2.926,3.38067
1.67852,0.180929,2.901,3.35648
1.68794,0.180929,2.901,3.3612
1.68331,0.179432,2.877,3.33809
1.67853,0.177935,2.853,3.31493
1.68779,0.177935,2.853,3.31963
1.66909,0.175004,2.806,3.26958
1.66445,0.173569,2.783,3.2474
1.67348,0.173569,2.783,3.25204
1.65591,0.170825,2.739,3.20521
1.65143,0.169453,2.717,3.18403
1.66025,0.169453,2.717,3.18861
1.64327,0.166834,2.675,3.14385
1.62601,0.164214,2.633,3.09896
1.63456,0.164214,2.633,3.10346
1.61814,0.16172,2.593,3.06075
1.61464,0.160535,2.574,3.04275
1.62299,0.160535,2.574,3.04719
1.61931,0.15935,2.555,3.02912
1.6155,0.158165,2.536,3.011
1.62373,0.158165,2.536,3.01543
1.61973,0.15698,2.517,2.99724
1.6279,0.15698,2.517,3.00167
1.62437,0.155857,2.499,2.98461
1.63248,0.155857,2.499,2.98903
1.62878,0.154734,2.481,2.9719
1.63683,0.154734,2.481,2.97633
1.64488,0.154734,2.481,2.98076
1.64094,0.153612,2.463,2.96355
1.64894,0.153612,2.463,2.96799
1.65693,0.153612,2.463,2.97244
1.65276,0.152489,2.445,2.95515
1.64915,0.151429,2.428,2.93901
-1.8703,0.176892,2.696,3.28599
-1.84705,0.175514,2.675,3.25546
-1.83837,0.175514,2.675,3.25054
-1.82969,0.175514,2.675,3.24564
-1.80671,0.174136,2.654,3.21531
-1.7981,0.174136,2.654,3.21048
-1.77532,0.172758,2.633,3.1803
-1.76678,0.172758,2.633,3.17554
-1.73152,0.170133,2.593,3.12262
-1.7231,0.170133,2.593,3.11796
-1.70212,0.168887,2.574,3.0905
-1.68127,0.16764,2.555,3.06313
-1.67297,0.16764,2.555,3.05859
-1.6523,0.166394,2.536,3.03135
-1.63175,0.165147,2.517,3.00419
-1.62358,0.165147,2.517,2.99976
-1.61541,0.165147,2.517,2.99535
-1.59575,0.163966,2.499,2.96956
-1.58764,0.163966,2.499,2.96521
-1.57953,0.163966,2.499,2.96088
-1.57142,0.163966,2.499,2.95656
-1.5633,0.163966,2.499,2.95225
-1.55519,0.163966,2.499,2.94797
-1.54708,0.163966,2.499,2.9437
-1.53897,0.163966,2.499,2.93944
-1.53086,0.163966,2.499,2.9352
-1.52275,0.163966,2.499,2.93098
-1.51464,0.163966,2.499,2.92678
-1.50653,0.163966,2.499,2.92259
-1.49842,0.163966,2.499,2.91841
-1.4903,0.163966,2.499,2.91426
-1.48219,0.163966,2.499,2.91012
-1.47408,0.163966,2.499,2.90599
-1.45541,0.162785,2.481,2.88099
-1.44736,0.162785,2.481,2.87693
-1.43931,0.162785,2.481,2.87288
-1.41049,0.160423,2.445,2.82723
-1.40255,0.160423,2.445,2.82328
-1.39461,0.160423,2.445,2.81935
-1.37704,0.159307,2.428,2.79585
-1.36916,0.159307,2.428,2.79198
-1.36127,0.159307,2.428,2.78812
-1.35339,0.159307,2.428,2.78428
-1.33609,0.158192,2.411,2.76099
-1.32827,0.158192,2.411,2.75722
-1.32044,0.158192,2.411,2.75345
-1.31262,0.158192,2.411,2.74971
-1.31399,0.159307,2.428,2.76535
-1.31526,0.160423,2.445,2.78095
-1.30732,0.160423,2.445,2.7772
-1.30895,0.161604,2.463,2.79389
-1.31997,0.163966,2.499,2.83094
-1.32131,0.165147,2.517,2.84753
-1.31314,0.165147,2.517,2.84375
-1.31482,0.166394,2.536,2.86142
-1.31638,0.16764,2.555,2.87906
-1.30808,0.16764,2.555,2.87528
-1.30946,0.168887,2.574,2.89287
-1.31071,0.170133,2.593,2.91042
-1.29275,0.168887,2.574,2.88534
-1.28439,0.168887,2.574,2.88161
-1.27604,0.168887,2.574,2.87789
-1.25833,0.16764,2.555,2.85298
-1.24074,0.166394,2.536,2.82815
-1.22327,0.165147,2.517,2.80338
-1.2151,0.165147,2.517,2.79983
-1.1983,0.163966,2.499,2.7763
-1.18162,0.162785,2.481,2.75283
-1.17357,0.162785,2.481,2.74939
-1.15706,0.161604,2.463,2.72604
-1.14067,0.160423,2.445,2.70275
-1.13273,0.160423,2.445,2.69941
-1.11697,0.159307,2.428,2.67735
-1.10133,0.158192,2.411,2.65535
-1.0935,0.158192,2.411,2.65211
-1.08568,0.158192,2.411,2.64889
-1.07025,0.157077,2.394,2.62704
-1.06248,0.157077,2.394,2.62389
-1.05471,0.157077,2.394,2.62075
-1.04694,0.157077,2.394,2.61763
-1.03917,0.157077,2.394,2.61453
-1.0314,0.157077,2.394,2.61145
-1.01636,0.155961,2.377,2.58987
-1.00865,0.155961,2.377,2.58685
-1.00093,0.155961,2.377,2.58386
-0.993215,0.155961,2.377,2.58088
-0.9855,0.155961,2.377,2.57792
-0.977785,0.155961,2.377,2.57498
-0.970069,0.155961,2.377,2.57206
-0.962354,0.155961,2.377,2.56916
-0.961466,0.157077,2.394,2.58463
-0.953696,0.157077,2.394,2.58175
-0.945926,0.157077,2.394,2.57889
-0.938156,0.157077,2.394,2.57605
-0.936992,0.158192,2.411,2.59151
-0.929166,0.158192,2.411,2.58869
-0.921341,0.158192,2.411,2.58589
-0.913515,0.158192,2.411,2.58311
-0.90569,0.158192,2.411,2.58035
-0.897864,0.158192,2.411,2.57762
-0.896315,0.159307,2.428,2.59306
-0.888434,0.159307,2.428,2.59034
-0.880553,0.159307,2.428,2.58765
-0.872672,0.159307,2.428,2.58498
-0.864792,0.159307,2.428,2.58233
-0.856911,0.159307,2.428,2.5797
-0.84903,0.159307,2.428,2.57709
-0.847039,0.160423,2.445,2.59253
-0.839103,0.160423,2.445,2.58995
-0.831167,0.160423,2.445,2.58739
-0.823232,0.160423,2.445,2.58485
-0.815296,0.160423,2.445,2.58234
-0.801746,0.159307,2.428,2.56191
-0.793866,0.159307,2.428,2.55945
-0.791488,0.160423,2.445,2.57492
-0.783552,0.160423,2.445,2.57249
-0.775616,0.160423,2.445,2.57009
-0.767681,0.160423,2.445,2.5677
-0.759745,0.160423,2.445,2.56534
-0.751809,0.160423,2.445,2.563
-0.743873,0.160423,2.445,2.56069
-0.735937,0.160423,2.445,2.55839
-0.728001,0.160423,2.445,2.55612
-0.725366,0.161604,2.463,2.57267
-0.717372,0.161604,2.463,2.57043
-0.709378,0.161604,2.463,2.56821
-0.701384,0.161604,2.463,2.56601
-0.693389,0.161604,2.463,2.56384
-0.685395,0.161604,2.463,2.56169
-0.677401,0.161604,2.463,2.55956
-0.674299,0.162785,2.481,2.57615
-0.666246,0.162785,2.481,2.57405
-0.658193,0.162785,2.481,2.57198
-0.65014,0.162785,2.481,2.56993
-0.642088,0.162785,2.481,2.56791
-0.634035,0.162785,2.481,2.5659
-0.625982,0.162785,2.481,2.56393
-0.61793,0.162785,2.481,2.56197
-0.609877,0.162785,2.481,2.56004
-0.601824,0.162785,2.481,2.55813
-0.593771,0.162785,2.481,2.55625
-0.585719,0.162785,2.481,2.55439
-0.577666,0.162785,2.481,2.55256
-0.569613,0.162785,2.481,2.55075
-0.561561,0.162785,2.481,2.54896
-0.553508,0.162785,2.481,2.5472
-0.549413,0.163966,2.499,2.56393
-0.541301,0.163966,2.499,2.5622
-0.53319,0.163966,2.499,2.5605
-0.525079,0.163966,2.499,2.55883
-0.516968,0.163966,2.499,2.55717
-0.508857,0.163966,2.499,2.55555
-0.500746,0.163966,2.499,2.55394
-0.492635,0.163966,2.499,2.55237
-0.484524,0.163966,2.499,2.55081
-0.476412,0.163966,2.499,2.54929
-0.464928,0.162785,2.481,2.52943
-0.456875,0.162785,2.481,2.52796
-0.448823,0.162785,2.481,2.52652
-0.44077,0.162785,2.481,2.5251
-0.432717,0.162785,2.481,2.52371
-0.424665,0.162785,2.481,2.52234
-0.416612,0.162785,2.481,2.521
-0.408559,0.162785,2.481,2.51968
-0.400506,0.162785,2.481,2.51839
-0.392454,0.162785,2.481,2.51712
-0.384401,0.162785,2.481,2.51587
-0.376348,0.162785,2.481,2.51466
-0.365624,0.161604,2.463,2.49523
-0.357629,0.161604,2.463,2.49407
-0.349635,0.161604,2.463,2.49294
-0.341641,0.161604,2.463,2.49183
-0.336085,0.162785,2.481,2.50895
-0.328032,0.162785,2.481,2.50788
-0.319979,0.162785,2.481,2.50684
-0.311927,0.162785,2.481,2.50583
-0.306079,0.163966,2.499,2.52301
-0.297967,0.163966,2.499,2.52204
-0.289856,0.163966,2.499,2.52109
-0.281745,0.163966,2.499,2.52017
-0.273634,0.163966,2.499,2.51928
-0.265523,0.163966,2.499,2.51841
-0.259266,0.165147,2.517,2.5357
-0.251096,0.165147,2.517,2.53488
-0.242927,0.165147,2.517,2.53408
-0.234757,0.165147,2.517,2.53331
-0.226588,0.165147,2.517,2.53257
-0.218418,0.165147,2.517,2.53185
-0.210249,0.165147,2.517,2.53116
-0.202079,0.165147,2.517,2.53049
-0.195373,0.166394,2.536,2.54895
-0.187142,0.166394,2.536,2.54833
-0.178911,0.166394,2.536,2.54774
-0.170679,0.166394,2.536,2.54718
-0.162448,0.166394,2.536,2.54664
-0.154217,0.166394,2.536,2.54613
-0.145986,0.166394,2.536,2.54564
-0.137755,0.166394,2.536,2.54518
-0.128553,0.165147,2.517,2.52569
-0.120383,0.165147,2.517,2.52528
-0.112214,0.165147,2.517,2.52491
-0.104044,0.165147,2.517,2.52456
-0.0958747,0.165147,2.517,2.52423
-0.0877052,0.165147,2.517,2.52394
-0.0795356,0.165147,2.517,2.52367
-0.0713661,0.165147,2.517,2.52342
-0.0631965,0.165147,2.517,2.5232
-0.055027,0.165147,2.517,2.52301
-0.0468574,0.165147,2.517,2.52285
-0.0386878,0.165147,2.517,2.52271
-0.0303,0.163966,2.499,2.50456
-0.0221889,0.163966,2.499,2.50447
-0.0140778,0.163966,2.499,2.50441
-0.00596664,0.163966,2.499,2.50438
0.00214449,0.163966,2.499,2.50437
0.0102556,0.163966,2.499,2.50439
0.0183668,0.163966,2.499,2.50444
0.0264779,0.163966,2.499,2.50451
0.034589,0.163966,2.499,2.50461
0.0427002,0.163966,2.499,2.50474
0.0500793,0.161604,2.463,2.4688
0.0580736,0.161604,2.463,2.46898
0.0660679,0.161604,2.463,2.46918
0.0740622,0.161604,2.463,2.46941
0.0826561,0.162785,2.481,2.48771
0.0907089,0.162785,2.481,2.48799
0.0987616,0.162785,2.481,2.4883
0.106814,0.162785,2.481,2.48863
0.114867,0.162785,2.481,2.48899
0.123811,0.163966,2.499,2.50743
0.131923,0.163966,2.499,2.50785
0.140034,0.163966,2.499,2.50829
0.148145,0.163966,2.499,2.50875
0.156256,0.163966,2.499,2.50924
0.164367,0.163966,2.499,2.50976
0.173721,0.165147,2.517,2.52839
0.18189,0.165147,2.517,2.52896
0.19006,0.165147,2.517,2.52956
0.198229,0.165147,2.517,2.53019
0.206399,0.165147,2.517,2.53084
0.214568,0.165147,2.517,2.53152
0.221145,0.163966,2.499,2.51412
0.229256,0.163966,2.499,2.51484
0.237367,0.163966,2.499,2.5156
0.245479,0.163966,2.499,2.51638
0.25359,0.163966,2.499,2.51718
0.261701,0.163966,2.499,2.51801
0.269812,0.163966,2.499,2.51887
0.275921,0.162785,2.481,2.5016
0.283974,0.162785,2.481,2.5025
0.292027,0.162785,2.481,2.50343
0.300079,0.162785,2.481,2.50438
0.308132,0.162785,2.481,2.50536
0.316185,0.162785,2.481,2.50636
0.321885,0.161604,2.463,2.4892
0.329879,0.161604,2.463,2.49024
0.337874,0.161604,2.463,2.49131
0.345868,0.161604,2.463,2.49241
0.353862,0.161604,2.463,2.49353
0.361856,0.161604,2.463,2.49468
0.369851,0.161604,2.463,2.49585
0.377845,0.161604,2.463,2.49705
0.385839,0.161604,2.463,2.49827
0.393834,0.161604,2.463,2.49952
0.401828,0.161604,2.463,2.50079
0.409822,0.161604,2.463,2.50209
0.417816,0.161604,2.463,2.50341
0.422699,0.160423,2.445,2.48645
0.430635,0.160423,2.445,2.48781
0.438571,0.160423,2.445,2.4892
0.446507,0.160423,2.445,2.49061
0.457788,0.161604,2.463,2.51039
0.465782,0.161604,2.463,2.51186
0.470314,0.160423,2.445,2.49499
0.47825,0.160423,2.445,2.49649
0.486186,0.160423,2.445,2.49803
0.494122,0.160423,2.445,2.49958
0.502058,0.160423,2.445,2.50116
0.509993,0.160423,2.445,2.50277
0.517929,0.160423,2.445,2.5044
0.525865,0.160423,2.445,2.50605
0.533801,0.160423,2.445,2.50773
0.541737,0.160423,2.445,2.50943
0.545851,0.159307,2.428,2.4937
0.553732,0.159307,2.428,2.49543
0.561612,0.159307,2.428,2.49719
0.569493,0.159307,2.428,2.49898
0.577374,0.159307,2.428,2.50078
0.585254,0.159307,2.428,2.50262
0.593135,0.159307,2.428,2.50447
0.596808,0.158192,2.411,2.4888
0.604633,0.158192,2.411,2.49069
0.60814,0.157077,2.394,2.47502
0.61591,0.157077,2.394,2.47694
0.623681,0.157077,2.394,2.47889
0.631451,0.157077,2.394,2.48085
0.639221,0.157077,2.394,2.48284
0.646992,0.157077,2.394,2.48486
0.654762,0.157077,2.394,2.48689
0.657828,0.155961,2.377,2.47127
0.665543,0.155961,2.377,2.47334
0.673258,0.155961,2.377,2.47543
0.680973,0.155961,2.377,2.47753
0.688688,0.155961,2.377,2.47967
0.701384,0.157077,2.394,2.49957
0.709154,0.157077,2.394,2.50176
0.722016,0.158192,2.411,2.52176
0.729841,0.158192,2.411,2.52401
0.737667,0.158192,2.411,2.52628
0.745492,0.158192,2.411,2.52858
0.753318,0.158192,2.411,2.5309
0.761143,0.158192,2.411,2.53324
0.768969,0.158192,2.411,2.5356
0.782271,0.159307,2.428,2.55588
0.790152,0.159307,2.428,2.5583
0.798033,0.159307,2.428,2.56075
0.805913,0.159307,2.428,2.56321
0.813794,0.159307,2.428,2.5657
0.821675,0.159307,2.428,2.56821
0.829556,0.159307,2.428,2.57074
0.837436,0.159307,2.428,2.5733
0.845317,0.159307,2.428,2.57587
0.853198,0.159307,2.428,2.57847
0.861078,0.159307,2.428,2.58109
0.868959,0.159307,2.428,2.58373
0.87684,0.159307,2.428,2.58639
0.88472,0.159307,2.428,2.58907
0.892601,0.159307,2.428,2.59178
0.900482,0.159307,2.428,2.5945
0.908362,0.159307,2.428,2.59725
0.916243,0.159307,2.428,2.60001
0.917653,0.158192,2.411,2.58458
0.925479,0.158192,2.411,2.58736
0.933304,0.158192,2.411,2.59017
0.94113,0.158192,2.411,2.593
0.948955,0.158192,2.411,2.59585
0.956781,0.158192,2.411,2.59873
0.971408,0.159307,2.428,2.61996
0.979289,0.159307,2.428,2.62289
0.987169,0.159307,2.428,2.62585
0.99505,0.159307,2.428,2.62882
1.00293,0.159307,2.428,2.63181
1.01789,0.160423,2.445,2.65327
1.02582,0.160423,2.445,2.65633
1.03376,0.160423,2.445,2.6594
1.0417,0.160423,2.445,2.6625
1.05736,0.161604,2.463,2.68524
1.06535,0.161604,2.463,2.68839
1.07335,0.161604,2.463,2.69157
1.08134,0.161604,2.463,2.69477
1.0973,0.162785,2.481,2.71771
1.10535,0.162785,2.481,2.72097
1.1134,0.162785,2.481,2.72425
1.12959,0.163966,2.499,2.74734
1.1377,0.163966,2.499,2.75068
1.14581,0.163966,2.499,2.75405
1.15393,0.163966,2.499,2.75743
1.16204,0.163966,2.499,2.76084
1.17015,0.163966,2.499,2.76426
1.17826,0.163966,2.499,2.7677
1.19492,0.165147,2.517,2.79113
1.20308,0.165147,2.517,2.79463
1.21125,0.165147,2.517,2.79816
1.21942,0.165147,2.517,2.80171
1.22759,0.165147,2.517,2.80527
1.23576,0.165147,2.517,2.80886
1.24393,0.165147,2.517,2.81246
1.2521,0.165147,2.517,2.81608
1.26027,0.165147,2.517,2.81972
1.26844,0.165147,2.517,2.82339
1.27661,0.165147,2.517,2.82707
1.28478,0.165147,2.517,2.83076
1.32223,0.168887,2.574,2.89867
1.34041,0.170133,2.593,2.92392
1.34882,0.170133,2.593,2.92778
1.36771,0.171446,2.613,2.95428
1.39778,0.174136,2.654,3.00464
1.4064,0.174136,2.654,3.00865
1.4374,0.176892,2.696,3.06037
1.46922,0.179713,2.739,3.11336
1.47811,0.179713,2.739,3.11757
1.51089,0.1826,2.783,3.17194
1.54504,0.185618,2.829,3.22875
1.5806,0.188767,2.877,3.28802
1.58993,0.188767,2.877,3.29251
1.61261,0.190342,2.901,3.32454
1.63601,0.191982,2.926,3.3578
1.6455,0.191982,2.926,3.36244
1.655,0.191982,2.926,3.3671
1.6645,0.191982,2.926,3.37178
1.674,0.191982,2.926,3.37648
1.68349,0.191982,2.926,3.3812
1.67852,0.190342,2.901,3.357
1.68794,0.190342,2.901,3.36172
1.68331,0.188767,2.877,3.33861
1.67853,0.187193,2.853,3.31544
1.68779,0.187193,2.853,3.32013
1.66909,0.184109,2.806,3.27008
1.66445,0.1826,2.783,3.24789
1.67348,0.1826,2.783,3.25253
1.65591,0.179713,2.739,3.20569
1.65143,0.178269,2.717,3.18451
1.66025,0.178269,2.717,3.18909
1.64327,0.175514,2.675,3.14432
1.62601,0.172758,2.633,3.09943
1.63456,0.172758,2.633,3.10392
1.61814,0.170133,2.593,3.06121
1.61464,0.168887,2.574,3.0432
1.62299,0.168887,2.574,3.04764
1.61931,0.16764,2.555,3.02957
1.6155,0.166394,2.536,3.01145
1.62373,0.166394,2.536,3.01587
1.61973,0.165147,2.517,2.99768
1.6279,0.165147,2.517,3.0021
1.62437,0.163966,2.499,2.98504
1.63248,0.163966,2.499,2.98946
1.62878,0.162785,2.481,2.97233
1.63683,0.162785,2.481,2.97676
1.64488,0.162785,2.481,2.98119
1.64094,0.161604,2.463,2.96398
1.64894,0.161604,2.463,2.96841
1.65693,0.161604,2.463,2.97286
1.65276,0.160423,2.445,2.95557
1.64915,0.159307,2.428,2.93943
-1.8703,0.18564,2.696,3.28647
-1.84705,0.184194,2.675,3.25594
-1.83837,0.184194,2.675,3.25102
-1.82969,0.184194,2.675,3.24612
-1.80671,0.182748,2.654,3.21579
-1.7981,0.182748,2.654,3.21096
-1.77532,0.181302,2.633,3.18077
-1.73994,0.178547,2.593,3.12776
-1.71883,0.177239,2.574,3.10021
-1.71048,0.177239,2.574,3.09558
-1.68956,0.175931,2.555,3.06816
-1.66876,0.174622,2.536,3.04082
-1.66053,0.174622,2.536,3.03631
-1.6523,0.174622,2.536,3.03181
-1.63175,0.173314,2.517,3.00465
-1.62358,0.173314,2.517,3.00022
-1.61541,0.173314,2.517,2.99581
-1.59575,0.172075,2.499,2.97002
-1.58764,0.172075,2.499,2.96567
-1.57953,0.172075,2.499,2.96134
-1.57142,0.172075,2.499,2.95702
-1.5633,0.172075,2.499,2.95272
-1.55519,0.172075,2.499,2.94843
-1.54708,0.172075,2.499,2.94416
-1.53897,0.172075,2.499,2.9399
-1.53086,0.172075,2.499,2.93567
-1.52275,0.172075,2.499,2.93145
-1.50373,0.170835,2.481,2.90616
-1.49568,0.170835,2.481,2.902
-1.48762,0.170835,2.481,2.89786
-1.47957,0.170835,2.481,2.89373
-1.46084,0.169596,2.463,2.86866
-1.45285,0.169596,2.463,2.86459
-1.44485,0.169596,2.463,2.86055
-1.42636,0.168356,2.445,2.83564
-1.41842,0.168356,2.445,2.83166
-1.40068,0.167186,2.428,2.80803
-1.38305,0.166015,2.411,2.78447
-1.37522,0.166015,2.411,2.7806
-1.36739,0.166015,2.411,2.77673
-1.35957,0.166015,2.411,2.77289
-1.35174,0.166015,2.411,2.76906
-1.33444,0.164845,2.394,2.74575
-1.32667,0.164845,2.394,2.74198
-1.3189,0.164845,2.394,2.73823
-1.32044,0.166015,2.411,2.75392
-1.31262,0.166015,2.411,2.75017
-1.31399,0.167186,2.428,2.76581
-1.31526,0.168356,2.445,2.78141
-1.30732,0.168356,2.445,2.77767
-1.30895,0.169596,2.463,2.79437
-1.31997,0.172075,2.499,2.83142
-1.32131,0.173314,2.517,2.84801
-1.31314,0.173314,2.517,2.84423
-1.31482,0.174622,2.536,2.86191
-1.31638,0.175931,2.555,2.87955
-1.30808,0.175931,2.555,2.87577
-1.30946,0.177239,2.574,2.89337
-1.31071,0.178547,2.593,2.91092
-1.29275,0.177239,2.574,2.88584
-1.28439,0.177239,2.574,2.88211
-1.27604,0.177239,2.574,2.8784
-1.25833,0.175931,2.555,2.85348
-1.25003,0.175931,2.555,2.84984
-1.22327,0.173314,2.517,2.80388
-1.2151,0.173314,2.517,2.80032
-1.20693,0.173314,2.517,2.79679
-1.19019,0.172075,2.499,2.7733
-1.18208,0.172075,2.499,2.76982
-1.16551,0.170835,2.481,2.74645
-1.14906,0.169596,2.463,2.72314
-1.14107,0.169596,2.463,2.71977
-1.12479,0.168356,2.445,2.69658
-1.10909,0.167186,2.428,2.67455
-1.10121,0.167186,2.428,2.67129
-1.08568,0.166015,2.411,2.64937
-1.07785,0.166015,2.411,2.64618
-1.06248,0.164845,2.394,2.62436
-1.05471,0.164845,2.394,2.62123
-1.04694,0.164845,2.394,2.61811
-1.03917,0.164845,2.394,2.61501
-1.0314,0.164845,2.394,2.61193
-1.02363,0.164845,2.394,2.60887
-1.01586,0.164845,2.394,2.60584
-1.00809,0.164845,2.394,2.60282
-1.00032,0.164845,2.394,2.59982
-0.992548,0.164845,2.394,2.59684
-0.984778,0.164845,2.394,2.59388
-0.977007,0.164845,2.394,2.59094
-0.969237,0.164845,2.394,2.58802
-0.968294,0.166015,2.411,2.60347
-0.960468,0.166015,2.411,2.60057
-0.952643,0.166015,2.411,2.59769
-0.944817,0.166015,2.411,2.59483
-0.943599,0.167186,2.428,2.61027
-0.935718,0.167186,2.428,2.60743
-0.927837,0.167186,2.428,2.60461
-0.919957,0.167186,2.428,2.60182
-0.912076,0.167186,2.428,2.59904
-0.904195,0.167186,2.428,2.59629
-0.896315,0.167186,2.428,2.59355
-0.888434,0.167186,2.428,2.59084
-0.880553,0.167186,2.428,2.58815
-0.878783,0.168356,2.445,2.60358
-0.870847,0.168356,2.445,2.60091
-0.862911,0.168356,2.445,2.59827
-0.854975,0.168356,2.445,2.59564
-0.847039,0.168356,2.445,2.59304
-0.839103,0.168356,2.445,2.59046
-0.831167,0.168356,2.445,2.5879
-0.823232,0.168356,2.445,2.58536
-0.815296,0.168356,2.445,2.58284
-0.80736,0.168356,2.445,2.58035
-0.799424,0.168356,2.445,2.57788
-0.791488,0.168356,2.445,2.57543
-0.783552,0.168356,2.445,2.573
-0.775616,0.168356,2.445,2.57059
-0.767681,0.168356,2.445,2.56821
-0.759745,0.168356,2.445,2.56585
-0.751809,0.168356,2.445,2.56351
-0.743873,0.168356,2.445,2.56119
-0.735937,0.168356,2.445,2.5589
-0.728001,0.168356,2.445,2.55663
-0.725366,0.169596,2.463,2.57319
-0.717372,0.169596,2.463,2.57094
-0.709378,0.169596,2.463,2.56873
-0.701384,0.169596,2.463,2.56653
-0.693389,0.169596,2.463,2.56436
-0.685395,0.169596,2.463,2.56221
-0.677401,0.169596,2.463,2.56008
-0.674299,0.170835,2.481,2.57667
-0.666246,0.170835,2.481,2.57457
-0.658193,0.170835,2.481,2.5725
-0.65014,0.170835,2.481,2.57045
-0.642088,0.170835,2.481,2.56843
-0.634035,0.170835,2.481,2.56643
-0.625982,0.170835,2.481,2.56445
-0.61793,0.170835,2.481,2.5625
-0.609877,0.170835,2.481,2.56057
-0.601824,0.170835,2.481,2.55866
-0.593771,0.170835,2.481,2.55678
-0.585719,0.170835,2.481,2.55492
-0.577666,0.170835,2.481,2.55309
-0.569613,0.170835,2.481,2.55128
-0.561561,0.170835,2.481,2.54949
-0.553508,0.170835,2.481,2.54773
-0.549413,0.172075,2.499,2.56446
-0.541301,0.172075,2.499,2.56274
-0.53319,0.172075,2.499,2.56104
-0.525079,0.172075,2.499,2.55936
-0.516968,0.172075,2.499,2.55771
-0.508857,0.172075,2.499,2.55608
-0.500746,0.172075,2.499,2.55448
-0.492635,0.172075,2.499,2.5529
-0.484524,0.172075,2.499,2.55135
-0.476412,0.172075,2.499,2.54982
-0.464928,0.170835,2.481,2.52996
-0.456875,0.170835,2.481,2.52849
-0.448823,0.170835,2.481,2.52705
-0.44077,0.170835,2.481,2.52563
-0.432717,0.170835,2.481,2.52424
-0.424665,0.170835,2.481,2.52287
-0.416612,0.170835,2.481,2.52153
-0.408559,0.170835,2.481,2.52021
-0.400506,0.170835,2.481,2.51892
-0.392454,0.170835,2.481,2.51765
-0.384401,0.170835,2.481,2.51641
-0.376348,0.170835,2.481,2.51519
-0.365624,0.169596,2.463,2.49576
-0.357629,0.169596,2.463,2.4946
-0.349635,0.169596,2.463,2.49347
-0.341641,0.169596,2.463,2.49236
-0.336085,0.170835,2.481,2.50948
-0.328032,0.170835,2.481,2.50842
-0.319979,0.170835,2.481,2.50738
-0.311927,0.170835,2.481,2.50636
-0.306079,0.172075,2.499,2.52355
-0.297967,0.172075,2.499,2.52258
-0.289856,0.172075,2.499,2.52163
-0.281745,0.172075,2.499,2.52071
-0.273634,0.172075,2.499,2.51982
-0.265523,0.172075,2.499,2.51895
-0.259266,0.173314,2.517,2.53625
-0.251096,0.173314,2.517,2.53542
-0.242927,0.173314,2.517,2.53463
-0.234757,0.173314,2.517,2.53386
-0.226588,0.173314,2.517,2.53311
-0.218418,0.173314,2.517,2.5324
-0.210249,0.173314,2.517,2.53171
-0.202079,0.173314,2.517,2.53104
-0.195373,0.174622,2.536,2.5495
-0.187142,0.174622,2.536,2.54888
-0.178911,0.174622,2.536,2.54829
-0.170679,0.174622,2.536,2.54773
-0.162448,0.174622,2.536,2.54719
-0.154217,0.174622,2.536,2.54668
-0.145986,0.174622,2.536,2.54619
-0.137755,0.174622,2.536,2.54573
-0.128553,0.173314,2.517,2.52623
-0.120383,0.173314,2.517,2.52583
-0.112214,0.173314,2.517,2.52545
-0.104044,0.173314,2.517,2.5251
-0.0958747,0.173314,2.517,2.52478
-0.0877052,0.173314,2.517,2.52448
-0.0795356,0.173314,2.517,2.52421
-0.0713661,0.173314,2.517,2.52397
-0.0631965,0.173314,2.517,2.52375
-0.055027,0.173314,2.517,2.52356
-0.0468574,0.173314,2.517,2.5234
-0.0386878,0.173314,2.517,2.52326
-0.0303,0.172075,2.499,2.5051
-0.0221889,0.172075,2.499,2.50502
-0.0140778,0.172075,2.499,2.50496
-0.00596664,0.172075,2.499,2.50492
0.00214449,0.172075,2.499,2.50492
0.0102556,0.172075,2.499,2.50494
0.0183668,0.172075,2.499,2.50498
0.0262872,0.170835,2.481,2.48701
0.0343399,0.170835,2.481,2.48711
0.0423926,0.170835,2.481,2.48724
0.0500793,0.169596,2.463,2.46934
0.0580736,0.169596,2.463,2.46952
0.0660679,0.169596,2.463,2.46972
0.0740622,0.169596,2.463,2.46994
0.0826561,0.170835,2.481,2.48825
0.0907089,0.170835,2.481,2.48853
0.0987616,0.170835,2.481,2.48884
0.106814,0.170835,2.481,2.48917
0.114867,0.170835,2.481,2.48953
0.12292,0.170835,2.481,2.48991
0.130972,0.170835,2.481,2.49032
0.140034,0.172075,2.499,2.50883
0.148145,0.172075,2.499,2.50929
0.156256,0.172075,2.499,2.50979
0.164367,0.172075,2.499,2.5103
0.173721,0.173314,2.517,2.52893
0.18189,0.173314,2.517,2.52951
0.188701,0.172075,2.499,2.51201
0.196812,0.172075,2.499,2.51264
0.204923,0.172075,2.499,2.51329
0.213034,0.172075,2.499,2.51396
0.221145,0.172075,2.499,2.51466
0.229256,0.172075,2.499,2.51539
0.237367,0.172075,2.499,2.51614
0.24371,0.170835,2.481,2.49879
0.251763,0.170835,2.481,2.49959
0.259816,0.170835,2.481,2.50041
0.267868,0.170835,2.481,2.50126
0.275921,0.170835,2.481,2.50214
0.283974,0.170835,2.481,2.50304
0.292027,0.170835,2.481,2.50396
0.300079,0.170835,2.481,2.50491
0.308132,0.170835,2.481,2.50589
0.313891,0.169596,2.463,2.48871
0.321885,0.169596,2.463,2.48973
0.329879,0.169596,2.463,2.49077
0.337874,0.169596,2.463,2.49184
0.345868,0.169596,2.463,2.49294
0.353862,0.169596,2.463,2.49406
0.361856,0.169596,2.463,2.49521
0.369851,0.169596,2.463,2.49638
0.377845,0.169596,2.463,2.49758
0.385839,0.169596,2.463,2.4988
0.390955,0.168356,2.445,2.48178
0.398891,0.168356,2.445,2.48304
0.409822,0.169596,2.463,2.50262
0.414763,0.168356,2.445,2.48564
0.422699,0.168356,2.445,2.48697
0.430635,0.168356,2.445,2.48834
0.438571,0.168356,2.445,2.48972
0.446507,0.168356,2.445,2.49113
0.454442,0.168356,2.445,2.49257
0.462378,0.168356,2.445,2.49403
0.470314,0.168356,2.445,2.49551
0.47825,0.168356,2.445,2.49702
0.486186,0.168356,2.445,2.49855
0.494122,0.168356,2.445,2.50011
0.498567,0.167186,2.428,2.48429
0.506447,0.167186,2.428,2.48589
0.514328,0.167186,2.428,2.4875
0.522209,0.167186,2.428,2.48914
0.530089,0.167186,2.428,2.49081
0.53797,0.167186,2.428,2.4925
0.542029,0.166015,2.411,2.47675
0.549854,0.166015,2.411,2.47847
0.55768,0.166015,2.411,2.48022
0.565506,0.166015,2.411,2.48199
0.573331,0.166015,2.411,2.48379
0.581156,0.166015,2.411,2.4856
0.588982,0.166015,2.411,2.48744
0.592599,0.164845,2.394,2.47176
0.60037,0.164845,2.394,2.47363
0.60814,0.164845,2.394,2.47553
0.611537,0.163674,2.377,2.45986
0.619252,0.163674,2.377,2.46179
0.626967,0.163674,2.377,2.46374
0.634682,0.163674,2.377,2.46571
0.642397,0.163674,2.377,2.46771
0.650113,0.163674,2.377,2.46973
0.6534,0.162572,2.361,2.45513
0.661063,0.162572,2.361,2.45718
0.668726,0.162572,2.361,2.45926
0.676389,0.162572,2.361,2.46135
0.684053,0.162572,2.361,2.46347
0.696403,0.163674,2.377,2.48232
0.704119,0.163674,2.377,2.48449
0.716925,0.164845,2.394,2.50447
0.724695,0.164845,2.394,2.50671
0.732465,0.164845,2.394,2.50897
0.740236,0.164845,2.394,2.51125
0.748006,0.164845,2.394,2.51355
0.755776,0.164845,2.394,2.51587
0.763547,0.164845,2.394,2.51822
0.771317,0.164845,2.394,2.52058
0.779087,0.164845,2.394,2.52297
0.786858,0.164845,2.394,2.52538
0.805913,0.167186,2.428,2.56371
0.813794,0.167186,2.428,2.5662
0.821675,0.167186,2.428,2.56871
0.829556,0.167186,2.428,2.57124
0.837436,0.167186,2.428,2.5738
0.845317,0.167186,2.428,2.57637
0.853198,0.167186,2.428,2.57897
0.861078,0.167186,2.428,2.58159
0.868959,0.167186,2.428,2.58423
0.87684,0.167186,2.428,2.58689
0.88472,0.167186,2.428,2.58957
0.892601,0.167186,2.428,2.59227
0.900482,0.167186,2.428,2.595
0.908362,0.167186,2.428,2.59774
0.916243,0.167186,2.428,2.60051
0.924124,0.167186,2.428,2.60329
0.932004,0.167186,2.428,2.6061
0.939885,0.167186,2.428,2.60893
0.947766,0.167186,2.428,2.61178
0.948955,0.166015,2.411,2.59634
0.956781,0.166015,2.411,2.59921
0.971408,0.167186,2.428,2.62045
0.979289,0.167186,2.428,2.62338
0.987169,0.167186,2.428,2.62634
0.99505,0.167186,2.428,2.62931
1.00293,0.167186,2.428,2.6323
1.01789,0.168356,2.445,2.65376
1.02582,0.168356,2.445,2.65682
1.03376,0.168356,2.445,2.65989
1.0417,0.168356,2.445,2.66299
1.05736,0.169596,2.463,2.68573
1.06535,0.169596,2.463,2.68889
1.07335,0.169596,2.463,2.69206
1.08134,0.169596,2.463,2.69526
1.0973,0.170835,2.481,2.7182
1.10535,0.170835,2.481,2.72146
1.1134,0.170835,2.481,2.72474
1.12959,0.172075,2.499,2.74783
1.1377,0.172075,2.499,2.75118
1.14581,0.172075,2.499,2.75454
1.15393,0.172075,2.499,2.75793
1.16204,0.172075,2.499,2.76133
1.17015,0.172075,2.499,2.76475
1.17826,0.172075,2.499,2.7682
1.19492,0.173314,2.517,2.79162
1.20308,0.173314,2.517,2.79513
1.21125,0.173314,2.517,2.79865
1.21942,0.173314,2.517,2.8022
1.22759,0.173314,2.517,2.80576
1.23576,0.173314,2.517,2.80935
1.24393,0.173314,2.517,2.81295
1.2521,0.173314,2.517,2.81657
1.26027,0.173314,2.517,2.82021
1.26844,0.173314,2.517,2.82388
1.27661,0.173314,2.517,2.82755
1.28478,0.173314,2.517,2.83125
1.30271,0.174622,2.536,2.85637
1.32076,0.175931,2.555,2.88156
1.32906,0.175931,2.555,2.88537
1.35724,0.178547,2.593,2.93217
1.38672,0.181302,2.633,2.98137
1.39527,0.181302,2.633,2.98535
1.41501,0.182748,2.654,3.0132
1.44615,0.18564,2.696,3.065
1.4549,0.18564,2.696,3.06914
1.487,0.1886,2.739,3.12232
1.51992,0.19163,2.783,3.17679
1.55422,0.194798,2.829,3.2337
1.56341,0.194798,2.829,3.23812
1.58593,0.19645,2.853,3.27007
1.60861,0.198103,2.877,3.30212
1.61795,0.198103,2.877,3.30668
1.64086,0.199755,2.901,3.33888
1.65028,0.199755,2.901,3.34352
1.65969,0.199755,2.901,3.34818
1.66911,0.199755,2.901,3.35285
1.66464,0.198103,2.877,3.32977
1.67398,0.198103,2.877,3.33445
1.66927,0.19645,2.853,3.31129
1.65088,0.193214,2.806,3.26135
1.65999,0.193214,2.806,3.26596
1.65541,0.19163,2.783,3.2438
1.63813,0.1886,2.739,3.19706
1.64702,0.1886,2.739,3.20162
1.62992,0.18564,2.696,3.15587
1.6259,0.184194,2.675,3.13578
1.63458,0.184194,2.675,3.14029
1.61747,0.181302,2.633,3.09544
1.60131,0.178547,2.593,3.05282
1.60973,0.178547,2.593,3.05725
1.60629,0.177239,2.574,3.03925
1.60272,0.175931,2.555,3.02121
1.61101,0.175931,2.555,3.02561
1.61931,0.175931,2.555,3.03004
1.60339,0.173314,2.517,2.98935
1.61156,0.173314,2.517,2.99374
1.61973,0.173314,2.517,2.99814
1.61626,0.172075,2.499,2.98109
1.61267,0.170835,2.481,2.96399
1.62072,0.170835,2.481,2.96838
1.62878,0.170835,2.481,2.97279
1.63683,0.170835,2.481,2.97721
1.64488,0.170835,2.481,2.98164
1.64094,0.169596,2.463,2.96443
1.64894,0.169596,2.463,2.96886
1.65693,0.169596,2.463,2.97331
1.65276,0.168356,2.445,2.95601
1.64915,0.167186,2.428,2.93987
-1.85574,0.192874,2.675,3.26138
-1.84705,0.192874,2.675,3.25644
-1.83837,0.192874,2.675,3.25153
-1.81532,0.191359,2.654,3.22114
-1.79241,0.189845,2.633,3.19084
-1.78387,0.189845,2.633,3.18605
-1.76184,0.188403,2.613,3.15711
-1.73994,0.186961,2.593,3.12825
-1.71883,0.185591,2.574,3.10069
-1.71048,0.185591,2.574,3.09607
-1.68956,0.184221,2.555,3.06864
-1.66876,0.182851,2.536,3.0413
-1.66053,0.182851,2.536,3.03679
-1.6523,0.182851,2.536,3.0323
-1.64407,0.182851,2.536,3.02782
-1.63584,0.182851,2.536,3.02336
-1.61541,0.181481,2.517,2.99629
-1.59575,0.180184,2.499,2.9705
-1.58764,0.180184,2.499,2.96615
-1.57953,0.180184,2.499,2.96182
-1.57142,0.180184,2.499,2.9575
-1.5633,0.180184,2.499,2.9532
-1.5664,0.181481,2.517,2.97015
-1.54708,0.180184,2.499,2.94464
-1.53897,0.180184,2.499,2.94039
-1.53086,0.180184,2.499,2.93615
-1.52275,0.180184,2.499,2.93193
-1.50373,0.178886,2.481,2.90664
-1.49568,0.178886,2.481,2.90248
-1.48762,0.178886,2.481,2.89834
-1.47957,0.178886,2.481,2.89422
-1.46084,0.177588,2.463,2.86914
-1.45285,0.177588,2.463,2.86508
-1.43429,0.17629,2.445,2.84012
-1.41644,0.175064,2.428,2.8164
-1.40856,0.175064,2.428,2.81245
-1.39087,0.173839,2.411,2.78885
-1.37329,0.172613,2.394,2.76532
-1.36552,0.172613,2.394,2.76146
-1.35775,0.172613,2.394,2.75763
-1.34998,0.172613,2.394,2.75381
-1.34221,0.172613,2.394,2.75001
-1.32497,0.171387,2.377,2.72673
-1.31725,0.171387,2.377,2.72299
-1.3189,0.172613,2.394,2.73871
-1.31113,0.172613,2.394,2.73498
-1.30336,0.172613,2.394,2.73126
-1.30479,0.173839,2.411,2.74693
-1.31526,0.17629,2.445,2.78191
-1.30732,0.17629,2.445,2.77816
-1.31852,0.178886,2.481,2.81529
-1.31997,0.180184,2.499,2.83192
-1.33128,0.182851,2.536,2.87002
-1.32305,0.182851,2.536,2.86622
-1.31482,0.182851,2.536,2.86243
-1.32617,0.185591,2.574,2.90149
-1.31781,0.185591,2.574,2.89768
-1.30946,0.185591,2.574,2.89389
-1.31071,0.186961,2.593,2.91145
-1.30229,0.186961,2.593,2.90767
-1.29387,0.186961,2.593,2.90391
-1.27604,0.185591,2.574,2.87892
-1.26769,0.185591,2.574,2.87523
-1.25003,0.184221,2.555,2.85036
-1.23251,0.182851,2.536,2.82556
-1.22428,0.182851,2.536,2.82198
-1.20693,0.181481,2.517,2.79731
-1.19019,0.180184,2.499,2.77381
-1.18208,0.180184,2.499,2.77034
-1.16551,0.178886,2.481,2.74696
-1.15746,0.178886,2.481,2.74355
-1.14941,0.178886,2.481,2.74016
-1.13308,0.177588,2.463,2.71694
-1.10909,0.175064,2.428,2.67506
-1.10121,0.175064,2.428,2.6718
-1.08568,0.173839,2.411,2.64987
-1.07785,0.173839,2.411,2.64668
-1.07003,0.173839,2.411,2.6435
-1.0622,0.173839,2.411,2.64034
-1.04694,0.172613,2.394,2.61861
-1.03917,0.172613,2.394,2.61551
-1.0314,0.172613,2.394,2.61244
-1.02363,0.172613,2.394,2.60938
-1.01586,0.172613,2.394,2.60634
-1.00809,0.172613,2.394,2.60332
-1.00032,0.172613,2.394,2.60032
-0.992548,0.172613,2.394,2.59734
-0.984778,0.172613,2.394,2.59438
-0.977007,0.172613,2.394,2.59144
-0.969237,0.172613,2.394,2.58852
-0.968294,0.173839,2.411,2.60398
-0.960468,0.173839,2.411,2.60108
-0.952643,0.173839,2.411,2.59821
-0.944817,0.173839,2.411,2.59535
-0.943599,0.175064,2.428,2.61079
-0.935718,0.175064,2.428,2.60795
-0.927837,0.175064,2.428,2.60513
-0.919957,0.175064,2.428,2.60234
-0.912076,0.175064,2.428,2.59956
-0.904195,0.175064,2.428,2.59681
-0.90259,0.17629,2.445,2.61224
-0.894654,0.17629,2.445,2.6095
-0.886718,0.17629,2.445,2.60679
-0.878783,0.17629,2.445,2.6041
-0.870847,0.17629,2.445,2.60144
-0.862911,0.17629,2.445,2.59879
-0.854975,0.17629,2.445,2.59617
-0.847039,0.17629,2.445,2.59356
-0.839103,0.17629,2.445,2.59098
-0.831167,0.17629,2.445,2.58842
-0.823232,0.17629,2.445,2.58589
-0.815296,0.17629,2.445,2.58337
-0.80736,0.17629,2.445,2.58088
-0.799424,0.17629,2.445,2.57841
-0.791488,0.17629,2.445,2.57596
-0.783552,0.17629,2.445,2.57353
-0.775616,0.17629,2.445,2.57113
-0.767681,0.17629,2.445,2.56874
-0.759745,0.17629,2.445,2.56638
-0.751809,0.17629,2.445,2.56404
-0.743873,0.17629,2.445,2.56173
-0.741355,0.177588,2.463,2.57828
-0.733361,0.177588,2.463,2.57599
-0.725366,0.177588,2.463,2.57373
-0.717372,0.177588,2.463,2.57148
-0.709378,0.177588,2.463,2.56927
-0.701384,0.177588,2.463,2.56707
-0.693389,0.177588,2.463,2.5649
-0.685395,0.177588,2.463,2.56275
-0.677401,0.177588,2.463,2.56062
-0.674299,0.178886,2.481,2.57722
-0.666246,0.178886,2.481,2.57512
-0.658193,0.178886,2.481,2.57305
-0.65014,0.178886,2.481,2.571
-0.642088,0.178886,2.481,2.56898
-0.634035,0.178886,2.481,2.56698
-0.625982,0.178886,2.481,2.565
-0.61793,0.178886,2.481,2.56304
-0.609877,0.178886,2.481,2.56112
-0.601824,0.178886,2.481,2.55921
-0.593771,0.178886,2.481,2.55733
-0.585719,0.178886,2.481,2.55547
-0.577666,0.178886,2.481,2.55364
-0.569613,0.178886,2.481,2.55183
-0.561561,0.178886,2.481,2.55004
-0.553508,0.178886,2.481,2.54828
-0.549413,0.180184,2.499,2.56502
-0.541301,0.180184,2.499,2.56329
-0.53319,0.180184,2.499,2.56159
-0.525079,0.180184,2.499,2.55992
-0.516968,0.180184,2.499,2.55827
-0.508857,0.180184,2.499,2.55664
-0.500746,0.180184,2.499,2.55504
-0.492635,0.180184,2.499,2.55346
-0.484524,0.180184,2.499,2.55191
-0.476412,0.180184,2.499,2.55038
-0.464928,0.178886,2.481,2.53052
-0.456875,0.178886,2.481,2.52905
-0.448823,0.178886,2.481,2.52761
-0.44077,0.178886,2.481,2.52619
-0.432717,0.178886,2.481,2.5248
-0.424665,0.178886,2.481,2.52343
-0.416612,0.178886,2.481,2.52209
-0.408559,0.178886,2.481,2.52077
-0.400506,0.178886,2.481,2.51948
-0.392454,0.178886,2.481,2.51821
-0.381612,0.177588,2.463,2.49871
-0.373618,0.177588,2.463,2.4975
-0.365624,0.177588,2.463,2.49631
-0.357629,0.177588,2.463,2.49516
-0.349635,0.177588,2.463,2.49402
-0.341641,0.177588,2.463,2.49291
-0.333646,0.177588,2.463,2.49183
-0.328032,0.178886,2.481,2.50898
-0.319979,0.178886,2.481,2.50794
-0.311927,0.178886,2.481,2.50692
-0.303874,0.178886,2.481,2.50593
-0.295821,0.178886,2.481,2.50497
-0.287769,0.178886,2.481,2.50403
-0.281745,0.180184,2.499,2.52128
-0.273634,0.180184,2.499,2.52039
-0.265523,0.180184,2.499,2.51952
-0.259266,0.181481,2.517,2.53682
-0.251096,0.181481,2.517,2.536
-0.242927,0.181481,2.517,2.5352
-0.234757,0.181481,2.517,2.53443
-0.226588,0.181481,2.517,2.53369
-0.220067,0.182851,2.536,2.55209
-0.211836,0.182851,2.536,2.55139
-0.203604,0.182851,2.536,2.55072
-0.195373,0.182851,2.536,2.55008
-0.187142,0.182851,2.536,2.54946
-0.178911,0.182851,2.536,2.54887
-0.170679,0.182851,2.536,2.54831
-0.162448,0.182851,2.536,2.54777
-0.154217,0.182851,2.536,2.54726
-0.145986,0.182851,2.536,2.54677
-0.137755,0.182851,2.536,2.54631
-0.128553,0.181481,2.517,2.52681
-0.120383,0.181481,2.517,2.5264
-0.112214,0.181481,2.517,2.52603
-0.104044,0.181481,2.517,2.52568
-0.0958747,0.181481,2.517,2.52535
-0.0877052,0.181481,2.517,2.52506
-0.0795356,0.181481,2.517,2.52479
-0.0713661,0.181481,2.517,2.52454
-0.0631965,0.181481,2.517,2.52433
-0.0546334,0.180184,2.499,2.50608
-0.0465223,0.180184,2.499,2.50592
-0.0384112,0.180184,2.499,2.50578
-0.0303,0.180184,2.499,2.50567
-0.0221889,0.180184,2.499,2.50559
-0.0140778,0.180184,2.499,2.50553
-0.00596664,0.180184,2.499,2.50549
0.00214449,0.180184,2.499,2.50549
0.0102556,0.180184,2.499,2.50551
0.0183668,0.180184,2.499,2.50555
0.0262872,0.178886,2.481,2.48758
0.0343399,0.178886,2.481,2.48768
0.0423926,0.178886,2.481,2.4878
0.0504453,0.178886,2.481,2.48795
0.058498,0.178886,2.481,2.48813
0.0665507,0.178886,2.481,2.48833
0.0746034,0.178886,2.481,2.48856
0.0826561,0.178886,2.481,2.48881
0.0907089,0.178886,2.481,2.48909
0.0987616,0.178886,2.481,2.4894
0.106814,0.178886,2.481,2.48973
0.114867,0.178886,2.481,2.49009
0.12292,0.178886,2.481,2.49048
0.130972,0.178886,2.481,2.49089
0.140034,0.180184,2.499,2.5094
0.148145,0.180184,2.499,2.50986
0.156256,0.180184,2.499,2.51036
0.164367,0.180184,2.499,2.51087
0.172478,0.180184,2.499,2.51142
0.180589,0.180184,2.499,2.51199
0.188701,0.180184,2.499,2.51258
0.196812,0.180184,2.499,2.51321
0.204923,0.180184,2.499,2.51385
0.213034,0.180184,2.499,2.51453
0.221145,0.180184,2.499,2.51523
0.229256,0.180184,2.499,2.51595
0.235658,0.178886,2.481,2.49858
0.24371,0.178886,2.481,2.49935
0.251763,0.178886,2.481,2.50015
0.259816,0.178886,2.481,2.50097
0.267868,0.178886,2.481,2.50182
0.273919,0.177588,2.463,2.48454
0.281914,0.177588,2.463,2.48543
0.289908,0.177588,2.463,2.48635
0.297902,0.177588,2.463,2.4873
0.305896,0.177588,2.463,2.48827
0.313891,0.177588,2.463,2.48926
0.321885,0.177588,2.463,2.49028
0.329879,0.177588,2.463,2.49133
0.337874,0.177588,2.463,2.4924
0.345868,0.177588,2.463,2.4935
0.353862,0.177588,2.463,2.49462
0.361856,0.177588,2.463,2.49577
0.369851,0.177588,2.463,2.49694
0.377845,0.177588,2.463,2.49813
0.385839,0.177588,2.463,2.49936
0.390955,0.17629,2.445,2.48233
0.398891,0.17629,2.445,2.48359
0.409822,0.177588,2.463,2.50317
0.414763,0.17629,2.445,2.48619
0.422699,0.17629,2.445,2.48752
0.430635,0.17629,2.445,2.48889
0.438571,0.17629,2.445,2.49027
0.446507,0.17629,2.445,2.49168
0.454442,0.17629,2.445,2.49311
0.462378,0.17629,2.445,2.49457
0.470314,0.17629,2.445,2.49606
0.47825,0.17629,2.445,2.49756
0.486186,0.17629,2.445,2.4991
0.494122,0.17629,2.445,2.50065
0.498567,0.175064,2.428,2.48483
0.506447,0.175064,2.428,2.48643
0.514328,0.175064,2.428,2.48804
0.522209,0.175064,2.428,2.48969
0.530089,0.175064,2.428,2.49135
0.53797,0.175064,2.428,2.49304
0.542029,0.173839,2.411,2.47728
0.549854,0.173839,2.411,2.47901
0.55768,0.173839,2.411,2.48076
0.565506,0.173839,2.411,2.48253
0.573331,0.173839,2.411,2.48432
0.581156,0.173839,2.411,2.48614
0.588982,0.173839,2.411,2.48798
0.592599,0.172613,2.394,2.47229
0.60037,0.172613,2.394,2.47416
0.60814,0.172613,2.394,2.47606
0.611537,0.171387,2.377,2.46038
0.619252,0.171387,2.377,2.46231
0.626967,0.171387,2.377,2.46426
0.634682,0.171387,2.377,2.46624
0.642397,0.171387,2.377,2.46823
0.650113,0.171387,2.377,2.47025
0.6534,0.170233,2.361,2.45565
0.661063,0.170233,2.361,2.4577
0.668726,0.170233,2.361,2.45978
0.676389,0.170233,2.361,2.46187
0.684053,0.170233,2.361,2.46399
0.696403,0.171387,2.377,2.48284
0.704119,0.171387,2.377,2.48501
0.716925,0.172613,2.394,2.505
0.724695,0.172613,2.394,2.50723
0.732465,0.172613,2.394,2.50949
0.740236,0.172613,2.394,2.51177
0.748006,0.172613,2.394,2.51407
0.755776,0.172613,2.394,2.51639
0.763547,0.172613,2.394,2.51874
0.771317,0.172613,2.394,2.5211
0.779087,0.172613,2.394,2.52349
0.786858,0.172613,2.394,2.5259
0.794628,0.172613,2.394,2.52833
0.802398,0.172613,2.394,2.53079
0.810169,0.172613,2.394,2.53326
0.823747,0.173839,2.411,2.55376
0.831573,0.173839,2.411,2.5563
0.839398,0.173839,2.411,2.55885
0.847224,0.173839,2.411,2.56143
0.855049,0.173839,2.411,2.56403
0.862875,0.173839,2.411,2.56665
0.8707,0.173839,2.411,2.56929
0.88472,0.175064,2.428,2.59009
0.892601,0.175064,2.428,2.59279
0.900482,0.175064,2.428,2.59552
0.902002,0.173839,2.411,2.58007
0.909828,0.173839,2.411,2.58281
0.917653,0.173839,2.411,2.58558
0.932004,0.175064,2.428,2.60662
0.939885,0.175064,2.428,2.60945
0.947766,0.175064,2.428,2.6123
0.948955,0.173839,2.411,2.59686
0.956781,0.173839,2.411,2.59973
0.971408,0.175064,2.428,2.62097
0.979289,0.175064,2.428,2.6239
0.987169,0.175064,2.428,2.62685
0.99505,0.175064,2.428,2.62982
1.00293,0.175064,2.428,2.63281
1.01081,0.175064,2.428,2.63582
1.01869,0.175064,2.428,2.63886
1.02657,0.175064,2.428,2.64191
1.0417,0.17629,2.445,2.6635
1.04963,0.17629,2.445,2.66661
1.05757,0.17629,2.445,2.66975
1.0655,0.17629,2.445,2.6729
1.08134,0.177588,2.463,2.69578
1.08934,0.177588,2.463,2.69899
1.09733,0.177588,2.463,2.70223
1.10533,0.177588,2.463,2.70549
1.11332,0.177588,2.463,2.70876
1.12131,0.177588,2.463,2.71206
1.13756,0.178886,2.481,2.73522
1.14561,0.178886,2.481,2.73857
1.15367,0.178886,2.481,2.74195
1.16172,0.178886,2.481,2.74535
1.16977,0.178886,2.481,2.74877
1.18637,0.180184,2.499,2.77217
1.19448,0.180184,2.499,2.77565
1.20259,0.180184,2.499,2.77915
1.2107,0.180184,2.499,2.78267
1.21881,0.180184,2.499,2.78621
1.22693,0.180184,2.499,2.78977
1.23504,0.180184,2.499,2.79335
1.24315,0.180184,2.499,2.79694
1.25126,0.180184,2.499,2.80056
1.25937,0.180184,2.499,2.80419
1.26748,0.180184,2.499,2.80784
1.27559,0.180184,2.499,2.81151
1.29295,0.181481,2.517,2.83548
1.31094,0.182851,2.536,2.86065
1.31917,0.182851,2.536,2.86443
1.33735,0.184221,2.555,2.88972
1.36566,0.186961,2.593,2.9366
1.37407,0.186961,2.593,2.94052
1.39315,0.188403,2.613,2.96718
1.42362,0.191359,2.654,3.01779
1.43224,0.191359,2.654,3.02186
1.46365,0.194388,2.696,3.07384
1.49589,0.197488,2.739,3.12711
1.52895,0.200661,2.783,3.18167
1.53799,0.200661,2.783,3.18602
1.5598,0.202319,2.806,3.21676
1.58177,0.203977,2.829,3.24759
1.59095,0.203977,2.829,3.25207
1.60014,0.203977,2.829,3.25658
1.60932,0.203977,2.829,3.2611
1.6185,0.203977,2.829,3.26564
1.64149,0.205708,2.853,3.29794
1.65075,0.205708,2.853,3.30256
1.66001,0.205708,2.853,3.3072
1.65523,0.203977,2.829,3.284
1.63735,0.200661,2.783,3.23516
1.64638,0.200661,2.783,3.23974
1.64233,0.199074,2.761,3.21869
1.62497,0.195902,2.717,3.17191
1.63379,0.195902,2.717,3.17644
1.61722,0.192874,2.675,3.13181
1.60037,0.189845,2.633,3.08706
1.60892,0.189845,2.633,3.0915
1.60518,0.188403,2.613,3.07244
1.58958,0.185591,2.574,3.03095
1.59793,0.185591,2.574,3.03534
1.59443,0.184221,2.555,3.01731
1.5908,0.182851,2.536,2.99923
1.59903,0.182851,2.536,3.0036
1.59522,0.181481,2.517,2.98546
1.59193,0.180184,2.499,2.96845
1.60004,0.180184,2.499,2.97281
1.60815,0.180184,2.499,2.97718
1.60462,0.178886,2.481,2.96009
1.61267,0.178886,2.481,2.96447
1.62072,0.178886,2.481,2.96886
1.62878,0.178886,2.481,2.97326
1.62495,0.177588,2.463,2.95608
1.63295,0.177588,2.463,2.96048
1.64094,0.177588,2.463,2.96489
1.63689,0.17629,2.445,2.94763
1.64482,0.17629,2.445,2.95204
1.65276,0.17629,2.445,2.95647
1.64915,0.175064,2.428,2.94033
-1.84117,0.199971,2.654,3.23629
-1.83255,0.199971,2.654,3.2314
-1.82394,0.199971,2.654,3.22652
-1.80096,0.198389,2.633,3.19617
-1.7788,0.196882,2.613,3.16712
-1.77032,0.196882,2.613,3.16237
-1.74835,0.195375,2.593,3.13346
-1.72719,0.193943,2.574,3.10584
-1.70614,0.192512,2.555,3.07831
-1.69785,0.192512,2.555,3.07372
-1.68956,0.192512,2.555,3.06915
-1.68127,0.192512,2.555,3.06459
-1.67297,0.192512,2.555,3.06005
-1.6523,0.19108,2.536,3.0328
-1.64407,0.19108,2.536,3.02833
-1.63584,0.19108,2.536,3.02387
-1.62761,0.19108,2.536,3.01942
-1.60724,0.189649,2.517,2.9924
-1.59907,0.189649,2.517,2.98802
-1.5909,0.189649,2.517,2.98366
-1.58273,0.189649,2.517,2.97931
-1.57456,0.189649,2.517,2.97498
-1.5664,0.189649,2.517,2.97066
-1.55823,0.189649,2.517,2.96637
-1.55006,0.189649,2.517,2.96208
-1.54189,0.189649,2.517,2.95782
-1.52275,0.188292,2.499,2.93244
-1.50373,0.186936,2.481,2.90715
-1.49568,0.186936,2.481,2.90299
-1.48762,0.186936,2.481,2.89885
-1.47957,0.186936,2.481,2.89473
-1.46084,0.18558,2.463,2.86965
-1.45285,0.18558,2.463,2.86558
-1.43429,0.184224,2.445,2.84063
-1.41644,0.182943,2.428,2.81691
-1.40856,0.182943,2.428,2.81295
-1.39087,0.181662,2.411,2.78935
-1.37329,0.180381,2.394,2.76581
-1.36552,0.180381,2.394,2.76196
-1.35775,0.180381,2.394,2.75813
-1.34998,0.180381,2.394,2.75431
-1.34221,0.180381,2.394,2.75051
-1.32497,0.1791,2.377,2.72722
-1.31725,0.1791,2.377,2.72348
-1.3189,0.180381,2.394,2.73921
-1.31113,0.180381,2.394,2.73548
-1.30336,0.180381,2.394,2.73176
-1.30479,0.181662,2.411,2.74744
-1.31526,0.184224,2.445,2.78242
-1.30732,0.184224,2.445,2.77868
-1.31852,0.186936,2.481,2.81581
-1.32948,0.189649,2.517,2.85285
-1.33128,0.19108,2.536,2.87056
-1.32305,0.19108,2.536,2.86675
-1.32467,0.192512,2.555,2.88441
-1.32617,0.193943,2.574,2.90204
-1.31781,0.193943,2.574,2.89823
-1.31912,0.195375,2.593,2.9158
-1.31071,0.195375,2.593,2.91201
-1.30229,0.195375,2.593,2.90823
-1.29387,0.195375,2.593,2.90447
-1.28546,0.195375,2.593,2.90073
-1.27704,0.195375,2.593,2.89701
-1.25003,0.192512,2.555,2.85091
-1.24174,0.192512,2.555,2.84728
-1.23345,0.192512,2.555,2.84367
-1.21605,0.19108,2.536,2.81897
-1.19876,0.189649,2.517,2.79433
-1.1906,0.189649,2.517,2.79084
-1.17397,0.188292,2.499,2.76743
-1.15746,0.186936,2.481,2.74409
-1.14941,0.186936,2.481,2.7407
-1.13308,0.18558,2.463,2.71747
-1.11686,0.184224,2.445,2.69432
-1.10121,0.182943,2.428,2.67233
-1.08568,0.181662,2.411,2.6504
-1.07785,0.181662,2.411,2.6472
-1.07003,0.181662,2.411,2.64403
-1.0622,0.181662,2.411,2.64087
-1.04694,0.180381,2.394,2.61913
-1.03917,0.180381,2.394,2.61604
-1.0314,0.180381,2.394,2.61296
-1.02363,0.180381,2.394,2.6099
-1.01586,0.180381,2.394,2.60686
-1.00809,0.180381,2.394,2.60385
-1.00032,0.180381,2.394,2.60085
-0.992548,0.180381,2.394,2.59787
-0.984778,0.180381,2.394,2.59491
-0.977007,0.180381,2.394,2.59197
-0.969237,0.180381,2.394,2.58905
-0.968294,0.181662,2.411,2.60452
-0.960468,0.181662,2.411,2.60162
-0.952643,0.181662,2.411,2.59874
-0.944817,0.181662,2.411,2.59588
-0.943599,0.182943,2.428,2.61133
-0.935718,0.182943,2.428,2.60849
-0.927837,0.182943,2.428,2.60567
-0.919957,0.182943,2.428,2.60288
-0.912076,0.182943,2.428,2.6001
-0.904195,0.182943,2.428,2.59735
-0.90259,0.184224,2.445,2.61278
-0.894654,0.184224,2.445,2.61005
-0.886718,0.184224,2.445,2.60734
-0.878783,0.184224,2.445,2.60465
-0.870847,0.184224,2.445,2.60199
-0.862911,0.184224,2.445,2.59934
-0.854975,0.184224,2.445,2.59672
-0.847039,0.184224,2.445,2.59412
-0.839103,0.184224,2.445,2.59154
-0.831167,0.184224,2.445,2.58898
-0.823232,0.184224,2.445,2.58644
-0.815296,0.184224,2.445,2.58393
-0.80736,0.184224,2.445,2.58143
-0.799424,0.184224,2.445,2.57896
-0.791488,0.184224,2.445,2.57651
-0.783552,0.184224,2.445,2.57409
-0.775616,0.184224,2.445,2.57168
-0.767681,0.184224,2.445,2.5693
-0.759745,0.184224,2.445,2.56694
-0.751809,0.184224,2.445,2.5646
-0.743873,0.184224,2.445,2.56229
-0.741355,0.18558,2.463,2.57884
-0.733361,0.18558,2.463,2.57655
-0.725366,0.18558,2.463,2.57429
-0.717372,0.18558,2.463,2.57205
-0.709378,0.18558,2.463,2.56983
-0.701384,0.18558,2.463,2.56763
-0.693389,0.18558,2.463,2.56546
-0.685395,0.18558,2.463,2.56331
-0.677401,0.18558,2.463,2.56119
-0.669406,0.18558,2.463,2.55908
-0.666246,0.186936,2.481,2.57569
-0.658193,0.186936,2.481,2.57362
-0.65014,0.186936,2.481,2.57157
-0.642088,0.186936,2.481,2.56955
-0.634035,0.186936,2.481,2.56755
-0.625982,0.186936,2.481,2.56557
-0.61793,0.186936,2.481,2.56362
-0.609877,0.186936,2.481,2.56169
-0.601824,0.186936,2.481,2.55979
-0.593771,0.186936,2.481,2.5579
-0.585719,0.186936,2.481,2.55605
-0.577666,0.186936,2.481,2.55421
-0.569613,0.186936,2.481,2.5524
-0.561561,0.186936,2.481,2.55062
-0.553508,0.186936,2.481,2.54886
-0.549413,0.188292,2.499,2.5656
-0.541301,0.188292,2.499,2.56388
-0.53319,0.188292,2.499,2.56218
-0.525079,0.188292,2.499,2.5605
-0.516968,0.188292,2.499,2.55885
-0.508857,0.188292,2.499,2.55722
-0.500746,0.188292,2.499,2.55562
-0.492635,0.188292,2.499,2.55404
-0.484524,0.188292,2.499,2.55249
-0.476412,0.188292,2.499,2.55097
-0.468301,0.188292,2.499,2.54946
-0.46019,0.188292,2.499,2.54799
-0.448823,0.186936,2.481,2.52819
-0.44077,0.186936,2.481,2.52677
-0.432717,0.186936,2.481,2.52538
-0.424665,0.186936,2.481,2.52401
-0.416612,0.186936,2.481,2.52267
-0.408559,0.186936,2.481,2.52135
-0.400506,0.186936,2.481,2.52006
-0.389606,0.18558,2.463,2.50052
-0.381612,0.18558,2.463,2.49929
-0.373618,0.18558,2.463,2.49808
-0.365624,0.18558,2.463,2.4969
-0.357629,0.18558,2.463,2.49574
-0.349635,0.18558,2.463,2.4946
-0.341641,0.18558,2.463,2.4935
-0.333646,0.18558,2.463,2.49241
-0.325652,0.18558,2.463,2.49136
-0.317658,0.18558,2.463,2.49032
-0.311927,0.186936,2.481,2.50751
-0.303874,0.186936,2.481,2.50652
-0.295821,0.186936,2.481,2.50556
-0.287769,0.186936,2.481,2.50462
-0.279716,0.186936,2.481,2.50371
-0.273634,0.188292,2.499,2.52098
-0.265523,0.188292,2.499,2.52011
-0.257412,0.188292,2.499,2.51927
-0.249301,0.188292,2.499,2.51845
-0.24119,0.188292,2.499,2.51766
-0.234757,0.189649,2.517,2.53503
-0.226588,0.189649,2.517,2.53428
-0.218418,0.189649,2.517,2.53357
-0.210249,0.189649,2.517,2.53288
-0.203604,0.19108,2.536,2.55133
-0.195373,0.19108,2.536,2.55068
-0.187142,0.19108,2.536,2.55006
-0.178911,0.19108,2.536,2.54947
-0.170679,0.19108,2.536,2.54891
-0.162448,0.19108,2.536,2.54837
-0.154217,0.19108,2.536,2.54786
-0.145986,0.19108,2.536,2.54737
-0.137755,0.19108,2.536,2.54692
-0.128553,0.189649,2.517,2.52741
-0.120383,0.189649,2.517,2.527
-0.112214,0.189649,2.517,2.52663
-0.104044,0.189649,2.517,2.52628
-0.0958747,0.189649,2.517,2.52595
-0.0877052,0.189649,2.517,2.52566
-0.0795356,0.189649,2.517,2.52539
-0.0713661,0.189649,2.517,2.52514
-0.0631965,0.189649,2.517,2.52493
-0.0546334,0.188292,2.499,2.50668
-0.0465223,0.188292,2.499,2.50652
-0.0384112,0.188292,2.499,2.50638
-0.0303,0.188292,2.499,2.50627
-0.0221889,0.188292,2.499,2.50618
-0.0140778,0.188292,2.499,2.50612
-0.00596664,0.188292,2.499,2.50609
0.00214449,0.188292,2.499,2.50608
0.0102556,0.188292,2.499,2.5061
0.0183668,0.188292,2.499,2.50615
0.0262872,0.186936,2.481,2.48817
0.0343399,0.186936,2.481,2.48827
0.0423926,0.186936,2.481,2.48839
0.0504453,0.186936,2.481,2.48854
0.058498,0.186936,2.481,2.48872
0.0665507,0.186936,2.481,2.48892
0.0746034,0.186936,2.481,2.48915
0.0826561,0.186936,2.481,2.48941
0.0907089,0.186936,2.481,2.48969
0.0987616,0.186936,2.481,2.48999
0.106814,0.186936,2.481,2.49032
0.114867,0.186936,2.481,2.49068
0.123811,0.188292,2.499,2.50914
0.131923,0.188292,2.499,2.50955
0.140034,0.188292,2.499,2.50999
0.148145,0.188292,2.499,2.51046
0.156256,0.188292,2.499,2.51095
0.164367,0.188292,2.499,2.51147
0.172478,0.188292,2.499,2.51201
0.180589,0.188292,2.499,2.51258
0.188701,0.188292,2.499,2.51318
0.196812,0.188292,2.499,2.5138
0.204923,0.188292,2.499,2.51445
0.213034,0.188292,2.499,2.51512
0.221145,0.188292,2.499,2.51582
0.229256,0.188292,2.499,2.51655
0.235658,0.186936,2.481,2.49917
0.24371,0.186936,2.481,2.49994
0.251763,0.186936,2.481,2.50074
0.259816,0.186936,2.481,2.50156
0.267868,0.186936,2.481,2.50241
0.273919,0.18558,2.463,2.48512
0.281914,0.18558,2.463,2.48602
0.289908,0.18558,2.463,2.48694
0.297902,0.18558,2.463,2.48788
0.305896,0.18558,2.463,2.48885
0.313891,0.18558,2.463,2.48985
0.321885,0.18558,2.463,2.49087
0.329879,0.18558,2.463,2.49191
0.337874,0.18558,2.463,2.49298
0.345868,0.18558,2.463,2.49408
0.353862,0.18558,2.463,2.4952
0.359212,0.184224,2.445,2.4781
0.367148,0.184224,2.445,2.47927
0.375084,0.184224,2.445,2.48045
0.38302,0.184224,2.445,2.48167
0.390955,0.184224,2.445,2.4829
0.398891,0.184224,2.445,2.48417
0.406827,0.184224,2.445,2.48545
0.414763,0.184224,2.445,2.48676
0.422699,0.184224,2.445,2.4881
0.430635,0.184224,2.445,2.48946
0.438571,0.184224,2.445,2.49084
0.446507,0.184224,2.445,2.49225
0.454442,0.184224,2.445,2.49369
0.459163,0.182943,2.428,2.4778
0.467044,0.182943,2.428,2.47927
0.474925,0.182943,2.428,2.48077
0.482805,0.182943,2.428,2.48229
0.490686,0.182943,2.428,2.48383
0.498567,0.182943,2.428,2.4854
0.506447,0.182943,2.428,2.48699
0.514328,0.182943,2.428,2.48861
0.518552,0.181662,2.411,2.47282
0.526378,0.181662,2.411,2.47447
0.534203,0.181662,2.411,2.47615
0.542029,0.181662,2.411,2.47785
0.549854,0.181662,2.411,2.47957
0.55768,0.181662,2.411,2.48132
0.565506,0.181662,2.411,2.48309
0.569288,0.180381,2.394,2.46736
0.577059,0.180381,2.394,2.46916
0.584829,0.180381,2.394,2.47099
0.588391,0.1791,2.377,2.45528
0.596106,0.1791,2.377,2.45714
0.603822,0.1791,2.377,2.45903
0.60742,0.177894,2.361,2.44437
0.615084,0.177894,2.361,2.44628
0.622747,0.177894,2.361,2.44822
0.63041,0.177894,2.361,2.45018
0.638073,0.177894,2.361,2.45216
0.645737,0.177894,2.361,2.45417
0.648972,0.176689,2.345,2.43955
0.656583,0.176689,2.345,2.44159
0.664194,0.176689,2.345,2.44364
0.671806,0.176689,2.345,2.44572
0.679417,0.176689,2.345,2.44783
0.691716,0.177894,2.361,2.46667
0.699379,0.177894,2.361,2.46883
0.707042,0.177894,2.361,2.47101
0.714706,0.177894,2.361,2.47321
0.722369,0.177894,2.361,2.47544
0.730032,0.177894,2.361,2.47768
0.737695,0.177894,2.361,2.47995
0.745358,0.177894,2.361,2.48224
0.753022,0.177894,2.361,2.48455
0.76584,0.1791,2.377,2.50374
0.773555,0.1791,2.377,2.50611
0.78127,0.1791,2.377,2.5085
0.788985,0.1791,2.377,2.51092
0.7967,0.1791,2.377,2.51335
0.804416,0.1791,2.377,2.51581
0.812131,0.1791,2.377,2.51829
0.825709,0.180381,2.394,2.53881
0.83348,0.180381,2.394,2.54135
0.84125,0.180381,2.394,2.54391
0.84902,0.180381,2.394,2.54649
0.856791,0.180381,2.394,2.54909
0.864561,0.180381,2.394,2.55171
0.878526,0.181662,2.411,2.57249
0.886351,0.181662,2.411,2.57518
0.894177,0.181662,2.411,2.57788
0.902002,0.181662,2.411,2.58061
0.909828,0.181662,2.411,2.58335
0.917653,0.181662,2.411,2.58612
0.932004,0.182943,2.428,2.60716
0.939885,0.182943,2.428,2.60999
0.947766,0.182943,2.428,2.61284
0.948955,0.181662,2.411,2.59739
0.956781,0.181662,2.411,2.60026
0.964606,0.181662,2.411,2.60315
0.972432,0.181662,2.411,2.60606
0.980257,0.181662,2.411,2.60899
0.988083,0.181662,2.411,2.61194
0.995908,0.181662,2.411,2.61491
1.01081,0.182943,2.428,2.63636
1.01869,0.182943,2.428,2.63939
1.02657,0.182943,2.428,2.64244
1.03445,0.182943,2.428,2.64551
1.04233,0.182943,2.428,2.64861
1.05021,0.182943,2.428,2.65172
1.0581,0.182943,2.428,2.65485
1.07344,0.184224,2.445,2.67661
1.08138,0.184224,2.445,2.6798
1.08931,0.184224,2.445,2.68301
1.09725,0.184224,2.445,2.68625
1.10518,0.184224,2.445,2.6895
1.11312,0.184224,2.445,2.69277
1.12931,0.18558,2.463,2.71591
1.1373,0.18558,2.463,2.71924
1.1453,0.18558,2.463,2.72259
1.15329,0.18558,2.463,2.72597
1.16129,0.18558,2.463,2.72936
1.17782,0.186936,2.481,2.75274
1.18588,0.186936,2.481,2.7562
1.19393,0.186936,2.481,2.75967
1.20198,0.186936,2.481,2.76316
1.21004,0.186936,2.481,2.76668
1.21809,0.186936,2.481,2.77021
1.22614,0.186936,2.481,2.77376
1.23419,0.186936,2.481,2.77733
1.24225,0.186936,2.481,2.78091
1.2503,0.186936,2.481,2.78452
1.25835,0.186936,2.481,2.78815
1.2664,0.186936,2.481,2.79179
1.2837,0.188292,2.499,2.81573
1.29181,0.188292,2.499,2.81944
1.29993,0.188292,2.499,2.82317
1.31746,0.189649,2.517,2.84727
1.34564,0.192512,2.555,2.8941
1.35393,0.192512,2.555,2.89797
1.37236,0.193943,2.574,2.92343
1.40163,0.196882,2.613,2.97172
1.41011,0.196882,2.613,2.97573
1.42945,0.198389,2.633,3.00256
1.46094,0.201553,2.675,3.0546
1.49269,0.204718,2.717,3.10679
1.50151,0.204718,2.717,3.11103
1.53479,0.208033,2.761,3.16575
1.58177,0.213157,2.829,3.24818
1.59095,0.213157,2.829,3.25266
1.60014,0.213157,2.829,3.25716
1.60932,0.213157,2.829,3.26168
1.6185,0.213157,2.829,3.26622
1.64149,0.214965,2.853,3.29853
1.65075,0.214965,2.853,3.30315
1.66001,0.214965,2.853,3.30779
1.65523,0.213157,2.829,3.28458
1.63735,0.209691,2.783,3.23573
1.64638,0.209691,2.783,3.24031
1.64233,0.208033,2.761,3.21926
1.62497,0.204718,2.717,3.17247
1.63379,0.204718,2.717,3.17699
1.61722,0.201553,2.675,3.13235
1.60037,0.198389,2.633,3.08759
1.60892,0.198389,2.633,3.09203
1.60518,0.196882,2.613,3.07297
1.58958,0.193943,2.574,3.03148
1.59793,0.193943,2.574,3.03586
1.59443,0.192512,2.555,3.01783
1.5908,0.19108,2.536,2.99974
1.59903,0.19108,2.536,3.00412
1.59522,0.189649,2.517,2.98597
1.59193,0.188292,2.499,2.96895
1.60004,0.188292,2.499,2.97331
1.60815,0.188292,2.499,2.97768
1.60462,0.186936,2.481,2.96059
1.61267,0.186936,2.481,2.96496
1.62072,0.186936,2.481,2.96935
1.62878,0.186936,2.481,2.97376
1.62495,0.18558,2.463,2.95657
1.63295,0.18558,2.463,2.96097
1.64094,0.18558,2.463,2.96538
1.63689,0.184224,2.445,2.94811
1.64482,0.184224,2.445,2.95252
1.65276,0.184224,2.445,2.95695
1.64915,0.182943,2.428,2.94081
-1.84117,0.208583,2.654,3.23684
-1.83255,0.208583,2.654,3.23195
-1.82394,0.208583,2.654,3.22707
-1.80096,0.206933,2.633,3.19671
-1.7788,0.205361,2.613,3.16766
-1.77032,0.205361,2.613,3.1629
-1.74835,0.203789,2.593,3.13399
-1.72719,0.202296,2.574,3.10638
-1.70614,0.200802,2.555,3.07884
-1.69785,0.200802,2.555,3.07426
-1.68956,0.200802,2.555,3.06968
-1.68127,0.200802,2.555,3.06513
-1.67297,0.200802,2.555,3.06059
-1.66468,0.200802,2.555,3.05606
-1.65639,0.200802,2.555,3.05155
-1.64809,0.200802,2.555,3.04706
-1.6398,0.200802,2.555,3.04258
-1.61938,0.199309,2.536,3.01553
-1.61114,0.199309,2.536,3.01111
-1.60291,0.199309,2.536,3.00672
-1.58273,0.197816,2.517,2.97984
-1.57456,0.197816,2.517,2.97551
-1.5664,0.197816,2.517,2.9712
-1.55823,0.197816,2.517,2.9669
-1.55006,0.197816,2.517,2.96262
-1.54189,0.197816,2.517,2.95835
-1.52275,0.196401,2.499,2.93297
-1.50373,0.194987,2.481,2.90768
-1.49568,0.194987,2.481,2.90352
-1.48762,0.194987,2.481,2.89938
-1.47957,0.194987,2.481,2.89526
-1.46084,0.193572,2.463,2.87017
-1.45285,0.193572,2.463,2.86611
-1.43429,0.192157,2.445,2.84115
-1.41644,0.190821,2.428,2.81743
-1.40856,0.190821,2.428,2.81347
-1.38106,0.188149,2.394,2.77019
-1.37329,0.188149,2.394,2.76633
-1.36552,0.188149,2.394,2.76248
-1.34811,0.186813,2.377,2.73906
-1.3404,0.186813,2.377,2.73527
-1.33268,0.186813,2.377,2.7315
-1.32497,0.186813,2.377,2.72774
-1.31725,0.186813,2.377,2.724
-1.3189,0.188149,2.394,2.73973
-1.31113,0.188149,2.394,2.736
-1.30336,0.188149,2.394,2.73229
-1.30479,0.189485,2.411,2.74796
-1.31526,0.192157,2.445,2.78296
-1.30732,0.192157,2.445,2.77921
-1.31852,0.194987,2.481,2.81636
-1.32948,0.197816,2.517,2.85341
-1.33128,0.199309,2.536,2.87112
-1.32305,0.199309,2.536,2.86731
-1.32467,0.200802,2.555,2.88498
-1.32617,0.202296,2.574,2.90261
-1.31781,0.202296,2.574,2.8988
-1.31912,0.203789,2.593,2.91638
-1.31071,0.203789,2.593,2.91258
-1.30229,0.203789,2.593,2.9088
-1.29387,0.203789,2.593,2.90505
-1.28546,0.203789,2.593,2.90131
-1.27704,0.203789,2.593,2.89759
-1.25003,0.200802,2.555,2.85148
-1.24174,0.200802,2.555,2.84785
-1.23345,0.200802,2.555,2.84425
-1.21605,0.199309,2.536,2.81954
-1.19876,0.197816,2.517,2.7949
-1.1906,0.197816,2.517,2.7914
-1.17397,0.196401,2.499,2.76799
-1.15746,0.194987,2.481,2.74465
-1.14941,0.194987,2.481,2.74126
-1.13308,0.193572,2.463,2.71803
-1.11686,0.192157,2.445,2.69487
-1.10121,0.190821,2.428,2.67288
-1.09333,0.190821,2.428,2.66964
-1.08545,0.190821,2.428,2.66642
-1.07003,0.189485,2.411,2.64458
-1.0622,0.189485,2.411,2.64142
-1.04694,0.188149,2.394,2.61968
-1.03917,0.188149,2.394,2.61658
-1.0314,0.188149,2.394,2.61351
-1.02363,0.188149,2.394,2.61045
-1.01586,0.188149,2.394,2.60741
-1.00809,0.188149,2.394,2.6044
-1.00032,0.188149,2.394,2.6014
-0.999596,0.189485,2.411,2.61687
-0.99177,0.189485,2.411,2.61389
-0.983945,0.189485,2.411,2.61093
-0.976119,0.189485,2.411,2.60799
-0.968294,0.189485,2.411,2.60508
-0.960468,0.189485,2.411,2.60218
-0.952643,0.189485,2.411,2.5993
-0.951479,0.190821,2.428,2.61475
-0.943599,0.190821,2.428,2.61189
-0.935718,0.190821,2.428,2.60905
-0.927837,0.190821,2.428,2.60624
-0.919957,0.190821,2.428,2.60344
-0.918462,0.192157,2.445,2.61888
-0.910526,0.192157,2.445,2.61611
-0.90259,0.192157,2.445,2.61335
-0.894654,0.192157,2.445,2.61062
-0.886718,0.192157,2.445,2.60791
-0.878783,0.192157,2.445,2.60523
-0.870847,0.192157,2.445,2.60256
-0.862911,0.192157,2.445,2.59992
-0.854975,0.192157,2.445,2.59729
-0.847039,0.192157,2.445,2.59469
-0.839103,0.192157,2.445,2.59211
-0.831167,0.192157,2.445,2.58955
-0.823232,0.192157,2.445,2.58702
-0.815296,0.192157,2.445,2.5845
-0.80736,0.192157,2.445,2.58201
-0.799424,0.192157,2.445,2.57954
-0.791488,0.192157,2.445,2.57709
-0.783552,0.192157,2.445,2.57467
-0.775616,0.192157,2.445,2.57226
-0.773332,0.193572,2.463,2.5888
-0.759745,0.192157,2.445,2.56752
-0.751809,0.192157,2.445,2.56518
-0.743873,0.192157,2.445,2.56287
-0.741355,0.193572,2.463,2.57943
-0.733361,0.193572,2.463,2.57714
-0.725366,0.193572,2.463,2.57488
-0.717372,0.193572,2.463,2.57264
-0.709378,0.193572,2.463,2.57042
-0.701384,0.193572,2.463,2.56822
-0.693389,0.193572,2.463,2.56605
-0.685395,0.193572,2.463,2.5639
-0.677401,0.193572,2.463,2.56178
-0.669406,0.193572,2.463,2.55968
-0.666246,0.194987,2.481,2.57629
-0.658193,0.194987,2.481,2.57422
-0.65014,0.194987,2.481,2.57217
-0.642088,0.194987,2.481,2.57015
-0.634035,0.194987,2.481,2.56815
-0.625982,0.194987,2.481,2.56617
-0.61793,0.194987,2.481,2.56422
-0.609877,0.194987,2.481,2.56229
-0.601824,0.194987,2.481,2.56039
-0.593771,0.194987,2.481,2.5585
-0.585719,0.194987,2.481,2.55665
-0.577666,0.194987,2.481,2.55482
-0.569613,0.194987,2.481,2.55301
-0.561561,0.194987,2.481,2.55122
-0.553508,0.194987,2.481,2.54946
-0.549413,0.196401,2.499,2.56621
-0.541301,0.196401,2.499,2.56448
-0.53319,0.196401,2.499,2.56278
-0.525079,0.196401,2.499,2.56111
-0.516968,0.196401,2.499,2.55946
-0.508857,0.196401,2.499,2.55783
-0.500746,0.196401,2.499,2.55623
-0.492635,0.196401,2.499,2.55466
-0.484524,0.196401,2.499,2.5531
-0.476412,0.196401,2.499,2.55158
-0.468301,0.196401,2.499,2.55007
-0.46019,0.196401,2.499,2.5486
-0.448823,0.194987,2.481,2.5288
-0.44077,0.194987,2.481,2.52738
-0.432717,0.194987,2.481,2.52599
-0.424665,0.194987,2.481,2.52462
-0.416612,0.194987,2.481,2.52328
-0.408559,0.194987,2.481,2.52196
-0.400506,0.194987,2.481,2.52067
-0.389606,0.193572,2.463,2.50113
-0.381612,0.193572,2.463,2.49989
-0.373618,0.193572,2.463,2.49869
-0.365624,0.193572,2.463,2.4975
-0.357629,0.193572,2.463,2.49635
-0.349635,0.193572,2.463,2.49521
-0.341641,0.193572,2.463,2.4941
-0.333646,0.193572,2.463,2.49302
-0.325652,0.193572,2.463,2.49196
-0.317658,0.193572,2.463,2.49093
-0.311927,0.194987,2.481,2.50812
-0.303874,0.194987,2.481,2.50713
-0.295821,0.194987,2.481,2.50617
-0.287769,0.194987,2.481,2.50523
-0.279716,0.194987,2.481,2.50432
-0.273634,0.196401,2.499,2.5216
-0.265523,0.196401,2.499,2.52073
-0.257412,0.196401,2.499,2.51989
-0.249301,0.196401,2.499,2.51907
-0.24119,0.196401,2.499,2.51828
-0.234757,0.197816,2.517,2.53565
-0.226588,0.197816,2.517,2.53491
-0.218418,0.197816,2.517,2.53419
-0.210249,0.197816,2.517,2.5335
-0.203604,0.199309,2.536,2.55195
-0.195373,0.199309,2.536,2.55131
-0.187142,0.199309,2.536,2.55069
-0.178911,0.199309,2.536,2.5501
-0.170679,0.199309,2.536,2.54954
-0.162448,0.199309,2.536,2.549
-0.154217,0.199309,2.536,2.54849
-0.145986,0.199309,2.536,2.54801
-0.137755,0.199309,2.536,2.54755
-0.128553,0.197816,2.517,2.52803
-0.120383,0.197816,2.517,2.52763
-0.112214,0.197816,2.517,2.52725
-0.104044,0.197816,2.517,2.5269
-0.0958747,0.197816,2.517,2.52658
-0.0877052,0.197816,2.517,2.52628
-0.0795356,0.197816,2.517,2.52601
-0.0713661,0.197816,2.517,2.52577
-0.0631965,0.197816,2.517,2.52555
-0.0546334,0.196401,2.499,2.5073
-0.0465223,0.196401,2.499,2.50714
-0.0384112,0.196401,2.499,2.507
-0.0303,0.196401,2.499,2.50689
-0.0221889,0.196401,2.499,2.5068
-0.0140778,0.196401,2.499,2.50675
-0.00596664,0.196401,2.499,2.50671
0.00214449,0.196401,2.499,2.50671
0.0102556,0.196401,2.499,2.50673
0.0183668,0.196401,2.499,2.50677
0.0262872,0.194987,2.481,2.48879
0.0343399,0.194987,2.481,2.48889
0.0423926,0.194987,2.481,2.48901
0.0504453,0.194987,2.481,2.48916
0.058498,0.194987,2.481,2.48934
0.0665507,0.194987,2.481,2.48954
0.0746034,0.194987,2.481,2.48977
0.0826561,0.194987,2.481,2.49002
0.0907089,0.194987,2.481,2.4903
0.0987616,0.194987,2.481,2.49061
0.106814,0.194987,2.481,2.49094
0.114867,0.194987,2.481,2.4913
0.123811,0.196401,2.499,2.50976
0.131923,0.196401,2.499,2.51017
0.140034,0.196401,2.499,2.51061
0.148145,0.196401,2.499,2.51108
0.156256,0.196401,2.499,2.51157
0.164367,0.196401,2.499,2.51209
0.172478,0.196401,2.499,2.51263
0.180589,0.196401,2.499,2.5132
0.188701,0.196401,2.499,2.5138
0.196812,0.196401,2.499,2.51442
0.204923,0.196401,2.499,2.51507
0.213034,0.196401,2.499,2.51574
0.221145,0.196401,2.499,2.51644
0.229256,0.196401,2.499,2.51717
0.235658,0.194987,2.481,2.49978
0.24371,0.194987,2.481,2.50056
0.251763,0.194987,2.481,2.50135
0.259816,0.194987,2.481,2.50218
0.265925,0.193572,2.463,2.48487
0.273919,0.193572,2.463,2.48573
0.281914,0.193572,2.463,2.48663
0.289908,0.193572,2.463,2.48755
0.297902,0.193572,2.463,2.48849
0.305896,0.193572,2.463,2.48946
0.313891,0.193572,2.463,2.49046
0.319533,0.192157,2.445,2.47327
0.327469,0.192157,2.445,2.47431
0.335404,0.192157,2.445,2.47537
0.34334,0.192157,2.445,2.47646
0.351276,0.192157,2.445,2.47757
0.359212,0.192157,2.445,2.47871
0.367148,0.192157,2.445,2.47987
0.375084,0.192157,2.445,2.48106
0.38302,0.192157,2.445,2.48227
0.390955,0.192157,2.445,2.48351
0.398891,0.192157,2.445,2.48477
0.406827,0.192157,2.445,2.48605
0.414763,0.192157,2.445,2.48736
0.422699,0.192157,2.445,2.4887
0.430635,0.192157,2.445,2.49006
0.438571,0.192157,2.445,2.49144
0.446507,0.192157,2.445,2.49285
0.454442,0.192157,2.445,2.49429
0.459163,0.190821,2.428,2.47839
0.467044,0.190821,2.428,2.47986
0.474925,0.190821,2.428,2.48136
0.482805,0.190821,2.428,2.48288
0.490686,0.190821,2.428,2.48443
0.495076,0.189485,2.411,2.46859
0.502901,0.189485,2.411,2.47017
0.510727,0.189485,2.411,2.47177
0.518552,0.189485,2.411,2.4734
0.526378,0.189485,2.411,2.47506
0.534203,0.189485,2.411,2.47673
0.542029,0.189485,2.411,2.47843
0.549854,0.189485,2.411,2.48015
0.553748,0.188149,2.394,2.4644
0.561518,0.188149,2.394,2.46616
0.569288,0.188149,2.394,2.46794
0.577059,0.188149,2.394,2.46974
0.580676,0.186813,2.377,2.45402
0.584431,0.185556,2.361,2.43933
0.592094,0.185556,2.361,2.44117
0.599757,0.185556,2.361,2.44304
0.603304,0.184298,2.345,2.42837
0.610915,0.184298,2.345,2.43027
0.618527,0.184298,2.345,2.43219
0.626138,0.184298,2.345,2.43414
0.633749,0.184298,2.345,2.43611
0.641361,0.184298,2.345,2.4381
0.648972,0.184298,2.345,2.44011
0.652103,0.183041,2.329,2.42549
0.659663,0.183041,2.329,2.42753
0.667222,0.183041,2.329,2.42959
0.674781,0.183041,2.329,2.43168
0.687028,0.184298,2.345,2.45051
0.69464,0.184298,2.345,2.45265
0.702251,0.184298,2.345,2.45482
0.709862,0.184298,2.345,2.45701
0.717473,0.184298,2.345,2.45922
0.725085,0.184298,2.345,2.46145
0.732696,0.184298,2.345,2.4637
0.740307,0.184298,2.345,2.46598
0.747919,0.184298,2.345,2.46827
0.75553,0.184298,2.345,2.47059
0.763141,0.184298,2.345,2.47293
0.765494,0.183041,2.329,2.4584
0.773053,0.183041,2.329,2.46076
0.785975,0.184298,2.345,2.48007
0.793586,0.184298,2.345,2.48249
0.801198,0.184298,2.345,2.48494
0.814327,0.185556,2.361,2.50437
0.821991,0.185556,2.361,2.50687
0.829654,0.185556,2.361,2.5094
0.842991,0.186813,2.377,2.52896
0.856791,0.188149,2.394,2.54965
0.864561,0.188149,2.394,2.55227
0.872331,0.188149,2.394,2.55492
0.880102,0.188149,2.394,2.55758
0.887872,0.188149,2.394,2.56026
0.902002,0.189485,2.411,2.58117
0.909828,0.189485,2.411,2.58391
0.917653,0.189485,2.411,2.58668
0.932004,0.190821,2.428,2.60773
0.939885,0.190821,2.428,2.61055
0.947766,0.190821,2.428,2.6134
0.948955,0.189485,2.411,2.59795
0.956781,0.189485,2.411,2.60082
0.964606,0.189485,2.411,2.60371
0.972432,0.189485,2.411,2.60662
0.980257,0.189485,2.411,2.60955
0.988083,0.189485,2.411,2.6125
0.995908,0.189485,2.411,2.61547
1.01081,0.190821,2.428,2.63692
1.01869,0.190821,2.428,2.63995
1.02657,0.190821,2.428,2.643
1.03445,0.190821,2.428,2.64607
1.04233,0.190821,2.428,2.64916
1.05021,0.190821,2.428,2.65227
1.0581,0.190821,2.428,2.6554
1.07344,0.192157,2.445,2.67717
1.08138,0.192157,2.445,2.68036
1.08931,0.192157,2.445,2.68357
1.09725,0.192157,2.445,2.6868
1.10518,0.192157,2.445,2.69005
1.11312,0.192157,2.445,2.69332
1.12931,0.193572,2.463,2.71646
1.1373,0.193572,2.463,2.7198
1.1453,0.193572,2.463,2.72315
1.15329,0.193572,2.463,2.72652
1.16129,0.193572,2.463,2.72991
1.17782,0.194987,2.481,2.7533
1.18588,0.194987,2.481,2.75675
1.19393,0.194987,2.481,2.76023
1.20198,0.194987,2.481,2.76372
1.21004,0.194987,2.481,2.76723
1.21809,0.194987,2.481,2.77076
1.22614,0.194987,2.481,2.77431
1.23419,0.194987,2.481,2.77788
1.24225,0.194987,2.481,2.78147
1.2503,0.194987,2.481,2.78507
1.25835,0.194987,2.481,2.7887
1.2664,0.194987,2.481,2.79234
1.2837,0.196401,2.499,2.81629
1.29181,0.196401,2.499,2.81999
1.29993,0.196401,2.499,2.82372
1.31746,0.197816,2.517,2.84783
1.34564,0.200802,2.555,2.89467
1.35393,0.200802,2.555,2.89853
1.37236,0.202296,2.574,2.924
1.40163,0.205361,2.613,2.97229
1.41011,0.205361,2.613,2.9763
1.42945,0.206933,2.633,3.00314
1.46094,0.210233,2.675,3.05519
1.49269,0.213534,2.717,3.10738
1.50151,0.213534,2.717,3.11163
1.53479,0.216992,2.761,3.16635
1.55605,0.218721,2.783,3.19597
1.56508,0.218721,2.783,3.20038
1.57412,0.218721,2.783,3.2048
1.59623,0.220529,2.806,3.23577
1.60534,0.220529,2.806,3.24028
1.61445,0.220529,2.806,3.2448
1.62356,0.220529,2.806,3.24934
1.63266,0.220529,2.806,3.2539
1.62831,0.218721,2.783,3.23177
1.6244,0.216992,2.761,3.21075
1.63337,0.216992,2.761,3.21529
1.62924,0.215263,2.739,3.1942
1.61241,0.211884,2.696,3.14852
1.62116,0.211884,2.696,3.15301
1.60452,0.208583,2.654,3.10833
1.58822,0.205361,2.613,3.0647
1.5967,0.205361,2.613,3.0691
1.58122,0.202296,2.574,3.02765
1.57784,0.200802,2.555,3.00964
1.58614,0.200802,2.555,3.014
1.58257,0.199309,2.536,2.99592
1.57888,0.197816,2.517,2.9778
1.58705,0.197816,2.517,2.98214
1.58382,0.196401,2.499,2.96514
1.59193,0.196401,2.499,2.96948
1.60004,0.196401,2.499,2.97384
1.59657,0.194987,2.481,2.95676
1.60462,0.194987,2.481,2.96111
1.60097,0.193572,2.463,2.94397
1.60897,0.193572,2.463,2.94832
1.61696,0.193572,2.463,2.95269
1.62495,0.193572,2.463,2.95708
1.63295,0.193572,2.463,2.96148
1.62895,0.192157,2.445,2.94422
1.63689,0.192157,2.445,2.94862
1.64482,0.192157,2.445,2.95303
1.64127,0.190821,2.428,2.93689
1.6376,0.189485,2.411,2.92071
-1.8266,0.215476,2.633,3.21179
-1.80424,0.213839,2.613,3.18258
-1.79576,0.213839,2.613,3.17778
-1.78728,0.213839,2.613,3.17299
-1.7788,0.213839,2.613,3.16822
-1.77032,0.213839,2.613,3.16347
-1.74835,0.212203,2.593,3.13455
-1.72719,0.210648,2.574,3.10693
-1.70614,0.209093,2.555,3.07939
-1.69785,0.209093,2.555,3.07481
-1.68956,0.209093,2.555,3.07024
-1.68127,0.209093,2.555,3.06568
-1.67297,0.209093,2.555,3.06114
-1.66468,0.209093,2.555,3.05662
-1.65639,0.209093,2.555,3.05211
-1.64809,0.209093,2.555,3.04762
-1.6398,0.209093,2.555,3.04314
-1.61938,0.207538,2.536,3.01608
-1.61114,0.207538,2.536,3.01167
-1.60291,0.207538,2.536,3.00727
-1.59468,0.207538,2.536,3.00289
-1.58645,0.207538,2.536,2.99853
-1.59004,0.209093,2.555,3.01662
-1.56999,0.207538,2.536,2.98985
-1.56176,0.207538,2.536,2.98554
-1.55353,0.207538,2.536,2.98124
-1.53372,0.205983,2.517,2.95466
-1.51464,0.20451,2.499,2.92933
-1.50653,0.20451,2.499,2.92514
-1.49842,0.20451,2.499,2.92097
-1.47957,0.203037,2.481,2.89581
-1.46084,0.201564,2.463,2.87072
-1.45285,0.201564,2.463,2.86666
-1.43429,0.200091,2.445,2.8417
-1.41644,0.1987,2.428,2.81797
-1.40856,0.1987,2.428,2.81402
-1.38106,0.195917,2.394,2.77073
-1.36354,0.194526,2.377,2.74722
-1.35583,0.194526,2.377,2.7434
-1.34811,0.194526,2.377,2.73959
-1.3404,0.194526,2.377,2.73581
-1.33268,0.194526,2.377,2.73203
-1.32497,0.194526,2.377,2.72828
-1.31725,0.194526,2.377,2.72454
-1.30954,0.194526,2.377,2.72082
-1.31113,0.195917,2.394,2.73655
-1.30336,0.195917,2.394,2.73283
-1.31399,0.1987,2.428,2.76789
-1.31526,0.200091,2.445,2.78352
-1.30732,0.200091,2.445,2.77977
-1.32808,0.20451,2.499,2.83736
-1.32948,0.205983,2.517,2.85399
-1.33128,0.207538,2.536,2.8717
-1.32305,0.207538,2.536,2.8679
-1.32467,0.209093,2.555,2.88557
-1.33596,0.212203,2.593,2.92463
-1.32754,0.212203,2.593,2.92079
-1.3293,0.213839,2.613,2.93948
-1.32082,0.213839,2.613,2.93565
-1.31234,0.213839,2.613,2.93185
-1.30385,0.213839,2.613,2.92806
-1.28546,0.212203,2.593,2.90191
-1.27704,0.212203,2.593,2.89819
-1.25933,0.210648,2.574,2.87328
-1.24174,0.209093,2.555,2.84845
-1.23345,0.209093,2.555,2.84484
-1.22516,0.209093,2.555,2.84126
-1.19876,0.205983,2.517,2.79549
-1.1906,0.205983,2.517,2.792
-1.17397,0.20451,2.499,2.76858
-1.16586,0.20451,2.499,2.76515
-1.15775,0.20451,2.499,2.76174
-1.14136,0.203037,2.481,2.73848
-1.12508,0.201564,2.463,2.71529
-1.10892,0.200091,2.445,2.69217
-1.10099,0.200091,2.445,2.68891
-1.08545,0.1987,2.428,2.667
-1.07757,0.1987,2.428,2.6638
-1.06969,0.1987,2.428,2.66062
-1.05437,0.197308,2.411,2.63886
-1.04655,0.197308,2.411,2.63574
-1.03872,0.197308,2.411,2.63264
-1.0309,0.197308,2.411,2.62956
-1.02307,0.197308,2.411,2.62651
-1.01525,0.197308,2.411,2.62347
-1.00742,0.197308,2.411,2.62045
-0.999596,0.197308,2.411,2.61745
-0.99177,0.197308,2.411,2.61447
-0.983945,0.197308,2.411,2.61151
-0.976119,0.197308,2.411,2.60857
-0.968294,0.197308,2.411,2.60566
-0.967241,0.1987,2.428,2.62111
-0.95936,0.1987,2.428,2.61821
-0.951479,0.1987,2.428,2.61534
-0.943599,0.1987,2.428,2.61248
-0.935718,0.1987,2.428,2.60964
-0.927837,0.1987,2.428,2.60683
-0.926398,0.200091,2.445,2.62227
-0.918462,0.200091,2.445,2.61947
-0.910526,0.200091,2.445,2.6167
-0.90259,0.200091,2.445,2.61395
-0.894654,0.200091,2.445,2.61122
-0.886718,0.200091,2.445,2.60851
-0.878783,0.200091,2.445,2.60582
-0.870847,0.200091,2.445,2.60316
-0.862911,0.200091,2.445,2.60051
-0.854975,0.200091,2.445,2.59789
-0.847039,0.200091,2.445,2.59529
-0.839103,0.200091,2.445,2.59271
-0.831167,0.200091,2.445,2.59015
-0.823232,0.200091,2.445,2.58762
-0.815296,0.200091,2.445,2.58511
-0.80736,0.200091,2.445,2.58261
-0.799424,0.200091,2.445,2.58014
-0.791488,0.200091,2.445,2.5777
-0.783552,0.200091,2.445,2.57527
-0.781326,0.201564,2.463,2.59181
-0.773332,0.201564,2.463,2.58941
-0.765338,0.201564,2.463,2.58703
-0.757344,0.201564,2.463,2.58468
-0.749349,0.201564,2.463,2.58235
-0.741355,0.201564,2.463,2.58004
-0.733361,0.201564,2.463,2.57775
-0.725366,0.201564,2.463,2.57549
-0.717372,0.201564,2.463,2.57325
-0.709378,0.201564,2.463,2.57103
-0.701384,0.201564,2.463,2.56884
-0.693389,0.201564,2.463,2.56667
-0.685395,0.201564,2.463,2.56452
-0.677401,0.201564,2.463,2.5624
-0.674299,0.203037,2.481,2.579
-0.666246,0.203037,2.481,2.57691
-0.658193,0.203037,2.481,2.57484
-0.65014,0.203037,2.481,2.57279
-0.642088,0.203037,2.481,2.57077
-0.634035,0.203037,2.481,2.56877
-0.625982,0.203037,2.481,2.5668
-0.61793,0.203037,2.481,2.56484
-0.609877,0.203037,2.481,2.56292
-0.601824,0.203037,2.481,2.56101
-0.593771,0.203037,2.481,2.55913
-0.585719,0.203037,2.481,2.55727
-0.577666,0.203037,2.481,2.55544
-0.569613,0.203037,2.481,2.55363
-0.565635,0.20451,2.499,2.57036
-0.557524,0.20451,2.499,2.56859
-0.549413,0.20451,2.499,2.56684
-0.541301,0.20451,2.499,2.56512
-0.53319,0.20451,2.499,2.56342
-0.525079,0.20451,2.499,2.56174
-0.516968,0.20451,2.499,2.56009
-0.508857,0.20451,2.499,2.55847
-0.500746,0.20451,2.499,2.55687
-0.492635,0.20451,2.499,2.55529
-0.484524,0.20451,2.499,2.55374
-0.476412,0.20451,2.499,2.55221
-0.468301,0.20451,2.499,2.55071
-0.46019,0.20451,2.499,2.54924
-0.448823,0.203037,2.481,2.52943
-0.44077,0.203037,2.481,2.52802
-0.432717,0.203037,2.481,2.52662
-0.424665,0.203037,2.481,2.52526
-0.416612,0.203037,2.481,2.52392
-0.405595,0.201564,2.463,2.5043
-0.397601,0.201564,2.463,2.50301
-0.389606,0.201564,2.463,2.50176
-0.381612,0.201564,2.463,2.50052
-0.373618,0.201564,2.463,2.49932
-0.365624,0.201564,2.463,2.49813
-0.357629,0.201564,2.463,2.49698
-0.349635,0.201564,2.463,2.49584
-0.341641,0.201564,2.463,2.49474
-0.333646,0.201564,2.463,2.49366
-0.325652,0.201564,2.463,2.4926
-0.317658,0.201564,2.463,2.49157
-0.309664,0.201564,2.463,2.49056
-0.303874,0.203037,2.481,2.50777
-0.295821,0.203037,2.481,2.50681
-0.287769,0.203037,2.481,2.50587
-0.279716,0.203037,2.481,2.50496
-0.273634,0.20451,2.499,2.52224
-0.265523,0.20451,2.499,2.52137
-0.257412,0.20451,2.499,2.52053
-0.249301,0.20451,2.499,2.51972
-0.24119,0.20451,2.499,2.51893
-0.233078,0.20451,2.499,2.51816
-0.224967,0.20451,2.499,2.51743
-0.218418,0.205983,2.517,2.53484
-0.210249,0.205983,2.517,2.53415
-0.203604,0.207538,2.536,2.55261
-0.195373,0.207538,2.536,2.55197
-0.187142,0.207538,2.536,2.55135
-0.178911,0.207538,2.536,2.55076
-0.170679,0.207538,2.536,2.5502
-0.162448,0.207538,2.536,2.54966
-0.154217,0.207538,2.536,2.54915
-0.145986,0.207538,2.536,2.54866
-0.137755,0.207538,2.536,2.5482
-0.128553,0.205983,2.517,2.52868
-0.120383,0.205983,2.517,2.52828
-0.112214,0.205983,2.517,2.52791
-0.104044,0.205983,2.517,2.52756
-0.0958747,0.205983,2.517,2.52723
-0.0877052,0.205983,2.517,2.52694
-0.0795356,0.205983,2.517,2.52667
-0.0713661,0.205983,2.517,2.52642
-0.0631965,0.205983,2.517,2.52621
-0.0546334,0.20451,2.499,2.50795
-0.0465223,0.20451,2.499,2.50779
-0.0384112,0.20451,2.499,2.50765
-0.0303,0.20451,2.499,2.50754
-0.0221889,0.20451,2.499,2.50745
-0.0140778,0.20451,2.499,2.50739
-0.00596664,0.20451,2.499,2.50736
0.00214449,0.20451,2.499,2.50736
0.0102556,0.20451,2.499,2.50738
0.0183668,0.20451,2.499,2.50742
0.0264779,0.20451,2.499,2.50749
0.0343399,0.203037,2.481,2.48953
0.0423926,0.203037,2.481,2.48966
0.0504453,0.203037,2.481,2.48981
0.058498,0.203037,2.481,2.48998
0.0665507,0.203037,2.481,2.49018
0.0746034,0.203037,2.481,2.49041
0.0826561,0.203037,2.481,2.49067
0.0907089,0.203037,2.481,2.49095
0.0987616,0.203037,2.481,2.49125
0.106814,0.203037,2.481,2.49159
0.114867,0.203037,2.481,2.49194
0.123811,0.20451,2.499,2.51041
0.131923,0.20451,2.499,2.51082
0.140034,0.20451,2.499,2.51126
0.148145,0.20451,2.499,2.51173
0.156256,0.20451,2.499,2.51222
0.164367,0.20451,2.499,2.51274
0.172478,0.20451,2.499,2.51328
0.180589,0.20451,2.499,2.51385
0.188701,0.20451,2.499,2.51445
0.196812,0.20451,2.499,2.51507
0.204923,0.20451,2.499,2.51571
0.213034,0.20451,2.499,2.51639
0.221145,0.20451,2.499,2.51709
0.229256,0.20451,2.499,2.51781
0.235658,0.203037,2.481,2.50042
0.24371,0.203037,2.481,2.5012
0.251763,0.203037,2.481,2.50199
0.259816,0.203037,2.481,2.50282
0.265925,0.201564,2.463,2.4855
0.273919,0.201564,2.463,2.48637
0.281914,0.201564,2.463,2.48726
0.289908,0.201564,2.463,2.48818
0.297902,0.201564,2.463,2.48912
0.305896,0.201564,2.463,2.49009
0.313891,0.201564,2.463,2.49109
0.319533,0.200091,2.445,2.4739
0.327469,0.200091,2.445,2.47493
0.335404,0.200091,2.445,2.476
0.34334,0.200091,2.445,2.47708
0.351276,0.200091,2.445,2.4782
0.359212,0.200091,2.445,2.47933
0.367148,0.200091,2.445,2.4805
0.375084,0.200091,2.445,2.48168
0.38302,0.200091,2.445,2.48289
0.390955,0.200091,2.445,2.48413
0.398891,0.200091,2.445,2.48539
0.406827,0.200091,2.445,2.48668
0.414763,0.200091,2.445,2.48799
0.422699,0.200091,2.445,2.48932
0.430635,0.200091,2.445,2.49068
0.438571,0.200091,2.445,2.49207
0.446507,0.200091,2.445,2.49348
0.454442,0.200091,2.445,2.49491
0.459163,0.1987,2.428,2.47901
0.467044,0.1987,2.428,2.48048
0.474925,0.1987,2.428,2.48198
0.482805,0.1987,2.428,2.4835
0.490686,0.1987,2.428,2.48504
0.495076,0.197308,2.411,2.4692
0.502901,0.197308,2.411,2.47078
0.510727,0.197308,2.411,2.47239
0.518552,0.197308,2.411,2.47401
0.526378,0.197308,2.411,2.47567
0.534203,0.197308,2.411,2.47734
0.542029,0.197308,2.411,2.47904
0.549854,0.197308,2.411,2.48076
0.553748,0.195917,2.394,2.46501
0.561518,0.195917,2.394,2.46676
0.569288,0.195917,2.394,2.46854
0.577059,0.195917,2.394,2.47035
0.580676,0.194526,2.377,2.45462
0.584431,0.193217,2.361,2.43992
0.592094,0.193217,2.361,2.44177
0.599757,0.193217,2.361,2.44364
0.603304,0.191907,2.345,2.42896
0.610915,0.191907,2.345,2.43086
0.618527,0.191907,2.345,2.43278
0.626138,0.191907,2.345,2.43473
0.633749,0.191907,2.345,2.4367
0.641361,0.191907,2.345,2.43869
0.648972,0.191907,2.345,2.4407
0.652103,0.190598,2.329,2.42607
0.659663,0.190598,2.329,2.42811
0.667222,0.190598,2.329,2.43018
0.674781,0.190598,2.329,2.43226
0.687028,0.191907,2.345,2.45109
0.69464,0.191907,2.345,2.45324
0.702251,0.191907,2.345,2.4554
0.709862,0.191907,2.345,2.45759
0.717473,0.191907,2.345,2.4598
0.725085,0.191907,2.345,2.46203
0.732696,0.191907,2.345,2.46428
0.740307,0.191907,2.345,2.46656
0.747919,0.191907,2.345,2.46885
0.75553,0.191907,2.345,2.47117
0.763141,0.191907,2.345,2.47351
0.765494,0.190598,2.329,2.45897
0.773053,0.190598,2.329,2.46134
0.785975,0.191907,2.345,2.48065
0.793586,0.191907,2.345,2.48307
0.801198,0.191907,2.345,2.48551
0.814327,0.193217,2.361,2.50495
0.821991,0.193217,2.361,2.50745
0.829654,0.193217,2.361,2.50998
0.842991,0.194526,2.377,2.52955
0.856791,0.195917,2.394,2.55024
0.864561,0.195917,2.394,2.55286
0.872331,0.195917,2.394,2.5555
0.880102,0.195917,2.394,2.55816
0.887872,0.195917,2.394,2.56085
0.902002,0.197308,2.411,2.58176
0.909828,0.197308,2.411,2.5845
0.917653,0.197308,2.411,2.58726
0.925479,0.197308,2.411,2.59005
0.933304,0.197308,2.411,2.59286
0.94113,0.197308,2.411,2.59568
0.948955,0.197308,2.411,2.59853
0.956781,0.197308,2.411,2.6014
0.964606,0.197308,2.411,2.60429
0.972432,0.197308,2.411,2.6072
0.980257,0.197308,2.411,2.61013
0.988083,0.197308,2.411,2.61307
0.995908,0.197308,2.411,2.61604
1.00373,0.197308,2.411,2.61903
1.01156,0.197308,2.411,2.62204
1.01938,0.197308,2.411,2.62507
1.02721,0.197308,2.411,2.62812
1.03504,0.197308,2.411,2.63119
1.04286,0.197308,2.411,2.63428
1.05069,0.197308,2.411,2.63738
1.06598,0.1987,2.428,2.65913
1.07386,0.1987,2.428,2.6623
1.08174,0.1987,2.428,2.66549
1.08962,0.1987,2.428,2.6687
1.10518,0.200091,2.445,2.69063
1.11312,0.200091,2.445,2.6939
1.12105,0.200091,2.445,2.69719
1.12899,0.200091,2.445,2.7005
1.13693,0.200091,2.445,2.70382
1.14486,0.200091,2.445,2.70717
1.16129,0.201564,2.463,2.73049
1.16928,0.201564,2.463,2.7339
1.17727,0.201564,2.463,2.73733
1.18527,0.201564,2.463,2.74078
1.19326,0.201564,2.463,2.74424
1.20126,0.201564,2.463,2.74773
1.20925,0.201564,2.463,2.75123
1.22614,0.203037,2.481,2.77489
1.23419,0.203037,2.481,2.77846
1.24225,0.203037,2.481,2.78204
1.2503,0.203037,2.481,2.78565
1.25835,0.203037,2.481,2.78927
1.2664,0.203037,2.481,2.79291
1.27446,0.203037,2.481,2.79657
1.28251,0.203037,2.481,2.80025
1.29056,0.203037,2.481,2.80395
1.30804,0.20451,2.499,2.82804
1.33563,0.207538,2.536,2.87372
1.34387,0.207538,2.536,2.87756
1.36223,0.209093,2.555,2.903
1.38071,0.210648,2.574,2.92852
1.38907,0.210648,2.574,2.93247
1.40774,0.212203,2.593,2.95811
1.438,0.215476,2.633,3.00782
1.46962,0.218913,2.675,3.05996
1.4783,0.218913,2.675,3.06414
1.51033,0.22235,2.717,3.11651
1.53145,0.224151,2.739,3.14606
1.54034,0.224151,2.739,3.1504
1.56167,0.225951,2.761,3.18009
1.57064,0.225951,2.761,3.1845
1.5796,0.225951,2.761,3.18893
1.60122,0.227752,2.783,3.21883
1.62356,0.229634,2.806,3.24997
1.60648,0.225951,2.761,3.20234
1.61544,0.225951,2.761,3.20684
1.59852,0.22235,2.717,3.16019
1.60734,0.22235,2.717,3.16466
1.60366,0.220632,2.696,3.14465
1.59985,0.218913,2.675,3.12459
1.60854,0.218913,2.675,3.12905
1.59183,0.215476,2.633,3.08432
1.57606,0.212203,2.593,3.04182
1.58448,0.212203,2.593,3.04619
1.58122,0.210648,2.574,3.02822
1.56611,0.207538,2.536,2.98782
1.57434,0.207538,2.536,2.99214
1.57071,0.205983,2.517,2.97403
1.56759,0.20451,2.499,2.95706
1.5757,0.20451,2.499,2.96136
1.58382,0.20451,2.499,2.96569
1.59193,0.20451,2.499,2.97003
1.60004,0.20451,2.499,2.97438
1.59657,0.203037,2.481,2.9573
1.59298,0.201564,2.463,2.94017
1.60097,0.201564,2.463,2.9445
1.60897,0.201564,2.463,2.94886
1.61696,0.201564,2.463,2.95323
1.61308,0.200091,2.445,2.936
1.62101,0.200091,2.445,2.94037
1.62895,0.200091,2.445,2.94475
1.6255,0.1987,2.428,2.92864
1.63339,0.1987,2.428,2.93302
1.62977,0.197308,2.411,2.91685
1.6376,0.197308,2.411,2.92123
-1.81272,0.222318,2.613,3.18797
-1.79043,0.220617,2.593,3.15879
-1.78202,0.220617,2.593,3.15403
-1.7736,0.220617,2.593,3.14928
-1.76518,0.220617,2.593,3.14455
-1.75677,0.220617,2.593,3.13983
-1.74835,0.220617,2.593,3.13513
-1.73994,0.220617,2.593,3.13045
-1.71883,0.219,2.574,3.10287
-1.71048,0.219,2.574,3.09825
-1.70212,0.219,2.574,3.09365
-1.69377,0.219,2.574,3.08906
-1.68541,0.219,2.574,3.08449
-1.67706,0.219,2.574,3.07993
-1.6687,0.219,2.574,3.07539
-1.66035,0.219,2.574,3.07086
-1.652,0.219,2.574,3.06635
-1.64364,0.219,2.574,3.06186
-1.63529,0.219,2.574,3.05738
-1.62693,0.219,2.574,3.05292
-1.61858,0.219,2.574,3.04848
-1.61022,0.219,2.574,3.04405
-1.60187,0.219,2.574,3.03964
-1.59351,0.219,2.574,3.03525
-1.57346,0.217383,2.555,3.0085
-1.56516,0.217383,2.555,3.00417
-1.55687,0.217383,2.555,2.99986
-1.53706,0.215767,2.536,2.97328
-1.52883,0.215767,2.536,2.96904
-1.50921,0.21415,2.517,2.94259
-1.4903,0.212619,2.499,2.9174
-1.47152,0.211087,2.481,2.89228
-1.46346,0.211087,2.481,2.88819
-1.43429,0.208025,2.445,2.84227
-1.41644,0.206578,2.428,2.81854
-1.40856,0.206578,2.428,2.81459
-1.39087,0.205132,2.411,2.79097
-1.36354,0.202239,2.377,2.74778
-1.35583,0.202239,2.377,2.74396
-1.34811,0.202239,2.377,2.74015
-1.3404,0.202239,2.377,2.73636
-1.33268,0.202239,2.377,2.73259
-1.32497,0.202239,2.377,2.72884
-1.31725,0.202239,2.377,2.7251
-1.30954,0.202239,2.377,2.72138
-1.31113,0.203685,2.394,2.73711
-1.30336,0.203685,2.394,2.7334
-1.31399,0.206578,2.428,2.76847
-1.32494,0.209556,2.463,2.80459
-1.31694,0.209556,2.463,2.80083
-1.32808,0.212619,2.499,2.83796
-1.33951,0.215767,2.536,2.87613
-1.34126,0.217383,2.555,2.89383
-1.33296,0.217383,2.555,2.89
-1.33452,0.219,2.574,2.90764
-1.34626,0.222318,2.613,2.94781
-1.33778,0.222318,2.613,2.94395
-1.33947,0.22402,2.633,2.96261
-1.33093,0.22402,2.633,2.95876
-1.32238,0.22402,2.633,2.95492
-1.31383,0.22402,2.633,2.95111
-1.29537,0.222318,2.613,2.92493
-1.28689,0.222318,2.613,2.92118
-1.26863,0.220617,2.593,2.89512
-1.24174,0.217383,2.555,2.84907
-1.23345,0.217383,2.555,2.84547
-1.22516,0.217383,2.555,2.84188
-1.20781,0.215767,2.536,2.81721
-1.19958,0.215767,2.536,2.81369
-1.18243,0.21415,2.517,2.78914
-1.16586,0.212619,2.499,2.76576
-1.15775,0.212619,2.499,2.76235
-1.14136,0.211087,2.481,2.73909
-1.12508,0.209556,2.463,2.7159
-1.10892,0.208025,2.445,2.69277
-1.10099,0.208025,2.445,2.68951
-1.09305,0.208025,2.445,2.68627
-1.07757,0.206578,2.428,2.6644
-1.06969,0.206578,2.428,2.66122
-1.06181,0.206578,2.428,2.65806
-1.04655,0.205132,2.411,2.63634
-1.03872,0.205132,2.411,2.63324
-1.0309,0.205132,2.411,2.63016
-1.02307,0.205132,2.411,2.6271
-1.01525,0.205132,2.411,2.62407
-1.00742,0.205132,2.411,2.62105
-0.999596,0.205132,2.411,2.61805
-0.99177,0.205132,2.411,2.61507
-0.983945,0.205132,2.411,2.61212
-0.976119,0.205132,2.411,2.60918
-0.975121,0.206578,2.428,2.62464
-0.967241,0.206578,2.428,2.62172
-0.95936,0.206578,2.428,2.61882
-0.951479,0.206578,2.428,2.61595
-0.943599,0.206578,2.428,2.61309
-0.935718,0.206578,2.428,2.61025
-0.927837,0.206578,2.428,2.60744
-0.926398,0.208025,2.445,2.62288
-0.918462,0.208025,2.445,2.62009
-0.910526,0.208025,2.445,2.61732
-0.90259,0.208025,2.445,2.61457
-0.894654,0.208025,2.445,2.61184
-0.886718,0.208025,2.445,2.60913
-0.878783,0.208025,2.445,2.60645
-0.870847,0.208025,2.445,2.60378
-0.862911,0.208025,2.445,2.60114
-0.854975,0.208025,2.445,2.59852
-0.847039,0.208025,2.445,2.59592
-0.839103,0.208025,2.445,2.59334
-0.831167,0.208025,2.445,2.59078
-0.823232,0.208025,2.445,2.58824
-0.815296,0.208025,2.445,2.58573
-0.80736,0.208025,2.445,2.58324
-0.799424,0.208025,2.445,2.58077
-0.791488,0.208025,2.445,2.57832
-0.783552,0.208025,2.445,2.5759
-0.781326,0.209556,2.463,2.59244
-0.773332,0.209556,2.463,2.59004
-0.765338,0.209556,2.463,2.58767
-0.757344,0.209556,2.463,2.58531
-0.749349,0.209556,2.463,2.58298
-0.741355,0.209556,2.463,2.58068
-0.733361,0.209556,2.463,2.57839
-0.725366,0.209556,2.463,2.57613
-0.717372,0.209556,2.463,2.57389
-0.709378,0.209556,2.463,2.57167
-0.701384,0.209556,2.463,2.56948
-0.693389,0.209556,2.463,2.56731
-0.685395,0.209556,2.463,2.56516
-0.677401,0.209556,2.463,2.56304
-0.674299,0.211087,2.481,2.57965
-0.666246,0.211087,2.481,2.57756
-0.658193,0.211087,2.481,2.57549
-0.65014,0.211087,2.481,2.57344
-0.642088,0.211087,2.481,2.57142
-0.634035,0.211087,2.481,2.56942
-0.625982,0.211087,2.481,2.56745
-0.61793,0.211087,2.481,2.56549
-0.609877,0.211087,2.481,2.56357
-0.601824,0.211087,2.481,2.56166
-0.593771,0.211087,2.481,2.55978
-0.585719,0.211087,2.481,2.55793
-0.577666,0.211087,2.481,2.55609
-0.569613,0.211087,2.481,2.55429
-0.565635,0.212619,2.499,2.57102
-0.557524,0.212619,2.499,2.56925
-0.549413,0.212619,2.499,2.5675
-0.541301,0.212619,2.499,2.56578
-0.53319,0.212619,2.499,2.56408
-0.525079,0.212619,2.499,2.5624
-0.516968,0.212619,2.499,2.56075
-0.508857,0.212619,2.499,2.55913
-0.500746,0.212619,2.499,2.55753
-0.492635,0.212619,2.499,2.55595
-0.484524,0.212619,2.499,2.5544
-0.476412,0.212619,2.499,2.55288
-0.468301,0.212619,2.499,2.55137
-0.46019,0.212619,2.499,2.5499
-0.452079,0.212619,2.499,2.54845
-0.44077,0.211087,2.481,2.52868
-0.432717,0.211087,2.481,2.52728
-0.424665,0.211087,2.481,2.52592
-0.416612,0.211087,2.481,2.52458
-0.405595,0.209556,2.463,2.50495
-0.397601,0.209556,2.463,2.50367
-0.389606,0.209556,2.463,2.50241
-0.381612,0.209556,2.463,2.50118
-0.373618,0.209556,2.463,2.49997
-0.365624,0.209556,2.463,2.49879
-0.357629,0.209556,2.463,2.49764
-0.349635,0.209556,2.463,2.4965
-0.341641,0.209556,2.463,2.4954
-0.333646,0.209556,2.463,2.49431
-0.325652,0.209556,2.463,2.49326
-0.317658,0.209556,2.463,2.49223
-0.309664,0.209556,2.463,2.49122
-0.303874,0.211087,2.481,2.50844
-0.295821,0.211087,2.481,2.50747
-0.287769,0.211087,2.481,2.50654
-0.279716,0.211087,2.481,2.50563
-0.271663,0.211087,2.481,2.50474
-0.26361,0.211087,2.481,2.50388
-0.257412,0.212619,2.499,2.5212
-0.249301,0.212619,2.499,2.52039
-0.24119,0.212619,2.499,2.5196
-0.233078,0.212619,2.499,2.51884
-0.224967,0.212619,2.499,2.5181
-0.218418,0.21415,2.517,2.53552
-0.210249,0.21415,2.517,2.53483
-0.203604,0.215767,2.536,2.55329
-0.195373,0.215767,2.536,2.55265
-0.187142,0.215767,2.536,2.55203
-0.178911,0.215767,2.536,2.55144
-0.170679,0.215767,2.536,2.55088
-0.162448,0.215767,2.536,2.55034
-0.154217,0.215767,2.536,2.54983
-0.145986,0.215767,2.536,2.54935
-0.137755,0.215767,2.536,2.54889
-0.128553,0.21415,2.517,2.52936
-0.120383,0.21415,2.517,2.52896
-0.112214,0.21415,2.517,2.52858
-0.104044,0.21415,2.517,2.52824
-0.0958747,0.21415,2.517,2.52791
-0.0877052,0.21415,2.517,2.52762
-0.0795356,0.21415,2.517,2.52735
-0.0713661,0.21415,2.517,2.5271
-0.0631965,0.21415,2.517,2.52688
-0.0546334,0.212619,2.499,2.50862
-0.0465223,0.212619,2.499,2.50846
-0.0384112,0.212619,2.499,2.50832
-0.0303,0.212619,2.499,2.50821
-0.0221889,0.212619,2.499,2.50813
-0.0140778,0.212619,2.499,2.50807
-0.00596664,0.212619,2.499,2.50804
0.00214449,0.212619,2.499,2.50803
0.0102556,0.212619,2.499,2.50805
0.0183668,0.212619,2.499,2.5081
0.0264779,0.212619,2.499,2.50817
0.034589,0.212619,2.499,2.50827
0.0427002,0.212619,2.499,2.50839
0.0504453,0.211087,2.481,2.49047
0.058498,0.211087,2.481,2.49065
0.0665507,0.211087,2.481,2.49085
0.0746034,0.211087,2.481,2.49108
0.0826561,0.211087,2.481,2.49134
0.0907089,0.211087,2.481,2.49162
0.0994781,0.212619,2.499,2.51
0.107589,0.212619,2.499,2.51034
0.1157,0.212619,2.499,2.5107
0.123811,0.212619,2.499,2.51108
0.131923,0.212619,2.499,2.5115
0.140034,0.212619,2.499,2.51193
0.148145,0.212619,2.499,2.5124
0.156256,0.212619,2.499,2.51289
0.164367,0.212619,2.499,2.51341
0.172478,0.212619,2.499,2.51395
0.180589,0.212619,2.499,2.51452
0.188701,0.212619,2.499,2.51512
0.196812,0.212619,2.499,2.51574
0.204923,0.212619,2.499,2.51639
0.213034,0.212619,2.499,2.51706
0.221145,0.212619,2.499,2.51776
0.229256,0.212619,2.499,2.51849
0.235658,0.211087,2.481,2.50109
0.24371,0.211087,2.481,2.50186
0.251763,0.211087,2.481,2.50266
0.259816,0.211087,2.481,2.50348
0.267868,0.211087,2.481,2.50433
0.273919,0.209556,2.463,2.48703
0.281914,0.209556,2.463,2.48792
0.289908,0.209556,2.463,2.48884
0.297902,0.209556,2.463,2.48978
0.305896,0.209556,2.463,2.49075
0.313891,0.209556,2.463,2.49175
0.321885,0.209556,2.463,2.49277
0.329879,0.209556,2.463,2.49381
0.337874,0.209556,2.463,2.49488
0.345868,0.209556,2.463,2.49598
0.353862,0.209556,2.463,2.4971
0.361856,0.209556,2.463,2.49824
0.367148,0.208025,2.445,2.48115
0.375084,0.208025,2.445,2.48234
0.38302,0.208025,2.445,2.48355
0.390955,0.208025,2.445,2.48478
0.398891,0.208025,2.445,2.48604
0.406827,0.208025,2.445,2.48733
0.414763,0.208025,2.445,2.48864
0.422699,0.208025,2.445,2.48997
0.430635,0.208025,2.445,2.49133
0.438571,0.208025,2.445,2.49272
0.446507,0.208025,2.445,2.49413
0.454442,0.208025,2.445,2.49556
0.459163,0.206578,2.428,2.47966
0.467044,0.206578,2.428,2.48113
0.474925,0.206578,2.428,2.48262
0.482805,0.206578,2.428,2.48414
0.490686,0.206578,2.428,2.48569
0.495076,0.205132,2.411,2.46984
0.502901,0.205132,2.411,2.47142
0.510727,0.205132,2.411,2.47302
0.518552,0.205132,2.411,2.47465
0.526378,0.205132,2.411,2.4763
0.530437,0.203685,2.394,2.46051
0.538207,0.203685,2.394,2.46219
0.545977,0.203685,2.394,2.4639
0.553748,0.203685,2.394,2.46564
0.557531,0.202239,2.377,2.44987
0.565246,0.202239,2.377,2.45164
0.572961,0.202239,2.377,2.45343
0.576768,0.200878,2.361,2.43872
0.584431,0.200878,2.361,2.44054
0.592094,0.200878,2.361,2.44239
0.595693,0.199516,2.345,2.42769
0.603304,0.199516,2.345,2.42957
0.610915,0.199516,2.345,2.43147
0.618527,0.199516,2.345,2.43339
0.621866,0.198155,2.329,2.41872
0.629425,0.198155,2.329,2.42068
0.636985,0.198155,2.329,2.42265
0.644544,0.198155,2.329,2.42465
0.647623,0.196794,2.313,2.41
0.655131,0.196794,2.313,2.41203
0.662638,0.196794,2.313,2.41408
0.670146,0.196794,2.313,2.41615
0.677653,0.196794,2.313,2.41825
0.68516,0.196794,2.313,2.42036
0.697459,0.198155,2.329,2.43925
0.705019,0.198155,2.329,2.44143
0.712578,0.198155,2.329,2.44362
0.71519,0.196794,2.313,2.42903
0.722698,0.196794,2.313,2.43125
0.730205,0.196794,2.313,2.43349
0.737712,0.196794,2.313,2.43576
0.74522,0.196794,2.313,2.43804
0.752727,0.196794,2.313,2.44035
0.760235,0.196794,2.313,2.44267
0.767742,0.196794,2.313,2.44502
0.77525,0.196794,2.313,2.44739
0.782757,0.196794,2.313,2.44978
0.790264,0.196794,2.313,2.45219
0.80329,0.198155,2.329,2.4716
0.81085,0.198155,2.329,2.47406
0.818409,0.198155,2.329,2.47655
0.831643,0.199516,2.345,2.49609
0.84498,0.200878,2.361,2.51568
0.852643,0.200878,2.361,2.51827
0.866137,0.202239,2.377,2.53796
0.880102,0.203685,2.394,2.55877
0.887872,0.203685,2.394,2.56145
0.902002,0.205132,2.411,2.58236
0.909828,0.205132,2.411,2.58511
0.917653,0.205132,2.411,2.58787
0.925479,0.205132,2.411,2.59066
0.933304,0.205132,2.411,2.59346
0.94113,0.205132,2.411,2.59629
0.948955,0.205132,2.411,2.59914
0.956781,0.205132,2.411,2.60201
0.964606,0.205132,2.411,2.60489
0.972432,0.205132,2.411,2.6078
0.980257,0.205132,2.411,2.61073
0.988083,0.205132,2.411,2.61368
0.995908,0.205132,2.411,2.61665
1.00373,0.205132,2.411,2.61963
1.01156,0.205132,2.411,2.62264
1.01938,0.205132,2.411,2.62567
1.02721,0.205132,2.411,2.62872
1.03504,0.205132,2.411,2.63179
1.04286,0.205132,2.411,2.63487
1.05069,0.205132,2.411,2.63798
1.05851,0.205132,2.411,2.64111
1.07386,0.206578,2.428,2.6629
1.08174,0.206578,2.428,2.66609
1.08962,0.206578,2.428,2.66929
1.0975,0.206578,2.428,2.67252
1.10538,0.206578,2.428,2.67577
1.12105,0.208025,2.445,2.69779
1.12899,0.208025,2.445,2.7011
1.13693,0.208025,2.445,2.70442
1.14486,0.208025,2.445,2.70777
1.1528,0.208025,2.445,2.71113
1.16073,0.208025,2.445,2.71452
1.16867,0.208025,2.445,2.71792
1.17661,0.208025,2.445,2.72134
1.18454,0.208025,2.445,2.72478
1.19248,0.208025,2.445,2.72824
1.20925,0.209556,2.463,2.75183
1.21725,0.209556,2.463,2.75535
1.22524,0.209556,2.463,2.75889
1.23323,0.209556,2.463,2.76245
1.24123,0.209556,2.463,2.76603
1.24922,0.209556,2.463,2.76963
1.25722,0.209556,2.463,2.77324
1.26521,0.209556,2.463,2.77688
1.27321,0.209556,2.463,2.78053
1.2812,0.209556,2.463,2.7842
1.29862,0.211087,2.481,2.80826
1.31615,0.212619,2.499,2.83239
1.32426,0.212619,2.499,2.83617
1.34197,0.21415,2.517,2.86042
1.36033,0.215767,2.536,2.88589
1.36856,0.215767,2.536,2.88978
1.39742,0.219,2.574,2.93704
1.41615,0.220617,2.593,2.96274
1.42457,0.220617,2.593,2.96677
1.44404,0.222318,2.613,2.99373
1.47531,0.225807,2.654,3.04487
1.50741,0.22938,2.696,3.09731
1.51616,0.22938,2.696,3.10157
1.53679,0.231167,2.717,3.13005
1.54561,0.231167,2.717,3.13439
1.55442,0.231167,2.717,3.13875
1.56324,0.231167,2.717,3.14313
1.58479,0.233038,2.739,3.17301
1.59368,0.233038,2.739,3.17746
1.5897,0.231167,2.717,3.15637
1.58616,0.22938,2.696,3.13639
1.59491,0.22938,2.696,3.14082
1.57868,0.225807,2.654,3.09628
1.57474,0.22402,2.633,3.07614
1.58328,0.22402,2.633,3.08053
1.59183,0.22402,2.633,3.08493
1.57606,0.220617,2.593,3.04242
1.58448,0.220617,2.593,3.04678
1.58122,0.219,2.574,3.02881
1.56611,0.215767,2.536,2.9884
1.57434,0.215767,2.536,2.99272
1.57071,0.21415,2.517,2.97461
1.56759,0.212619,2.499,2.95763
1.5757,0.212619,2.499,2.96193
1.58382,0.212619,2.499,2.96626
1.59193,0.212619,2.499,2.9706
1.60004,0.212619,2.499,2.97495
1.59657,0.211087,2.481,2.95786
1.59298,0.209556,2.463,2.94072
1.60097,0.209556,2.463,2.94506
1.60897,0.209556,2.463,2.94942
1.61696,0.209556,2.463,2.95378
1.61308,0.208025,2.445,2.93655
1.62101,0.208025,2.445,2.94092
1.62895,0.208025,2.445,2.9453
1.6255,0.206578,2.428,2.92918
1.63339,0.206578,2.428,2.93357
1.62977,0.205132,2.411,2.91739
1.6376,0.205132,2.411,2.92177
-1.81272,0.230797,2.613,3.18857
-1.79043,0.22903,2.593,3.15939
-1.78202,0.22903,2.593,3.15463
-1.7736,0.22903,2.593,3.14988
-1.76518,0.22903,2.593,3.14515
-1.75677,0.22903,2.593,3.14044
-1.74835,0.22903,2.593,3.13574
-1.73994,0.22903,2.593,3.13105
-1.71883,0.227352,2.574,3.10347
-1.71048,0.227352,2.574,3.09885
-1.70212,0.227352,2.574,3.09425
-1.70627,0.22903,2.593,3.11247
-1.69785,0.22903,2.593,3.10786
-1.68944,0.22903,2.593,3.10327
-1.68102,0.22903,2.593,3.0987
-1.68551,0.230797,2.613,3.11801
-1.67703,0.230797,2.613,3.11343
-1.66854,0.230797,2.613,3.10887
-1.66006,0.230797,2.613,3.10433
-1.65158,0.230797,2.613,3.0998
-1.6431,0.230797,2.613,3.09529
-1.63462,0.230797,2.613,3.0908
-1.62614,0.230797,2.613,3.08632
-1.61766,0.230797,2.613,3.08186
-1.59686,0.22903,2.593,3.05386
-1.58844,0.22903,2.593,3.04947
-1.56845,0.227352,2.574,3.02278
-1.54858,0.225674,2.555,2.99617
-1.52883,0.223996,2.536,2.96965
-1.5206,0.223996,2.536,2.96542
-1.50104,0.222318,2.517,2.93902
-1.47152,0.219138,2.481,2.89288
-1.46346,0.219138,2.481,2.88879
-1.44485,0.217548,2.463,2.86379
-1.41644,0.214457,2.428,2.81913
-1.40856,0.214457,2.428,2.81518
-1.39087,0.212955,2.411,2.79156
-1.36354,0.209952,2.377,2.74836
-1.35583,0.209952,2.377,2.74454
-1.34811,0.209952,2.377,2.74073
-1.3404,0.209952,2.377,2.73695
-1.33268,0.209952,2.377,2.73318
-1.32497,0.209952,2.377,2.72942
-1.31725,0.209952,2.377,2.72569
-1.30954,0.209952,2.377,2.72197
-1.31113,0.211453,2.394,2.7377
-1.30336,0.211453,2.394,2.73399
-1.31399,0.214457,2.428,2.76907
-1.32494,0.217548,2.463,2.8052
-1.31694,0.217548,2.463,2.80143
-1.32808,0.220728,2.499,2.83858
-1.33951,0.223996,2.536,2.87676
-1.34126,0.225674,2.555,2.89446
-1.33296,0.225674,2.555,2.89063
-1.33452,0.227352,2.574,2.90828
-1.34626,0.230797,2.613,2.94847
-1.33778,0.230797,2.613,2.9446
-1.33947,0.232563,2.633,2.96327
-1.33093,0.232563,2.633,2.95942
-1.32238,0.232563,2.633,2.95558
-1.31383,0.232563,2.633,2.95177
-1.29537,0.230797,2.613,2.92558
-1.28689,0.230797,2.613,2.92184
-1.26863,0.22903,2.593,2.89578
-1.24174,0.225674,2.555,2.84972
-1.23345,0.225674,2.555,2.84611
-1.22516,0.225674,2.555,2.84253
-1.20781,0.223996,2.536,2.81785
-1.19958,0.223996,2.536,2.81433
-1.18243,0.222318,2.517,2.78978
-1.16586,0.220728,2.499,2.7664
-1.15775,0.220728,2.499,2.76299
-1.14136,0.219138,2.481,2.73972
-1.12508,0.217548,2.463,2.71652
-1.10892,0.215958,2.445,2.69339
-1.10099,0.215958,2.445,2.69014
-1.09305,0.215958,2.445,2.6869
-1.07757,0.214457,2.428,2.66502
-1.06969,0.214457,2.428,2.66184
-1.06181,0.214457,2.428,2.65869
-1.04655,0.212955,2.411,2.63696
-1.03872,0.212955,2.411,2.63386
-1.0309,0.212955,2.411,2.63078
-1.02307,0.212955,2.411,2.62773
-1.01525,0.212955,2.411,2.62469
-1.00742,0.212955,2.411,2.62167
-0.999596,0.212955,2.411,2.61868
-0.99177,0.212955,2.411,2.6157
-0.983945,0.212955,2.411,2.61274
-0.976119,0.212955,2.411,2.6098
-0.975121,0.214457,2.428,2.62527
-0.967241,0.214457,2.428,2.62235
-0.95936,0.214457,2.428,2.61946
-0.951479,0.214457,2.428,2.61658
-0.943599,0.214457,2.428,2.61372
-0.935718,0.214457,2.428,2.61089
-0.934334,0.215958,2.445,2.62634
-0.926398,0.215958,2.445,2.62352
-0.918462,0.215958,2.445,2.62073
-0.910526,0.215958,2.445,2.61796
-0.90259,0.215958,2.445,2.61521
-0.901241,0.217548,2.463,2.63172
-0.893246,0.217548,2.463,2.62899
-0.878783,0.215958,2.445,2.60709
-0.870847,0.215958,2.445,2.60443
-0.862911,0.215958,2.445,2.60178
-0.854975,0.215958,2.445,2.59916
-0.847039,0.215958,2.445,2.59656
-0.839103,0.215958,2.445,2.59398
-0.831167,0.215958,2.445,2.59143
-0.829292,0.217548,2.463,2.60795
-0.821298,0.217548,2.463,2.60542
-0.813304,0.217548,2.463,2.60291
-0.805309,0.217548,2.463,2.60043
-0.797315,0.217548,2.463,2.59796
-0.789321,0.217548,2.463,2.59552
-0.781326,0.217548,2.463,2.5931
-0.773332,0.217548,2.463,2.5907
-0.765338,0.217548,2.463,2.58833
-0.757344,0.217548,2.463,2.58597
-0.749349,0.217548,2.463,2.58364
-0.741355,0.217548,2.463,2.58134
-0.733361,0.217548,2.463,2.57905
-0.730668,0.219138,2.481,2.59562
-0.722615,0.219138,2.481,2.59337
-0.714562,0.219138,2.481,2.59114
-0.706509,0.219138,2.481,2.58893
-0.698457,0.219138,2.481,2.58674
-0.690404,0.219138,2.481,2.58458
-0.682351,0.219138,2.481,2.58244
-0.674299,0.219138,2.481,2.58032
-0.666246,0.219138,2.481,2.57823
-0.658193,0.219138,2.481,2.57616
-0.65014,0.219138,2.481,2.57411
-0.642088,0.219138,2.481,2.57209
-0.634035,0.219138,2.481,2.57009
-0.625982,0.219138,2.481,2.56812
-0.61793,0.219138,2.481,2.56617
-0.609877,0.219138,2.481,2.56424
-0.601824,0.219138,2.481,2.56234
-0.593771,0.219138,2.481,2.56046
-0.585719,0.219138,2.481,2.5586
-0.577666,0.219138,2.481,2.55677
-0.573746,0.220728,2.499,2.5735
-0.565635,0.220728,2.499,2.5717
-0.557524,0.220728,2.499,2.56993
-0.549413,0.220728,2.499,2.56819
-0.541301,0.220728,2.499,2.56646
-0.53319,0.220728,2.499,2.56476
-0.525079,0.220728,2.499,2.56309
-0.516968,0.220728,2.499,2.56144
-0.508857,0.220728,2.499,2.55982
-0.500746,0.220728,2.499,2.55822
-0.492635,0.220728,2.499,2.55664
-0.484524,0.220728,2.499,2.55509
-0.476412,0.220728,2.499,2.55356
-0.468301,0.220728,2.499,2.55206
-0.46019,0.220728,2.499,2.55059
-0.452079,0.220728,2.499,2.54914
-0.44077,0.219138,2.481,2.52936
-0.432717,0.219138,2.481,2.52797
-0.424665,0.219138,2.481,2.5266
-0.416612,0.219138,2.481,2.52526
-0.405595,0.217548,2.463,2.50563
-0.397601,0.217548,2.463,2.50435
-0.389606,0.217548,2.463,2.5031
-0.381612,0.217548,2.463,2.50186
-0.373618,0.217548,2.463,2.50066
-0.365624,0.217548,2.463,2.49948
-0.357629,0.217548,2.463,2.49832
-0.349635,0.217548,2.463,2.49719
-0.341641,0.217548,2.463,2.49608
-0.333646,0.217548,2.463,2.495
-0.325652,0.217548,2.463,2.49394
-0.317658,0.217548,2.463,2.49291
-0.309664,0.217548,2.463,2.4919
-0.303874,0.219138,2.481,2.50913
-0.295821,0.219138,2.481,2.50817
-0.287769,0.219138,2.481,2.50723
-0.279716,0.219138,2.481,2.50632
-0.271663,0.219138,2.481,2.50543
-0.26361,0.219138,2.481,2.50457
-0.257412,0.220728,2.499,2.5219
-0.249301,0.220728,2.499,2.52109
-0.24119,0.220728,2.499,2.5203
-0.233078,0.220728,2.499,2.51953
-0.226588,0.222318,2.517,2.53694
-0.218418,0.222318,2.517,2.53622
-0.210249,0.222318,2.517,2.53553
-0.203604,0.223996,2.536,2.554
-0.195373,0.223996,2.536,2.55336
-0.187142,0.223996,2.536,2.55274
-0.178911,0.223996,2.536,2.55215
-0.170679,0.223996,2.536,2.55159
-0.162448,0.223996,2.536,2.55105
-0.154217,0.223996,2.536,2.55054
-0.145986,0.223996,2.536,2.55006
-0.137755,0.223996,2.536,2.5496
-0.128553,0.222318,2.517,2.53007
-0.120383,0.222318,2.517,2.52967
-0.112214,0.222318,2.517,2.52929
-0.104044,0.222318,2.517,2.52894
-0.0958747,0.222318,2.517,2.52862
-0.0877052,0.222318,2.517,2.52832
-0.0795356,0.222318,2.517,2.52805
-0.0713661,0.222318,2.517,2.52781
-0.0631965,0.222318,2.517,2.52759
-0.055027,0.222318,2.517,2.5274
-0.0468574,0.222318,2.517,2.52723
-0.0386878,0.222318,2.517,2.5271
-0.0305183,0.222318,2.517,2.52698
-0.0223487,0.222318,2.517,2.5269
-0.0140778,0.220728,2.499,2.50877
-0.00596664,0.220728,2.499,2.50874
0.00214449,0.220728,2.499,2.50873
0.0102556,0.220728,2.499,2.50875
0.0183668,0.220728,2.499,2.5088
0.0264779,0.220728,2.499,2.50887
0.034589,0.220728,2.499,2.50897
0.0427002,0.220728,2.499,2.50909
0.0504453,0.219138,2.481,2.49117
0.058498,0.219138,2.481,2.49135
0.0665507,0.219138,2.481,2.49155
0.0746034,0.219138,2.481,2.49178
0.0826561,0.219138,2.481,2.49203
0.0907089,0.219138,2.481,2.49231
0.0994781,0.220728,2.499,2.5107
0.107589,0.220728,2.499,2.51104
0.1157,0.220728,2.499,2.5114
0.123811,0.220728,2.499,2.51178
0.131923,0.220728,2.499,2.5122
0.140034,0.220728,2.499,2.51263
0.148145,0.220728,2.499,2.5131
0.156256,0.220728,2.499,2.51359
0.164367,0.220728,2.499,2.51411
0.172478,0.220728,2.499,2.51465
0.180589,0.220728,2.499,2.51522
0.188701,0.220728,2.499,2.51582
0.196812,0.220728,2.499,2.51644
0.204923,0.220728,2.499,2.51708
0.213034,0.220728,2.499,2.51776
0.221145,0.220728,2.499,2.51846
0.229256,0.220728,2.499,2.51918
0.235658,0.219138,2.481,2.50178
0.24371,0.219138,2.481,2.50255
0.251763,0.219138,2.481,2.50335
0.259816,0.219138,2.481,2.50417
0.267868,0.219138,2.481,2.50502
0.273919,0.217548,2.463,2.48772
0.281914,0.217548,2.463,2.48861
0.289908,0.217548,2.463,2.48953
0.297902,0.217548,2.463,2.49047
0.305896,0.217548,2.463,2.49144
0.313891,0.217548,2.463,2.49243
0.321885,0.217548,2.463,2.49345
0.329879,0.217548,2.463,2.4945
0.337874,0.217548,2.463,2.49557
0.345868,0.217548,2.463,2.49666
0.353862,0.217548,2.463,2.49778
0.361856,0.217548,2.463,2.49893
0.367148,0.215958,2.445,2.48183
0.375084,0.215958,2.445,2.48301
0.38302,0.215958,2.445,2.48422
0.390955,0.215958,2.445,2.48546
0.398891,0.215958,2.445,2.48672
0.406827,0.215958,2.445,2.48801
0.414763,0.215958,2.445,2.48932
0.422699,0.215958,2.445,2.49065
0.430635,0.215958,2.445,2.49201
0.438571,0.215958,2.445,2.49339
0.446507,0.215958,2.445,2.4948
0.454442,0.215958,2.445,2.49623
0.462378,0.215958,2.445,2.49769
0.467044,0.214457,2.428,2.4818
0.474925,0.214457,2.428,2.48329
0.482805,0.214457,2.428,2.48481
0.490686,0.214457,2.428,2.48635
0.495076,0.212955,2.411,2.4705
0.502901,0.212955,2.411,2.47208
0.510727,0.212955,2.411,2.47368
0.518552,0.212955,2.411,2.47531
0.526378,0.212955,2.411,2.47696
0.530437,0.211453,2.394,2.46116
0.538207,0.211453,2.394,2.46285
0.545977,0.211453,2.394,2.46456
0.553748,0.211453,2.394,2.46629
0.557531,0.209952,2.377,2.45052
0.565246,0.209952,2.377,2.45229
0.572961,0.209952,2.377,2.45408
0.576768,0.208539,2.361,2.43936
0.584431,0.208539,2.361,2.44118
0.592094,0.208539,2.361,2.44303
0.595693,0.207125,2.345,2.42833
0.603304,0.207125,2.345,2.43021
0.610915,0.207125,2.345,2.43211
0.614306,0.205712,2.329,2.41742
0.621866,0.205712,2.329,2.41935
0.629425,0.205712,2.329,2.42131
0.632608,0.204299,2.313,2.40664
0.640116,0.204299,2.313,2.40862
0.647623,0.204299,2.313,2.41063
0.655131,0.204299,2.313,2.41266
0.662638,0.204299,2.313,2.4147
0.670146,0.204299,2.313,2.41678
0.677653,0.204299,2.313,2.41887
0.68516,0.204299,2.313,2.42098
0.692668,0.204299,2.313,2.42312
0.700175,0.204299,2.313,2.42527
0.703093,0.202974,2.298,2.41171
0.710552,0.202974,2.298,2.41389
0.718011,0.202974,2.298,2.4161
0.72547,0.202974,2.298,2.41833
0.732928,0.202974,2.298,2.42058
0.735232,0.201561,2.282,2.40598
0.742639,0.201561,2.282,2.40825
0.750046,0.201561,2.282,2.41054
0.757452,0.201561,2.282,2.41286
0.764859,0.201561,2.282,2.41519
0.772266,0.201561,2.282,2.41755
0.785139,0.202974,2.298,2.43689
0.797772,0.204299,2.313,2.45523
0.805279,0.204299,2.313,2.45768
0.812787,0.204299,2.313,2.46015
0.825968,0.205712,2.329,2.47967
0.839254,0.207125,2.345,2.49925
0.846865,0.207125,2.345,2.50182
0.866137,0.209952,2.377,2.53858
0.880102,0.211453,2.394,2.5594
0.887872,0.211453,2.394,2.56208
0.902002,0.212955,2.411,2.583
0.909828,0.212955,2.411,2.58574
0.917653,0.212955,2.411,2.58851
0.932004,0.214457,2.428,2.60956
0.939885,0.214457,2.428,2.61239
0.947766,0.214457,2.428,2.61523
0.955646,0.214457,2.428,2.6181
0.963527,0.214457,2.428,2.62098
0.971408,0.214457,2.428,2.62389
0.979289,0.214457,2.428,2.62682
0.980257,0.212955,2.411,2.61136
0.988083,0.212955,2.411,2.6143
0.995908,0.212955,2.411,2.61727
1.00373,0.212955,2.411,2.62026
1.01156,0.212955,2.411,2.62327
1.01938,0.212955,2.411,2.62629
1.02721,0.212955,2.411,2.62934
1.03504,0.212955,2.411,2.63241
1.04286,0.212955,2.411,2.63549
1.05069,0.212955,2.411,2.6386
1.05851,0.212955,2.411,2.64173
1.07386,0.214457,2.428,2.66352
1.08174,0.214457,2.428,2.66671
1.08962,0.214457,2.428,2.66991
1.0975,0.214457,2.428,2.67314
1.10538,0.214457,2.428,2.67639
1.12105,0.215958,2.445,2.69841
1.12899,0.215958,2.445,2.70172
1.13693,0.215958,2.445,2.70504
1.14486,0.215958,2.445,2.70839
1.1528,0.215958,2.445,2.71175
1.16073,0.215958,2.445,2.71514
1.16867,0.215958,2.445,2.71854
1.17661,0.215958,2.445,2.72196
1.18454,0.215958,2.445,2.7254
1.19248,0.215958,2.445,2.72886
1.20925,0.217548,2.463,2.75245
1.21725,0.217548,2.463,2.75597
1.22524,0.217548,2.463,2.75951
1.23323,0.217548,2.463,2.76307
1.24123,0.217548,2.463,2.76665
1.24922,0.217548,2.463,2.77024
1.25722,0.217548,2.463,2.77386
1.26521,0.217548,2.463,2.77749
1.27321,0.217548,2.463,2.78114
1.2812,0.217548,2.463,2.78481
1.29862,0.219138,2.481,2.80888
1.31615,0.220728,2.499,2.83301
1.32426,0.220728,2.499,2.83679
1.34197,0.222318,2.517,2.86105
1.36033,0.223996,2.536,2.88651
1.36856,0.223996,2.536,2.8904
1.39742,0.227352,2.574,2.93768
1.41615,0.22903,2.593,2.96338
1.42457,0.22903,2.593,2.96741
1.44404,0.230797,2.613,2.99437
1.47531,0.234418,2.654,3.04552
1.50741,0.238128,2.696,3.09797
1.51616,0.238128,2.696,3.10223
1.53679,0.239983,2.717,3.13072
1.54561,0.239983,2.717,3.13506
1.55442,0.239983,2.717,3.13941
1.56324,0.239983,2.717,3.14379
1.58479,0.241926,2.739,3.17367
1.59368,0.241926,2.739,3.17812
1.5897,0.239983,2.717,3.15703
1.58616,0.238128,2.696,3.13704
1.59491,0.238128,2.696,3.14148
1.57868,0.234418,2.654,3.09692
1.57474,0.232563,2.633,3.07678
1.58328,0.232563,2.633,3.08116
1.57974,0.230797,2.613,3.06212
1.56451,0.227352,2.574,3.02074
1.57287,0.227352,2.574,3.02507
1.55788,0.223996,2.536,2.9847
1.55438,0.222318,2.517,2.96661
1.56255,0.222318,2.517,2.9709
1.55948,0.220728,2.499,2.95393
1.56759,0.220728,2.499,2.95822
1.5757,0.220728,2.499,2.96253
1.57241,0.219138,2.481,2.94548
1.58046,0.219138,2.481,2.94979
1.58851,0.219138,2.481,2.95411
1.58498,0.217548,2.463,2.93698
1.59298,0.217548,2.463,2.9413
1.58927,0.215958,2.445,2.92411
1.59721,0.215958,2.445,2.92844
1.60514,0.215958,2.445,2.93277
1.60186,0.214457,2.428,2.9167
1.60974,0.214457,2.428,2.92104
1.61762,0.214457,2.428,2.92539
1.61412,0.212955,2.411,2.90924
1.62195,0.212955,2.411,2.91359
1.62977,0.212955,2.411,2.91795
1.62605,0.211453,2.394,2.90172
-1.79885,0.237444,2.593,3.16479
-1.79043,0.237444,2.593,3.16001
-1.78202,0.237444,2.593,3.15525
-1.7736,0.237444,2.593,3.15051
-1.76518,0.237444,2.593,3.14578
-1.75677,0.237444,2.593,3.14106
-1.74835,0.237444,2.593,3.13636
-1.73994,0.237444,2.593,3.13168
-1.71883,0.235704,2.574,3.1041
-1.71048,0.235704,2.574,3.09948
-1.70212,0.235704,2.574,3.09488
-1.70627,0.237444,2.593,3.1131
-1.69785,0.237444,2.593,3.10849
-1.68944,0.237444,2.593,3.10391
-1.68102,0.237444,2.593,3.09933
-1.68551,0.239276,2.613,3.11865
-1.67703,0.239276,2.613,3.11407
-1.66854,0.239276,2.613,3.10951
-1.66006,0.239276,2.613,3.10497
-1.65158,0.239276,2.613,3.10044
-1.6431,0.239276,2.613,3.09593
-1.63462,0.239276,2.613,3.09144
-1.62614,0.239276,2.613,3.08696
-1.61766,0.239276,2.613,3.0825
-1.59686,0.237444,2.593,3.0545
-1.58844,0.237444,2.593,3.05011
-1.56845,0.235704,2.574,3.02342
-1.54858,0.233965,2.555,2.99681
-1.52883,0.232225,2.536,2.97028
-1.5206,0.232225,2.536,2.96605
-1.50104,0.230485,2.517,2.93965
-1.47152,0.227188,2.481,2.8935
-1.46346,0.227188,2.481,2.88941
-1.44485,0.22554,2.463,2.86441
-1.41644,0.222335,2.428,2.81974
-1.40856,0.222335,2.428,2.81579
-1.39087,0.220778,2.411,2.79217
-1.37329,0.219222,2.394,2.76862
-1.36552,0.219222,2.394,2.76477
-1.34811,0.217665,2.377,2.74133
-1.3404,0.217665,2.377,2.73755
-1.33268,0.217665,2.377,2.73378
-1.32497,0.217665,2.377,2.73003
-1.31725,0.217665,2.377,2.72629
-1.30954,0.217665,2.377,2.72257
-1.31113,0.219222,2.394,2.73831
-1.30336,0.219222,2.394,2.7346
-1.31399,0.222335,2.428,2.76969
-1.32494,0.22554,2.463,2.80583
-1.31694,0.22554,2.463,2.80207
-1.33765,0.230485,2.517,2.85967
-1.33951,0.232225,2.536,2.87742
-1.35123,0.235704,2.574,2.91665
-1.34288,0.235704,2.574,2.91279
-1.35474,0.239276,2.613,2.95302
-1.36738,0.24303,2.654,2.99542
-1.35877,0.24303,2.654,2.99149
-1.35016,0.24303,2.654,2.98759
-1.34154,0.24303,2.654,2.98371
-1.33293,0.24303,2.654,2.97984
-1.31383,0.241107,2.633,2.95245
-1.29537,0.239276,2.613,2.92626
-1.28689,0.239276,2.613,2.92252
-1.26863,0.237444,2.593,2.89645
-1.25098,0.235704,2.574,2.87158
-1.24262,0.235704,2.574,2.86795
-1.22516,0.233965,2.555,2.8432
-1.20781,0.232225,2.536,2.81852
-1.19958,0.232225,2.536,2.815
-1.18243,0.230485,2.517,2.79044
-1.17426,0.230485,2.517,2.78699
-1.16609,0.230485,2.517,2.78355
-1.14964,0.228837,2.499,2.76026
-1.1333,0.227188,2.481,2.73703
-1.11709,0.22554,2.463,2.71388
-1.10909,0.22554,2.463,2.71059
-1.09305,0.223892,2.445,2.68755
-1.08512,0.223892,2.445,2.68433
-1.07718,0.223892,2.445,2.68113
-1.06181,0.222335,2.428,2.65933
-1.04655,0.220778,2.411,2.6376
-1.03872,0.220778,2.411,2.6345
-1.0309,0.220778,2.411,2.63143
-1.03029,0.222335,2.428,2.64691
-1.02241,0.222335,2.428,2.64385
-1.01452,0.222335,2.428,2.64081
-1.00664,0.222335,2.428,2.63779
-0.998763,0.222335,2.428,2.6348
-0.990883,0.222335,2.428,2.63182
-0.983002,0.222335,2.428,2.62886
-0.975121,0.222335,2.428,2.62592
-0.967241,0.222335,2.428,2.62301
-0.95936,0.222335,2.428,2.62011
-0.951479,0.222335,2.428,2.61724
-0.950205,0.223892,2.445,2.63269
-0.94227,0.223892,2.445,2.62983
-0.934334,0.223892,2.445,2.627
-0.926398,0.223892,2.445,2.62419
-0.918462,0.223892,2.445,2.6214
-0.910526,0.223892,2.445,2.61863
-0.909235,0.22554,2.463,2.63514
-0.901241,0.22554,2.463,2.63239
-0.893246,0.22554,2.463,2.62966
-0.878783,0.223892,2.445,2.60776
-0.870847,0.223892,2.445,2.6051
-0.862911,0.223892,2.445,2.60245
-0.854975,0.223892,2.445,2.59983
-0.847039,0.223892,2.445,2.59723
-0.845281,0.22554,2.463,2.61376
-0.837286,0.22554,2.463,2.61118
-0.829292,0.22554,2.463,2.60863
-0.821298,0.22554,2.463,2.6061
-0.813304,0.22554,2.463,2.60359
-0.805309,0.22554,2.463,2.60111
-0.797315,0.22554,2.463,2.59864
-0.789321,0.22554,2.463,2.5962
-0.781326,0.22554,2.463,2.59378
-0.773332,0.22554,2.463,2.59139
-0.765338,0.22554,2.463,2.58901
-0.757344,0.22554,2.463,2.58666
-0.749349,0.22554,2.463,2.58433
-0.746773,0.227188,2.481,2.60089
-0.73872,0.227188,2.481,2.59859
-0.730668,0.227188,2.481,2.59632
-0.722615,0.227188,2.481,2.59406
-0.714562,0.227188,2.481,2.59183
-0.706509,0.227188,2.481,2.58962
-0.698457,0.227188,2.481,2.58743
-0.690404,0.227188,2.481,2.58527
-0.682351,0.227188,2.481,2.58313
-0.674299,0.227188,2.481,2.58102
-0.666246,0.227188,2.481,2.57893
-0.658193,0.227188,2.481,2.57686
-0.65014,0.227188,2.481,2.57481
-0.642088,0.227188,2.481,2.57279
-0.634035,0.227188,2.481,2.57079
-0.625982,0.227188,2.481,2.56882
-0.61793,0.227188,2.481,2.56687
-0.609877,0.227188,2.481,2.56494
-0.601824,0.227188,2.481,2.56304
-0.593771,0.227188,2.481,2.56116
-0.585719,0.227188,2.481,2.55931
-0.577666,0.227188,2.481,2.55747
-0.573746,0.228837,2.499,2.57421
-0.565635,0.228837,2.499,2.57241
-0.557524,0.228837,2.499,2.57064
-0.549413,0.228837,2.499,2.5689
-0.541301,0.228837,2.499,2.56717
-0.53319,0.228837,2.499,2.56547
-0.525079,0.228837,2.499,2.5638
-0.520692,0.230485,2.517,2.58061
-0.512522,0.230485,2.517,2.57897
-0.504353,0.230485,2.517,2.57736
-0.496183,0.230485,2.517,2.57577
-0.488013,0.230485,2.517,2.57421
-0.476412,0.228837,2.499,2.55428
-0.468301,0.228837,2.499,2.55278
-0.46019,0.228837,2.499,2.5513
-0.452079,0.228837,2.499,2.54985
-0.44077,0.227188,2.481,2.53007
-0.432717,0.227188,2.481,2.52868
-0.424665,0.227188,2.481,2.52731
-0.416612,0.227188,2.481,2.52597
-0.405595,0.22554,2.463,2.50634
-0.397601,0.22554,2.463,2.50506
-0.389606,0.22554,2.463,2.5038
-0.381612,0.22554,2.463,2.50257
-0.373618,0.22554,2.463,2.50137
-0.365624,0.22554,2.463,2.50018
-0.357629,0.22554,2.463,2.49903
-0.349635,0.22554,2.463,2.4979
-0.341641,0.22554,2.463,2.49679
-0.333646,0.22554,2.463,2.49571
-0.325652,0.22554,2.463,2.49465
-0.317658,0.22554,2.463,2.49362
-0.309664,0.22554,2.463,2.49261
-0.303874,0.227188,2.481,2.50984
-0.295821,0.227188,2.481,2.50888
-0.287769,0.227188,2.481,2.50794
-0.279716,0.227188,2.481,2.50703
-0.271663,0.227188,2.481,2.50615
-0.26361,0.227188,2.481,2.50529
-0.257412,0.228837,2.499,2.52262
-0.249301,0.228837,2.499,2.52181
-0.24119,0.228837,2.499,2.52102
-0.233078,0.228837,2.499,2.52026
-0.226588,0.230485,2.517,2.53767
-0.218418,0.230485,2.517,2.53695
-0.210249,0.230485,2.517,2.53626
-0.203604,0.232225,2.536,2.55474
-0.195373,0.232225,2.536,2.55409
-0.187142,0.232225,2.536,2.55348
-0.178911,0.232225,2.536,2.55289
-0.170679,0.232225,2.536,2.55232
-0.162448,0.232225,2.536,2.55179
-0.154217,0.232225,2.536,2.55128
-0.145986,0.232225,2.536,2.55079
-0.137755,0.232225,2.536,2.55033
-0.128553,0.230485,2.517,2.5308
-0.120383,0.230485,2.517,2.5304
-0.112214,0.230485,2.517,2.53002
-0.104044,0.230485,2.517,2.52967
-0.0958747,0.230485,2.517,2.52935
-0.0877052,0.230485,2.517,2.52905
-0.0795356,0.230485,2.517,2.52878
-0.0713661,0.230485,2.517,2.52854
-0.0631965,0.230485,2.517,2.52832
-0.055027,0.230485,2.517,2.52813
-0.0468574,0.230485,2.517,2.52797
-0.0386878,0.230485,2.517,2.52783
-0.0305183,0.230485,2.517,2.52772
-0.0223487,0.230485,2.517,2.52763
-0.0140778,0.228837,2.499,2.5095
-0.00596664,0.228837,2.499,2.50946
0.00214449,0.228837,2.499,2.50946
0.0102556,0.228837,2.499,2.50948
0.0183668,0.228837,2.499,2.50952
0.0264779,0.228837,2.499,2.5096
0.034589,0.228837,2.499,2.50969
0.0427002,0.228837,2.499,2.50982
0.0508113,0.228837,2.499,2.50997
0.0589224,0.228837,2.499,2.51015
0.0670336,0.228837,2.499,2.51035
0.0751447,0.228837,2.499,2.51058
0.0832558,0.228837,2.499,2.51084
0.091367,0.228837,2.499,2.51112
0.0994781,0.228837,2.499,2.51143
0.107589,0.228837,2.499,2.51176
0.1157,0.228837,2.499,2.51212
0.123811,0.228837,2.499,2.51251
0.131923,0.228837,2.499,2.51292
0.140034,0.228837,2.499,2.51336
0.149212,0.230485,2.517,2.53193
0.157382,0.230485,2.517,2.53243
0.164367,0.228837,2.499,2.51483
0.172478,0.228837,2.499,2.51538
0.180589,0.228837,2.499,2.51595
0.188701,0.228837,2.499,2.51654
0.196812,0.228837,2.499,2.51716
0.204923,0.228837,2.499,2.51781
0.213034,0.228837,2.499,2.51848
0.221145,0.228837,2.499,2.51918
0.229256,0.228837,2.499,2.51991
0.237367,0.228837,2.499,2.52066
0.24371,0.227188,2.481,2.50327
0.251763,0.227188,2.481,2.50407
0.259816,0.227188,2.481,2.50489
0.267868,0.227188,2.481,2.50574
0.275921,0.227188,2.481,2.50661
0.283974,0.227188,2.481,2.50751
0.289908,0.22554,2.463,2.49024
0.297902,0.22554,2.463,2.49118
0.305896,0.22554,2.463,2.49215
0.313891,0.22554,2.463,2.49314
0.321885,0.22554,2.463,2.49416
0.329879,0.22554,2.463,2.49521
0.337874,0.22554,2.463,2.49628
0.345868,0.22554,2.463,2.49737
0.353862,0.22554,2.463,2.49849
0.361856,0.22554,2.463,2.49964
0.369851,0.22554,2.463,2.50081
0.375084,0.223892,2.445,2.48372
0.38302,0.223892,2.445,2.48493
0.390955,0.223892,2.445,2.48616
0.398891,0.223892,2.445,2.48742
0.406827,0.223892,2.445,2.48871
0.414763,0.223892,2.445,2.49002
0.422699,0.223892,2.445,2.49135
0.430635,0.223892,2.445,2.49271
0.438571,0.223892,2.445,2.49409
0.446507,0.223892,2.445,2.4955
0.454442,0.223892,2.445,2.49693
0.462378,0.223892,2.445,2.49839
0.467044,0.222335,2.428,2.48249
0.474925,0.222335,2.428,2.48398
0.482805,0.222335,2.428,2.4855
0.490686,0.222335,2.428,2.48704
0.498567,0.222335,2.428,2.48861
0.506447,0.222335,2.428,2.4902
0.510727,0.220778,2.411,2.47437
0.518552,0.220778,2.411,2.476
0.526378,0.220778,2.411,2.47765
0.534203,0.220778,2.411,2.47932
0.538207,0.219222,2.394,2.46353
0.545977,0.219222,2.394,2.46524
0.553748,0.219222,2.394,2.46697
0.557531,0.217665,2.377,2.45119
0.565246,0.217665,2.377,2.45296
0.572961,0.217665,2.377,2.45475
0.580676,0.217665,2.377,2.45656
0.584431,0.2162,2.361,2.44185
0.592094,0.2162,2.361,2.44369
0.595693,0.214735,2.345,2.42899
0.603304,0.214735,2.345,2.43087
0.610915,0.214735,2.345,2.43277
0.614306,0.213269,2.329,2.41808
0.621866,0.213269,2.329,2.42001
0.629425,0.213269,2.329,2.42196
0.632608,0.211804,2.313,2.40729
0.640116,0.211804,2.313,2.40927
0.647623,0.211804,2.313,2.41127
0.655131,0.211804,2.313,2.4133
0.662638,0.211804,2.313,2.41535
0.670146,0.211804,2.313,2.41742
0.677653,0.211804,2.313,2.41951
0.68516,0.211804,2.313,2.42163
0.692668,0.211804,2.313,2.42376
0.700175,0.211804,2.313,2.42592
0.703093,0.210431,2.298,2.41235
0.710552,0.210431,2.298,2.41453
0.718011,0.210431,2.298,2.41674
0.72547,0.210431,2.298,2.41897
0.732928,0.210431,2.298,2.42121
0.735232,0.208966,2.282,2.40661
0.742639,0.208966,2.282,2.40888
0.750046,0.208966,2.282,2.41117
0.757452,0.208966,2.282,2.41349
0.764859,0.208966,2.282,2.41582
0.772266,0.208966,2.282,2.41818
0.785139,0.210431,2.298,2.43753
0.797772,0.211804,2.313,2.45586
0.805279,0.211804,2.313,2.45831
0.812787,0.211804,2.313,2.46078
0.825968,0.213269,2.329,2.48031
0.839254,0.214735,2.345,2.4999
0.846865,0.214735,2.345,2.50246
0.866137,0.217665,2.377,2.53923
0.880102,0.219222,2.394,2.56005
0.887872,0.219222,2.394,2.56274
0.902002,0.220778,2.411,2.58365
0.916243,0.222335,2.428,2.60463
0.924124,0.222335,2.428,2.60742
0.932004,0.222335,2.428,2.61022
0.939885,0.222335,2.428,2.61304
0.947766,0.222335,2.428,2.61589
0.955646,0.222335,2.428,2.61876
0.963527,0.222335,2.428,2.62164
0.971408,0.222335,2.428,2.62455
0.979289,0.222335,2.428,2.62747
0.987169,0.222335,2.428,2.63042
0.99505,0.222335,2.428,2.63339
1.00293,0.222335,2.428,2.63638
1.00373,0.220778,2.411,2.62091
1.01156,0.220778,2.411,2.62391
1.01938,0.220778,2.411,2.62694
1.02721,0.220778,2.411,2.62999
1.03504,0.220778,2.411,2.63305
1.04286,0.220778,2.411,2.63614
1.05069,0.220778,2.411,2.63924
1.05851,0.220778,2.411,2.64237
1.07386,0.222335,2.428,2.66417
1.08174,0.222335,2.428,2.66735
1.08962,0.222335,2.428,2.67056
1.0975,0.222335,2.428,2.67378
1.10538,0.222335,2.428,2.67703
1.12105,0.223892,2.445,2.69906
1.12899,0.223892,2.445,2.70236
1.13693,0.223892,2.445,2.70569
1.14486,0.223892,2.445,2.70903
1.1528,0.223892,2.445,2.7124
1.16073,0.223892,2.445,2.71578
1.16867,0.223892,2.445,2.71918
1.17661,0.223892,2.445,2.7226
1.18454,0.223892,2.445,2.72604
1.19248,0.223892,2.445,2.7295
1.20041,0.223892,2.445,2.73297
1.20835,0.223892,2.445,2.73647
1.21629,0.223892,2.445,2.73998
1.22422,0.223892,2.445,2.74351
1.23216,0.223892,2.445,2.74706
1.24009,0.223892,2.445,2.75063
1.24803,0.223892,2.445,2.75422
1.25596,0.223892,2.445,2.75783
1.27321,0.22554,2.463,2.78178
1.2812,0.22554,2.463,2.78545
1.28919,0.22554,2.463,2.78913
1.30667,0.227188,2.481,2.81325
1.31472,0.227188,2.481,2.817
1.33237,0.228837,2.499,2.84123
1.35014,0.230485,2.517,2.86553
1.35831,0.230485,2.517,2.86939
1.38711,0.233965,2.555,2.91665
1.40578,0.235704,2.574,2.94232
1.41413,0.235704,2.574,2.94632
1.43298,0.237444,2.593,2.97212
1.46364,0.241107,2.633,3.02209
1.48392,0.24303,2.654,3.05038
1.49254,0.24303,2.654,3.05458
1.51303,0.244953,2.675,3.083
1.52171,0.244953,2.675,3.08727
1.5304,0.244953,2.675,3.09156
1.55116,0.246876,2.696,3.12017
1.57206,0.248799,2.717,3.14887
1.56866,0.246876,2.696,3.12891
1.57741,0.246876,2.696,3.1333
1.57381,0.244953,2.675,3.11328
1.58249,0.244953,2.675,3.11768
1.56619,0.241107,2.633,3.07307
1.56277,0.239276,2.613,3.05406
1.57125,0.239276,2.613,3.05841
1.56764,0.237444,2.593,3.03933
1.56451,0.235704,2.574,3.02138
1.57287,0.235704,2.574,3.02571
1.55788,0.232225,2.536,2.98533
1.54326,0.228837,2.499,2.94602
1.55137,0.228837,2.499,2.95027
1.55948,0.228837,2.499,2.95455
1.5563,0.227188,2.481,2.93753
1.56435,0.227188,2.481,2.9418
1.561,0.22554,2.463,2.92471
1.56899,0.22554,2.463,2.92899
1.57699,0.22554,2.463,2.93328
1.58498,0.22554,2.463,2.93759
1.58133,0.223892,2.445,2.92041
1.57822,0.222335,2.428,2.90438
1.5861,0.222335,2.428,2.90867
1.58282,0.220778,2.411,2.89257
1.59065,0.220778,2.411,2.89686
1.59847,0.220778,2.411,2.90117
1.6063,0.220778,2.411,2.90549
1.61412,0.220778,2.411,2.90982
1.62195,0.220778,2.411,2.91417
1.61828,0.219222,2.394,2.89795
1.62605,0.219222,2.394,2.9023
-1.78567,0.244057,2.574,3.14224
-1.77731,0.244057,2.574,3.1375
-1.76896,0.244057,2.574,3.13277
-1.7606,0.244057,2.574,3.12806
-1.75225,0.244057,2.574,3.12337
-1.75677,0.245858,2.593,3.14171
-1.74835,0.245858,2.593,3.13701
-1.73994,0.245858,2.593,3.13233
-1.73152,0.245858,2.593,3.12766
-1.7231,0.245858,2.593,3.12301
-1.71469,0.245858,2.593,3.11837
-1.71943,0.247754,2.613,3.13777
-1.71095,0.247754,2.613,3.13313
-1.70247,0.247754,2.613,3.12851
-1.70695,0.249651,2.633,3.14781
-1.71195,0.251642,2.654,3.16825
-1.70334,0.251642,2.654,3.16361
-1.69472,0.251642,2.654,3.15898
-1.68611,0.251642,2.654,3.15436
-1.6775,0.251642,2.654,3.14977
-1.66888,0.251642,2.654,3.14519
-1.66027,0.251642,2.654,3.14063
-1.65165,0.251642,2.654,3.13608
-1.63004,0.249651,2.633,3.10677
-1.62149,0.249651,2.633,3.1023
-1.61295,0.249651,2.633,3.09784
-1.59221,0.247754,2.613,3.0699
-1.57161,0.245858,2.593,3.04205
-1.54029,0.242255,2.555,2.99319
-1.53199,0.242255,2.555,2.98893
-1.51237,0.240454,2.536,2.96249
-1.48219,0.236945,2.499,2.91514
-1.47408,0.236945,2.499,2.91102
-1.44485,0.233532,2.463,2.86505
-1.42636,0.231825,2.445,2.84012
-1.41842,0.231825,2.445,2.83614
-1.39087,0.228602,2.411,2.79279
-1.37329,0.22699,2.394,2.76924
-1.36552,0.22699,2.394,2.7654
-1.34811,0.225378,2.377,2.74196
-1.3404,0.225378,2.377,2.73817
-1.33268,0.225378,2.377,2.7344
-1.32497,0.225378,2.377,2.73065
-1.31725,0.225378,2.377,2.72692
-1.3189,0.22699,2.394,2.74267
-1.32044,0.228602,2.411,2.7584
-1.31262,0.228602,2.411,2.75466
-1.32319,0.231825,2.445,2.78973
-1.33462,0.235239,2.481,2.827
-1.32657,0.235239,2.481,2.8232
-1.33765,0.238652,2.517,2.86034
-1.34955,0.242255,2.555,2.89965
-1.3612,0.245858,2.593,2.93887
-1.35279,0.245858,2.593,2.93498
-1.36511,0.249651,2.633,2.97633
-1.3782,0.253633,2.675,3.01983
-1.36952,0.253633,2.675,3.01588
-1.36084,0.253633,2.675,3.01195
-1.35216,0.253633,2.675,3.00804
-1.34347,0.253633,2.675,3.00414
-1.32431,0.251642,2.654,2.97672
-1.30529,0.249651,2.633,2.94937
-1.29674,0.249651,2.633,2.9456
-1.27841,0.247754,2.613,2.9195
-1.26021,0.245858,2.593,2.89348
-1.25179,0.245858,2.593,2.88982
-1.23427,0.244057,2.574,2.86504
-1.21686,0.242255,2.555,2.84033
-1.20857,0.242255,2.555,2.83679
-1.19135,0.240454,2.536,2.81219
-1.17426,0.238652,2.517,2.78767
-1.16609,0.238652,2.517,2.78424
-1.14964,0.236945,2.499,2.76094
-1.1333,0.235239,2.481,2.73771
-1.11709,0.233532,2.463,2.71455
-1.10909,0.233532,2.463,2.71127
-1.1011,0.233532,2.463,2.70801
-1.08512,0.231825,2.445,2.685
-1.07718,0.231825,2.445,2.68181
-1.06181,0.230214,2.428,2.66
-1.05393,0.230214,2.428,2.65687
-1.04605,0.230214,2.428,2.65375
-1.03817,0.230214,2.428,2.65066
-1.03029,0.230214,2.428,2.64758
-1.02241,0.230214,2.428,2.64452
-1.01452,0.230214,2.428,2.64149
-1.00664,0.230214,2.428,2.63847
-0.998763,0.230214,2.428,2.63547
-0.990883,0.230214,2.428,2.6325
-0.983002,0.230214,2.428,2.62954
-0.981949,0.231825,2.445,2.64499
-0.974013,0.231825,2.445,2.64206
-0.966077,0.231825,2.445,2.63914
-0.958141,0.231825,2.445,2.63625
-0.950205,0.231825,2.445,2.63337
-0.94227,0.231825,2.445,2.63052
-0.934334,0.231825,2.445,2.62769
-0.926398,0.231825,2.445,2.62488
-0.918462,0.231825,2.445,2.62209
-0.910526,0.231825,2.445,2.61932
-0.909235,0.233532,2.463,2.63583
-0.901241,0.233532,2.463,2.63309
-0.893246,0.233532,2.463,2.63036
-0.878783,0.231825,2.445,2.60845
-0.870847,0.231825,2.445,2.60579
-0.862911,0.231825,2.445,2.60315
-0.854975,0.231825,2.445,2.60053
-0.847039,0.231825,2.445,2.59793
-0.845281,0.233532,2.463,2.61446
-0.837286,0.233532,2.463,2.61189
-0.829292,0.233532,2.463,2.60934
-0.821298,0.233532,2.463,2.60681
-0.813304,0.233532,2.463,2.6043
-0.805309,0.233532,2.463,2.60181
-0.797315,0.233532,2.463,2.59935
-0.789321,0.233532,2.463,2.59691
-0.781326,0.233532,2.463,2.59449
-0.773332,0.233532,2.463,2.59209
-0.765338,0.233532,2.463,2.58972
-0.757344,0.233532,2.463,2.58737
-0.749349,0.233532,2.463,2.58504
-0.746773,0.235239,2.481,2.60161
-0.73872,0.235239,2.481,2.59931
-0.730668,0.235239,2.481,2.59703
-0.722615,0.235239,2.481,2.59478
-0.714562,0.235239,2.481,2.59255
-0.706509,0.235239,2.481,2.59034
-0.698457,0.235239,2.481,2.58815
-0.690404,0.235239,2.481,2.58599
-0.682351,0.235239,2.481,2.58385
-0.674299,0.235239,2.481,2.58174
-0.666246,0.235239,2.481,2.57965
-0.658193,0.235239,2.481,2.57758
-0.65014,0.235239,2.481,2.57554
-0.642088,0.235239,2.481,2.57351
-0.634035,0.235239,2.481,2.57152
-0.625982,0.235239,2.481,2.56954
-0.61793,0.235239,2.481,2.56759
-0.609877,0.235239,2.481,2.56567
-0.601824,0.235239,2.481,2.56377
-0.593771,0.235239,2.481,2.56189
-0.585719,0.235239,2.481,2.56003
-0.577666,0.235239,2.481,2.5582
-0.573746,0.236945,2.499,2.57494
-0.565635,0.236945,2.499,2.57315
-0.557524,0.236945,2.499,2.57138
-0.549413,0.236945,2.499,2.56963
-0.541301,0.236945,2.499,2.56791
-0.53319,0.236945,2.499,2.56621
-0.525079,0.236945,2.499,2.56454
-0.520692,0.238652,2.517,2.58135
-0.512522,0.238652,2.517,2.57971
-0.504353,0.238652,2.517,2.5781
-0.496183,0.238652,2.517,2.57652
-0.488013,0.238652,2.517,2.57496
-0.476412,0.236945,2.499,2.55502
-0.468301,0.236945,2.499,2.55352
-0.46019,0.236945,2.499,2.55204
-0.452079,0.236945,2.499,2.55059
-0.44077,0.235239,2.481,2.53081
-0.432717,0.235239,2.481,2.52942
-0.424665,0.235239,2.481,2.52805
-0.416612,0.235239,2.481,2.52671
-0.408559,0.235239,2.481,2.5254
-0.400506,0.235239,2.481,2.5241
-0.389606,0.233532,2.463,2.50454
-0.381612,0.233532,2.463,2.5033
-0.373618,0.233532,2.463,2.5021
-0.365624,0.233532,2.463,2.50092
-0.357629,0.233532,2.463,2.49976
-0.349635,0.233532,2.463,2.49863
-0.341641,0.233532,2.463,2.49752
-0.333646,0.233532,2.463,2.49644
-0.325652,0.233532,2.463,2.49539
-0.317658,0.233532,2.463,2.49436
-0.309664,0.233532,2.463,2.49335
-0.303874,0.235239,2.481,2.51059
-0.295821,0.235239,2.481,2.50962
-0.287769,0.235239,2.481,2.50869
-0.279716,0.235239,2.481,2.50778
-0.271663,0.235239,2.481,2.50689
-0.26361,0.235239,2.481,2.50603
-0.257412,0.236945,2.499,2.52337
-0.249301,0.236945,2.499,2.52256
-0.24119,0.236945,2.499,2.52177
-0.234757,0.238652,2.517,2.53916
-0.226588,0.238652,2.517,2.53842
-0.218418,0.238652,2.517,2.53771
-0.210249,0.238652,2.517,2.53702
-0.203604,0.240454,2.536,2.5555
-0.195373,0.240454,2.536,2.55486
-0.187142,0.240454,2.536,2.55424
-0.178911,0.240454,2.536,2.55365
-0.170679,0.240454,2.536,2.55309
-0.162448,0.240454,2.536,2.55255
-0.154217,0.240454,2.536,2.55204
-0.145986,0.240454,2.536,2.55155
-0.137755,0.240454,2.536,2.5511
-0.129523,0.240454,2.536,2.55066
-0.121292,0.240454,2.536,2.55026
-0.113061,0.240454,2.536,2.54988
-0.10483,0.240454,2.536,2.54953
-0.0965985,0.240454,2.536,2.5492
-0.0883672,0.240454,2.536,2.54891
-0.0795356,0.238652,2.517,2.52954
-0.0713661,0.238652,2.517,2.5293
-0.0631965,0.238652,2.517,2.52908
-0.055027,0.238652,2.517,2.52889
-0.0468574,0.238652,2.517,2.52872
-0.0386878,0.238652,2.517,2.52858
-0.0305183,0.238652,2.517,2.52847
-0.0223487,0.238652,2.517,2.52839
-0.0141792,0.238652,2.517,2.52833
-0.00600962,0.238652,2.517,2.5283
0.00215994,0.238652,2.517,2.52829
0.0103295,0.238652,2.517,2.52831
0.0184991,0.238652,2.517,2.52836
0.0266686,0.238652,2.517,2.52843
0.0348382,0.238652,2.517,2.52853
0.0430077,0.238652,2.517,2.52865
0.0511773,0.238652,2.517,2.52881
0.0593468,0.238652,2.517,2.52899
0.0675164,0.238652,2.517,2.52919
0.075686,0.238652,2.517,2.52942
0.0832558,0.236945,2.499,2.51159
0.091367,0.236945,2.499,2.51187
0.0994781,0.236945,2.499,2.51218
0.107589,0.236945,2.499,2.51251
0.1157,0.236945,2.499,2.51287
0.124703,0.238652,2.517,2.53136
0.132873,0.238652,2.517,2.53178
0.141042,0.238652,2.517,2.53222
0.149212,0.238652,2.517,2.53269
0.157382,0.238652,2.517,2.53318
0.165551,0.238652,2.517,2.5337
0.173721,0.238652,2.517,2.53425
0.18189,0.238652,2.517,2.53482
0.19006,0.238652,2.517,2.53542
0.196812,0.236945,2.499,2.51791
0.204923,0.236945,2.499,2.51856
0.213034,0.236945,2.499,2.51923
0.221145,0.236945,2.499,2.51993
0.230908,0.238652,2.517,2.53881
0.237367,0.236945,2.499,2.52141
0.245479,0.236945,2.499,2.52218
0.251763,0.235239,2.481,2.50481
0.259816,0.235239,2.481,2.50563
0.267868,0.235239,2.481,2.50648
0.275921,0.235239,2.481,2.50736
0.283974,0.235239,2.481,2.50825
0.292027,0.235239,2.481,2.50918
0.297902,0.233532,2.463,2.49192
0.305896,0.233532,2.463,2.49289
0.313891,0.233532,2.463,2.49388
0.321885,0.233532,2.463,2.4949
0.329879,0.233532,2.463,2.49594
0.337874,0.233532,2.463,2.49701
0.345868,0.233532,2.463,2.49811
0.353862,0.233532,2.463,2.49922
0.361856,0.233532,2.463,2.50037
0.369851,0.233532,2.463,2.50154
0.377845,0.233532,2.463,2.50273
0.385839,0.233532,2.463,2.50395
0.393834,0.233532,2.463,2.5052
0.398891,0.231825,2.445,2.48815
0.406827,0.231825,2.445,2.48943
0.414763,0.231825,2.445,2.49074
0.422699,0.231825,2.445,2.49208
0.430635,0.231825,2.445,2.49343
0.438571,0.231825,2.445,2.49482
0.446507,0.231825,2.445,2.49622
0.454442,0.231825,2.445,2.49766
0.462378,0.231825,2.445,2.49911
0.470314,0.231825,2.445,2.50059
0.474925,0.230214,2.428,2.4847
0.482805,0.230214,2.428,2.48622
0.490686,0.230214,2.428,2.48776
0.498567,0.230214,2.428,2.48933
0.506447,0.230214,2.428,2.49092
0.514328,0.230214,2.428,2.49253
0.518552,0.228602,2.411,2.47671
0.526378,0.228602,2.411,2.47836
0.534203,0.228602,2.411,2.48003
0.538207,0.22699,2.394,2.46423
0.545977,0.22699,2.394,2.46594
0.553748,0.22699,2.394,2.46767
0.557531,0.225378,2.377,2.45189
0.565246,0.225378,2.377,2.45366
0.572961,0.225378,2.377,2.45544
0.576768,0.223861,2.361,2.44072
0.584431,0.223861,2.361,2.44254
0.592094,0.223861,2.361,2.44438
0.595693,0.222344,2.345,2.42967
0.603304,0.222344,2.345,2.43155
0.610915,0.222344,2.345,2.43345
0.614306,0.220827,2.329,2.41876
0.621866,0.220827,2.329,2.42069
0.629425,0.220827,2.329,2.42264
0.632608,0.21931,2.313,2.40796
0.640116,0.21931,2.313,2.40994
0.647623,0.21931,2.313,2.41195
0.655131,0.21931,2.313,2.41397
0.662638,0.21931,2.313,2.41602
0.670146,0.21931,2.313,2.41809
0.677653,0.21931,2.313,2.42018
0.680717,0.217887,2.298,2.40659
0.688176,0.217887,2.298,2.40871
0.695635,0.217887,2.298,2.41085
0.703093,0.217887,2.298,2.41301
0.705605,0.21637,2.282,2.39838
0.713012,0.21637,2.282,2.40057
0.720418,0.21637,2.282,2.40278
0.723041,0.214948,2.267,2.3892
0.725566,0.213526,2.252,2.37561
0.732876,0.213526,2.252,2.37786
0.740185,0.213526,2.252,2.38012
0.747495,0.213526,2.252,2.3824
0.759832,0.214948,2.267,2.40059
0.76719,0.214948,2.267,2.40293
0.774548,0.214948,2.267,2.40529
0.78708,0.21637,2.282,2.4236
0.794486,0.21637,2.282,2.42602
0.807516,0.217887,2.298,2.44548
0.820294,0.21931,2.313,2.46393
0.839254,0.222344,2.345,2.50056
0.846865,0.222344,2.345,2.50313
0.860307,0.223861,2.361,2.52281
0.880102,0.22699,2.394,2.56073
0.887872,0.22699,2.394,2.56341
0.902002,0.228602,2.411,2.58434
0.916243,0.230214,2.428,2.60532
0.924124,0.230214,2.428,2.6081
0.932004,0.230214,2.428,2.6109
0.939885,0.230214,2.428,2.61373
0.947766,0.230214,2.428,2.61657
0.955646,0.230214,2.428,2.61944
0.963527,0.230214,2.428,2.62232
0.971408,0.230214,2.428,2.62523
0.979289,0.230214,2.428,2.62815
0.987169,0.230214,2.428,2.6311
0.99505,0.230214,2.428,2.63407
1.00293,0.230214,2.428,2.63705
1.00373,0.228602,2.411,2.62158
1.01156,0.228602,2.411,2.62458
1.01938,0.228602,2.411,2.62761
1.02721,0.228602,2.411,2.63065
1.03504,0.228602,2.411,2.63372
1.04286,0.228602,2.411,2.6368
1.05069,0.228602,2.411,2.63991
1.06598,0.230214,2.428,2.66167
1.07386,0.230214,2.428,2.66484
1.08174,0.230214,2.428,2.66802
1.08962,0.230214,2.428,2.67123
1.0975,0.230214,2.428,2.67445
1.10538,0.230214,2.428,2.67769
1.11326,0.230214,2.428,2.68096
1.12899,0.231825,2.445,2.70303
1.13693,0.231825,2.445,2.70636
1.14486,0.231825,2.445,2.7097
1.1528,0.231825,2.445,2.71306
1.16073,0.231825,2.445,2.71644
1.16867,0.231825,2.445,2.71985
1.17661,0.231825,2.445,2.72326
1.18454,0.231825,2.445,2.7267
1.19248,0.231825,2.445,2.73016
1.20041,0.231825,2.445,2.73364
1.20835,0.231825,2.445,2.73713
1.21629,0.231825,2.445,2.74064
1.22422,0.231825,2.445,2.74417
1.23216,0.231825,2.445,2.74772
1.24009,0.231825,2.445,2.75129
1.24803,0.231825,2.445,2.75488
1.25596,0.231825,2.445,2.75848
1.2639,0.231825,2.445,2.7621
1.27184,0.231825,2.445,2.76574
1.27977,0.231825,2.445,2.7694
1.30667,0.235239,2.481,2.81391
1.31472,0.235239,2.481,2.81766
1.32277,0.235239,2.481,2.82142
1.34048,0.236945,2.499,2.8457
1.34859,0.236945,2.499,2.84953
1.36648,0.238652,2.517,2.87393
1.38502,0.240454,2.536,2.89955
1.39325,0.240454,2.536,2.90349
1.41198,0.242255,2.555,2.92923
1.4414,0.245858,2.593,2.97687
1.461,0.247754,2.613,3.00394
1.46948,0.247754,2.613,3.00808
1.48927,0.249651,2.633,3.03528
1.49782,0.249651,2.633,3.03949
1.50637,0.249651,2.633,3.04371
1.527,0.251642,2.654,3.07226
1.54776,0.253633,2.675,3.10089
1.54422,0.251642,2.654,3.08085
1.55284,0.251642,2.654,3.08518
1.5491,0.249651,2.633,3.06508
1.55764,0.249651,2.633,3.06941
1.55429,0.247754,2.613,3.05041
1.55081,0.245858,2.593,3.03136
1.55923,0.245858,2.593,3.03567
1.55616,0.244057,2.574,3.01773
1.55296,0.242255,2.555,2.99973
1.56126,0.242255,2.555,3.00404
1.55788,0.240454,2.536,2.98598
1.54326,0.236945,2.499,2.94666
1.55137,0.236945,2.499,2.95091
1.55948,0.236945,2.499,2.95519
1.5563,0.235239,2.481,2.93816
1.56435,0.235239,2.481,2.94243
1.561,0.233532,2.463,2.92534
1.56899,0.233532,2.463,2.92962
1.57699,0.233532,2.463,2.9339
1.5734,0.231825,2.445,2.91674
1.57034,0.230214,2.428,2.90072
1.57822,0.230214,2.428,2.90499
1.5861,0.230214,2.428,2.90928
1.58282,0.228602,2.411,2.89318
1.59065,0.228602,2.411,2.89747
1.59847,0.228602,2.411,2.90177
1.6063,0.228602,2.411,2.90609
1.61412,0.228602,2.411,2.91043
1.62195,0.228602,2.411,2.91477
1.61828,0.22699,2.394,2.89855
1.62605,0.22699,2.394,2.9029
-1.78567,0.252409,2.574,3.1429
-1.77731,0.252409,2.574,3.13816
-1.76896,0.252409,2.574,3.13343
-1.7606,0.252409,2.574,3.12872
-1.75225,0.252409,2.574,3.12403
-1.75677,0.254272,2.593,3.14238
-1.74835,0.254272,2.593,3.13768
-1.73994,0.254272,2.593,3.133
-1.73152,0.254272,2.593,3.12833
-1.73639,0.256233,2.613,3.14777
-1.72791,0.256233,2.613,3.1431
-1.71943,0.256233,2.613,3.13845
-1.72405,0.258194,2.633,3.1578
-1.7155,0.258194,2.633,3.15314
-1.73418,0.262313,2.675,3.19872
-1.7255,0.262313,2.675,3.19402
-1.71682,0.262313,2.675,3.18934
-1.70813,0.262313,2.675,3.18468
-1.71279,0.264372,2.696,3.20499
-1.70404,0.264372,2.696,3.20032
-1.69529,0.264372,2.696,3.19567
-1.6734,0.262313,2.675,3.16618
-1.66472,0.262313,2.675,3.1616
-1.65604,0.262313,2.675,3.15704
-1.63443,0.260254,2.654,3.12775
-1.62581,0.260254,2.654,3.12325
-1.6044,0.258194,2.633,3.0941
-1.58373,0.256233,2.613,3.06621
-1.55174,0.252409,2.574,3.01614
-1.54339,0.252409,2.574,3.01185
-1.5237,0.250546,2.555,2.98537
-1.49287,0.246819,2.517,2.93681
-1.4847,0.246819,2.517,2.93267
-1.45541,0.243289,2.481,2.88665
-1.42636,0.239759,2.445,2.84078
-1.41842,0.239759,2.445,2.8368
-1.40068,0.238092,2.428,2.81314
-1.37329,0.234758,2.394,2.76989
-1.36552,0.234758,2.394,2.76604
-1.34811,0.233091,2.377,2.7426
-1.3404,0.233091,2.377,2.73882
-1.33268,0.233091,2.377,2.73505
-1.32497,0.233091,2.377,2.7313
-1.31725,0.233091,2.377,2.72757
-1.3189,0.234758,2.394,2.74333
-1.32975,0.238092,2.428,2.77851
-1.32187,0.238092,2.428,2.77475
-1.33293,0.241524,2.463,2.81094
-1.35399,0.246819,2.517,2.86871
-1.34582,0.246819,2.517,2.86486
-1.34774,0.248683,2.536,2.88263
-1.35959,0.252409,2.574,2.92193
-1.3612,0.254272,2.593,2.93959
-1.35279,0.254272,2.593,2.9357
-1.36511,0.258194,2.633,2.97706
-1.3782,0.262313,2.675,3.02058
-1.36952,0.262313,2.675,3.01662
-1.36084,0.262313,2.675,3.01269
-1.35216,0.262313,2.675,3.00878
-1.34347,0.262313,2.675,3.00489
-1.32431,0.260254,2.654,2.97746
-1.30529,0.258194,2.633,2.95011
-1.29674,0.258194,2.633,2.94634
-1.27841,0.256233,2.613,2.92023
-1.26021,0.254272,2.593,2.89421
-1.25179,0.254272,2.593,2.89055
-1.23427,0.252409,2.574,2.86576
-1.21686,0.250546,2.555,2.84105
-1.20857,0.250546,2.555,2.83751
-1.19135,0.248683,2.536,2.81291
-1.17426,0.246819,2.517,2.78838
-1.15775,0.245054,2.499,2.76504
-1.14964,0.245054,2.499,2.76165
-1.1333,0.243289,2.481,2.73842
-1.11709,0.241524,2.463,2.71525
-1.10909,0.241524,2.463,2.71197
-1.1011,0.241524,2.463,2.70871
-1.08512,0.239759,2.445,2.6857
-1.07718,0.239759,2.445,2.6825
-1.06181,0.238092,2.428,2.6607
-1.05393,0.238092,2.428,2.65756
-1.04605,0.238092,2.428,2.65445
-1.03817,0.238092,2.428,2.65135
-1.03029,0.238092,2.428,2.64828
-1.02241,0.238092,2.428,2.64522
-1.01452,0.238092,2.428,2.64218
-1.00664,0.238092,2.428,2.63917
-0.998763,0.238092,2.428,2.63617
-0.990883,0.238092,2.428,2.6332
-0.983002,0.238092,2.428,2.63024
-0.981949,0.239759,2.445,2.6457
-0.974013,0.239759,2.445,2.64277
-0.966077,0.239759,2.445,2.63985
-0.958141,0.239759,2.445,2.63696
-0.950205,0.239759,2.445,2.63408
-0.94227,0.239759,2.445,2.63123
-0.934334,0.239759,2.445,2.6284
-0.926398,0.239759,2.445,2.62559
-0.918462,0.239759,2.445,2.6228
-0.910526,0.239759,2.445,2.62003
-0.909235,0.241524,2.463,2.63655
-0.901241,0.241524,2.463,2.63381
-0.893246,0.241524,2.463,2.63108
-0.878783,0.239759,2.445,2.60917
-0.870847,0.239759,2.445,2.60651
-0.862911,0.239759,2.445,2.60387
-0.861269,0.241524,2.463,2.6204
-0.853275,0.241524,2.463,2.61778
-0.845281,0.241524,2.463,2.61519
-0.837286,0.241524,2.463,2.61261
-0.829292,0.241524,2.463,2.61006
-0.821298,0.241524,2.463,2.60753
-0.813304,0.241524,2.463,2.60503
-0.805309,0.241524,2.463,2.60254
-0.797315,0.241524,2.463,2.60008
-0.789321,0.241524,2.463,2.59764
-0.781326,0.241524,2.463,2.59522
-0.773332,0.241524,2.463,2.59283
-0.765338,0.241524,2.463,2.59045
-0.757344,0.241524,2.463,2.5881
-0.754826,0.243289,2.481,2.60467
-0.746773,0.243289,2.481,2.60235
-0.73872,0.243289,2.481,2.60005
-0.730668,0.243289,2.481,2.59777
-0.722615,0.243289,2.481,2.59552
-0.714562,0.243289,2.481,2.59329
-0.706509,0.243289,2.481,2.59108
-0.698457,0.243289,2.481,2.5889
-0.690404,0.243289,2.481,2.58674
-0.682351,0.243289,2.481,2.5846
-0.674299,0.243289,2.481,2.58249
-0.67108,0.245054,2.499,2.59912
-0.662968,0.245054,2.499,2.59703
-0.654857,0.245054,2.499,2.59497
-0.646746,0.245054,2.499,2.59294
-0.638635,0.245054,2.499,2.59093
-0.630524,0.245054,2.499,2.58894
-0.622413,0.245054,2.499,2.58698
-0.614302,0.245054,2.499,2.58504
-0.606191,0.245054,2.499,2.58312
-0.598079,0.245054,2.499,2.58123
-0.589968,0.245054,2.499,2.57936
-0.581857,0.245054,2.499,2.57752
-0.573746,0.245054,2.499,2.5757
-0.565635,0.245054,2.499,2.57391
-0.557524,0.245054,2.499,2.57214
-0.55337,0.246819,2.517,2.5889
-0.5452,0.246819,2.517,2.58717
-0.537031,0.246819,2.517,2.58546
-0.528861,0.246819,2.517,2.58378
-0.520692,0.246819,2.517,2.58212
-0.512522,0.246819,2.517,2.58048
-0.504353,0.246819,2.517,2.57887
-0.496183,0.246819,2.517,2.57729
-0.488013,0.246819,2.517,2.57573
-0.479844,0.246819,2.517,2.57419
-0.471674,0.246819,2.517,2.57268
-0.463505,0.246819,2.517,2.5712
-0.452079,0.245054,2.499,2.55136
-0.44077,0.243289,2.481,2.53157
-0.432717,0.243289,2.481,2.53018
-0.424665,0.243289,2.481,2.52881
-0.416612,0.243289,2.481,2.52747
-0.408559,0.243289,2.481,2.52616
-0.400506,0.243289,2.481,2.52487
-0.389606,0.241524,2.463,2.50529
-0.381612,0.241524,2.463,2.50406
-0.373618,0.241524,2.463,2.50286
-0.365624,0.241524,2.463,2.50168
-0.357629,0.241524,2.463,2.50052
-0.349635,0.241524,2.463,2.49939
-0.341641,0.241524,2.463,2.49828
-0.333646,0.241524,2.463,2.4972
-0.325652,0.241524,2.463,2.49615
-0.317658,0.241524,2.463,2.49512
-0.309664,0.241524,2.463,2.49411
-0.303874,0.243289,2.481,2.51135
-0.295821,0.243289,2.481,2.51039
-0.287769,0.243289,2.481,2.50945
-0.279716,0.243289,2.481,2.50854
-0.271663,0.243289,2.481,2.50766
-0.26361,0.243289,2.481,2.5068
-0.259266,0.246819,2.517,2.54233
-0.251096,0.246819,2.517,2.54151
-0.242927,0.246819,2.517,2.54071
-0.234757,0.246819,2.517,2.53995
-0.226588,0.246819,2.517,2.5392
-0.220067,0.248683,2.536,2.55765
-0.211836,0.248683,2.536,2.55695
-0.203604,0.248683,2.536,2.55629
-0.195373,0.248683,2.536,2.55564
-0.187142,0.248683,2.536,2.55503
-0.178911,0.248683,2.536,2.55444
-0.171958,0.250546,2.555,2.57301
-0.163665,0.250546,2.555,2.57247
-0.155372,0.250546,2.555,2.57195
-0.14708,0.250546,2.555,2.57146
-0.138787,0.250546,2.555,2.571
-0.129523,0.248683,2.536,2.55145
-0.121292,0.248683,2.536,2.55105
-0.113061,0.248683,2.536,2.55067
-0.10483,0.248683,2.536,2.55032
-0.0965985,0.248683,2.536,2.54999
-0.0883672,0.248683,2.536,2.5497
-0.080136,0.248683,2.536,2.54942
-0.0719048,0.248683,2.536,2.54918
-0.0636736,0.248683,2.536,2.54896
-0.0554423,0.248683,2.536,2.54877
-0.0468574,0.246819,2.517,2.52951
-0.0386878,0.246819,2.517,2.52937
-0.0305183,0.246819,2.517,2.52926
-0.0223487,0.246819,2.517,2.52917
-0.0141792,0.246819,2.517,2.52911
-0.00600962,0.246819,2.517,2.52908
0.00215994,0.246819,2.517,2.52907
0.0103295,0.246819,2.517,2.52909
0.0184991,0.246819,2.517,2.52914
0.0266686,0.246819,2.517,2.52921
0.0348382,0.246819,2.517,2.52931
0.0430077,0.246819,2.517,2.52944
0.0511773,0.246819,2.517,2.52959
0.0593468,0.246819,2.517,2.52977
0.0675164,0.246819,2.517,2.52997
0.075686,0.246819,2.517,2.53021
0.0838555,0.246819,2.517,2.53046
0.0920251,0.246819,2.517,2.53075
0.100195,0.246819,2.517,2.53106
0.108364,0.246819,2.517,2.53139
0.116534,0.246819,2.517,2.53176
0.124703,0.246819,2.517,2.53215
0.132873,0.246819,2.517,2.53256
0.141042,0.246819,2.517,2.533
0.149212,0.246819,2.517,2.53347
0.157382,0.246819,2.517,2.53396
0.165551,0.246819,2.517,2.53449
0.173721,0.246819,2.517,2.53503
0.18189,0.246819,2.517,2.53561
0.19006,0.246819,2.517,2.5362
0.196812,0.245054,2.499,2.51869
0.204923,0.245054,2.499,2.51933
0.213034,0.245054,2.499,2.52001
0.221145,0.245054,2.499,2.52071
0.230908,0.246819,2.517,2.53959
0.237367,0.245054,2.499,2.52218
0.245479,0.245054,2.499,2.52296
0.251763,0.243289,2.481,2.50558
0.259816,0.243289,2.481,2.5064
0.267868,0.243289,2.481,2.50725
0.275921,0.243289,2.481,2.50812
0.283974,0.243289,2.481,2.50902
0.292027,0.243289,2.481,2.50995
0.297902,0.241524,2.463,2.49268
0.305896,0.241524,2.463,2.49365
0.313891,0.241524,2.463,2.49464
0.321885,0.241524,2.463,2.49566
0.329879,0.241524,2.463,2.4967
0.337874,0.241524,2.463,2.49777
0.345868,0.241524,2.463,2.49887
0.353862,0.241524,2.463,2.49998
0.361856,0.241524,2.463,2.50113
0.369851,0.241524,2.463,2.5023
0.377845,0.241524,2.463,2.50349
0.385839,0.241524,2.463,2.50471
0.393834,0.241524,2.463,2.50595
0.398891,0.239759,2.445,2.4889
0.406827,0.239759,2.445,2.49018
0.414763,0.239759,2.445,2.49149
0.422699,0.239759,2.445,2.49283
0.430635,0.239759,2.445,2.49418
0.438571,0.239759,2.445,2.49557
0.446507,0.239759,2.445,2.49697
0.454442,0.239759,2.445,2.49841
0.462378,0.239759,2.445,2.49986
0.470314,0.239759,2.445,2.50134
0.474925,0.238092,2.428,2.48544
0.482805,0.238092,2.428,2.48696
0.490686,0.238092,2.428,2.4885
0.498567,0.238092,2.428,2.49007
0.506447,0.238092,2.428,2.49166
0.514328,0.238092,2.428,2.49327
0.518552,0.236425,2.411,2.47744
0.526378,0.236425,2.411,2.47909
0.534203,0.236425,2.411,2.48076
0.538207,0.234758,2.394,2.46496
0.545977,0.234758,2.394,2.46667
0.553748,0.234758,2.394,2.4684
0.557531,0.233091,2.377,2.45261
0.565246,0.233091,2.377,2.45438
0.572961,0.233091,2.377,2.45616
0.576768,0.231522,2.361,2.44143
0.584431,0.231522,2.361,2.44325
0.592094,0.231522,2.361,2.4451
0.595693,0.229953,2.345,2.43038
0.603304,0.229953,2.345,2.43226
0.610915,0.229953,2.345,2.43416
0.618527,0.229953,2.345,2.43608
0.621866,0.228384,2.329,2.42139
0.629425,0.228384,2.329,2.42334
0.636985,0.228384,2.329,2.42531
0.644544,0.228384,2.329,2.42731
0.647623,0.226815,2.313,2.41264
0.655131,0.226815,2.313,2.41467
0.662638,0.226815,2.313,2.41671
0.670146,0.226815,2.313,2.41878
0.677653,0.226815,2.313,2.42087
0.680717,0.225344,2.298,2.40727
0.683384,0.223775,2.282,2.39262
0.690791,0.223775,2.282,2.39474
0.698198,0.223775,2.282,2.39689
0.705605,0.223775,2.282,2.39906
0.713012,0.223775,2.282,2.40125
0.710948,0.220833,2.252,2.37186
0.718257,0.220833,2.252,2.37406
0.725566,0.220833,2.252,2.37628
0.732876,0.220833,2.252,2.37852
0.735255,0.219362,2.237,2.36493
0.742516,0.219362,2.237,2.3672
0.749777,0.219362,2.237,2.36948
0.757037,0.219362,2.237,2.37179
0.769423,0.220833,2.252,2.39004
0.781906,0.222304,2.267,2.40834
0.789264,0.222304,2.267,2.41074
0.801893,0.223775,2.282,2.42912
0.814974,0.225344,2.298,2.44863
0.827801,0.226815,2.313,2.46712
0.835309,0.226815,2.313,2.46965
0.854477,0.229953,2.345,2.5064
0.873852,0.233091,2.377,2.54324
0.881567,0.233091,2.377,2.5459
0.895642,0.234758,2.394,2.56681
0.909828,0.236425,2.411,2.58778
0.917653,0.236425,2.411,2.59054
0.932004,0.238092,2.428,2.61161
0.939885,0.238092,2.428,2.61443
0.947766,0.238092,2.428,2.61728
0.955646,0.238092,2.428,2.62014
0.963527,0.238092,2.428,2.62302
0.971408,0.238092,2.428,2.62593
0.979289,0.238092,2.428,2.62885
0.987169,0.238092,2.428,2.6318
0.99505,0.238092,2.428,2.63477
1.00293,0.238092,2.428,2.63775
1.01081,0.238092,2.428,2.64076
1.01869,0.238092,2.428,2.64379
1.01938,0.236425,2.411,2.6283
1.02721,0.236425,2.411,2.63135
1.03504,0.236425,2.411,2.63441
1.04286,0.236425,2.411,2.63749
1.05069,0.236425,2.411,2.6406
1.06598,0.238092,2.428,2.66236
1.07386,0.238092,2.428,2.66553
1.08174,0.238092,2.428,2.66871
1.08962,0.238092,2.428,2.67192
1.0975,0.238092,2.428,2.67514
1.10538,0.238092,2.428,2.67838
1.11326,0.238092,2.428,2.68165
1.12899,0.239759,2.445,2.70373
1.13693,0.239759,2.445,2.70705
1.14486,0.239759,2.445,2.71039
1.1528,0.239759,2.445,2.71375
1.16073,0.239759,2.445,2.71713
1.16867,0.239759,2.445,2.72053
1.17661,0.239759,2.445,2.72395
1.18454,0.239759,2.445,2.72739
1.19248,0.239759,2.445,2.73084
1.20041,0.239759,2.445,2.73432
1.20835,0.239759,2.445,2.73781
1.21629,0.239759,2.445,2.74132
1.22422,0.239759,2.445,2.74485
1.23216,0.239759,2.445,2.7484
1.24009,0.239759,2.445,2.75197
1.24803,0.239759,2.445,2.75556
1.25596,0.239759,2.445,2.75916
1.2639,0.239759,2.445,2.76278
1.27184,0.239759,2.445,2.76642
1.27977,0.239759,2.445,2.77008
1.30667,0.243289,2.481,2.81459
1.31472,0.243289,2.481,2.81834
1.32277,0.243289,2.481,2.82211
1.34048,0.245054,2.499,2.84639
1.34859,0.245054,2.499,2.85022
1.36648,0.246819,2.517,2.87462
1.38502,0.248683,2.536,2.90025
1.39325,0.248683,2.536,2.90419
1.41198,0.250546,2.555,2.92993
1.4414,0.254272,2.593,2.97757
1.461,0.256233,2.613,3.00465
1.46948,0.256233,2.613,3.00879
1.48927,0.258194,2.633,3.036
1.49782,0.258194,2.633,3.0402
1.50637,0.258194,2.633,3.04442
1.527,0.260254,2.654,3.07297
1.54776,0.262313,2.675,3.10161
1.54422,0.260254,2.654,3.08157
1.55284,0.260254,2.654,3.0859
1.5491,0.258194,2.633,3.06579
1.55764,0.258194,2.633,3.07012
1.55429,0.256233,2.613,3.05111
1.55081,0.254272,2.593,3.03205
1.55923,0.254272,2.593,3.03636
1.55616,0.252409,2.574,3.01841
1.55296,0.250546,2.555,3.00042
1.56126,0.250546,2.555,3.00472
1.55788,0.248683,2.536,2.98666
1.54326,0.245054,2.499,2.94732
1.55137,0.245054,2.499,2.95158
1.55948,0.245054,2.499,2.95585
1.5563,0.243289,2.481,2.93881
1.56435,0.243289,2.481,2.94309
1.561,0.241524,2.463,2.92599
1.56899,0.241524,2.463,2.93026
1.57699,0.241524,2.463,2.93455
1.5734,0.239759,2.445,2.91738
1.57034,0.238092,2.428,2.90135
1.56717,0.236425,2.411,2.88528
1.575,0.236425,2.411,2.88954
1.58282,0.236425,2.411,2.89381
1.59065,0.236425,2.411,2.8981
1.59847,0.236425,2.411,2.9024
1.59497,0.234758,2.394,2.88622
1.60274,0.234758,2.394,2.89052
1.61051,0.234758,2.394,2.89484
1.60679,0.233091,2.377,2.87858
1.61451,0.233091,2.377,2.8829
-1.78567,0.260761,2.574,3.14358
-1.77731,0.260761,2.574,3.13884
-1.76896,0.260761,2.574,3.13412
-1.7606,0.260761,2.574,3.12941
-1.75225,0.260761,2.574,3.12472
-1.75677,0.262686,2.593,3.14307
-1.74835,0.262686,2.593,3.13837
-1.73994,0.262686,2.593,3.13369
-1.73152,0.262686,2.593,3.12903
-1.73639,0.264712,2.613,3.14848
-1.72791,0.264712,2.613,3.14381
-1.71943,0.264712,2.613,3.13915
-1.72405,0.266738,2.633,3.15851
-1.7155,0.266738,2.633,3.15385
-1.73418,0.270993,2.675,3.19945
-1.7255,0.270993,2.675,3.19475
-1.71682,0.270993,2.675,3.19007
-1.70813,0.270993,2.675,3.1854
-1.71279,0.27312,2.696,3.20572
-1.70404,0.27312,2.696,3.20106
-1.69529,0.27312,2.696,3.19641
-1.6734,0.270993,2.675,3.16691
-1.66472,0.270993,2.675,3.16234
-1.65604,0.270993,2.675,3.15777
-1.63443,0.268866,2.654,3.12847
-1.62581,0.268866,2.654,3.12398
-1.6044,0.266738,2.633,3.09482
-1.58373,0.264712,2.613,3.06693
-1.55174,0.260761,2.574,3.01685
-1.54339,0.260761,2.574,3.01256
-1.5237,0.258836,2.555,2.98608
-1.49287,0.254987,2.517,2.93751
-1.4847,0.254987,2.517,2.93337
-1.45541,0.25134,2.481,2.88734
-1.42636,0.247693,2.445,2.84146
-1.41842,0.247693,2.445,2.83748
-1.40068,0.24597,2.428,2.81382
-1.37329,0.242526,2.394,2.77056
-1.36552,0.242526,2.394,2.76671
-1.34811,0.240804,2.377,2.74327
-1.3404,0.240804,2.377,2.73949
-1.33268,0.240804,2.377,2.73572
-1.32497,0.240804,2.377,2.73197
-1.31725,0.240804,2.377,2.72824
-1.3189,0.242526,2.394,2.744
-1.32975,0.24597,2.428,2.7792
-1.32187,0.24597,2.428,2.77543
-1.33293,0.249516,2.463,2.81164
-1.35399,0.254987,2.517,2.86942
-1.34582,0.254987,2.517,2.86558
-1.34774,0.256911,2.536,2.88335
-1.35959,0.260761,2.574,2.92266
-1.3717,0.264712,2.613,2.96301
-1.36322,0.264712,2.613,2.95909
-1.376,0.268866,2.654,3.00156
-1.38902,0.27312,2.696,3.04506
-1.38027,0.27312,2.696,3.04108
-1.37152,0.27312,2.696,3.03712
-1.35216,0.270993,2.675,3.00955
-1.34347,0.270993,2.675,3.00566
-1.33479,0.270993,2.675,3.00179
-1.3157,0.268866,2.654,2.9744
-1.30708,0.268866,2.654,2.9706
-1.27841,0.264712,2.613,2.92099
-1.26021,0.262686,2.593,2.89496
-1.25179,0.262686,2.593,2.8913
-1.23427,0.260761,2.574,2.86651
-1.21686,0.258836,2.555,2.84179
-1.20857,0.258836,2.555,2.83825
-1.19135,0.256911,2.536,2.81365
-1.17426,0.254987,2.517,2.78912
-1.15775,0.253163,2.499,2.76577
-1.14964,0.253163,2.499,2.76238
-1.1333,0.25134,2.481,2.73914
-1.12525,0.25134,2.481,2.73582
-1.1172,0.25134,2.481,2.73252
-1.1011,0.249516,2.463,2.70944
-1.08512,0.247693,2.445,2.68642
-1.07718,0.247693,2.445,2.68322
-1.06924,0.247693,2.445,2.68005
-1.06131,0.247693,2.445,2.67689
-1.05337,0.247693,2.445,2.67376
-1.04544,0.247693,2.445,2.67064
-1.0375,0.247693,2.445,2.66754
-1.02241,0.24597,2.428,2.64594
-1.01452,0.24597,2.428,2.6429
-1.00664,0.24597,2.428,2.63989
-1.00576,0.247693,2.445,2.65536
-0.997821,0.247693,2.445,2.65236
-0.989885,0.247693,2.445,2.64939
-0.981949,0.247693,2.445,2.64643
-0.974013,0.247693,2.445,2.6435
-0.966077,0.247693,2.445,2.64058
-0.958141,0.247693,2.445,2.63769
-0.950205,0.247693,2.445,2.63482
-0.94227,0.247693,2.445,2.63197
-0.934334,0.247693,2.445,2.62914
-0.926398,0.247693,2.445,2.62633
-0.925224,0.249516,2.463,2.64285
-0.917229,0.249516,2.463,2.64006
-0.909235,0.249516,2.463,2.6373
-0.901241,0.249516,2.463,2.63455
-0.893246,0.249516,2.463,2.63183
-0.885252,0.249516,2.463,2.62913
-0.877258,0.249516,2.463,2.62644
-0.869264,0.249516,2.463,2.62378
-0.861269,0.249516,2.463,2.62115
-0.853275,0.249516,2.463,2.61853
-0.845281,0.249516,2.463,2.61594
-0.837286,0.249516,2.463,2.61336
-0.829292,0.249516,2.463,2.61081
-0.821298,0.249516,2.463,2.60829
-0.813304,0.249516,2.463,2.60578
-0.805309,0.249516,2.463,2.6033
-0.797315,0.249516,2.463,2.60083
-0.789321,0.249516,2.463,2.59839
-0.781326,0.249516,2.463,2.59598
-0.773332,0.249516,2.463,2.59358
-0.770931,0.25134,2.481,2.61015
-0.762878,0.25134,2.481,2.60778
-0.754826,0.25134,2.481,2.60544
-0.746773,0.25134,2.481,2.60311
-0.73872,0.25134,2.481,2.60082
-0.730668,0.25134,2.481,2.59854
-0.722615,0.25134,2.481,2.59629
-0.714562,0.25134,2.481,2.59406
-0.706509,0.25134,2.481,2.59185
-0.698457,0.25134,2.481,2.58967
-0.695413,0.253163,2.499,2.60628
-0.687302,0.253163,2.499,2.60413
-0.679191,0.253163,2.499,2.602
-0.67108,0.253163,2.499,2.59989
-0.662968,0.253163,2.499,2.59781
-0.654857,0.253163,2.499,2.59575
-0.646746,0.253163,2.499,2.59372
-0.638635,0.253163,2.499,2.59171
-0.630524,0.253163,2.499,2.58972
-0.622413,0.253163,2.499,2.58776
-0.614302,0.253163,2.499,2.58582
-0.606191,0.253163,2.499,2.5839
-0.598079,0.253163,2.499,2.58201
-0.589968,0.253163,2.499,2.58015
-0.581857,0.253163,2.499,2.5783
-0.573746,0.253163,2.499,2.57649
-0.569709,0.254987,2.517,2.59324
-0.561539,0.254987,2.517,2.59145
-0.55337,0.254987,2.517,2.5897
-0.5452,0.254987,2.517,2.58796
-0.537031,0.254987,2.517,2.58625
-0.528861,0.254987,2.517,2.58457
-0.520692,0.254987,2.517,2.58291
-0.512522,0.254987,2.517,2.58128
-0.504353,0.254987,2.517,2.57967
-0.496183,0.254987,2.517,2.57808
-0.488013,0.254987,2.517,2.57652
-0.479844,0.254987,2.517,2.57499
-0.471674,0.254987,2.517,2.57348
-0.463505,0.254987,2.517,2.57199
-0.455335,0.254987,2.517,2.57053
-0.443968,0.253163,2.499,2.55073
-0.435857,0.253163,2.499,2.54933
-0.427746,0.253163,2.499,2.54795
-0.419634,0.253163,2.499,2.5466
-0.408559,0.25134,2.481,2.52695
-0.400506,0.25134,2.481,2.52566
-0.392454,0.25134,2.481,2.52439
-0.384401,0.25134,2.481,2.52315
-0.376348,0.25134,2.481,2.52194
-0.368296,0.25134,2.481,2.52075
-0.360243,0.25134,2.481,2.51958
-0.35219,0.25134,2.481,2.51845
-0.344137,0.25134,2.481,2.51733
-0.336085,0.25134,2.481,2.51624
-0.328032,0.25134,2.481,2.51518
-0.319979,0.25134,2.481,2.51414
-0.311927,0.25134,2.481,2.51313
-0.303874,0.25134,2.481,2.51215
-0.295821,0.25134,2.481,2.51118
-0.287769,0.25134,2.481,2.51025
-0.279716,0.25134,2.481,2.50934
-0.271663,0.25134,2.481,2.50845
-0.26361,0.25134,2.481,2.50759
-0.259266,0.254987,2.517,2.54313
-0.251096,0.254987,2.517,2.54231
-0.242927,0.254987,2.517,2.54152
-0.234757,0.254987,2.517,2.54075
-0.226588,0.254987,2.517,2.54001
-0.220067,0.256911,2.536,2.55846
-0.211836,0.256911,2.536,2.55777
-0.203604,0.256911,2.536,2.5571
-0.195373,0.256911,2.536,2.55646
-0.187142,0.256911,2.536,2.55584
-0.178911,0.256911,2.536,2.55525
-0.171958,0.258836,2.555,2.57383
-0.163665,0.258836,2.555,2.57329
-0.155372,0.258836,2.555,2.57277
-0.14708,0.258836,2.555,2.57229
-0.138787,0.258836,2.555,2.57182
-0.129523,0.256911,2.536,2.55227
-0.121292,0.256911,2.536,2.55186
-0.113061,0.256911,2.536,2.55149
-0.10483,0.256911,2.536,2.55113
-0.0965985,0.256911,2.536,2.55081
-0.0883672,0.256911,2.536,2.55051
-0.080136,0.256911,2.536,2.55024
-0.0719048,0.256911,2.536,2.54999
-0.0636736,0.256911,2.536,2.54978
-0.0554423,0.256911,2.536,2.54958
-0.0468574,0.254987,2.517,2.53032
-0.0386878,0.254987,2.517,2.53018
-0.0305183,0.254987,2.517,2.53007
-0.0223487,0.254987,2.517,2.52998
-0.0141792,0.254987,2.517,2.52992
-0.00600962,0.254987,2.517,2.52989
0.00215994,0.254987,2.517,2.52988
0.0103295,0.254987,2.517,2.5299
0.0184991,0.254987,2.517,2.52995
0.0266686,0.254987,2.517,2.53002
0.0348382,0.254987,2.517,2.53012
0.0430077,0.254987,2.517,2.53025
0.0511773,0.254987,2.517,2.5304
0.0593468,0.254987,2.517,2.53058
0.0675164,0.254987,2.517,2.53078
0.075686,0.254987,2.517,2.53101
0.0838555,0.254987,2.517,2.53127
0.0920251,0.254987,2.517,2.53156
0.100195,0.254987,2.517,2.53187
0.108364,0.254987,2.517,2.5322
0.116534,0.254987,2.517,2.53257
0.124703,0.254987,2.517,2.53295
0.132873,0.254987,2.517,2.53337
0.141042,0.254987,2.517,2.53381
0.149212,0.254987,2.517,2.53428
0.15857,0.256911,2.536,2.55391
0.166801,0.256911,2.536,2.55443
0.173721,0.254987,2.517,2.53584
0.18189,0.254987,2.517,2.53641
0.19006,0.254987,2.517,2.53701
0.198229,0.254987,2.517,2.53764
0.206399,0.254987,2.517,2.53829
0.214568,0.254987,2.517,2.53897
0.222738,0.254987,2.517,2.53967
0.230908,0.254987,2.517,2.5404
0.237367,0.253163,2.499,2.52298
0.245479,0.253163,2.499,2.52376
0.25359,0.253163,2.499,2.52456
0.261701,0.253163,2.499,2.52539
0.269812,0.253163,2.499,2.52624
0.277923,0.253163,2.499,2.52712
0.286034,0.253163,2.499,2.52802
0.292027,0.25134,2.481,2.51074
0.300079,0.25134,2.481,2.51169
0.308132,0.25134,2.481,2.51266
0.316185,0.25134,2.481,2.51366
0.324237,0.25134,2.481,2.51469
0.33229,0.25134,2.481,2.51574
0.337874,0.249516,2.463,2.49856
0.345868,0.249516,2.463,2.49965
0.356448,0.25134,2.481,2.51905
0.364501,0.25134,2.481,2.5202
0.372554,0.25134,2.481,2.52137
0.377845,0.249516,2.463,2.50428
0.385839,0.249516,2.463,2.50549
0.393834,0.249516,2.463,2.50674
0.401828,0.249516,2.463,2.50801
0.409822,0.249516,2.463,2.5093
0.417816,0.249516,2.463,2.51062
0.425811,0.249516,2.463,2.51196
0.433805,0.249516,2.463,2.51333
0.441799,0.249516,2.463,2.51472
0.446507,0.247693,2.445,2.49775
0.454442,0.247693,2.445,2.49918
0.462378,0.247693,2.445,2.50063
0.470314,0.247693,2.445,2.50211
0.47825,0.247693,2.445,2.50362
0.486186,0.247693,2.445,2.50515
0.490686,0.24597,2.428,2.48927
0.498567,0.24597,2.428,2.49083
0.506447,0.24597,2.428,2.49242
0.514328,0.24597,2.428,2.49404
0.518552,0.244248,2.411,2.4782
0.526378,0.244248,2.411,2.47985
0.534203,0.244248,2.411,2.48152
0.538207,0.242526,2.394,2.46571
0.545977,0.242526,2.394,2.46742
0.553748,0.242526,2.394,2.46915
0.561518,0.242526,2.394,2.4709
0.565246,0.240804,2.377,2.45512
0.572961,0.240804,2.377,2.45691
0.580676,0.240804,2.377,2.45872
0.584431,0.239183,2.361,2.44399
0.592094,0.239183,2.361,2.44583
0.595693,0.237562,2.345,2.43111
0.603304,0.237562,2.345,2.43299
0.610915,0.237562,2.345,2.43489
0.618527,0.237562,2.345,2.43681
0.626138,0.237562,2.345,2.43875
0.629425,0.235941,2.329,2.42406
0.636985,0.235941,2.329,2.42604
0.644544,0.235941,2.329,2.42803
0.647623,0.23432,2.313,2.41336
0.655131,0.23432,2.313,2.41538
0.662638,0.23432,2.313,2.41743
0.670146,0.23432,2.313,2.4195
0.677653,0.23432,2.313,2.42159
0.680717,0.232801,2.298,2.40798
0.683384,0.23118,2.282,2.39332
0.690791,0.23118,2.282,2.39545
0.698198,0.23118,2.282,2.39759
0.705605,0.23118,2.282,2.39976
0.713012,0.23118,2.282,2.40195
0.710948,0.228141,2.252,2.37255
0.718257,0.228141,2.252,2.37475
0.725566,0.228141,2.252,2.37697
0.732876,0.228141,2.252,2.37921
0.735255,0.226621,2.237,2.36561
0.742516,0.226621,2.237,2.36788
0.749777,0.226621,2.237,2.37017
0.757037,0.226621,2.237,2.37247
0.769423,0.228141,2.252,2.39072
0.781906,0.22966,2.267,2.40903
0.789264,0.22966,2.267,2.41143
0.801893,0.23118,2.282,2.42982
0.814974,0.232801,2.298,2.44932
0.827801,0.23432,2.313,2.46782
0.835309,0.23432,2.313,2.47035
0.854477,0.237562,2.345,2.50711
0.873852,0.240804,2.377,2.54396
0.881567,0.240804,2.377,2.54662
0.895642,0.242526,2.394,2.56753
0.909828,0.244248,2.411,2.58851
0.917653,0.244248,2.411,2.59127
0.932004,0.24597,2.428,2.61234
0.939885,0.24597,2.428,2.61516
0.947766,0.24597,2.428,2.618
0.955646,0.24597,2.428,2.62087
0.963527,0.24597,2.428,2.62375
0.971408,0.24597,2.428,2.62666
0.979289,0.24597,2.428,2.62958
0.987169,0.24597,2.428,2.63253
0.99505,0.24597,2.428,2.63549
1.00293,0.24597,2.428,2.63848
1.01081,0.24597,2.428,2.64148
1.01869,0.24597,2.428,2.64451
1.02657,0.24597,2.428,2.64755
1.02721,0.244248,2.411,2.63206
1.03504,0.244248,2.411,2.63512
1.04286,0.244248,2.411,2.63821
1.05069,0.244248,2.411,2.64131
1.06598,0.24597,2.428,2.66308
1.07386,0.24597,2.428,2.66624
1.08174,0.24597,2.428,2.66943
1.08962,0.24597,2.428,2.67263
1.10518,0.247693,2.445,2.69459
1.11312,0.247693,2.445,2.69785
1.12105,0.247693,2.445,2.70114
1.12899,0.247693,2.445,2.70444
1.13693,0.247693,2.445,2.70776
1.14486,0.247693,2.445,2.7111
1.1528,0.247693,2.445,2.71447
1.16073,0.247693,2.445,2.71784
1.16867,0.247693,2.445,2.72124
1.17661,0.247693,2.445,2.72466
1.18454,0.247693,2.445,2.7281
1.19248,0.247693,2.445,2.73155
1.20041,0.247693,2.445,2.73503
1.20835,0.247693,2.445,2.73852
1.21629,0.247693,2.445,2.74203
1.22422,0.247693,2.445,2.74556
1.23216,0.247693,2.445,2.74911
1.24009,0.247693,2.445,2.75267
1.24803,0.247693,2.445,2.75626
1.25596,0.247693,2.445,2.75986
1.2639,0.247693,2.445,2.76348
1.27184,0.247693,2.445,2.76712
1.27977,0.247693,2.445,2.77078
1.29719,0.249516,2.463,2.79487
1.30518,0.249516,2.463,2.79859
1.32277,0.25134,2.481,2.82281
1.33083,0.25134,2.481,2.82659
1.33888,0.25134,2.481,2.83039
1.36648,0.254987,2.517,2.87534
1.38502,0.256911,2.536,2.90096
1.39325,0.256911,2.536,2.9049
1.41198,0.258836,2.555,2.93065
1.43084,0.260761,2.574,2.95648
1.44982,0.262686,2.593,2.98239
1.45823,0.262686,2.593,2.98649
1.47796,0.264712,2.613,3.01367
1.48644,0.264712,2.613,3.01784
1.49492,0.264712,2.613,3.02203
1.51491,0.266738,2.633,3.04939
1.53561,0.268866,2.654,3.078
1.54422,0.268866,2.654,3.08231
1.54055,0.266738,2.633,3.06221
1.5491,0.266738,2.633,3.06652
1.55764,0.266738,2.633,3.07085
1.55429,0.264712,2.613,3.05183
1.55081,0.262686,2.593,3.03277
1.55923,0.262686,2.593,3.03708
1.55616,0.260761,2.574,3.01912
1.55296,0.258836,2.555,3.00112
1.56126,0.258836,2.555,3.00542
1.55788,0.256911,2.536,2.98735
1.54326,0.253163,2.499,2.94801
1.55137,0.253163,2.499,2.95226
1.55948,0.253163,2.499,2.95653
1.5563,0.25134,2.481,2.93949
1.56435,0.25134,2.481,2.94376
1.561,0.249516,2.463,2.92666
1.56899,0.249516,2.463,2.93093
1.57699,0.249516,2.463,2.93522
1.5734,0.247693,2.445,2.91804
1.57034,0.24597,2.428,2.90201
1.56717,0.244248,2.411,2.88593
1.575,0.244248,2.411,2.89019
1.58282,0.244248,2.411,2.89446
1.57943,0.242526,2.394,2.87831
1.5872,0.242526,2.394,2.88258
1.59497,0.242526,2.394,2.88687
1.59136,0.240804,2.377,2.87064
1.59908,0.240804,2.377,2.87492
1.60679,0.240804,2.377,2.87922
1.60364,0.239183,2.361,2.86412
-1.78567,0.269113,2.574,3.14428
-1.77731,0.269113,2.574,3.13954
-1.76896,0.269113,2.574,3.13482
-1.7606,0.269113,2.574,3.13012
-1.76518,0.2711,2.593,3.14849
-1.75677,0.2711,2.593,3.14378
-1.76184,0.273191,2.613,3.1633
-1.75336,0.273191,2.613,3.15858
-1.74487,0.273191,2.613,3.15388
-1.74968,0.275282,2.633,3.1733
-1.74114,0.275282,2.633,3.1686
-1.74641,0.277477,2.654,3.18915
-1.75155,0.279673,2.675,3.20964
-1.74286,0.279673,2.675,3.20491
-1.73418,0.279673,2.675,3.20019
-1.73905,0.281868,2.696,3.22058
-1.74377,0.284064,2.717,3.24091
-1.73495,0.284064,2.717,3.23618
-1.72614,0.284064,2.717,3.23146
-1.71732,0.284064,2.717,3.22676
-1.7085,0.284064,2.717,3.22207
-1.69968,0.284064,2.717,3.2174
-1.69086,0.284064,2.717,3.21275
-1.66904,0.281868,2.696,3.18333
-1.66029,0.281868,2.696,3.17875
-1.63868,0.279673,2.675,3.14946
-1.62999,0.279673,2.675,3.14495
-1.60858,0.277477,2.654,3.11581
-1.57525,0.273191,2.613,3.0633
-1.56677,0.273191,2.613,3.05895
-1.53503,0.269113,2.574,3.00902
-1.50414,0.26514,2.536,2.96041
-1.49591,0.26514,2.536,2.95624
-1.46597,0.261272,2.499,2.90901
-1.44736,0.25939,2.481,2.88401
-1.43931,0.25939,2.481,2.87997
-1.41049,0.255626,2.445,2.83423
-1.3928,0.253849,2.428,2.81061
-1.38492,0.253849,2.428,2.80671
-1.35775,0.250294,2.394,2.76358
-1.34998,0.250294,2.394,2.75977
-1.34221,0.250294,2.394,2.75598
-1.33444,0.250294,2.394,2.7522
-1.32667,0.250294,2.394,2.74844
-1.32827,0.252072,2.411,2.76419
-1.33906,0.255626,2.445,2.79937
-1.33113,0.255626,2.445,2.79558
-1.34267,0.25939,2.481,2.83292
-1.35399,0.263154,2.517,2.87016
-1.34582,0.263154,2.517,2.86632
-1.35784,0.267127,2.555,2.9057
-1.36962,0.2711,2.593,2.945
-1.3822,0.275282,2.633,2.98646
-1.37366,0.275282,2.633,2.98252
-1.38689,0.279673,2.675,3.0261
-1.39984,0.284064,2.717,3.06958
-1.39102,0.284064,2.717,3.06557
-1.38221,0.284064,2.717,3.06158
-1.36277,0.281868,2.696,3.03398
-1.35402,0.281868,2.696,3.03006
-1.34527,0.281868,2.696,3.02616
-1.3157,0.277477,2.654,2.97519
-1.30708,0.277477,2.654,2.97139
-1.2882,0.275282,2.633,2.94413
-1.26021,0.2711,2.593,2.89573
-1.25179,0.2711,2.593,2.89208
-1.24338,0.2711,2.593,2.88845
-1.21686,0.267127,2.555,2.84256
-1.20857,0.267127,2.555,2.83902
-1.19135,0.26514,2.536,2.81441
-1.17426,0.263154,2.517,2.78988
-1.15775,0.261272,2.499,2.76652
-1.14964,0.261272,2.499,2.76314
-1.14153,0.261272,2.499,2.75977
-1.12525,0.25939,2.481,2.73657
-1.1172,0.25939,2.481,2.73327
-1.10914,0.25939,2.481,2.72999
-1.0931,0.257508,2.463,2.70695
-1.08511,0.257508,2.463,2.70373
-1.07712,0.257508,2.463,2.70053
-1.06131,0.255626,2.445,2.67764
-1.05337,0.255626,2.445,2.6745
-1.04544,0.255626,2.445,2.67139
-1.0375,0.255626,2.445,2.66829
-1.02956,0.255626,2.445,2.66522
-1.02163,0.255626,2.445,2.66216
-1.01369,0.255626,2.445,2.65912
-1.00576,0.255626,2.445,2.65611
-0.997821,0.255626,2.445,2.65311
-0.989885,0.255626,2.445,2.65014
-0.989178,0.257508,2.463,2.66667
-0.981184,0.257508,2.463,2.66372
-0.973189,0.257508,2.463,2.66078
-0.965195,0.257508,2.463,2.65787
-0.957201,0.257508,2.463,2.65498
-0.949206,0.257508,2.463,2.65211
-0.941212,0.257508,2.463,2.64926
-0.933218,0.257508,2.463,2.64643
-0.925224,0.257508,2.463,2.64362
-0.917229,0.257508,2.463,2.64083
-0.909235,0.257508,2.463,2.63807
-0.901241,0.257508,2.463,2.63532
-0.893246,0.257508,2.463,2.6326
-0.885252,0.257508,2.463,2.6299
-0.877258,0.257508,2.463,2.62722
-0.869264,0.257508,2.463,2.62456
-0.861269,0.257508,2.463,2.62192
-0.853275,0.257508,2.463,2.6193
-0.845281,0.257508,2.463,2.61671
-0.837286,0.257508,2.463,2.61414
-0.829292,0.257508,2.463,2.61159
-0.821298,0.257508,2.463,2.60906
-0.813304,0.257508,2.463,2.60656
-0.805309,0.257508,2.463,2.60407
-0.797315,0.257508,2.463,2.60161
-0.789321,0.257508,2.463,2.59917
-0.781326,0.257508,2.463,2.59676
-0.778984,0.25939,2.481,2.61332
-0.770931,0.25939,2.481,2.61093
-0.762878,0.25939,2.481,2.60857
-0.754826,0.25939,2.481,2.60622
-0.746773,0.25939,2.481,2.6039
-0.73872,0.25939,2.481,2.60161
-0.730668,0.25939,2.481,2.59933
-0.722615,0.25939,2.481,2.59708
-0.714562,0.25939,2.481,2.59485
-0.706509,0.25939,2.481,2.59264
-0.698457,0.25939,2.481,2.59046
-0.695413,0.261272,2.499,2.60708
-0.687302,0.261272,2.499,2.60493
-0.679191,0.261272,2.499,2.6028
-0.67108,0.261272,2.499,2.60069
-0.662968,0.261272,2.499,2.59861
-0.654857,0.261272,2.499,2.59656
-0.646746,0.261272,2.499,2.59452
-0.638635,0.261272,2.499,2.59251
-0.630524,0.261272,2.499,2.59053
-0.622413,0.261272,2.499,2.58856
-0.614302,0.261272,2.499,2.58663
-0.606191,0.261272,2.499,2.58471
-0.598079,0.261272,2.499,2.58282
-0.589968,0.261272,2.499,2.58095
-0.581857,0.261272,2.499,2.57911
-0.573746,0.261272,2.499,2.57729
-0.569709,0.263154,2.517,2.59405
-0.561539,0.263154,2.517,2.59227
-0.55337,0.263154,2.517,2.59051
-0.5452,0.263154,2.517,2.58878
-0.537031,0.263154,2.517,2.58707
-0.528861,0.263154,2.517,2.58539
-0.520692,0.263154,2.517,2.58373
-0.512522,0.263154,2.517,2.5821
-0.504353,0.263154,2.517,2.58049
-0.496183,0.263154,2.517,2.5789
-0.488013,0.263154,2.517,2.57734
-0.479844,0.263154,2.517,2.57581
-0.471674,0.263154,2.517,2.5743
-0.463505,0.263154,2.517,2.57281
-0.455335,0.263154,2.517,2.57136
-0.443968,0.261272,2.499,2.55154
-0.435857,0.261272,2.499,2.55014
-0.427746,0.261272,2.499,2.54877
-0.419634,0.261272,2.499,2.54742
-0.408559,0.25939,2.481,2.52776
-0.400506,0.25939,2.481,2.52647
-0.392454,0.25939,2.481,2.52521
-0.384401,0.25939,2.481,2.52397
-0.376348,0.25939,2.481,2.52275
-0.368296,0.25939,2.481,2.52156
-0.360243,0.25939,2.481,2.5204
-0.35219,0.25939,2.481,2.51926
-0.344137,0.25939,2.481,2.51815
-0.336085,0.25939,2.481,2.51706
-0.328032,0.25939,2.481,2.516
-0.319979,0.25939,2.481,2.51496
-0.311927,0.25939,2.481,2.51395
-0.303874,0.25939,2.481,2.51296
-0.297967,0.261272,2.499,2.53023
-0.289856,0.261272,2.499,2.52928
-0.281745,0.261272,2.499,2.52837
-0.273634,0.261272,2.499,2.52748
-0.265523,0.261272,2.499,2.52661
-0.257412,0.261272,2.499,2.52577
-0.251096,0.263154,2.517,2.54315
-0.242927,0.263154,2.517,2.54235
-0.234757,0.263154,2.517,2.54158
-0.226588,0.263154,2.517,2.54084
-0.220067,0.26514,2.536,2.5593
-0.211836,0.26514,2.536,2.55861
-0.203604,0.26514,2.536,2.55794
-0.195373,0.26514,2.536,2.5573
-0.187142,0.26514,2.536,2.55668
-0.180251,0.267127,2.555,2.57524
-0.171958,0.267127,2.555,2.57468
-0.163665,0.267127,2.555,2.57413
-0.155372,0.267127,2.555,2.57362
-0.14708,0.267127,2.555,2.57313
-0.138787,0.267127,2.555,2.57267
-0.130494,0.267127,2.555,2.57224
-0.121292,0.26514,2.536,2.55271
-0.113061,0.26514,2.536,2.55233
-0.10483,0.26514,2.536,2.55198
-0.0965985,0.26514,2.536,2.55165
-0.0883672,0.26514,2.536,2.55135
-0.080136,0.26514,2.536,2.55108
-0.0719048,0.26514,2.536,2.55084
-0.0636736,0.26514,2.536,2.55062
-0.0554423,0.26514,2.536,2.55043
-0.0472111,0.26514,2.536,2.55026
-0.0389799,0.26514,2.536,2.55012
-0.0307487,0.26514,2.536,2.55001
-0.0225174,0.26514,2.536,2.54992
-0.0142862,0.26514,2.536,2.54986
-0.00605498,0.26514,2.536,2.54983
0.00215994,0.263154,2.517,2.53072
0.0103295,0.263154,2.517,2.53074
0.0184991,0.263154,2.517,2.53079
0.0266686,0.263154,2.517,2.53086
0.0348382,0.263154,2.517,2.53096
0.0430077,0.263154,2.517,2.53108
0.0511773,0.263154,2.517,2.53124
0.0593468,0.263154,2.517,2.53141
0.0675164,0.263154,2.517,2.53162
0.075686,0.263154,2.517,2.53185
0.0838555,0.263154,2.517,2.53211
0.0920251,0.263154,2.517,2.53239
0.100195,0.263154,2.517,2.5327
0.108364,0.263154,2.517,2.53304
0.116534,0.263154,2.517,2.5334
0.124703,0.263154,2.517,2.53379
0.132873,0.263154,2.517,2.5342
0.142107,0.26514,2.536,2.55378
0.150338,0.26514,2.536,2.55425
0.15857,0.26514,2.536,2.55475
0.166801,0.26514,2.536,2.55527
0.175032,0.26514,2.536,2.55582
0.183263,0.26514,2.536,2.5564
0.191494,0.26514,2.536,2.557
0.199726,0.26514,2.536,2.55763
0.207957,0.26514,2.536,2.55829
0.216188,0.26514,2.536,2.55897
0.222738,0.263154,2.517,2.5405
0.230908,0.263154,2.517,2.54123
0.239077,0.263154,2.517,2.54199
0.247247,0.263154,2.517,2.54277
0.255416,0.263154,2.517,2.54358
0.263586,0.263154,2.517,2.54441
0.271755,0.263154,2.517,2.54527
0.277923,0.261272,2.499,2.52795
0.286034,0.261272,2.499,2.52885
0.294145,0.261272,2.499,2.52978
0.302256,0.261272,2.499,2.53074
0.310368,0.261272,2.499,2.53172
0.316185,0.25939,2.481,2.51448
0.324237,0.25939,2.481,2.51551
0.33229,0.25939,2.481,2.51656
0.340343,0.25939,2.481,2.51763
0.348396,0.25939,2.481,2.51873
0.356448,0.25939,2.481,2.51986
0.364501,0.25939,2.481,2.52101
0.372554,0.25939,2.481,2.52219
0.380606,0.25939,2.481,2.52339
0.388659,0.25939,2.481,2.52462
0.396712,0.25939,2.481,2.52587
0.404765,0.25939,2.481,2.52715
0.412817,0.25939,2.481,2.52845
0.42087,0.25939,2.481,2.52978
0.425811,0.257508,2.463,2.51277
0.433805,0.257508,2.463,2.51413
0.441799,0.257508,2.463,2.51553
0.449794,0.257508,2.463,2.51694
0.457788,0.257508,2.463,2.51838
0.465782,0.257508,2.463,2.51985
0.473776,0.257508,2.463,2.52134
0.47825,0.255626,2.445,2.50441
0.486186,0.255626,2.445,2.50594
0.494122,0.255626,2.445,2.50749
0.502058,0.255626,2.445,2.50907
0.509993,0.255626,2.445,2.51067
0.514328,0.253849,2.428,2.49483
0.522209,0.253849,2.428,2.49646
0.530089,0.253849,2.428,2.49812
0.53797,0.253849,2.428,2.49981
0.542029,0.252072,2.411,2.484
0.549854,0.252072,2.411,2.48572
0.55768,0.252072,2.411,2.48746
0.565506,0.252072,2.411,2.48923
0.569288,0.250294,2.394,2.47345
0.577059,0.250294,2.394,2.47525
0.584829,0.250294,2.394,2.47708
0.588391,0.248517,2.377,2.46132
0.596106,0.248517,2.377,2.46318
0.603822,0.248517,2.377,2.46505
0.611537,0.248517,2.377,2.46696
0.619252,0.248517,2.377,2.46888
0.622747,0.246844,2.361,2.45419
0.626138,0.245171,2.345,2.4395
0.633749,0.245171,2.345,2.44147
0.641361,0.245171,2.345,2.44346
0.644544,0.243498,2.329,2.42878
0.647623,0.241826,2.313,2.4141
0.655131,0.241826,2.313,2.41612
0.662638,0.241826,2.313,2.41817
0.670146,0.241826,2.313,2.42024
0.677653,0.241826,2.313,2.42233
0.680717,0.240257,2.298,2.40871
0.683384,0.238585,2.282,2.39405
0.690791,0.238585,2.282,2.39617
0.698198,0.238585,2.282,2.39832
0.700967,0.237016,2.267,2.38471
0.708325,0.237016,2.267,2.38688
0.710948,0.235448,2.252,2.37327
0.718257,0.235448,2.252,2.37546
0.725566,0.235448,2.252,2.37769
0.732876,0.235448,2.252,2.37993
0.735255,0.23388,2.237,2.36632
0.742516,0.23388,2.237,2.36859
0.749777,0.23388,2.237,2.37087
0.757037,0.23388,2.237,2.37318
0.769423,0.235448,2.252,2.39143
0.781906,0.237016,2.267,2.40974
0.789264,0.237016,2.267,2.41214
0.801893,0.238585,2.282,2.43053
0.814974,0.240257,2.298,2.45004
0.827801,0.241826,2.313,2.46854
0.835309,0.241826,2.313,2.47107
0.854477,0.245171,2.345,2.50784
0.873852,0.248517,2.377,2.5447
0.881567,0.248517,2.377,2.54736
0.895642,0.250294,2.394,2.56828
0.909828,0.252072,2.411,2.58926
0.917653,0.252072,2.411,2.59202
0.932004,0.253849,2.428,2.61309
0.939885,0.253849,2.428,2.61591
0.947766,0.253849,2.428,2.61876
0.955646,0.253849,2.428,2.62162
0.963527,0.253849,2.428,2.6245
0.971408,0.253849,2.428,2.62741
0.979289,0.253849,2.428,2.63033
0.987169,0.253849,2.428,2.63327
0.99505,0.253849,2.428,2.63624
1.00293,0.253849,2.428,2.63922
1.01081,0.253849,2.428,2.64223
1.01869,0.253849,2.428,2.64525
1.02657,0.253849,2.428,2.6483
1.02721,0.252072,2.411,2.6328
1.03504,0.252072,2.411,2.63586
1.04286,0.252072,2.411,2.63894
1.05069,0.252072,2.411,2.64205
1.06598,0.253849,2.428,2.66382
1.07386,0.253849,2.428,2.66698
1.08174,0.253849,2.428,2.67016
1.08962,0.253849,2.428,2.67337
1.10518,0.255626,2.445,2.69533
1.11312,0.255626,2.445,2.69859
1.12105,0.255626,2.445,2.70188
1.12899,0.255626,2.445,2.70518
1.13693,0.255626,2.445,2.7085
1.14486,0.255626,2.445,2.71184
1.1528,0.255626,2.445,2.7152
1.16073,0.255626,2.445,2.71858
1.16867,0.255626,2.445,2.72198
1.17661,0.255626,2.445,2.72539
1.19326,0.257508,2.463,2.74892
1.20126,0.257508,2.463,2.7524
1.20925,0.257508,2.463,2.7559
1.21725,0.257508,2.463,2.75941
1.22524,0.257508,2.463,2.76295
1.22422,0.255626,2.445,2.74629
1.23216,0.255626,2.445,2.74983
1.24009,0.255626,2.445,2.7534
1.24803,0.255626,2.445,2.75698
1.25596,0.255626,2.445,2.76058
1.2639,0.255626,2.445,2.7642
1.27184,0.255626,2.445,2.76784
1.27977,0.255626,2.445,2.7715
1.29719,0.257508,2.463,2.7956
1.30518,0.257508,2.463,2.79932
1.32277,0.25939,2.481,2.82354
1.33083,0.25939,2.481,2.82732
1.33888,0.25939,2.481,2.83112
1.3567,0.261272,2.499,2.85551
1.37465,0.263154,2.517,2.87996
1.38282,0.263154,2.517,2.88387
1.41198,0.267127,2.555,2.9314
1.43084,0.269113,2.574,2.95723
1.44982,0.2711,2.593,2.98314
1.45823,0.2711,2.593,2.98724
1.46665,0.2711,2.593,2.99136
1.47507,0.2711,2.593,2.99549
1.48348,0.2711,2.593,2.99964
1.50341,0.273191,2.613,3.02698
1.52346,0.275282,2.633,3.05441
1.532,0.275282,2.633,3.05868
1.54055,0.275282,2.633,3.06297
1.53733,0.273191,2.613,3.04398
1.54581,0.273191,2.613,3.04827
1.5424,0.2711,2.593,3.02921
1.55081,0.2711,2.593,3.03351
1.55923,0.2711,2.593,3.03782
1.55616,0.269113,2.574,3.01986
1.56451,0.269113,2.574,3.02417
1.57287,0.269113,2.574,3.0285
1.56955,0.267127,2.555,3.01046
1.55438,0.263154,2.517,2.96995
1.56255,0.263154,2.517,2.97424
1.57071,0.263154,2.517,2.97854
1.5563,0.25939,2.481,2.94019
1.56435,0.25939,2.481,2.94446
1.57241,0.25939,2.481,2.94875
1.56899,0.257508,2.463,2.93162
1.57699,0.257508,2.463,2.93591
1.5734,0.255626,2.445,2.91873
1.57034,0.253849,2.428,2.90269
1.56717,0.252072,2.411,2.8866
1.575,0.252072,2.411,2.89086
1.58282,0.252072,2.411,2.89513
1.57943,0.250294,2.394,2.87897
1.5872,0.250294,2.394,2.88324
1.59497,0.250294,2.394,2.88753
1.59136,0.248517,2.377,2.87129
1.59908,0.248517,2.377,2.87558
1.59598,0.246844,2.361,2.86049
1.60364,0.246844,2.361,2.86477
-1.78567,0.277465,2.574,3.14501
-1.77731,0.277465,2.574,3.14027
-1.76896,0.277465,2.574,3.13555
-1.7606,0.277465,2.574,3.13085
-1.76518,0.279514,2.593,3.14923
-1.75677,0.279514,2.593,3.14452
-1.76184,0.28167,2.613,3.16404
-1.75336,0.28167,2.613,3.15933
-1.75823,0.283825,2.633,3.17878
-1.74968,0.283825,2.633,3.17406
-1.74114,0.283825,2.633,3.16935
-1.74641,0.286089,2.654,3.18991
-1.75155,0.288353,2.675,3.2104
-1.74286,0.288353,2.675,3.20567
-1.7478,0.290617,2.696,3.22609
-1.75259,0.29288,2.717,3.24645
-1.75789,0.295252,2.739,3.26795
-1.749,0.295252,2.739,3.26317
-1.74011,0.295252,2.739,3.25842
-1.73122,0.295252,2.739,3.25368
-1.72233,0.295252,2.739,3.24896
-1.69968,0.29288,2.717,3.21819
-1.69086,0.29288,2.717,3.21355
-1.68204,0.29288,2.717,3.20891
-1.66029,0.290617,2.696,3.17953
-1.65154,0.290617,2.696,3.17497
-1.64279,0.290617,2.696,3.17043
-1.60858,0.286089,2.654,3.11658
-1.58731,0.283825,2.633,3.08752
-1.57876,0.283825,2.633,3.08314
-1.54636,0.279514,2.593,3.032
-1.51541,0.275417,2.555,2.98334
-1.50711,0.275417,2.555,2.97914
-1.47653,0.271321,2.517,2.93071
-1.45786,0.269381,2.499,2.90567
-1.44975,0.269381,2.499,2.90161
-1.42087,0.2655,2.463,2.85582
-1.3928,0.261727,2.428,2.81133
-1.38492,0.261727,2.428,2.80743
-1.36739,0.259895,2.411,2.78392
-1.35957,0.259895,2.411,2.78009
-1.35174,0.259895,2.411,2.77627
-1.34392,0.259895,2.411,2.77247
-1.33609,0.259895,2.411,2.76868
-1.33763,0.261727,2.428,2.78441
-1.34892,0.2655,2.463,2.82072
-1.34093,0.2655,2.463,2.8169
-1.35241,0.269381,2.499,2.85422
-1.35399,0.271321,2.517,2.87092
-1.37629,0.277465,2.574,2.932
-1.36794,0.277465,2.574,2.92809
-1.38019,0.28167,2.613,2.9685
-1.39323,0.286089,2.654,3.01109
-1.38461,0.286089,2.654,3.00711
-1.39777,0.290617,2.696,3.05068
-1.39984,0.29288,2.717,3.07041
-1.39102,0.29288,2.717,3.0664
-1.38221,0.29288,2.717,3.06241
-1.36277,0.290617,2.696,3.0348
-1.35402,0.290617,2.696,3.03088
-1.34527,0.290617,2.696,3.02698
-1.32611,0.288353,2.675,2.99956
-1.31743,0.288353,2.675,2.99573
-1.2882,0.283825,2.633,2.94494
-1.26993,0.28167,2.613,2.91887
-1.26145,0.28167,2.613,2.91519
-1.24338,0.279514,2.593,2.88925
-1.21686,0.275417,2.555,2.84335
-1.20857,0.275417,2.555,2.83981
-1.19135,0.273369,2.536,2.8152
-1.17426,0.271321,2.517,2.79066
-1.15775,0.269381,2.499,2.7673
-1.14964,0.269381,2.499,2.76392
-1.1333,0.267441,2.481,2.74067
-1.12525,0.267441,2.481,2.73735
-1.1172,0.267441,2.481,2.73405
-1.10914,0.267441,2.481,2.73077
-1.0931,0.2655,2.463,2.70772
-1.08511,0.2655,2.463,2.7045
-1.07712,0.2655,2.463,2.7013
-1.06131,0.26356,2.445,2.67841
-1.05337,0.26356,2.445,2.67527
-1.04544,0.26356,2.445,2.67216
-1.0375,0.26356,2.445,2.66906
-1.02956,0.26356,2.445,2.66599
-1.02163,0.26356,2.445,2.66293
-1.01369,0.26356,2.445,2.6599
-1.00576,0.26356,2.445,2.65688
-0.997821,0.26356,2.445,2.65389
-0.989885,0.26356,2.445,2.65092
-0.989178,0.2655,2.463,2.66746
-0.981184,0.2655,2.463,2.6645
-0.973189,0.2655,2.463,2.66157
-0.965195,0.2655,2.463,2.65866
-0.957201,0.2655,2.463,2.65577
-0.949206,0.2655,2.463,2.65289
-0.941212,0.2655,2.463,2.65005
-0.933218,0.2655,2.463,2.64722
-0.925224,0.2655,2.463,2.64441
-0.917229,0.2655,2.463,2.64162
-0.909235,0.2655,2.463,2.63886
-0.901241,0.2655,2.463,2.63611
-0.893246,0.2655,2.463,2.63339
-0.885252,0.2655,2.463,2.63069
-0.877258,0.2655,2.463,2.62801
-0.869264,0.2655,2.463,2.62535
-0.861269,0.2655,2.463,2.62272
-0.853275,0.2655,2.463,2.6201
-0.845281,0.2655,2.463,2.61751
-0.837286,0.2655,2.463,2.61494
-0.829292,0.2655,2.463,2.61239
-0.821298,0.2655,2.463,2.60986
-0.813304,0.2655,2.463,2.60736
-0.805309,0.2655,2.463,2.60488
-0.797315,0.2655,2.463,2.60242
-0.789321,0.2655,2.463,2.59998
-0.781326,0.2655,2.463,2.59756
-0.778984,0.267441,2.481,2.61414
-0.770931,0.267441,2.481,2.61175
-0.762878,0.267441,2.481,2.60938
-0.754826,0.267441,2.481,2.60704
-0.746773,0.267441,2.481,2.60472
-0.73872,0.267441,2.481,2.60242
-0.730668,0.267441,2.481,2.60015
-0.722615,0.267441,2.481,2.5979
-0.714562,0.267441,2.481,2.59567
-0.711635,0.269381,2.499,2.61228
-0.703524,0.269381,2.499,2.61008
-0.695413,0.269381,2.499,2.6079
-0.687302,0.269381,2.499,2.60575
-0.679191,0.269381,2.499,2.60363
-0.67108,0.269381,2.499,2.60152
-0.662968,0.269381,2.499,2.59944
-0.654857,0.269381,2.499,2.59738
-0.646746,0.269381,2.499,2.59535
-0.638635,0.269381,2.499,2.59334
-0.630524,0.269381,2.499,2.59136
-0.622413,0.269381,2.499,2.58939
-0.614302,0.269381,2.499,2.58746
-0.606191,0.269381,2.499,2.58554
-0.598079,0.269381,2.499,2.58365
-0.589968,0.269381,2.499,2.58179
-0.581857,0.269381,2.499,2.57995
-0.577879,0.271321,2.517,2.5967
-0.569709,0.271321,2.517,2.59489
-0.561539,0.271321,2.517,2.59311
-0.55337,0.271321,2.517,2.59136
-0.5452,0.271321,2.517,2.58962
-0.537031,0.271321,2.517,2.58792
-0.528861,0.271321,2.517,2.58623
-0.524622,0.273369,2.536,2.60408
-0.516391,0.273369,2.536,2.60244
-0.50816,0.273369,2.536,2.60082
-0.499929,0.273369,2.536,2.59922
-0.491697,0.273369,2.536,2.59765
-0.479844,0.271321,2.517,2.57666
-0.471674,0.271321,2.517,2.57515
-0.463505,0.271321,2.517,2.57366
-0.455335,0.271321,2.517,2.5722
-0.443968,0.269381,2.499,2.55239
-0.435857,0.269381,2.499,2.55099
-0.427746,0.269381,2.499,2.54961
-0.419634,0.269381,2.499,2.54827
-0.411523,0.269381,2.499,2.54694
-0.403412,0.269381,2.499,2.54564
-0.392454,0.267441,2.481,2.52605
-0.384401,0.267441,2.481,2.52481
-0.376348,0.267441,2.481,2.52359
-0.368296,0.267441,2.481,2.52241
-0.360243,0.267441,2.481,2.52124
-0.35219,0.267441,2.481,2.5201
-0.344137,0.267441,2.481,2.51899
-0.336085,0.267441,2.481,2.5179
-0.328032,0.267441,2.481,2.51684
-0.319979,0.267441,2.481,2.5158
-0.311927,0.267441,2.481,2.51479
-0.306079,0.269381,2.499,2.53204
-0.297967,0.269381,2.499,2.53108
-0.289856,0.269381,2.499,2.53014
-0.281745,0.269381,2.499,2.52922
-0.273634,0.269381,2.499,2.52833
-0.265523,0.269381,2.499,2.52746
-0.257412,0.269381,2.499,2.52662
-0.251096,0.271321,2.517,2.544
-0.242927,0.271321,2.517,2.54321
-0.234757,0.271321,2.517,2.54244
-0.226588,0.271321,2.517,2.5417
-0.220067,0.273369,2.536,2.56017
-0.211836,0.273369,2.536,2.55947
-0.203604,0.273369,2.536,2.5588
-0.195373,0.273369,2.536,2.55816
-0.187142,0.273369,2.536,2.55755
-0.180251,0.275417,2.555,2.57612
-0.171958,0.275417,2.555,2.57555
-0.163665,0.275417,2.555,2.57501
-0.155372,0.275417,2.555,2.57449
-0.14708,0.275417,2.555,2.57401
-0.138787,0.275417,2.555,2.57355
-0.130494,0.275417,2.555,2.57311
-0.122201,0.275417,2.555,2.57271
-0.113908,0.275417,2.555,2.57232
-0.105615,0.275417,2.555,2.57197
-0.0973222,0.275417,2.555,2.57164
-0.0890293,0.275417,2.555,2.57134
-0.0807364,0.275417,2.555,2.57107
-0.0719048,0.273369,2.536,2.5517
-0.0636736,0.273369,2.536,2.55149
-0.0554423,0.273369,2.536,2.55129
-0.0472111,0.273369,2.536,2.55113
-0.0389799,0.273369,2.536,2.55099
-0.0307487,0.273369,2.536,2.55088
-0.0225174,0.273369,2.536,2.55079
-0.0142862,0.273369,2.536,2.55073
-0.00605498,0.273369,2.536,2.5507
0.00215994,0.271321,2.517,2.53158
0.0103295,0.271321,2.517,2.5316
0.0184991,0.271321,2.517,2.53165
0.0266686,0.271321,2.517,2.53172
0.0348382,0.271321,2.517,2.53182
0.0430077,0.271321,2.517,2.53195
0.0511773,0.271321,2.517,2.5321
0.0593468,0.271321,2.517,2.53228
0.0675164,0.271321,2.517,2.53248
0.075686,0.271321,2.517,2.53271
0.0838555,0.271321,2.517,2.53297
0.0927197,0.273369,2.536,2.55238
0.100951,0.273369,2.536,2.55269
0.109182,0.273369,2.536,2.55303
0.117413,0.273369,2.536,2.55339
0.125645,0.273369,2.536,2.55378
0.133876,0.273369,2.536,2.5542
0.142107,0.273369,2.536,2.55465
0.150338,0.273369,2.536,2.55512
0.15857,0.273369,2.536,2.55562
0.166801,0.273369,2.536,2.55614
0.176343,0.275417,2.555,2.57584
0.184636,0.275417,2.555,2.57643
0.192929,0.275417,2.555,2.57703
0.199726,0.273369,2.536,2.5585
0.207957,0.273369,2.536,2.55915
0.216188,0.273369,2.536,2.55984
0.224419,0.273369,2.536,2.56054
0.232651,0.273369,2.536,2.56128
0.240882,0.273369,2.536,2.56204
0.249113,0.273369,2.536,2.56283
0.257344,0.273369,2.536,2.56364
0.265575,0.273369,2.536,2.56448
0.271755,0.271321,2.517,2.54613
0.277923,0.269381,2.499,2.5288
0.286034,0.269381,2.499,2.5297
0.294145,0.269381,2.499,2.53063
0.302256,0.269381,2.499,2.53159
0.310368,0.269381,2.499,2.53257
0.316185,0.267441,2.481,2.51532
0.324237,0.267441,2.481,2.51635
0.33229,0.267441,2.481,2.5174
0.340343,0.267441,2.481,2.51848
0.348396,0.267441,2.481,2.51958
0.356448,0.267441,2.481,2.5207
0.364501,0.267441,2.481,2.52185
0.372554,0.267441,2.481,2.52303
0.380606,0.267441,2.481,2.52423
0.388659,0.267441,2.481,2.52546
0.396712,0.267441,2.481,2.52671
0.404765,0.267441,2.481,2.52799
0.412817,0.267441,2.481,2.52929
0.42087,0.267441,2.481,2.53062
0.425811,0.2655,2.463,2.5136
0.433805,0.2655,2.463,2.51496
0.441799,0.2655,2.463,2.51636
0.449794,0.2655,2.463,2.51777
0.457788,0.2655,2.463,2.51921
0.465782,0.2655,2.463,2.52068
0.473776,0.2655,2.463,2.52217
0.47825,0.26356,2.445,2.50524
0.486186,0.26356,2.445,2.50676
0.494122,0.26356,2.445,2.50832
0.502058,0.26356,2.445,2.50989
0.509993,0.26356,2.445,2.51149
0.514328,0.261727,2.428,2.49564
0.522209,0.261727,2.428,2.49728
0.530089,0.261727,2.428,2.49894
0.53797,0.261727,2.428,2.50062
0.542029,0.259895,2.411,2.48481
0.549854,0.259895,2.411,2.48653
0.55768,0.259895,2.411,2.48827
0.565506,0.259895,2.411,2.49003
0.569288,0.258062,2.394,2.47425
0.577059,0.258062,2.394,2.47605
0.584829,0.258062,2.394,2.47787
0.588391,0.25623,2.377,2.46211
0.596106,0.25623,2.377,2.46397
0.603822,0.25623,2.377,2.46584
0.611537,0.25623,2.377,2.46774
0.619252,0.25623,2.377,2.46967
0.622747,0.254505,2.361,2.45498
0.626138,0.25278,2.345,2.44028
0.633749,0.25278,2.345,2.44225
0.641361,0.25278,2.345,2.44423
0.644544,0.251056,2.329,2.42955
0.647623,0.249331,2.313,2.41486
0.655131,0.249331,2.313,2.41688
0.662638,0.249331,2.313,2.41893
0.670146,0.249331,2.313,2.421
0.677653,0.249331,2.313,2.42309
0.680717,0.247714,2.298,2.40947
0.683384,0.245989,2.282,2.3948
0.690791,0.245989,2.282,2.39692
0.698198,0.245989,2.282,2.39907
0.700967,0.244372,2.267,2.38545
0.708325,0.244372,2.267,2.38762
0.715683,0.244372,2.267,2.38981
0.723041,0.244372,2.267,2.39203
0.725566,0.242755,2.252,2.37842
0.732876,0.242755,2.252,2.38066
0.740185,0.242755,2.252,2.38292
0.747495,0.242755,2.252,2.3852
0.754804,0.242755,2.252,2.3875
0.762114,0.242755,2.252,2.38982
0.774548,0.244372,2.267,2.4081
0.78708,0.245989,2.282,2.42642
0.794486,0.245989,2.282,2.42884
0.807516,0.247714,2.298,2.44832
0.820294,0.249331,2.313,2.46678
0.833528,0.251056,2.329,2.48637
0.841087,0.251056,2.329,2.48891
0.854477,0.25278,2.345,2.5086
0.873852,0.25623,2.377,2.54547
0.881567,0.25623,2.377,2.54813
0.902002,0.259895,2.411,2.58729
0.909828,0.259895,2.411,2.59003
0.917653,0.259895,2.411,2.59279
0.932004,0.261727,2.428,2.61387
0.939885,0.261727,2.428,2.61669
0.947766,0.261727,2.428,2.61953
0.955646,0.261727,2.428,2.62239
0.963527,0.261727,2.428,2.62528
0.971408,0.261727,2.428,2.62818
0.979289,0.261727,2.428,2.6311
0.987169,0.261727,2.428,2.63404
0.99505,0.261727,2.428,2.63701
1.00293,0.261727,2.428,2.63999
1.01789,0.26356,2.445,2.6615
1.02582,0.26356,2.445,2.66455
1.02657,0.261727,2.428,2.64906
1.03445,0.261727,2.428,2.65213
1.04233,0.261727,2.428,2.65521
1.05021,0.261727,2.428,2.65831
1.0581,0.261727,2.428,2.66144
1.07344,0.26356,2.445,2.68324
1.08138,0.26356,2.445,2.68642
1.08931,0.26356,2.445,2.68963
1.09725,0.26356,2.445,2.69285
1.10518,0.26356,2.445,2.69609
1.11312,0.26356,2.445,2.69936
1.12105,0.26356,2.445,2.70264
1.12899,0.26356,2.445,2.70594
1.13693,0.26356,2.445,2.70926
1.14486,0.26356,2.445,2.7126
1.1528,0.26356,2.445,2.71596
1.16928,0.2655,2.463,2.73936
1.17727,0.2655,2.463,2.74278
1.18527,0.2655,2.463,2.74622
1.19326,0.2655,2.463,2.74968
1.20126,0.2655,2.463,2.75316
1.20925,0.2655,2.463,2.75665
1.21725,0.2655,2.463,2.76017
1.22524,0.2655,2.463,2.76371
1.23323,0.2655,2.463,2.76726
1.24123,0.2655,2.463,2.77083
1.24009,0.26356,2.445,2.75415
1.24803,0.26356,2.445,2.75773
1.25596,0.26356,2.445,2.76133
1.2639,0.26356,2.445,2.76495
1.27184,0.26356,2.445,2.76858
1.27977,0.26356,2.445,2.77224
1.29719,0.2655,2.463,2.79635
1.30518,0.2655,2.463,2.80006
1.32277,0.267441,2.481,2.82429
1.33083,0.267441,2.481,2.82807
1.33888,0.267441,2.481,2.83187
1.3567,0.269381,2.499,2.85626
1.37465,0.271321,2.517,2.88072
1.38282,0.271321,2.517,2.88463
1.41198,0.275417,2.555,2.93216
1.43084,0.277465,2.574,2.958
1.44982,0.279514,2.593,2.98391
1.45823,0.279514,2.593,2.98801
1.46665,0.279514,2.593,2.99213
1.47507,0.279514,2.593,2.99626
1.48348,0.279514,2.593,3.00042
1.50341,0.28167,2.613,3.02776
1.52346,0.283825,2.633,3.05519
1.532,0.283825,2.633,3.05946
1.54055,0.283825,2.633,3.06375
1.53733,0.28167,2.613,3.04475
1.54581,0.28167,2.613,3.04904
1.5424,0.279514,2.593,3.02998
1.55081,0.279514,2.593,3.03427
1.55923,0.279514,2.593,3.03858
1.55616,0.277465,2.574,3.02061
1.56451,0.277465,2.574,3.02492
1.57287,0.277465,2.574,3.02925
1.56955,0.275417,2.555,3.01121
1.56611,0.273369,2.536,2.99311
1.57434,0.273369,2.536,2.99743
1.58257,0.273369,2.536,3.00176
1.56759,0.269381,2.499,2.96225
1.5757,0.269381,2.499,2.96655
1.58382,0.269381,2.499,2.97087
1.58046,0.267441,2.481,2.95377
1.57699,0.2655,2.463,2.93662
1.58498,0.2655,2.463,2.94092
1.57034,0.261727,2.428,2.90339
1.57822,0.261727,2.428,2.90766
1.5861,0.261727,2.428,2.91194
1.58282,0.259895,2.411,2.89582
1.57943,0.258062,2.394,2.87966
1.5872,0.258062,2.394,2.88393
1.59497,0.258062,2.394,2.88821
1.59136,0.25623,2.377,2.87197
1.59908,0.25623,2.377,2.87625
1.59598,0.254505,2.361,2.86116
1.60364,0.254505,2.361,2.86544
-1.79885,0.287927,2.593,3.16898
-1.79043,0.287927,2.593,3.16421
-1.78202,0.287927,2.593,3.15945
-1.7736,0.287927,2.593,3.15471
-1.76518,0.287927,2.593,3.14999
-1.77032,0.290148,2.613,3.16954
-1.77532,0.292369,2.633,3.18903
-1.76678,0.292369,2.633,3.18428
-1.75823,0.292369,2.633,3.17955
-1.76364,0.294701,2.654,3.20015
-1.75502,0.294701,2.654,3.19541
-1.76023,0.297033,2.675,3.21594
-1.7653,0.299365,2.696,3.2364
-1.75655,0.299365,2.696,3.23164
-1.7478,0.299365,2.696,3.22689
-1.75259,0.301696,2.717,3.24726
-1.75789,0.304139,2.739,3.26876
-1.749,0.304139,2.739,3.26399
-1.74011,0.304139,2.739,3.25923
-1.73122,0.304139,2.739,3.2545
-1.72233,0.304139,2.739,3.24978
-1.69968,0.301696,2.717,3.21901
-1.69086,0.301696,2.717,3.21436
-1.68204,0.301696,2.717,3.20973
-1.66029,0.299365,2.696,3.18035
-1.65154,0.299365,2.696,3.17579
-1.64279,0.299365,2.696,3.17124
-1.60858,0.294701,2.654,3.11739
-1.58731,0.292369,2.633,3.08832
-1.57876,0.292369,2.633,3.08394
-1.54636,0.287927,2.593,3.03279
-1.51541,0.283708,2.555,2.98412
-1.50711,0.283708,2.555,2.97992
-1.47653,0.279488,2.517,2.93147
-1.45786,0.27749,2.499,2.90643
-1.44975,0.27749,2.499,2.90237
-1.42087,0.273492,2.463,2.85658
-1.3928,0.269606,2.428,2.81207
-1.38492,0.269606,2.428,2.80818
-1.36739,0.267718,2.411,2.78467
-1.35957,0.267718,2.411,2.78083
-1.35174,0.267718,2.411,2.77701
-1.34392,0.267718,2.411,2.77321
-1.33609,0.267718,2.411,2.76943
-1.33763,0.269606,2.428,2.78516
-1.34892,0.273492,2.463,2.82148
-1.34093,0.273492,2.463,2.81767
-1.35241,0.27749,2.499,2.855
-1.35399,0.279488,2.517,2.8717
-1.37629,0.285818,2.574,2.93281
-1.36794,0.285818,2.574,2.9289
-1.38019,0.290148,2.613,2.96932
-1.39323,0.294701,2.654,3.01192
-1.38461,0.294701,2.654,3.00794
-1.39777,0.299365,2.696,3.05153
-1.39984,0.301696,2.717,3.07127
-1.39102,0.301696,2.717,3.06726
-1.38221,0.301696,2.717,3.06327
-1.36277,0.299365,2.696,3.03565
-1.35402,0.299365,2.696,3.03173
-1.34527,0.299365,2.696,3.02784
-1.32611,0.297033,2.675,3.0004
-1.31743,0.297033,2.675,2.99658
-1.2882,0.292369,2.633,2.94578
-1.26993,0.290148,2.613,2.91971
-1.26145,0.290148,2.613,2.91603
-1.24338,0.287927,2.593,2.89008
-1.21686,0.283708,2.555,2.84416
-1.20857,0.283708,2.555,2.84063
-1.19135,0.281598,2.536,2.81601
-1.17426,0.279488,2.517,2.79147
-1.16609,0.279488,2.517,2.78804
-1.15792,0.279488,2.517,2.78463
-1.1333,0.275491,2.481,2.74147
-1.12525,0.275491,2.481,2.73815
-1.1172,0.275491,2.481,2.73485
-1.10914,0.275491,2.481,2.73157
-1.0931,0.273492,2.463,2.70851
-1.08511,0.273492,2.463,2.7053
-1.07712,0.273492,2.463,2.7021
-1.06912,0.273492,2.463,2.69892
-1.06113,0.273492,2.463,2.69577
-1.05313,0.273492,2.463,2.69263
-1.04514,0.273492,2.463,2.68951
-1.02956,0.271494,2.445,2.66678
-1.02163,0.271494,2.445,2.66373
-1.01369,0.271494,2.445,2.6607
-1.00576,0.271494,2.445,2.65768
-1.00517,0.273492,2.463,2.67423
-0.997172,0.273492,2.463,2.67124
-0.989178,0.273492,2.463,2.66827
-0.981184,0.273492,2.463,2.66531
-0.973189,0.273492,2.463,2.66238
-0.965195,0.273492,2.463,2.65947
-0.957201,0.273492,2.463,2.65658
-0.949206,0.273492,2.463,2.65371
-0.941212,0.273492,2.463,2.65086
-0.933218,0.273492,2.463,2.64803
-0.925224,0.273492,2.463,2.64522
-0.917229,0.273492,2.463,2.64244
-0.909235,0.273492,2.463,2.63967
-0.901241,0.273492,2.463,2.63693
-0.893246,0.273492,2.463,2.63421
-0.878783,0.271494,2.445,2.61228
-0.870847,0.271494,2.445,2.60962
-0.862911,0.271494,2.445,2.60698
-0.854975,0.271494,2.445,2.60436
-0.847039,0.271494,2.445,2.60177
-0.839103,0.271494,2.445,2.5992
-0.831167,0.271494,2.445,2.59665
-0.829292,0.273492,2.463,2.61321
-0.821298,0.273492,2.463,2.61069
-0.813304,0.273492,2.463,2.60819
-0.805309,0.273492,2.463,2.6057
-0.797315,0.273492,2.463,2.60324
-0.789321,0.273492,2.463,2.60081
-0.781326,0.273492,2.463,2.59839
-0.773332,0.273492,2.463,2.596
-0.765338,0.273492,2.463,2.59363
-0.757344,0.273492,2.463,2.59128
-0.754826,0.275491,2.481,2.60788
-0.746773,0.275491,2.481,2.60556
-0.73872,0.275491,2.481,2.60326
-0.730668,0.275491,2.481,2.60099
-0.722615,0.275491,2.481,2.59874
-0.714562,0.275491,2.481,2.59651
-0.711635,0.27749,2.499,2.61313
-0.703524,0.27749,2.499,2.61093
-0.695413,0.27749,2.499,2.60875
-0.687302,0.27749,2.499,2.6066
-0.679191,0.27749,2.499,2.60448
-0.67108,0.27749,2.499,2.60237
-0.662968,0.27749,2.499,2.60029
-0.654857,0.27749,2.499,2.59824
-0.651405,0.279488,2.517,2.61491
-0.643235,0.279488,2.517,2.61288
-0.635065,0.279488,2.517,2.61088
-0.626896,0.279488,2.517,2.60891
-0.618726,0.279488,2.517,2.60696
-0.610557,0.279488,2.517,2.60503
-0.602387,0.279488,2.517,2.60313
-0.594218,0.279488,2.517,2.60125
-0.586048,0.279488,2.517,2.5994
-0.577879,0.279488,2.517,2.59757
-0.569709,0.279488,2.517,2.59576
-0.561539,0.279488,2.517,2.59398
-0.557547,0.281598,2.536,2.61179
-0.549316,0.281598,2.536,2.61005
-0.541085,0.281598,2.536,2.60833
-0.532853,0.281598,2.536,2.60663
-0.524622,0.281598,2.536,2.60496
-0.516391,0.281598,2.536,2.60332
-0.50816,0.281598,2.536,2.6017
-0.499929,0.281598,2.536,2.6001
-0.491697,0.281598,2.536,2.59853
-0.483466,0.281598,2.536,2.59699
-0.475235,0.281598,2.536,2.59547
-0.467004,0.281598,2.536,2.59397
-0.455335,0.279488,2.517,2.57308
-0.447166,0.279488,2.517,2.57165
-0.438996,0.279488,2.517,2.57024
-0.430827,0.279488,2.517,2.56885
-0.419634,0.27749,2.499,2.54914
-0.411523,0.27749,2.499,2.54781
-0.403412,0.27749,2.499,2.54652
-0.395301,0.27749,2.499,2.54524
-0.38719,0.27749,2.499,2.544
-0.379079,0.27749,2.499,2.54277
-0.368296,0.275491,2.481,2.52327
-0.360243,0.275491,2.481,2.52211
-0.35219,0.275491,2.481,2.52097
-0.344137,0.275491,2.481,2.51986
-0.336085,0.275491,2.481,2.51877
-0.328032,0.275491,2.481,2.51771
-0.319979,0.275491,2.481,2.51667
-0.311927,0.275491,2.481,2.51566
-0.306079,0.27749,2.499,2.53292
-0.297967,0.27749,2.499,2.53195
-0.289856,0.27749,2.499,2.53101
-0.281745,0.27749,2.499,2.5301
-0.273634,0.27749,2.499,2.5292
-0.265523,0.27749,2.499,2.52834
-0.259266,0.279488,2.517,2.54571
-0.251096,0.279488,2.517,2.54489
-0.242927,0.279488,2.517,2.54409
-0.234757,0.279488,2.517,2.54333
-0.228298,0.281598,2.536,2.56178
-0.220067,0.281598,2.536,2.56106
-0.211836,0.281598,2.536,2.56036
-0.203604,0.281598,2.536,2.5597
-0.196837,0.283708,2.555,2.57823
-0.188544,0.283708,2.555,2.57761
-0.180251,0.283708,2.555,2.57701
-0.171958,0.283708,2.555,2.57645
-0.163665,0.283708,2.555,2.57591
-0.155372,0.283708,2.555,2.57539
-0.14708,0.283708,2.555,2.57491
-0.138787,0.283708,2.555,2.57445
-0.130494,0.283708,2.555,2.57401
-0.122201,0.283708,2.555,2.57361
-0.113908,0.283708,2.555,2.57323
-0.105615,0.283708,2.555,2.57287
-0.0973222,0.283708,2.555,2.57254
-0.0890293,0.283708,2.555,2.57224
-0.0807364,0.283708,2.555,2.57197
-0.0719048,0.281598,2.536,2.5526
-0.0636736,0.281598,2.536,2.55238
-0.0554423,0.281598,2.536,2.55219
-0.0472111,0.281598,2.536,2.55202
-0.0389799,0.281598,2.536,2.55188
-0.0307487,0.281598,2.536,2.55177
-0.0225174,0.281598,2.536,2.55169
-0.0142862,0.281598,2.536,2.55163
-0.00605498,0.281598,2.536,2.55159
0.00215994,0.279488,2.517,2.53247
0.0103295,0.279488,2.517,2.53249
0.0184991,0.279488,2.517,2.53254
0.0266686,0.279488,2.517,2.53261
0.0348382,0.279488,2.517,2.53271
0.0430077,0.279488,2.517,2.53284
0.0511773,0.279488,2.517,2.53299
0.0593468,0.279488,2.517,2.53317
0.0675164,0.279488,2.517,2.53337
0.075686,0.279488,2.517,2.5336
0.0838555,0.279488,2.517,2.53386
0.0927197,0.281598,2.536,2.55327
0.100951,0.281598,2.536,2.55358
0.109182,0.281598,2.536,2.55392
0.117413,0.281598,2.536,2.55429
0.125645,0.281598,2.536,2.55468
0.133876,0.281598,2.536,2.5551
0.142107,0.281598,2.536,2.55554
0.150338,0.281598,2.536,2.55601
0.15857,0.281598,2.536,2.55651
0.166801,0.281598,2.536,2.55703
0.176343,0.283708,2.555,2.57674
0.184636,0.283708,2.555,2.57733
0.192929,0.283708,2.555,2.57793
0.199726,0.281598,2.536,2.55939
0.207957,0.281598,2.536,2.56005
0.216188,0.281598,2.536,2.56073
0.224419,0.281598,2.536,2.56144
0.232651,0.281598,2.536,2.56217
0.240882,0.281598,2.536,2.56293
0.249113,0.281598,2.536,2.56372
0.257344,0.281598,2.536,2.56453
0.265575,0.281598,2.536,2.56537
0.271755,0.279488,2.517,2.54701
0.279925,0.279488,2.517,2.54789
0.288094,0.279488,2.517,2.5488
0.296264,0.279488,2.517,2.54974
0.304434,0.279488,2.517,2.5507
0.312603,0.279488,2.517,2.55169
0.318479,0.27749,2.499,2.53445
0.32659,0.27749,2.499,2.53548
0.334701,0.27749,2.499,2.53654
0.342812,0.27749,2.499,2.53762
0.350923,0.27749,2.499,2.53873
0.359034,0.27749,2.499,2.53986
0.367146,0.27749,2.499,2.54102
0.375257,0.27749,2.499,2.54221
0.383368,0.27749,2.499,2.54342
0.391479,0.27749,2.499,2.54465
0.39959,0.27749,2.499,2.54591
0.407701,0.27749,2.499,2.5472
0.415812,0.27749,2.499,2.54851
0.42087,0.275491,2.481,2.53148
0.428923,0.275491,2.481,2.53283
0.436975,0.275491,2.481,2.53421
0.445028,0.275491,2.481,2.53561
0.453081,0.275491,2.481,2.53703
0.461134,0.275491,2.481,2.53848
0.469186,0.275491,2.481,2.53996
0.473776,0.273492,2.463,2.52302
0.481771,0.273492,2.463,2.52453
0.489765,0.273492,2.463,2.52607
0.497759,0.273492,2.463,2.52763
0.502058,0.271494,2.445,2.51074
0.509993,0.271494,2.445,2.51234
0.517929,0.271494,2.445,2.51396
0.525865,0.271494,2.445,2.51561
0.533801,0.271494,2.445,2.51728
0.53797,0.269606,2.428,2.50146
0.545851,0.269606,2.428,2.50316
0.553732,0.269606,2.428,2.50489
0.561612,0.269606,2.428,2.50665
0.569493,0.269606,2.428,2.50842
0.573331,0.267718,2.411,2.49265
0.581156,0.267718,2.411,2.49446
0.584829,0.26583,2.394,2.47869
0.592599,0.26583,2.394,2.48054
0.60037,0.26583,2.394,2.48241
0.60814,0.26583,2.394,2.4843
0.611537,0.263943,2.377,2.46856
0.619252,0.263943,2.377,2.47048
0.626967,0.263943,2.377,2.47242
0.63041,0.262166,2.361,2.45774
0.638073,0.262166,2.361,2.45971
0.645737,0.262166,2.361,2.46171
0.648972,0.260389,2.345,2.44704
0.656583,0.260389,2.345,2.44907
0.664194,0.260389,2.345,2.45112
0.667222,0.258613,2.329,2.43645
0.674781,0.258613,2.329,2.43853
0.682341,0.258613,2.329,2.44064
0.68516,0.256836,2.313,2.42598
0.688176,0.255171,2.298,2.41236
0.695635,0.255171,2.298,2.4145
0.703093,0.255171,2.298,2.41666
0.705605,0.253394,2.282,2.402
0.713012,0.253394,2.282,2.40419
0.720418,0.253394,2.282,2.40639
0.727825,0.253394,2.282,2.40862
0.730399,0.251728,2.267,2.39502
0.737757,0.251728,2.267,2.39728
0.745115,0.251728,2.267,2.39955
0.757452,0.253394,2.282,2.41774
0.764859,0.253394,2.282,2.42007
0.772266,0.253394,2.282,2.42242
0.779673,0.253394,2.282,2.42479
0.792598,0.255171,2.298,2.4442
0.800057,0.255171,2.298,2.44663
0.812787,0.256836,2.313,2.46507
0.825968,0.258613,2.329,2.48462
0.839254,0.260389,2.345,2.50423
0.846865,0.260389,2.345,2.50679
0.860307,0.262166,2.361,2.5265
0.880102,0.26583,2.394,2.56447
0.887872,0.26583,2.394,2.56714
0.902002,0.267718,2.411,2.58809
0.909828,0.267718,2.411,2.59083
0.917653,0.267718,2.411,2.59358
0.932004,0.269606,2.428,2.61467
0.946466,0.271494,2.445,2.63582
0.954402,0.271494,2.445,2.63868
0.962338,0.271494,2.445,2.64156
0.970273,0.271494,2.445,2.64446
0.978209,0.271494,2.445,2.64738
0.986145,0.271494,2.445,2.65032
0.994081,0.271494,2.445,2.65329
1.00202,0.271494,2.445,2.65627
1.00995,0.271494,2.445,2.65927
1.01789,0.271494,2.445,2.6623
1.02582,0.271494,2.445,2.66534
1.03376,0.271494,2.445,2.66841
1.0417,0.271494,2.445,2.67149
1.04233,0.269606,2.428,2.656
1.05021,0.269606,2.428,2.6591
1.0581,0.269606,2.428,2.66222
1.07344,0.271494,2.445,2.68403
1.08138,0.271494,2.445,2.68721
1.08931,0.271494,2.445,2.69042
1.09725,0.271494,2.445,2.69364
1.10518,0.271494,2.445,2.69688
1.11312,0.271494,2.445,2.70014
1.12105,0.271494,2.445,2.70342
1.1373,0.273492,2.463,2.72665
1.1453,0.273492,2.463,2.72999
1.15329,0.273492,2.463,2.73336
1.16129,0.273492,2.463,2.73674
1.16928,0.273492,2.463,2.74014
1.17727,0.273492,2.463,2.74356
1.18527,0.273492,2.463,2.747
1.19326,0.273492,2.463,2.75046
1.20126,0.273492,2.463,2.75394
1.20925,0.273492,2.463,2.75744
1.21725,0.273492,2.463,2.76095
1.22524,0.273492,2.463,2.76449
1.23323,0.273492,2.463,2.76804
1.24123,0.273492,2.463,2.77161
1.24922,0.273492,2.463,2.7752
1.24803,0.271494,2.445,2.7585
1.25596,0.271494,2.445,2.7621
1.2639,0.271494,2.445,2.76571
1.27184,0.271494,2.445,2.76935
1.27977,0.271494,2.445,2.773
1.29719,0.273492,2.463,2.79712
1.30518,0.273492,2.463,2.80083
1.32277,0.275491,2.481,2.82506
1.33083,0.275491,2.481,2.82884
1.33888,0.275491,2.481,2.83264
1.3567,0.27749,2.499,2.85703
1.37465,0.279488,2.517,2.8815
1.38282,0.279488,2.517,2.88541
1.40148,0.281598,2.536,2.91114
1.43084,0.285818,2.574,2.9588
1.44982,0.287927,2.593,2.98471
1.45823,0.287927,2.593,2.98881
1.46665,0.287927,2.593,2.99293
1.47507,0.287927,2.593,2.99706
1.48348,0.287927,2.593,3.00121
1.50341,0.290148,2.613,3.02856
1.52346,0.292369,2.633,3.05599
1.532,0.292369,2.633,3.06026
1.54055,0.292369,2.633,3.06455
1.53733,0.290148,2.613,3.04554
1.54581,0.290148,2.613,3.04983
1.5424,0.287927,2.593,3.03077
1.55081,0.287927,2.593,3.03506
1.55923,0.287927,2.593,3.03937
1.55616,0.285818,2.574,3.02139
1.56451,0.285818,2.574,3.0257
1.57287,0.285818,2.574,3.03003
1.56955,0.283708,2.555,3.01198
1.56611,0.281598,2.536,2.99388
1.57434,0.281598,2.536,2.99819
1.58257,0.281598,2.536,3.00252
1.56759,0.27749,2.499,2.963
1.5757,0.27749,2.499,2.9673
1.58382,0.27749,2.499,2.97161
1.58046,0.275491,2.481,2.95451
1.57699,0.273492,2.463,2.93736
1.58498,0.273492,2.463,2.94166
1.57034,0.269606,2.428,2.90411
1.57822,0.269606,2.428,2.90838
1.5861,0.269606,2.428,2.91266
1.58282,0.267718,2.411,2.89654
1.57943,0.26583,2.394,2.88037
1.5872,0.26583,2.394,2.88463
1.58365,0.263943,2.377,2.8684
1.59136,0.263943,2.377,2.87267
1.59908,0.263943,2.377,2.87695
1.59598,0.262166,2.361,2.86185
1.59277,0.260389,2.345,2.84671
-1.79885,0.296341,2.593,3.16975
-1.79043,0.296341,2.593,3.16498
-1.78202,0.296341,2.593,3.16023
-1.7736,0.296341,2.593,3.15549
-1.76518,0.296341,2.593,3.15077
-1.77032,0.298627,2.613,3.17033
-1.77532,0.300913,2.633,3.18983
-1.76678,0.300913,2.633,3.18508
-1.75823,0.300913,2.633,3.18035
-1.76364,0.303313,2.654,3.20096
-1.75502,0.303313,2.654,3.19622
-1.76023,0.305713,2.675,3.21675
-1.7653,0.308113,2.696,3.23722
-1.75655,0.308113,2.696,3.23246
-1.76141,0.310513,2.717,3.25286
-1.75259,0.310513,2.717,3.24809
-1.75789,0.313027,2.739,3.2696
-1.749,0.313027,2.739,3.26483
-1.74011,0.313027,2.739,3.26008
-1.74513,0.315541,2.761,3.28149
-1.72233,0.313027,2.739,3.25062
-1.71344,0.313027,2.739,3.24592
-1.70455,0.313027,2.739,3.24123
-1.69566,0.313027,2.739,3.23657
-1.68677,0.313027,2.739,3.23192
-1.6644,0.310513,2.717,3.20137
-1.65559,0.310513,2.717,3.19679
-1.63404,0.308113,2.696,3.16756
-1.59997,0.303313,2.654,3.11378
-1.59135,0.303313,2.654,3.10936
-1.55829,0.298627,2.613,3.05699
-1.52668,0.29417,2.574,3.00712
-1.51832,0.29417,2.574,3.00288
-1.49882,0.291999,2.555,2.97653
-1.46836,0.287656,2.517,2.92816
-1.46019,0.287656,2.517,2.92407
-1.44164,0.285599,2.499,2.89912
-1.41288,0.281484,2.463,2.85339
-1.39461,0.279427,2.445,2.82861
-1.38668,0.279427,2.445,2.82471
-1.36916,0.277484,2.428,2.80121
-1.36127,0.277484,2.428,2.79737
-1.35339,0.277484,2.428,2.79354
-1.34551,0.277484,2.428,2.78973
-1.347,0.279427,2.445,2.80544
-1.35878,0.283541,2.481,2.84289
-1.35073,0.283541,2.481,2.83905
-1.36216,0.287656,2.517,2.87637
-1.36421,0.289827,2.536,2.89419
-1.37629,0.29417,2.574,2.93363
-1.36794,0.29417,2.574,2.92972
-1.38019,0.298627,2.613,2.97016
-1.39323,0.303313,2.654,3.01277
-1.38461,0.303313,2.654,3.0088
-1.39777,0.308113,2.696,3.0524
-1.39984,0.310513,2.717,3.07214
-1.39102,0.310513,2.717,3.06814
-1.38221,0.310513,2.717,3.06415
-1.36277,0.308113,2.696,3.03653
-1.35402,0.308113,2.696,3.03261
-1.34527,0.308113,2.696,3.02871
-1.3157,0.303313,2.654,2.97771
-1.30708,0.303313,2.654,2.97392
-1.2882,0.300913,2.633,2.94664
-1.26993,0.298627,2.613,2.92056
-1.26145,0.298627,2.613,2.91688
-1.24338,0.296341,2.593,2.89093
-1.21686,0.291999,2.555,2.845
-1.20857,0.291999,2.555,2.84147
-1.19135,0.289827,2.536,2.81684
-1.17426,0.287656,2.517,2.7923
-1.15775,0.285599,2.499,2.76893
-1.14964,0.285599,2.499,2.76554
-1.1333,0.283541,2.481,2.74229
-1.12525,0.283541,2.481,2.73897
-1.1172,0.283541,2.481,2.73567
-1.10914,0.283541,2.481,2.73239
-1.0931,0.281484,2.463,2.70933
-1.08511,0.281484,2.463,2.70612
-1.07712,0.281484,2.463,2.70292
-1.06912,0.281484,2.463,2.69974
-1.06113,0.281484,2.463,2.69659
-1.05313,0.281484,2.463,2.69345
-1.04514,0.281484,2.463,2.69034
-1.03714,0.281484,2.463,2.68724
-1.02915,0.281484,2.463,2.68417
-1.02116,0.281484,2.463,2.68111
-1.01316,0.281484,2.463,2.67808
-1.00517,0.281484,2.463,2.67506
-0.997172,0.281484,2.463,2.67207
-0.989178,0.281484,2.463,2.6691
-0.981184,0.281484,2.463,2.66614
-0.973189,0.281484,2.463,2.66321
-0.965195,0.281484,2.463,2.6603
-0.957201,0.281484,2.463,2.65741
-0.949206,0.281484,2.463,2.65454
-0.941212,0.281484,2.463,2.65169
-0.933218,0.281484,2.463,2.64887
-0.925224,0.281484,2.463,2.64606
-0.917229,0.281484,2.463,2.64328
-0.909235,0.281484,2.463,2.64051
-0.901241,0.281484,2.463,2.63777
-0.893246,0.281484,2.463,2.63505
-0.878783,0.279427,2.445,2.61311
-0.870847,0.279427,2.445,2.61046
-0.862911,0.279427,2.445,2.60782
-0.854975,0.279427,2.445,2.6052
-0.847039,0.279427,2.445,2.60261
-0.839103,0.279427,2.445,2.60004
-0.831167,0.279427,2.445,2.59749
-0.829292,0.281484,2.463,2.61406
-0.821298,0.281484,2.463,2.61154
-0.813304,0.281484,2.463,2.60904
-0.805309,0.281484,2.463,2.60655
-0.797315,0.281484,2.463,2.6041
-0.789321,0.281484,2.463,2.60166
-0.781326,0.281484,2.463,2.59924
-0.773332,0.281484,2.463,2.59685
-0.765338,0.281484,2.463,2.59448
-0.757344,0.281484,2.463,2.59214
-0.754826,0.283541,2.481,2.60874
-0.746773,0.283541,2.481,2.60642
-0.73872,0.283541,2.481,2.60412
-0.730668,0.283541,2.481,2.60185
-0.722615,0.283541,2.481,2.5996
-0.714562,0.283541,2.481,2.59737
-0.711635,0.285599,2.499,2.614
-0.703524,0.285599,2.499,2.6118
-0.695413,0.285599,2.499,2.60963
-0.687302,0.285599,2.499,2.60748
-0.679191,0.285599,2.499,2.60535
-0.67108,0.285599,2.499,2.60325
-0.662968,0.285599,2.499,2.60117
-0.659574,0.287656,2.517,2.61784
-0.651405,0.287656,2.517,2.61579
-0.643235,0.287656,2.517,2.61377
-0.635065,0.287656,2.517,2.61177
-0.626896,0.287656,2.517,2.6098
-0.618726,0.287656,2.517,2.60785
-0.610557,0.287656,2.517,2.60592
-0.602387,0.287656,2.517,2.60402
-0.594218,0.287656,2.517,2.60214
-0.586048,0.287656,2.517,2.60029
-0.577879,0.287656,2.517,2.59846
-0.569709,0.287656,2.517,2.59665
-0.561539,0.287656,2.517,2.59487
-0.557547,0.289827,2.536,2.61269
-0.549316,0.289827,2.536,2.61095
-0.541085,0.289827,2.536,2.60923
-0.532853,0.289827,2.536,2.60753
-0.524622,0.289827,2.536,2.60586
-0.516391,0.289827,2.536,2.60422
-0.50816,0.289827,2.536,2.6026
-0.499929,0.289827,2.536,2.601
-0.491697,0.289827,2.536,2.59943
-0.483466,0.289827,2.536,2.59789
-0.475235,0.289827,2.536,2.59637
-0.467004,0.289827,2.536,2.59488
-0.455335,0.287656,2.517,2.57398
-0.447166,0.287656,2.517,2.57255
-0.438996,0.287656,2.517,2.57114
-0.430827,0.287656,2.517,2.56976
-0.419634,0.285599,2.499,2.55003
-0.411523,0.285599,2.499,2.54871
-0.403412,0.285599,2.499,2.54741
-0.395301,0.285599,2.499,2.54614
-0.38719,0.285599,2.499,2.54489
-0.379079,0.285599,2.499,2.54367
-0.368296,0.283541,2.481,2.52416
-0.360243,0.283541,2.481,2.523
-0.35219,0.283541,2.481,2.52186
-0.344137,0.283541,2.481,2.52075
-0.336085,0.283541,2.481,2.51966
-0.328032,0.283541,2.481,2.5186
-0.319979,0.283541,2.481,2.51757
-0.311927,0.283541,2.481,2.51656
-0.306079,0.285599,2.499,2.53382
-0.297967,0.285599,2.499,2.53285
-0.289856,0.285599,2.499,2.53191
-0.281745,0.285599,2.499,2.531
-0.273634,0.285599,2.499,2.53011
-0.265523,0.285599,2.499,2.52924
-0.259266,0.287656,2.517,2.54662
-0.251096,0.287656,2.517,2.5458
-0.242927,0.287656,2.517,2.545
-0.234757,0.287656,2.517,2.54424
-0.228298,0.289827,2.536,2.5627
-0.220067,0.289827,2.536,2.56198
-0.211836,0.289827,2.536,2.56128
-0.203604,0.289827,2.536,2.56062
-0.196837,0.291999,2.555,2.57915
-0.188544,0.291999,2.555,2.57853
-0.180251,0.291999,2.555,2.57794
-0.171958,0.291999,2.555,2.57737
-0.163665,0.291999,2.555,2.57683
-0.156528,0.29417,2.574,2.59548
-0.148173,0.29417,2.574,2.59499
-0.139819,0.29417,2.574,2.59453
-0.131464,0.29417,2.574,2.59409
-0.122201,0.291999,2.555,2.57453
-0.113908,0.291999,2.555,2.57415
-0.105615,0.291999,2.555,2.5738
-0.0973222,0.291999,2.555,2.57347
-0.0890293,0.291999,2.555,2.57317
-0.0807364,0.291999,2.555,2.5729
-0.0724435,0.291999,2.555,2.57265
-0.0641506,0.291999,2.555,2.57243
-0.0558577,0.291999,2.555,2.57224
-0.0472111,0.289827,2.536,2.55294
-0.0389799,0.289827,2.536,2.55281
-0.0307487,0.289827,2.536,2.55269
-0.0225174,0.289827,2.536,2.55261
-0.0142862,0.289827,2.536,2.55255
-0.00605498,0.289827,2.536,2.55251
0.00217625,0.289827,2.536,2.55251
0.0104075,0.289827,2.536,2.55253
0.0186387,0.289827,2.536,2.55258
0.0266686,0.287656,2.517,2.53352
0.0348382,0.287656,2.517,2.53362
0.0430077,0.287656,2.517,2.53375
0.0511773,0.287656,2.517,2.5339
0.0593468,0.287656,2.517,2.53408
0.0675164,0.287656,2.517,2.53428
0.075686,0.287656,2.517,2.53451
0.0838555,0.287656,2.517,2.53477
0.0927197,0.289827,2.536,2.55419
0.100951,0.289827,2.536,2.5545
0.109182,0.289827,2.536,2.55484
0.117413,0.289827,2.536,2.55521
0.126586,0.291999,2.555,2.57475
0.134879,0.291999,2.555,2.57517
0.143172,0.291999,2.555,2.57561
0.151465,0.291999,2.555,2.57609
0.159758,0.291999,2.555,2.57659
0.16805,0.291999,2.555,2.57712
0.176343,0.291999,2.555,2.57767
0.184636,0.291999,2.555,2.57825
0.192929,0.291999,2.555,2.57886
0.201222,0.291999,2.555,2.57949
0.209515,0.291999,2.555,2.58015
0.217808,0.291999,2.555,2.58084
0.226101,0.291999,2.555,2.58155
0.234394,0.291999,2.555,2.58229
0.242687,0.291999,2.555,2.58306
0.249113,0.289827,2.536,2.56464
0.257344,0.289827,2.536,2.56545
0.265575,0.289827,2.536,2.56629
0.273807,0.289827,2.536,2.56715
0.282038,0.289827,2.536,2.56804
0.290269,0.289827,2.536,2.56896
0.2985,0.289827,2.536,2.5699
0.304434,0.287656,2.517,2.55161
0.312603,0.287656,2.517,2.5526
0.320773,0.287656,2.517,2.55361
0.328942,0.287656,2.517,2.55465
0.337112,0.287656,2.517,2.55572
0.345281,0.287656,2.517,2.55681
0.353451,0.287656,2.517,2.55792
0.359034,0.285599,2.499,2.54076
0.367146,0.285599,2.499,2.54192
0.375257,0.285599,2.499,2.54311
0.383368,0.285599,2.499,2.54432
0.391479,0.285599,2.499,2.54555
0.39959,0.285599,2.499,2.54681
0.407701,0.285599,2.499,2.54809
0.415812,0.285599,2.499,2.54941
0.423923,0.285599,2.499,2.55074
0.432035,0.285599,2.499,2.5521
0.440146,0.285599,2.499,2.55349
0.448257,0.285599,2.499,2.5549
0.456368,0.285599,2.499,2.55633
0.464479,0.285599,2.499,2.55779
0.47259,0.285599,2.499,2.55928
0.477239,0.283541,2.481,2.54234
0.485292,0.283541,2.481,2.54387
0.493344,0.283541,2.481,2.54542
0.497759,0.281484,2.463,2.52851
0.505754,0.281484,2.463,2.5301
0.513748,0.281484,2.463,2.53171
0.517929,0.279427,2.445,2.51483
0.525865,0.279427,2.445,2.51647
0.533801,0.279427,2.445,2.51814
0.541737,0.279427,2.445,2.51984
0.549673,0.279427,2.445,2.52156
0.557609,0.279427,2.445,2.5233
0.565544,0.279427,2.445,2.52506
0.569493,0.277484,2.428,2.50928
0.577374,0.277484,2.428,2.51108
0.585254,0.277484,2.428,2.51291
0.588982,0.275541,2.411,2.49715
0.596808,0.275541,2.411,2.499
0.604633,0.275541,2.411,2.50088
0.60814,0.273599,2.394,2.48514
0.61591,0.273599,2.394,2.48705
0.623681,0.273599,2.394,2.48899
0.631451,0.273599,2.394,2.49095
0.634682,0.271656,2.377,2.47523
0.638073,0.269827,2.361,2.46054
0.645737,0.269827,2.361,2.46254
0.6534,0.269827,2.361,2.46456
0.656583,0.267999,2.345,2.44989
0.664194,0.267999,2.345,2.45194
0.671806,0.267999,2.345,2.45401
0.674781,0.26617,2.329,2.43935
0.682341,0.26617,2.329,2.44145
0.6899,0.26617,2.329,2.44357
0.692668,0.264342,2.313,2.42892
0.700175,0.264342,2.313,2.43107
0.707683,0.264342,2.313,2.43324
0.710552,0.262627,2.298,2.41964
0.718011,0.262627,2.298,2.42184
0.72547,0.262627,2.298,2.42406
0.732928,0.262627,2.298,2.42631
0.735232,0.260799,2.282,2.41166
0.742639,0.260799,2.282,2.41393
0.750046,0.260799,2.282,2.41622
0.757452,0.260799,2.282,2.41853
0.764859,0.260799,2.282,2.42086
0.772266,0.260799,2.282,2.42321
0.779673,0.260799,2.282,2.42558
0.792598,0.262627,2.298,2.44499
0.800057,0.262627,2.298,2.44742
0.812787,0.264342,2.313,2.46586
0.825968,0.26617,2.329,2.48542
0.839254,0.267999,2.345,2.50503
0.846865,0.267999,2.345,2.50759
0.860307,0.269827,2.361,2.5273
0.880102,0.273599,2.394,2.56528
0.887872,0.273599,2.394,2.56796
0.902002,0.275541,2.411,2.58891
0.909828,0.275541,2.411,2.59165
0.917653,0.275541,2.411,2.5944
0.932004,0.277484,2.428,2.6155
0.946466,0.279427,2.445,2.63665
0.954402,0.279427,2.445,2.63951
0.962338,0.279427,2.445,2.64239
0.970273,0.279427,2.445,2.64529
0.978209,0.279427,2.445,2.64821
0.986145,0.279427,2.445,2.65115
0.994081,0.279427,2.445,2.65411
1.00202,0.279427,2.445,2.65709
1.00995,0.279427,2.445,2.6601
1.01789,0.279427,2.445,2.66312
1.02582,0.279427,2.445,2.66616
1.03376,0.279427,2.445,2.66923
1.0417,0.279427,2.445,2.67231
1.04233,0.277484,2.428,2.65681
1.05021,0.277484,2.428,2.65991
1.0581,0.277484,2.428,2.66303
1.07344,0.279427,2.445,2.68484
1.08138,0.279427,2.445,2.68802
1.08931,0.279427,2.445,2.69123
1.09725,0.279427,2.445,2.69445
1.10518,0.279427,2.445,2.69769
1.11312,0.279427,2.445,2.70095
1.12105,0.279427,2.445,2.70423
1.1373,0.281484,2.463,2.72746
1.1453,0.281484,2.463,2.73081
1.15329,0.281484,2.463,2.73417
1.16129,0.281484,2.463,2.73755
1.16928,0.281484,2.463,2.74095
1.17727,0.281484,2.463,2.74437
1.18527,0.281484,2.463,2.74781
1.19326,0.281484,2.463,2.75127
1.20126,0.281484,2.463,2.75475
1.20925,0.281484,2.463,2.75824
1.21725,0.281484,2.463,2.76175
1.22524,0.281484,2.463,2.76529
1.23323,0.281484,2.463,2.76884
1.24123,0.281484,2.463,2.77241
1.24922,0.281484,2.463,2.776
1.25722,0.281484,2.463,2.7796
1.26521,0.281484,2.463,2.78323
1.27321,0.281484,2.463,2.78687
1.2812,0.281484,2.463,2.79053
1.28919,0.281484,2.463,2.79421
1.29719,0.281484,2.463,2.79791
1.30518,0.281484,2.463,2.80163
1.31318,0.281484,2.463,2.80536
1.33083,0.283541,2.481,2.82964
1.33888,0.283541,2.481,2.83344
1.3567,0.285599,2.499,2.85783
1.37465,0.287656,2.517,2.88231
1.38282,0.287656,2.517,2.88621
1.40148,0.289827,2.536,2.91195
1.43084,0.29417,2.574,2.95961
1.44982,0.296341,2.593,2.98554
1.45823,0.296341,2.593,2.98963
1.47796,0.298627,2.613,3.01684
1.48644,0.298627,2.613,3.021
1.49492,0.298627,2.613,3.02519
1.51491,0.300913,2.633,3.05257
1.52346,0.300913,2.633,3.05682
1.532,0.300913,2.633,3.06109
1.54055,0.300913,2.633,3.06538
1.5491,0.300913,2.633,3.06968
1.55764,0.300913,2.633,3.074
1.55429,0.298627,2.613,3.05496
1.56277,0.298627,2.613,3.05928
1.57125,0.298627,2.613,3.06362
1.57974,0.298627,2.613,3.06798
1.57606,0.296341,2.593,3.04884
1.58448,0.296341,2.593,3.0532
1.58122,0.29417,2.574,3.03517
1.58958,0.29417,2.574,3.03953
1.59793,0.29417,2.574,3.04391
1.59443,0.291999,2.555,3.0258
1.57888,0.287656,2.517,2.98512
1.58705,0.287656,2.517,2.98944
1.58382,0.285599,2.499,2.97238
1.58046,0.283541,2.481,2.95527
1.57699,0.281484,2.463,2.93811
1.58498,0.281484,2.463,2.94241
1.58133,0.279427,2.445,2.92519
1.57822,0.277484,2.428,2.90912
1.5861,0.277484,2.428,2.9134
1.58282,0.275541,2.411,2.89727
1.57943,0.273599,2.394,2.88109
1.5872,0.273599,2.394,2.88536
1.58365,0.271656,2.377,2.86912
1.59136,0.271656,2.377,2.87339
1.59908,0.271656,2.377,2.87767
1.59598,0.269827,2.361,2.86256
1.59277,0.267999,2.345,2.84741
-1.79885,0.304755,2.593,3.17055
-1.79043,0.304755,2.593,3.16578
-1.78202,0.304755,2.593,3.16103
-1.7736,0.304755,2.593,3.15629
-1.7788,0.307106,2.613,3.17588
-1.77032,0.307106,2.613,3.17114
-1.77532,0.309456,2.633,3.19065
-1.76678,0.309456,2.633,3.1859
-1.77225,0.311925,2.654,3.20654
-1.77759,0.314393,2.675,3.22712
-1.76891,0.314393,2.675,3.22235
-1.76023,0.314393,2.675,3.21759
-1.7653,0.316861,2.696,3.23807
-1.75655,0.316861,2.696,3.23331
-1.76141,0.319329,2.717,3.25371
-1.75259,0.319329,2.717,3.24894
-1.75789,0.321915,2.739,3.27046
-1.749,0.321915,2.739,3.26569
-1.75409,0.3245,2.761,3.28713
-1.74513,0.3245,2.761,3.28236
-1.72233,0.321915,2.739,3.25149
-1.71344,0.321915,2.739,3.24679
-1.70455,0.321915,2.739,3.24211
-1.69566,0.321915,2.739,3.23744
-1.68677,0.321915,2.739,3.23279
-1.6644,0.319329,2.717,3.20223
-1.65559,0.319329,2.717,3.19766
-1.63404,0.316861,2.696,3.16842
-1.61263,0.314393,2.675,3.13927
-1.60395,0.314393,2.675,3.13482
-1.58274,0.311925,2.654,3.10581
-1.54981,0.307106,2.613,3.05352
-1.54133,0.307106,2.613,3.04922
-1.50997,0.302522,2.574,2.9995
-1.47944,0.298056,2.536,2.95108
-1.47121,0.298056,2.536,2.94696
-1.44164,0.293707,2.499,2.89993
-1.4232,0.291592,2.481,2.87505
-1.39461,0.287361,2.445,2.82941
-1.38668,0.287361,2.445,2.8255
-1.37874,0.287361,2.445,2.82162
-1.37081,0.287361,2.445,2.81775
-1.36287,0.287361,2.445,2.8139
-1.35493,0.287361,2.445,2.81006
-1.36683,0.291592,2.481,2.84756
-1.36864,0.293707,2.499,2.86434
-1.36053,0.293707,2.499,2.86047
-1.36216,0.295823,2.517,2.8772
-1.37443,0.300289,2.555,2.91672
-1.38645,0.304755,2.593,2.95614
-1.37804,0.304755,2.593,2.9522
-1.39075,0.309456,2.633,2.99377
-1.40425,0.314393,2.675,3.0375
-1.39557,0.314393,2.675,3.03349
-1.39777,0.316861,2.696,3.05329
-1.39984,0.319329,2.717,3.07305
-1.39102,0.319329,2.717,3.06904
-1.38221,0.319329,2.717,3.06505
-1.36277,0.316861,2.696,3.03743
-1.35402,0.316861,2.696,3.03351
-1.34527,0.316861,2.696,3.02962
-1.3157,0.311925,2.654,2.9786
-1.30708,0.311925,2.654,2.97481
-1.2882,0.309456,2.633,2.94752
-1.26993,0.307106,2.613,2.92144
-1.26145,0.307106,2.613,2.91776
-1.24338,0.304755,2.593,2.8918
-1.22591,0.302522,2.574,2.86703
-1.21756,0.302522,2.574,2.86347
-1.19135,0.298056,2.536,2.8177
-1.17426,0.295823,2.517,2.79315
-1.15775,0.293707,2.499,2.76977
-1.14964,0.293707,2.499,2.76639
-1.1333,0.291592,2.481,2.74313
-1.12525,0.291592,2.481,2.73981
-1.1172,0.291592,2.481,2.73652
-1.10914,0.291592,2.481,2.73324
-1.0931,0.289476,2.463,2.71017
-1.08511,0.289476,2.463,2.70696
-1.07712,0.289476,2.463,2.70376
-1.06912,0.289476,2.463,2.70059
-1.06113,0.289476,2.463,2.69743
-1.05313,0.289476,2.463,2.6943
-1.04514,0.289476,2.463,2.69119
-1.03714,0.289476,2.463,2.68809
-1.02915,0.289476,2.463,2.68502
-1.02116,0.289476,2.463,2.68196
-1.01316,0.289476,2.463,2.67893
-1.00517,0.289476,2.463,2.67592
-0.997172,0.289476,2.463,2.67292
-0.989178,0.289476,2.463,2.66995
-0.981184,0.289476,2.463,2.667
-0.973189,0.289476,2.463,2.66407
-0.965195,0.289476,2.463,2.66116
-0.957201,0.289476,2.463,2.65827
-0.949206,0.289476,2.463,2.6554
-0.941212,0.289476,2.463,2.65255
-0.926398,0.287361,2.445,2.63036
-0.918462,0.287361,2.445,2.62758
-0.910526,0.287361,2.445,2.62482
-0.90259,0.287361,2.445,2.62207
-0.894654,0.287361,2.445,2.61935
-0.886718,0.287361,2.445,2.61665
-0.878783,0.287361,2.445,2.61397
-0.870847,0.287361,2.445,2.61132
-0.862911,0.287361,2.445,2.60868
-0.854975,0.287361,2.445,2.60607
-0.847039,0.287361,2.445,2.60347
-0.839103,0.287361,2.445,2.6009
-0.831167,0.287361,2.445,2.59835
-0.823232,0.287361,2.445,2.59583
-0.821298,0.289476,2.463,2.61241
-0.813304,0.289476,2.463,2.60991
-0.805309,0.289476,2.463,2.60743
-0.797315,0.289476,2.463,2.60497
-0.789321,0.289476,2.463,2.60254
-0.781326,0.289476,2.463,2.60012
-0.773332,0.289476,2.463,2.59773
-0.765338,0.289476,2.463,2.59536
-0.757344,0.289476,2.463,2.59302
-0.749349,0.289476,2.463,2.59069
-0.746773,0.291592,2.481,2.60731
-0.73872,0.291592,2.481,2.60501
-0.730668,0.291592,2.481,2.60274
-0.722615,0.291592,2.481,2.60049
-0.714562,0.291592,2.481,2.59827
-0.711635,0.293707,2.499,2.6149
-0.703524,0.293707,2.499,2.6127
-0.695413,0.293707,2.499,2.61053
-0.687302,0.293707,2.499,2.60838
-0.679191,0.293707,2.499,2.60626
-0.67108,0.293707,2.499,2.60415
-0.662968,0.293707,2.499,2.60207
-0.659574,0.295823,2.517,2.61875
-0.651405,0.295823,2.517,2.6167
-0.643235,0.295823,2.517,2.61468
-0.635065,0.295823,2.517,2.61268
-0.626896,0.295823,2.517,2.61071
-0.618726,0.295823,2.517,2.60876
-0.610557,0.295823,2.517,2.60683
-0.602387,0.295823,2.517,2.60493
-0.594218,0.295823,2.517,2.60306
-0.586048,0.295823,2.517,2.6012
-0.577879,0.295823,2.517,2.59937
-0.569709,0.295823,2.517,2.59757
-0.561539,0.295823,2.517,2.59579
-0.557547,0.298056,2.536,2.61362
-0.549316,0.298056,2.536,2.61187
-0.541085,0.298056,2.536,2.61015
-0.532853,0.298056,2.536,2.60846
-0.524622,0.298056,2.536,2.60679
-0.516391,0.298056,2.536,2.60515
-0.50816,0.298056,2.536,2.60353
-0.499929,0.298056,2.536,2.60193
-0.491697,0.298056,2.536,2.60037
-0.483466,0.298056,2.536,2.59882
-0.475235,0.298056,2.536,2.5973
-0.467004,0.298056,2.536,2.59581
-0.458772,0.298056,2.536,2.59434
-0.447166,0.295823,2.517,2.57347
-0.438996,0.295823,2.517,2.57207
-0.430827,0.295823,2.517,2.57068
-0.422657,0.295823,2.517,2.56933
-0.414487,0.295823,2.517,2.568
-0.406318,0.295823,2.517,2.56669
-0.395301,0.293707,2.499,2.54706
-0.38719,0.293707,2.499,2.54582
-0.379079,0.293707,2.499,2.5446
-0.370968,0.293707,2.499,2.5434
-0.362857,0.293707,2.499,2.54223
-0.354745,0.293707,2.499,2.54108
-0.344137,0.291592,2.481,2.52167
-0.336085,0.291592,2.481,2.52058
-0.328032,0.291592,2.481,2.51952
-0.319979,0.291592,2.481,2.51849
-0.311927,0.291592,2.481,2.51748
-0.306079,0.293707,2.499,2.53475
-0.297967,0.293707,2.499,2.53378
-0.289856,0.293707,2.499,2.53284
-0.281745,0.293707,2.499,2.53193
-0.273634,0.293707,2.499,2.53104
-0.265523,0.293707,2.499,2.53017
-0.259266,0.295823,2.517,2.54755
-0.251096,0.295823,2.517,2.54673
-0.242927,0.295823,2.517,2.54594
-0.234757,0.295823,2.517,2.54517
-0.228298,0.298056,2.536,2.56364
-0.220067,0.298056,2.536,2.56292
-0.211836,0.298056,2.536,2.56223
-0.203604,0.298056,2.536,2.56156
-0.196837,0.300289,2.555,2.58011
-0.188544,0.300289,2.555,2.57949
-0.180251,0.300289,2.555,2.57889
-0.171958,0.300289,2.555,2.57833
-0.163665,0.300289,2.555,2.57779
-0.156528,0.302522,2.574,2.59644
-0.148173,0.302522,2.574,2.59595
-0.139819,0.302522,2.574,2.59549
-0.131464,0.302522,2.574,2.59505
-0.122201,0.300289,2.555,2.57549
-0.113908,0.300289,2.555,2.57511
-0.105615,0.300289,2.555,2.57475
-0.0973222,0.300289,2.555,2.57443
-0.0890293,0.300289,2.555,2.57413
-0.0807364,0.300289,2.555,2.57385
-0.0724435,0.300289,2.555,2.57361
-0.0641506,0.300289,2.555,2.57339
-0.0558577,0.300289,2.555,2.57319
-0.0475648,0.300289,2.555,2.57303
-0.0389799,0.298056,2.536,2.55375
-0.0307487,0.298056,2.536,2.55364
-0.0225174,0.298056,2.536,2.55355
-0.0142862,0.298056,2.536,2.5535
-0.00605498,0.298056,2.536,2.55346
0.00217625,0.298056,2.536,2.55346
0.0104075,0.298056,2.536,2.55348
0.0186387,0.298056,2.536,2.55352
0.0268699,0.298056,2.536,2.5536
0.0351011,0.298056,2.536,2.5537
0.0430077,0.295823,2.517,2.53469
0.0511773,0.295823,2.517,2.53484
0.0593468,0.295823,2.517,2.53502
0.0680261,0.298056,2.536,2.55436
0.0762573,0.298056,2.536,2.55459
0.0844885,0.298056,2.536,2.55485
0.0927197,0.298056,2.536,2.55514
0.100951,0.298056,2.536,2.55545
0.109182,0.298056,2.536,2.55579
0.117413,0.298056,2.536,2.55615
0.126586,0.300289,2.555,2.5757
0.134879,0.300289,2.555,2.57612
0.143172,0.300289,2.555,2.57657
0.151465,0.300289,2.555,2.57704
0.159758,0.300289,2.555,2.57754
0.16805,0.300289,2.555,2.57807
0.176343,0.300289,2.555,2.57862
0.184636,0.300289,2.555,2.5792
0.192929,0.300289,2.555,2.57981
0.201222,0.300289,2.555,2.58044
0.209515,0.300289,2.555,2.5811
0.217808,0.300289,2.555,2.58179
0.226101,0.300289,2.555,2.5825
0.234394,0.300289,2.555,2.58324
0.242687,0.300289,2.555,2.58401
0.249113,0.298056,2.536,2.56558
0.257344,0.298056,2.536,2.56639
0.265575,0.298056,2.536,2.56723
0.273807,0.298056,2.536,2.56809
0.282038,0.298056,2.536,2.56898
0.290269,0.298056,2.536,2.5699
0.2985,0.298056,2.536,2.57084
0.306732,0.298056,2.536,2.57181
0.314963,0.298056,2.536,2.57281
0.323194,0.298056,2.536,2.57383
0.331425,0.298056,2.536,2.57487
0.339657,0.298056,2.536,2.57595
0.347888,0.298056,2.536,2.57704
0.353451,0.295823,2.517,2.55885
0.36162,0.295823,2.517,2.55999
0.36979,0.295823,2.517,2.56116
0.37796,0.295823,2.517,2.56235
0.383368,0.293707,2.499,2.54524
0.391479,0.293707,2.499,2.54647
0.39959,0.293707,2.499,2.54773
0.407701,0.293707,2.499,2.54902
0.415812,0.293707,2.499,2.55033
0.423923,0.293707,2.499,2.55166
0.432035,0.293707,2.499,2.55302
0.440146,0.293707,2.499,2.55441
0.448257,0.293707,2.499,2.55582
0.456368,0.293707,2.499,2.55725
0.464479,0.293707,2.499,2.55871
0.47259,0.293707,2.499,2.5602
0.477239,0.291592,2.481,2.54325
0.485292,0.291592,2.481,2.54478
0.493344,0.291592,2.481,2.54633
0.497759,0.289476,2.463,2.52941
0.505754,0.289476,2.463,2.531
0.513748,0.289476,2.463,2.53261
0.517929,0.287361,2.445,2.51572
0.525865,0.287361,2.445,2.51737
0.533801,0.287361,2.445,2.51904
0.541737,0.287361,2.445,2.52073
0.549673,0.287361,2.445,2.52245
0.557609,0.287361,2.445,2.52419
0.565544,0.287361,2.445,2.52595
0.569493,0.285363,2.428,2.51017
0.577374,0.285363,2.428,2.51197
0.585254,0.285363,2.428,2.51379
0.588982,0.283365,2.411,2.49802
0.596808,0.283365,2.411,2.49988
0.604633,0.283365,2.411,2.50176
0.60814,0.281367,2.394,2.48601
0.61591,0.281367,2.394,2.48792
0.623681,0.281367,2.394,2.48986
0.631451,0.281367,2.394,2.49181
0.634682,0.279369,2.377,2.47609
0.638073,0.277488,2.361,2.46139
0.645737,0.277488,2.361,2.46339
0.6534,0.277488,2.361,2.46541
0.656583,0.275608,2.345,2.45073
0.664194,0.275608,2.345,2.45278
0.671806,0.275608,2.345,2.45485
0.674781,0.273727,2.329,2.44018
0.682341,0.273727,2.329,2.44229
0.6899,0.273727,2.329,2.44441
0.692668,0.271847,2.313,2.42974
0.700175,0.271847,2.313,2.4319
0.707683,0.271847,2.313,2.43407
0.710552,0.270084,2.298,2.42046
0.718011,0.270084,2.298,2.42266
0.72547,0.270084,2.298,2.42488
0.732928,0.270084,2.298,2.42712
0.735232,0.268203,2.282,2.41247
0.742639,0.268203,2.282,2.41474
0.750046,0.268203,2.282,2.41703
0.762763,0.270084,2.298,2.4363
0.770222,0.270084,2.298,2.43865
0.777681,0.270084,2.298,2.44101
0.790264,0.271847,2.313,2.45935
0.797772,0.271847,2.313,2.46177
0.805279,0.271847,2.313,2.46421
0.812787,0.271847,2.313,2.46668
0.831643,0.275608,2.345,2.50332
0.84498,0.277488,2.361,2.52296
0.852643,0.277488,2.361,2.52553
0.860307,0.277488,2.361,2.52813
0.880102,0.281367,2.394,2.56612
0.887872,0.281367,2.394,2.5688
0.902002,0.283365,2.411,2.58975
0.909828,0.283365,2.411,2.59249
0.917653,0.283365,2.411,2.59525
0.932004,0.285363,2.428,2.61634
0.946466,0.287361,2.445,2.6375
0.954402,0.287361,2.445,2.64036
0.962338,0.287361,2.445,2.64324
0.977417,0.289476,2.463,2.66562
0.985411,0.289476,2.463,2.66856
0.993405,0.289476,2.463,2.67152
1.0014,0.289476,2.463,2.6745
1.00939,0.289476,2.463,2.67751
1.01739,0.289476,2.463,2.68053
1.02538,0.289476,2.463,2.68357
1.03338,0.289476,2.463,2.68664
1.03376,0.287361,2.445,2.67007
1.0417,0.287361,2.445,2.67315
1.04963,0.287361,2.445,2.67625
1.05757,0.287361,2.445,2.67938
1.0655,0.287361,2.445,2.68252
1.07344,0.287361,2.445,2.68568
1.08934,0.289476,2.463,2.70866
1.09733,0.289476,2.463,2.71188
1.10533,0.289476,2.463,2.71513
1.11332,0.289476,2.463,2.71839
1.12131,0.289476,2.463,2.72167
1.12931,0.289476,2.463,2.72498
1.14561,0.291592,2.481,2.74824
1.15367,0.291592,2.481,2.75161
1.16172,0.291592,2.481,2.75499
1.16977,0.291592,2.481,2.7584
1.17782,0.291592,2.481,2.76182
1.18588,0.291592,2.481,2.76527
1.19393,0.291592,2.481,2.76873
1.20198,0.291592,2.481,2.77221
1.21004,0.291592,2.481,2.77571
1.21809,0.291592,2.481,2.77923
1.22614,0.291592,2.481,2.78277
1.23419,0.291592,2.481,2.78633
1.24225,0.291592,2.481,2.7899
1.2503,0.291592,2.481,2.7935
1.24922,0.289476,2.463,2.77682
1.25722,0.289476,2.463,2.78042
1.26521,0.289476,2.463,2.78405
1.27321,0.289476,2.463,2.78769
1.2812,0.289476,2.463,2.79135
1.28919,0.289476,2.463,2.79503
1.29719,0.289476,2.463,2.79873
1.30518,0.289476,2.463,2.80244
1.31318,0.289476,2.463,2.80617
1.33083,0.291592,2.481,2.83046
1.33888,0.291592,2.481,2.83425
1.3567,0.293707,2.499,2.85866
1.37465,0.295823,2.517,2.88313
1.38282,0.295823,2.517,2.88704
1.41198,0.300289,2.555,2.9346
1.4414,0.304755,2.593,2.98231
1.461,0.307106,2.613,3.00942
1.46948,0.307106,2.613,3.01355
1.48927,0.309456,2.633,3.04079
1.49782,0.309456,2.633,3.04498
1.50637,0.309456,2.633,3.0492
1.527,0.311925,2.654,3.07778
1.53561,0.311925,2.654,3.08206
1.54422,0.311925,2.654,3.08636
1.56512,0.314393,2.675,3.11514
1.56145,0.311925,2.654,3.09502
1.57007,0.311925,2.654,3.09937
1.56619,0.309456,2.633,3.07919
1.57474,0.309456,2.633,3.08354
1.58328,0.309456,2.633,3.08792
1.59183,0.309456,2.633,3.09231
1.58822,0.307106,2.613,3.07319
1.5967,0.307106,2.613,3.07758
1.59289,0.304755,2.593,3.0584
1.58958,0.302522,2.574,3.04035
1.59793,0.302522,2.574,3.04473
1.59443,0.300289,2.555,3.02662
1.5908,0.298056,2.536,3.00845
1.59903,0.298056,2.536,3.01281
1.59522,0.295823,2.517,2.99459
1.59193,0.293707,2.499,2.9775
1.57699,0.289476,2.463,2.93889
1.58498,0.289476,2.463,2.94318
1.58133,0.287361,2.445,2.92596
1.57822,0.285363,2.428,2.90988
1.5861,0.285363,2.428,2.91416
1.58282,0.283365,2.411,2.89802
1.57943,0.281367,2.394,2.88184
1.5872,0.281367,2.394,2.88611
1.58365,0.279369,2.377,2.86986
1.59136,0.279369,2.377,2.87413
1.59908,0.279369,2.377,2.87841
1.59598,0.277488,2.361,2.8633
1.59277,0.275608,2.345,2.84814
-1.79885,0.313169,2.593,3.17137
-1.79043,0.313169,2.593,3.1666
-1.78202,0.313169,2.593,3.16185
-1.7736,0.313169,2.593,3.15712
-1.7788,0.315585,2.613,3.17671
-1.77032,0.315585,2.613,3.17197
-1.78948,0.320536,2.654,3.21694
-1.78087,0.320536,2.654,3.21216
-1.77225,0.320536,2.654,3.20739
-1.77759,0.323073,2.675,3.22798
-1.76891,0.323073,2.675,3.2232
-1.76023,0.323073,2.675,3.21845
-1.7653,0.325609,2.696,3.23894
-1.77023,0.328145,2.717,3.25937
-1.76141,0.328145,2.717,3.25459
-1.76678,0.330802,2.739,3.27614
-1.75789,0.330802,2.739,3.27135
-1.749,0.330802,2.739,3.26658
-1.75409,0.333459,2.761,3.28803
-1.74513,0.333459,2.761,3.28326
-1.72233,0.330802,2.739,3.25238
-1.71344,0.330802,2.739,3.24768
-1.70455,0.330802,2.739,3.243
-1.69566,0.330802,2.739,3.23834
-1.68677,0.330802,2.739,3.23369
-1.67788,0.330802,2.739,3.22906
-1.66899,0.330802,2.739,3.22445
-1.64677,0.328145,2.717,3.194
-1.61263,0.323073,2.675,3.14015
-1.60395,0.323073,2.675,3.1357
-1.58274,0.320536,2.654,3.10669
-1.54981,0.315585,2.613,3.05439
-1.54133,0.315585,2.613,3.05009
-1.50997,0.310874,2.574,3.00035
-1.47944,0.306285,2.536,2.95193
-1.47121,0.306285,2.536,2.94781
-1.44164,0.301816,2.499,2.90076
-1.4232,0.299642,2.481,2.87587
-1.39461,0.295294,2.445,2.83022
-1.38668,0.295294,2.445,2.82632
-1.37874,0.295294,2.445,2.82244
-1.37081,0.295294,2.445,2.81857
-1.36287,0.295294,2.445,2.81472
-1.35493,0.295294,2.445,2.81088
-1.36683,0.299642,2.481,2.8484
-1.36864,0.301816,2.499,2.86518
-1.36053,0.301816,2.499,2.86132
-1.36216,0.30399,2.517,2.87805
-1.37443,0.30858,2.555,2.91758
-1.38645,0.313169,2.593,2.95702
-1.37804,0.313169,2.593,2.95309
-1.39075,0.318,2.633,2.99466
-1.40425,0.323073,2.675,3.03841
-1.39557,0.323073,2.675,3.0344
-1.39777,0.325609,2.696,3.05421
-1.39984,0.328145,2.717,3.07398
-1.39102,0.328145,2.717,3.06997
-1.37152,0.325609,2.696,3.04229
-1.36277,0.325609,2.696,3.03835
-1.35402,0.325609,2.696,3.03444
-1.34527,0.325609,2.696,3.03054
-1.3157,0.320536,2.654,2.97952
-1.30708,0.320536,2.654,2.97572
-1.2882,0.318,2.633,2.94843
-1.26993,0.315585,2.613,2.92234
-1.26145,0.315585,2.613,2.91867
-1.24338,0.313169,2.593,2.8927
-1.22591,0.310874,2.574,2.86792
-1.21756,0.310874,2.574,2.86436
-1.19135,0.306285,2.536,2.81859
-1.17426,0.30399,2.517,2.79403
-1.15775,0.301816,2.499,2.77064
-1.14964,0.301816,2.499,2.76727
-1.1333,0.299642,2.481,2.744
-1.12525,0.299642,2.481,2.74068
-1.1172,0.299642,2.481,2.73739
-1.10914,0.299642,2.481,2.73411
-1.0931,0.297468,2.463,2.71104
-1.08511,0.297468,2.463,2.70783
-1.07712,0.297468,2.463,2.70463
-1.06912,0.297468,2.463,2.70146
-1.06113,0.297468,2.463,2.6983
-1.05313,0.297468,2.463,2.69517
-1.04514,0.297468,2.463,2.69206
-1.03714,0.297468,2.463,2.68896
-1.02915,0.297468,2.463,2.68589
-1.02116,0.297468,2.463,2.68284
-1.01316,0.297468,2.463,2.6798
-1.01251,0.299642,2.481,2.69635
-1.00446,0.299642,2.481,2.69334
-0.996407,0.299642,2.481,2.69035
-0.988354,0.299642,2.481,2.68738
-0.980302,0.299642,2.481,2.68443
-0.965195,0.297468,2.463,2.66204
-0.957201,0.297468,2.463,2.65915
-0.949206,0.297468,2.463,2.65628
-0.941212,0.297468,2.463,2.65344
-0.926398,0.295294,2.445,2.63124
-0.918462,0.295294,2.445,2.62846
-0.910526,0.295294,2.445,2.6257
-0.90259,0.295294,2.445,2.62296
-0.894654,0.295294,2.445,2.62023
-0.886718,0.295294,2.445,2.61754
-0.878783,0.295294,2.445,2.61486
-0.870847,0.295294,2.445,2.6122
-0.862911,0.295294,2.445,2.60957
-0.854975,0.295294,2.445,2.60695
-0.847039,0.295294,2.445,2.60436
-0.839103,0.295294,2.445,2.60179
-0.831167,0.295294,2.445,2.59924
-0.823232,0.295294,2.445,2.59672
-0.815296,0.295294,2.445,2.59421
-0.80736,0.295294,2.445,2.59173
-0.799424,0.295294,2.445,2.58927
-0.791488,0.295294,2.445,2.58683
-0.783552,0.295294,2.445,2.58441
-0.775616,0.295294,2.445,2.58202
-0.773332,0.297468,2.463,2.59863
-0.765338,0.297468,2.463,2.59627
-0.757344,0.297468,2.463,2.59392
-0.749349,0.297468,2.463,2.5916
-0.746773,0.299642,2.481,2.60822
-0.73872,0.299642,2.481,2.60593
-0.730668,0.299642,2.481,2.60366
-0.722615,0.299642,2.481,2.60141
-0.714562,0.299642,2.481,2.59918
-0.711635,0.301816,2.499,2.61582
-0.703524,0.301816,2.499,2.61363
-0.695413,0.301816,2.499,2.61145
-0.687302,0.301816,2.499,2.60931
-0.679191,0.301816,2.499,2.60718
-0.67108,0.301816,2.499,2.60508
-0.662968,0.301816,2.499,2.603
-0.659574,0.30399,2.517,2.61968
-0.651405,0.30399,2.517,2.61764
-0.643235,0.30399,2.517,2.61562
-0.635065,0.30399,2.517,2.61362
-0.626896,0.30399,2.517,2.61165
-0.618726,0.30399,2.517,2.6097
-0.610557,0.30399,2.517,2.60777
-0.602387,0.30399,2.517,2.60587
-0.594218,0.30399,2.517,2.604
-0.586048,0.30399,2.517,2.60214
-0.577879,0.30399,2.517,2.60032
-0.57401,0.306285,2.536,2.61813
-0.565778,0.306285,2.536,2.61634
-0.557547,0.306285,2.536,2.61457
-0.549316,0.306285,2.536,2.61282
-0.541085,0.306285,2.536,2.61111
-0.532853,0.306285,2.536,2.60941
-0.524622,0.306285,2.536,2.60775
-0.516391,0.306285,2.536,2.6061
-0.50816,0.306285,2.536,2.60448
-0.499929,0.306285,2.536,2.60289
-0.491697,0.306285,2.536,2.60132
-0.483466,0.306285,2.536,2.59978
-0.475235,0.306285,2.536,2.59826
-0.467004,0.306285,2.536,2.59677
-0.458772,0.306285,2.536,2.5953
-0.447166,0.30399,2.517,2.57442
-0.438996,0.30399,2.517,2.57302
-0.430827,0.30399,2.517,2.57164
-0.422657,0.30399,2.517,2.57028
-0.414487,0.30399,2.517,2.56895
-0.406318,0.30399,2.517,2.56764
-0.395301,0.301816,2.499,2.54801
-0.38719,0.301816,2.499,2.54676
-0.379079,0.301816,2.499,2.54554
-0.370968,0.301816,2.499,2.54435
-0.362857,0.301816,2.499,2.54318
-0.354745,0.301816,2.499,2.54203
-0.344137,0.299642,2.481,2.52261
-0.336085,0.299642,2.481,2.52153
-0.328032,0.299642,2.481,2.52047
-0.319979,0.299642,2.481,2.51943
-0.311927,0.299642,2.481,2.51842
-0.306079,0.301816,2.499,2.5357
-0.297967,0.301816,2.499,2.53473
-0.289856,0.301816,2.499,2.53379
-0.281745,0.301816,2.499,2.53288
-0.273634,0.301816,2.499,2.53199
-0.265523,0.301816,2.499,2.53113
-0.259266,0.30399,2.517,2.54851
-0.251096,0.30399,2.517,2.54769
-0.242927,0.30399,2.517,2.5469
-0.234757,0.30399,2.517,2.54614
-0.228298,0.306285,2.536,2.56461
-0.220067,0.306285,2.536,2.56389
-0.211836,0.306285,2.536,2.5632
-0.203604,0.306285,2.536,2.56253
-0.196837,0.30858,2.555,2.58108
-0.188544,0.30858,2.555,2.58046
-0.180251,0.30858,2.555,2.57987
-0.171958,0.30858,2.555,2.57931
-0.163665,0.30858,2.555,2.57877
-0.156528,0.310874,2.574,2.59743
-0.148173,0.310874,2.574,2.59694
-0.139819,0.310874,2.574,2.59647
-0.131464,0.310874,2.574,2.59604
-0.122201,0.30858,2.555,2.57647
-0.113908,0.30858,2.555,2.57609
-0.105615,0.30858,2.555,2.57573
-0.0973222,0.30858,2.555,2.57541
-0.0890293,0.30858,2.555,2.57511
-0.0807364,0.30858,2.555,2.57483
-0.0724435,0.30858,2.555,2.57459
-0.0641506,0.30858,2.555,2.57437
-0.0558577,0.30858,2.555,2.57417
-0.0475648,0.30858,2.555,2.57401
-0.0389799,0.306285,2.536,2.55473
-0.0307487,0.306285,2.536,2.55461
-0.0225174,0.306285,2.536,2.55453
-0.0142862,0.306285,2.536,2.55447
-0.00605498,0.306285,2.536,2.55444
0.00217625,0.306285,2.536,2.55443
0.0103295,0.30399,2.517,2.53531
0.0184991,0.30399,2.517,2.53536
0.0266686,0.30399,2.517,2.53543
0.0348382,0.30399,2.517,2.53553
0.0430077,0.30399,2.517,2.53566
0.0511773,0.30399,2.517,2.53581
0.0593468,0.30399,2.517,2.53599
0.0680261,0.306285,2.536,2.55533
0.0762573,0.306285,2.536,2.55557
0.0844885,0.306285,2.536,2.55583
0.0927197,0.306285,2.536,2.55611
0.100951,0.306285,2.536,2.55642
0.109182,0.306285,2.536,2.55676
0.117413,0.306285,2.536,2.55713
0.126586,0.30858,2.555,2.57668
0.134879,0.30858,2.555,2.5771
0.143172,0.30858,2.555,2.57755
0.151465,0.30858,2.555,2.57802
0.159758,0.30858,2.555,2.57852
0.16805,0.30858,2.555,2.57905
0.176343,0.30858,2.555,2.5796
0.184636,0.30858,2.555,2.58018
0.192929,0.30858,2.555,2.58079
0.201222,0.30858,2.555,2.58142
0.209515,0.30858,2.555,2.58208
0.217808,0.30858,2.555,2.58277
0.226101,0.30858,2.555,2.58348
0.234394,0.30858,2.555,2.58422
0.242687,0.30858,2.555,2.58498
0.249113,0.306285,2.536,2.56655
0.257344,0.306285,2.536,2.56736
0.265575,0.306285,2.536,2.5682
0.273807,0.306285,2.536,2.56906
0.282038,0.306285,2.536,2.56995
0.290269,0.306285,2.536,2.57087
0.2985,0.306285,2.536,2.57181
0.306732,0.306285,2.536,2.57278
0.314963,0.306285,2.536,2.57377
0.323194,0.306285,2.536,2.57479
0.331425,0.306285,2.536,2.57584
0.339657,0.306285,2.536,2.57691
0.347888,0.306285,2.536,2.57801
0.353451,0.30399,2.517,2.55981
0.36162,0.30399,2.517,2.56095
0.36979,0.30399,2.517,2.56212
0.37796,0.30399,2.517,2.56331
0.386129,0.30399,2.517,2.56453
0.394299,0.30399,2.517,2.56577
0.402468,0.30399,2.517,2.56704
0.410638,0.30399,2.517,2.56833
0.418807,0.30399,2.517,2.56965
0.426977,0.30399,2.517,2.57099
0.435146,0.30399,2.517,2.57236
0.443316,0.30399,2.517,2.57376
0.451486,0.30399,2.517,2.57518
0.459655,0.30399,2.517,2.57662
0.464479,0.301816,2.499,2.55966
0.47259,0.301816,2.499,2.56114
0.480701,0.301816,2.499,2.56265
0.485292,0.299642,2.481,2.54571
0.493344,0.299642,2.481,2.54726
0.501397,0.299642,2.481,2.54883
0.50945,0.299642,2.481,2.55043
0.517502,0.299642,2.481,2.55205
0.521742,0.297468,2.463,2.53517
0.529737,0.297468,2.463,2.53682
0.537731,0.297468,2.463,2.53851
0.545725,0.297468,2.463,2.54021
0.549673,0.295294,2.445,2.52336
0.557609,0.295294,2.445,2.5251
0.565544,0.295294,2.445,2.52687
0.57348,0.295294,2.445,2.52866
0.581416,0.295294,2.445,2.53047
0.589352,0.295294,2.445,2.5323
0.593135,0.293241,2.428,2.51654
0.601016,0.293241,2.428,2.51841
0.608896,0.293241,2.428,2.5203
0.612459,0.291188,2.411,2.50456
0.620284,0.291188,2.411,2.50648
0.62811,0.291188,2.411,2.50843
0.631451,0.289135,2.394,2.4927
0.634682,0.287082,2.377,2.47697
0.642397,0.287082,2.377,2.47896
0.650113,0.287082,2.377,2.48097
0.657828,0.287082,2.377,2.483
0.661063,0.285149,2.361,2.46833
0.668726,0.285149,2.361,2.47039
0.671806,0.283217,2.345,2.45572
0.679417,0.283217,2.345,2.45781
0.687028,0.283217,2.345,2.45993
0.6899,0.281285,2.329,2.44527
0.697459,0.281285,2.329,2.44741
0.705019,0.281285,2.329,2.44957
0.712578,0.281285,2.329,2.45176
0.720137,0.281285,2.329,2.45397
0.722698,0.279352,2.313,2.43932
0.730205,0.279352,2.313,2.44156
0.737712,0.279352,2.313,2.44381
0.74522,0.279352,2.313,2.44609
0.752727,0.279352,2.313,2.44839
0.760235,0.279352,2.313,2.45071
0.773053,0.281285,2.329,2.47001
0.780612,0.281285,2.329,2.47239
0.788172,0.281285,2.329,2.47479
0.801198,0.283217,2.345,2.49422
0.808809,0.283217,2.345,2.49668
0.81642,0.283217,2.345,2.49916
0.824031,0.283217,2.345,2.50165
0.837317,0.285149,2.361,2.52126
0.850707,0.287082,2.377,2.54091
0.858422,0.287082,2.377,2.54351
0.866137,0.287082,2.377,2.54612
0.886351,0.291188,2.411,2.58521
0.894177,0.291188,2.411,2.58791
0.902002,0.291188,2.411,2.59062
0.909828,0.291188,2.411,2.59336
0.917653,0.291188,2.411,2.59611
0.932004,0.293241,2.428,2.61721
0.946466,0.295294,2.445,2.63838
0.954402,0.295294,2.445,2.64123
0.962338,0.295294,2.445,2.64411
0.977417,0.297468,2.463,2.6665
0.985411,0.297468,2.463,2.66944
0.993405,0.297468,2.463,2.6724
1.0014,0.297468,2.463,2.67538
1.00939,0.297468,2.463,2.67838
1.01739,0.297468,2.463,2.68141
1.02538,0.297468,2.463,2.68445
1.03338,0.297468,2.463,2.68751
1.04137,0.297468,2.463,2.6906
1.0417,0.295294,2.445,2.67401
1.04963,0.295294,2.445,2.67712
1.06535,0.297468,2.463,2.69997
1.07335,0.297468,2.463,2.70313
1.08134,0.297468,2.463,2.70632
1.08934,0.297468,2.463,2.70952
1.09733,0.297468,2.463,2.71275
1.10533,0.297468,2.463,2.71599
1.11332,0.297468,2.463,2.71925
1.12131,0.297468,2.463,2.72254
1.13756,0.299642,2.481,2.74576
1.14561,0.299642,2.481,2.7491
1.15367,0.299642,2.481,2.75247
1.16172,0.299642,2.481,2.75586
1.16977,0.299642,2.481,2.75926
1.17782,0.299642,2.481,2.76268
1.18588,0.299642,2.481,2.76613
1.19393,0.299642,2.481,2.76959
1.20198,0.299642,2.481,2.77307
1.21004,0.299642,2.481,2.77657
1.21809,0.299642,2.481,2.78009
1.22614,0.299642,2.481,2.78363
1.23419,0.299642,2.481,2.78718
1.24225,0.299642,2.481,2.79076
1.2503,0.299642,2.481,2.79435
1.25835,0.299642,2.481,2.79796
1.2664,0.299642,2.481,2.80159
1.26521,0.297468,2.463,2.78489
1.27321,0.297468,2.463,2.78853
1.2812,0.297468,2.463,2.79219
1.28919,0.297468,2.463,2.79587
1.30667,0.299642,2.481,2.82002
1.31472,0.299642,2.481,2.82376
1.32277,0.299642,2.481,2.82752
1.33083,0.299642,2.481,2.8313
1.33888,0.299642,2.481,2.83509
1.36648,0.30399,2.517,2.8801
1.38502,0.306285,2.536,2.90575
1.40369,0.30858,2.555,2.93148
1.41198,0.30858,2.555,2.93546
1.4414,0.313169,2.593,2.98318
1.461,0.315585,2.613,3.0103
1.46948,0.315585,2.613,3.01442
1.48927,0.318,2.633,3.04167
1.49782,0.318,2.633,3.04586
1.50637,0.318,2.633,3.05007
1.527,0.320536,2.654,3.07866
1.53561,0.320536,2.654,3.08295
1.54422,0.320536,2.654,3.08725
1.56512,0.323073,2.675,3.11603
1.56145,0.320536,2.654,3.0959
1.57007,0.320536,2.654,3.10025
1.56619,0.318,2.633,3.08006
1.57474,0.318,2.633,3.08441
1.58328,0.318,2.633,3.08879
1.59183,0.318,2.633,3.09317
1.58822,0.315585,2.613,3.07405
1.5967,0.315585,2.613,3.07844
1.59289,0.313169,2.593,3.05925
1.58958,0.310874,2.574,3.0412
1.59793,0.310874,2.574,3.04557
1.59443,0.30858,2.555,3.02745
1.5908,0.306285,2.536,3.00928
1.59903,0.306285,2.536,3.01364
1.59522,0.30399,2.517,2.9954
1.59193,0.301816,2.499,2.97831
1.57699,0.297468,2.463,2.93968
1.58498,0.297468,2.463,2.94398
1.58133,0.295294,2.445,2.92675
1.57822,0.293241,2.428,2.91066
1.5861,0.293241,2.428,2.91494
1.58282,0.291188,2.411,2.8988
1.57943,0.289135,2.394,2.88261
1.5872,0.289135,2.394,2.88687
1.58365,0.287082,2.377,2.87062
1.59136,0.287082,2.377,2.87489
1.59908,0.287082,2.377,2.87916
1.59598,0.285149,2.361,2.86405
1.59277,0.283217,2.345,2.84889
-1.79885,0.321583,2.593,3.17221
-1.79043,0.321583,2.593,3.16745
-1.78202,0.321583,2.593,3.1627
-1.7736,0.321583,2.593,3.15796
-1.7788,0.324063,2.613,3.17756
-1.77032,0.324063,2.613,3.17282
-1.77532,0.326544,2.633,3.19235
-1.76678,0.326544,2.633,3.1876
-1.77225,0.329148,2.654,3.20826
-1.77759,0.331753,2.675,3.22886
-1.76891,0.331753,2.675,3.22409
-1.76023,0.331753,2.675,3.21933
-1.7653,0.334357,2.696,3.23983
-1.75655,0.334357,2.696,3.23507
-1.7478,0.334357,2.696,3.23033
-1.75259,0.336961,2.717,3.25072
-1.74377,0.336961,2.717,3.24598
-1.73495,0.336961,2.717,3.24125
-1.72614,0.336961,2.717,3.23654
-1.71732,0.336961,2.717,3.23184
-1.7085,0.336961,2.717,3.22717
-1.69968,0.336961,2.717,3.22251
-1.70455,0.33969,2.739,3.24392
-1.69566,0.33969,2.739,3.23926
-1.68677,0.33969,2.739,3.23461
-1.6644,0.336961,2.717,3.20404
-1.65559,0.336961,2.717,3.19947
-1.64677,0.336961,2.717,3.19491
-1.62529,0.334357,2.696,3.16572
-1.61654,0.334357,2.696,3.16123
-1.58274,0.329148,2.654,3.10759
-1.56167,0.326544,2.633,3.07866
-1.55312,0.326544,2.633,3.07433
-1.52111,0.321583,2.593,3.02338
-1.49053,0.31687,2.555,2.97491
-1.48224,0.31687,2.555,2.97077
-1.45202,0.312157,2.517,2.92252
-1.43353,0.309925,2.499,2.89759
-1.41515,0.307693,2.481,2.87275
-1.4071,0.307693,2.481,2.86879
-1.38889,0.30546,2.463,2.84406
-1.3809,0.30546,2.463,2.84017
-1.3729,0.30546,2.463,2.83629
-1.36491,0.30546,2.463,2.83243
-1.36683,0.307693,2.481,2.84926
-1.3785,0.312157,2.517,2.88669
-1.37033,0.312157,2.517,2.8828
-1.37244,0.314514,2.536,2.90066
-1.38465,0.319227,2.574,2.94018
-1.38645,0.321583,2.593,2.95792
-1.37804,0.321583,2.593,2.95399
-1.39075,0.326544,2.633,2.99558
-1.40425,0.331753,2.675,3.03934
-1.39557,0.331753,2.675,3.03534
-1.39777,0.334357,2.696,3.05516
-1.39984,0.336961,2.717,3.07493
-1.39102,0.336961,2.717,3.07093
-1.37152,0.334357,2.696,3.04324
-1.36277,0.334357,2.696,3.0393
-1.35402,0.334357,2.696,3.03539
-1.33479,0.331753,2.675,3.00788
-1.3157,0.329148,2.654,2.98046
-1.30708,0.329148,2.654,2.97666
-1.2882,0.326544,2.633,2.94937
-1.26993,0.324063,2.613,2.92327
-1.26145,0.324063,2.613,2.9196
-1.24338,0.321583,2.593,2.89362
-1.22591,0.319227,2.574,2.86884
-1.21756,0.319227,2.574,2.86528
-1.19135,0.314514,2.536,2.81949
-1.18312,0.314514,2.536,2.81602
-1.15775,0.309925,2.499,2.77154
-1.14964,0.309925,2.499,2.76816
-1.14153,0.309925,2.499,2.7648
-1.12525,0.307693,2.481,2.74157
-1.1172,0.307693,2.481,2.73828
-1.10914,0.307693,2.481,2.735
-1.0931,0.30546,2.463,2.71193
-1.08511,0.30546,2.463,2.70871
-1.07712,0.30546,2.463,2.70552
-1.06912,0.30546,2.463,2.70235
-1.06113,0.30546,2.463,2.6992
-1.05313,0.30546,2.463,2.69606
-1.04514,0.30546,2.463,2.69295
-1.04472,0.307693,2.481,2.70952
-1.03667,0.307693,2.481,2.70642
-1.02862,0.307693,2.481,2.70335
-1.02057,0.307693,2.481,2.70029
-1.01251,0.307693,2.481,2.69726
-1.00446,0.307693,2.481,2.69425
-0.996407,0.307693,2.481,2.69126
-0.988354,0.307693,2.481,2.68829
-0.980302,0.307693,2.481,2.68534
-0.972249,0.307693,2.481,2.68241
-0.957201,0.30546,2.463,2.66006
-0.949206,0.30546,2.463,2.65719
-0.941212,0.30546,2.463,2.65435
-0.926398,0.303228,2.445,2.63214
-0.918462,0.303228,2.445,2.62936
-0.910526,0.303228,2.445,2.6266
-0.90259,0.303228,2.445,2.62386
-0.894654,0.303228,2.445,2.62114
-0.886718,0.303228,2.445,2.61844
-0.878783,0.303228,2.445,2.61577
-0.870847,0.303228,2.445,2.61311
-0.862911,0.303228,2.445,2.61048
-0.854975,0.303228,2.445,2.60786
-0.847039,0.303228,2.445,2.60527
-0.839103,0.303228,2.445,2.6027
-0.831167,0.303228,2.445,2.60016
-0.823232,0.303228,2.445,2.59763
-0.815296,0.303228,2.445,2.59513
-0.80736,0.303228,2.445,2.59264
-0.799424,0.303228,2.445,2.59018
-0.791488,0.303228,2.445,2.58775
-0.783552,0.303228,2.445,2.58533
-0.775616,0.303228,2.445,2.58294
-0.773332,0.30546,2.463,2.59956
-0.765338,0.30546,2.463,2.59719
-0.757344,0.30546,2.463,2.59485
-0.749349,0.30546,2.463,2.59253
-0.746773,0.307693,2.481,2.60916
-0.73872,0.307693,2.481,2.60686
-0.730668,0.307693,2.481,2.60459
-0.722615,0.307693,2.481,2.60235
-0.714562,0.307693,2.481,2.60012
-0.711635,0.309925,2.499,2.61677
-0.703524,0.309925,2.499,2.61457
-0.695413,0.309925,2.499,2.6124
-0.687302,0.309925,2.499,2.61026
-0.679191,0.309925,2.499,2.60813
-0.67108,0.309925,2.499,2.60603
-0.662968,0.309925,2.499,2.60396
-0.659574,0.312157,2.517,2.62064
-0.651405,0.312157,2.517,2.6186
-0.643235,0.312157,2.517,2.61658
-0.635065,0.312157,2.517,2.61458
-0.626896,0.312157,2.517,2.61261
-0.618726,0.312157,2.517,2.61066
-0.610557,0.312157,2.517,2.60874
-0.602387,0.312157,2.517,2.60684
-0.594218,0.312157,2.517,2.60496
-0.586048,0.312157,2.517,2.60311
-0.577879,0.312157,2.517,2.60128
-0.57401,0.314514,2.536,2.6191
-0.565778,0.314514,2.536,2.61731
-0.557547,0.314514,2.536,2.61554
-0.549316,0.314514,2.536,2.6138
-0.541085,0.314514,2.536,2.61208
-0.536846,0.31687,2.555,2.62995
-0.524622,0.314514,2.536,2.60872
-0.516391,0.314514,2.536,2.60708
-0.50816,0.314514,2.536,2.60546
-0.499929,0.314514,2.536,2.60387
-0.491697,0.314514,2.536,2.6023
-0.483466,0.314514,2.536,2.60076
-0.475235,0.314514,2.536,2.59924
-0.467004,0.314514,2.536,2.59775
-0.458772,0.314514,2.536,2.59628
-0.447166,0.312157,2.517,2.5754
-0.438996,0.312157,2.517,2.57399
-0.430827,0.312157,2.517,2.57261
-0.422657,0.312157,2.517,2.57126
-0.414487,0.312157,2.517,2.56993
-0.406318,0.312157,2.517,2.56862
-0.395301,0.309925,2.499,2.54898
-0.38719,0.309925,2.499,2.54774
-0.379079,0.309925,2.499,2.54652
-0.370968,0.309925,2.499,2.54532
-0.360243,0.307693,2.481,2.52583
-0.35219,0.307693,2.481,2.52469
-0.344137,0.307693,2.481,2.52358
-0.336085,0.307693,2.481,2.5225
-0.328032,0.307693,2.481,2.52144
-0.319979,0.307693,2.481,2.5204
-0.311927,0.307693,2.481,2.51939
-0.303874,0.307693,2.481,2.51841
-0.297967,0.309925,2.499,2.53571
-0.289856,0.309925,2.499,2.53477
-0.281745,0.309925,2.499,2.53386
-0.273634,0.309925,2.499,2.53297
-0.265523,0.309925,2.499,2.53211
-0.259266,0.312157,2.517,2.5495
-0.251096,0.312157,2.517,2.54868
-0.242927,0.312157,2.517,2.54789
-0.234757,0.312157,2.517,2.54712
-0.226588,0.312157,2.517,2.54638
-0.220067,0.314514,2.536,2.56489
-0.211836,0.314514,2.536,2.56419
-0.203604,0.314514,2.536,2.56353
-0.195373,0.314514,2.536,2.56289
-0.187142,0.314514,2.536,2.56227
-0.180251,0.31687,2.555,2.58088
-0.171958,0.31687,2.555,2.58031
-0.163665,0.31687,2.555,2.57977
-0.156528,0.319227,2.574,2.59844
-0.148173,0.319227,2.574,2.59795
-0.139819,0.319227,2.574,2.59749
-0.131464,0.319227,2.574,2.59705
-0.122201,0.31687,2.555,2.57747
-0.113908,0.31687,2.555,2.57709
-0.105615,0.31687,2.555,2.57674
-0.0973222,0.31687,2.555,2.57641
-0.0890293,0.31687,2.555,2.57611
-0.0807364,0.31687,2.555,2.57584
-0.0724435,0.31687,2.555,2.57559
-0.0641506,0.31687,2.555,2.57537
-0.0558577,0.31687,2.555,2.57518
-0.0475648,0.31687,2.555,2.57501
-0.0389799,0.314514,2.536,2.55573
-0.0307487,0.314514,2.536,2.55561
-0.0225174,0.314514,2.536,2.55553
-0.0142862,0.314514,2.536,2.55547
-0.00605498,0.314514,2.536,2.55544
0.00217625,0.314514,2.536,2.55543
0.0103295,0.312157,2.517,2.5363
0.0184991,0.312157,2.517,2.53635
0.0266686,0.312157,2.517,2.53642
0.0348382,0.312157,2.517,2.53652
0.0430077,0.312157,2.517,2.53665
0.0511773,0.312157,2.517,2.5368
0.0593468,0.312157,2.517,2.53698
0.0675164,0.312157,2.517,2.53718
0.0762573,0.314514,2.536,2.55657
0.0844885,0.314514,2.536,2.55682
0.0927197,0.314514,2.536,2.55711
0.100951,0.314514,2.536,2.55742
0.109182,0.314514,2.536,2.55776
0.117413,0.314514,2.536,2.55812
0.126586,0.31687,2.555,2.57768
0.134879,0.31687,2.555,2.5781
0.143172,0.31687,2.555,2.57855
0.151465,0.31687,2.555,2.57903
0.159758,0.31687,2.555,2.57953
0.16805,0.31687,2.555,2.58005
0.176343,0.31687,2.555,2.58061
0.184636,0.31687,2.555,2.58119
0.192929,0.31687,2.555,2.58179
0.201222,0.31687,2.555,2.58243
0.209515,0.31687,2.555,2.58309
0.217808,0.31687,2.555,2.58377
0.226101,0.31687,2.555,2.58448
0.234394,0.31687,2.555,2.58522
0.242687,0.31687,2.555,2.58599
0.249113,0.314514,2.536,2.56754
0.257344,0.314514,2.536,2.56835
0.265575,0.314514,2.536,2.56919
0.273807,0.314514,2.536,2.57006
0.282038,0.314514,2.536,2.57095
0.290269,0.314514,2.536,2.57186
0.2985,0.314514,2.536,2.5728
0.306732,0.314514,2.536,2.57377
0.314963,0.314514,2.536,2.57477
0.323194,0.314514,2.536,2.57579
0.331425,0.314514,2.536,2.57683
0.339657,0.314514,2.536,2.5779
0.347888,0.314514,2.536,2.579
0.356119,0.314514,2.536,2.58012
0.36435,0.314514,2.536,2.58127
0.372581,0.314514,2.536,2.58245
0.380813,0.314514,2.536,2.58365
0.389044,0.314514,2.536,2.58487
0.397275,0.314514,2.536,2.58612
0.402468,0.312157,2.517,2.56802
0.410638,0.312157,2.517,2.56931
0.418807,0.312157,2.517,2.57063
0.426977,0.312157,2.517,2.57197
0.435146,0.312157,2.517,2.57334
0.443316,0.312157,2.517,2.57474
0.451486,0.312157,2.517,2.57615
0.459655,0.312157,2.517,2.5776
0.467825,0.312157,2.517,2.57907
0.475994,0.312157,2.517,2.58056
0.480701,0.309925,2.499,2.56362
0.488812,0.309925,2.499,2.56515
0.496924,0.309925,2.499,2.56671
0.505035,0.309925,2.499,2.56829
0.50945,0.307693,2.481,2.55139
0.517502,0.307693,2.481,2.55301
0.525555,0.307693,2.481,2.55465
0.529737,0.30546,2.463,2.53777
0.537731,0.30546,2.463,2.53945
0.545725,0.30546,2.463,2.54116
0.553719,0.30546,2.463,2.54289
0.561714,0.30546,2.463,2.54464
0.569708,0.30546,2.463,2.54642
0.577702,0.30546,2.463,2.54822
0.581416,0.303228,2.445,2.53141
0.589352,0.303228,2.445,2.53324
0.597288,0.303228,2.445,2.5351
0.601016,0.30112,2.428,2.51934
0.608896,0.30112,2.428,2.52123
0.616777,0.30112,2.428,2.52315
0.620284,0.299011,2.411,2.50741
0.62811,0.299011,2.411,2.50935
0.635935,0.299011,2.411,2.51132
0.639221,0.296903,2.394,2.49559
0.646992,0.296903,2.394,2.4976
0.654762,0.296903,2.394,2.49962
0.657828,0.294795,2.377,2.4839
0.661063,0.29281,2.361,2.46922
0.668726,0.29281,2.361,2.47129
0.676389,0.29281,2.361,2.47337
0.684053,0.29281,2.361,2.47548
0.691716,0.29281,2.361,2.47761
0.69464,0.290826,2.345,2.46295
0.702251,0.290826,2.345,2.46511
0.709862,0.290826,2.345,2.46729
0.717473,0.290826,2.345,2.46949
0.725085,0.290826,2.345,2.47171
0.732696,0.290826,2.345,2.47395
0.740307,0.290826,2.345,2.47622
0.747919,0.290826,2.345,2.47851
0.75553,0.290826,2.345,2.48081
0.763141,0.290826,2.345,2.48314
0.770752,0.290826,2.345,2.48549
0.778364,0.290826,2.345,2.48786
0.791338,0.29281,2.361,2.50724
0.799001,0.29281,2.361,2.50967
0.806664,0.29281,2.361,2.51212
0.814327,0.29281,2.361,2.5146
0.821991,0.29281,2.361,2.51709
0.829654,0.29281,2.361,2.5196
0.842991,0.294795,2.377,2.53923
0.850707,0.294795,2.377,2.5418
0.858422,0.294795,2.377,2.54439
0.872331,0.296903,2.394,2.56522
0.886351,0.299011,2.411,2.58611
0.894177,0.299011,2.411,2.5888
0.902002,0.299011,2.411,2.59151
0.916243,0.30112,2.428,2.61254
0.924124,0.30112,2.428,2.61531
0.932004,0.30112,2.428,2.61811
0.946466,0.303228,2.445,2.63927
0.954402,0.303228,2.445,2.64213
0.962338,0.303228,2.445,2.64501
0.977417,0.30546,2.463,2.6674
0.985411,0.30546,2.463,2.67034
0.993405,0.30546,2.463,2.6733
1.0014,0.30546,2.463,2.67628
1.00939,0.30546,2.463,2.67928
1.01739,0.30546,2.463,2.6823
1.02538,0.30546,2.463,2.68535
1.03338,0.30546,2.463,2.68841
1.04137,0.30546,2.463,2.69149
1.0417,0.303228,2.445,2.6749
1.04963,0.303228,2.445,2.678
1.06535,0.30546,2.463,2.70086
1.07335,0.30546,2.463,2.70403
1.08134,0.30546,2.463,2.70721
1.08934,0.30546,2.463,2.71041
1.09733,0.30546,2.463,2.71363
1.10533,0.30546,2.463,2.71688
1.11332,0.30546,2.463,2.72014
1.12131,0.30546,2.463,2.72342
1.13756,0.307693,2.481,2.74665
1.14561,0.307693,2.481,2.74999
1.15367,0.307693,2.481,2.75336
1.16172,0.307693,2.481,2.75674
1.16977,0.307693,2.481,2.76015
1.17782,0.307693,2.481,2.76357
1.18588,0.307693,2.481,2.76701
1.19393,0.307693,2.481,2.77047
1.20198,0.307693,2.481,2.77395
1.21004,0.307693,2.481,2.77745
1.21809,0.307693,2.481,2.78097
1.22614,0.307693,2.481,2.7845
1.23419,0.307693,2.481,2.78806
1.24225,0.307693,2.481,2.79163
1.2503,0.307693,2.481,2.79523
1.25835,0.307693,2.481,2.79884
1.2664,0.307693,2.481,2.80247
1.26521,0.30546,2.463,2.78576
1.27321,0.30546,2.463,2.7894
1.2812,0.30546,2.463,2.79305
1.28919,0.30546,2.463,2.79673
1.30667,0.307693,2.481,2.82089
1.31472,0.307693,2.481,2.82463
1.32277,0.307693,2.481,2.82839
1.33083,0.307693,2.481,2.83216
1.33888,0.307693,2.481,2.83595
1.3567,0.309925,2.499,2.86037
1.38502,0.314514,2.536,2.90663
1.40369,0.31687,2.555,2.93237
1.41198,0.31687,2.555,2.93635
1.4414,0.321583,2.593,2.98407
1.461,0.324063,2.613,3.0112
1.46948,0.324063,2.613,3.01532
1.50115,0.329148,2.654,3.06684
1.50977,0.329148,2.654,3.07107
1.51838,0.329148,2.654,3.07531
1.53908,0.331753,2.675,3.10394
1.55991,0.334357,2.696,3.13266
1.56866,0.334357,2.696,3.13702
1.56512,0.331753,2.675,3.11694
1.57381,0.331753,2.675,3.12131
1.58249,0.331753,2.675,3.12569
1.57868,0.329148,2.654,3.10553
1.58729,0.329148,2.654,3.10991
1.59591,0.329148,2.654,3.11432
1.60452,0.329148,2.654,3.11874
1.60037,0.326544,2.633,3.09847
1.60892,0.326544,2.633,3.10289
1.61747,0.326544,2.633,3.10733
1.60131,0.321583,2.593,3.06452
1.60973,0.321583,2.593,3.06892
1.60629,0.319227,2.574,3.05083
1.60272,0.31687,2.555,3.03268
1.61101,0.31687,2.555,3.03707
1.60727,0.314514,2.536,3.01886
1.59193,0.309925,2.499,2.97914
1.58851,0.307693,2.481,2.96199
1.59657,0.307693,2.481,2.96632
1.59298,0.30546,2.463,2.94911
1.58927,0.303228,2.445,2.93185
1.59721,0.303228,2.445,2.93616
1.58282,0.299011,2.411,2.8996
1.59065,0.299011,2.411,2.90387
1.59847,0.299011,2.411,2.90817
1.58365,0.294795,2.377,2.87141
1.59136,0.294795,2.377,2.87567
1.59908,0.294795,2.377,2.87994
1.59598,0.29281,2.361,2.86482
1.59277,0.290826,2.345,2.84965
-1.79885,0.329997,2.593,3.17307
-1.79043,0.329997,2.593,3.16831
-1.78202,0.329997,2.593,3.16356
-1.78728,0.332542,2.613,3.18319
-1.7788,0.332542,2.613,3.17844
-1.78387,0.335087,2.633,3.19799
-1.77532,0.335087,2.633,3.19323
-1.76678,0.335087,2.633,3.18849
-1.77225,0.33776,2.654,3.20916
-1.77759,0.340432,2.675,3.22976
-1.76891,0.340432,2.675,3.22499
-1.76023,0.340432,2.675,3.22024
-1.75155,0.340432,2.675,3.2155
-1.75655,0.343105,2.696,3.23598
-1.7478,0.343105,2.696,3.23124
-1.75259,0.345778,2.717,3.25165
-1.74377,0.345778,2.717,3.24691
-1.73495,0.345778,2.717,3.24218
-1.71279,0.343105,2.696,3.21244
-1.70404,0.343105,2.696,3.20779
-1.69529,0.343105,2.696,3.20315
-1.68654,0.343105,2.696,3.19852
-1.67779,0.343105,2.696,3.19392
-1.66904,0.343105,2.696,3.18933
-1.66029,0.343105,2.696,3.18476
-1.65154,0.343105,2.696,3.18021
-1.64279,0.343105,2.696,3.17567
-1.63404,0.343105,2.696,3.17115
-1.61263,0.340432,2.675,3.14199
-1.60395,0.340432,2.675,3.13754
-1.58274,0.33776,2.654,3.10851
-1.56167,0.335087,2.633,3.07958
-1.55312,0.335087,2.633,3.07525
-1.52111,0.329997,2.593,3.02429
-1.49053,0.325161,2.555,2.97581
-1.48224,0.325161,2.555,2.97166
-1.46298,0.322743,2.536,2.94547
-1.44385,0.320325,2.517,2.91935
-1.42541,0.318034,2.499,2.89447
-1.4173,0.318034,2.499,2.89048
-1.39904,0.315743,2.481,2.86572
-1.39099,0.315743,2.481,2.8618
-1.38294,0.315743,2.481,2.8579
-1.37488,0.315743,2.481,2.85401
-1.37675,0.318034,2.499,2.87082
-1.3785,0.320325,2.517,2.88758
-1.37033,0.320325,2.517,2.88369
-1.38272,0.325161,2.555,2.9233
-1.38465,0.327579,2.574,2.94109
-1.39715,0.332542,2.613,2.98167
-1.38867,0.332542,2.613,2.97771
-1.39075,0.335087,2.633,2.99652
-1.40425,0.340432,2.675,3.0403
-1.39557,0.340432,2.675,3.0363
-1.39777,0.343105,2.696,3.05613
-1.39984,0.345778,2.717,3.07591
-1.39102,0.345778,2.717,3.07191
-1.37152,0.343105,2.696,3.04421
-1.36277,0.343105,2.696,3.04028
-1.35402,0.343105,2.696,3.03636
-1.33479,0.340432,2.675,3.00885
-1.3157,0.33776,2.654,2.98142
-1.30708,0.33776,2.654,2.97763
-1.2882,0.335087,2.633,2.95033
-1.26993,0.332542,2.613,2.92422
-1.26145,0.332542,2.613,2.92055
-1.24338,0.329997,2.593,2.89457
-1.22591,0.327579,2.574,2.86978
-1.21756,0.327579,2.574,2.86622
-1.19135,0.322743,2.536,2.82042
-1.18312,0.322743,2.536,2.81695
-1.15775,0.318034,2.499,2.77246
-1.14964,0.318034,2.499,2.76908
-1.14153,0.318034,2.499,2.76572
-1.12525,0.315743,2.481,2.74249
-1.1172,0.315743,2.481,2.73919
-1.10914,0.315743,2.481,2.73592
-1.10109,0.315743,2.481,2.73267
-1.09304,0.315743,2.481,2.72943
-1.07712,0.313452,2.463,2.70644
-1.06912,0.313452,2.463,2.70326
-1.06113,0.313452,2.463,2.70011
-1.05313,0.313452,2.463,2.69698
-1.04514,0.313452,2.463,2.69387
-1.04472,0.315743,2.481,2.71044
-1.03667,0.315743,2.481,2.70735
-1.02862,0.315743,2.481,2.70428
-1.02057,0.315743,2.481,2.70122
-1.01251,0.315743,2.481,2.69819
-1.00446,0.315743,2.481,2.69518
-1.00364,0.318034,2.499,2.71172
-0.995525,0.318034,2.499,2.70873
-0.980302,0.315743,2.481,2.68627
-0.972249,0.315743,2.481,2.68334
-0.964196,0.315743,2.481,2.68043
-0.956143,0.315743,2.481,2.67755
-0.941212,0.313452,2.463,2.65528
-0.926398,0.311162,2.445,2.63307
-0.918462,0.311162,2.445,2.63029
-0.910526,0.311162,2.445,2.62753
-0.90259,0.311162,2.445,2.62479
-0.894654,0.311162,2.445,2.62207
-0.886718,0.311162,2.445,2.61937
-0.878783,0.311162,2.445,2.6167
-0.864792,0.308998,2.428,2.59587
-0.856911,0.308998,2.428,2.59325
-0.84903,0.308998,2.428,2.59066
-0.84115,0.308998,2.428,2.58809
-0.833269,0.308998,2.428,2.58554
-0.825388,0.308998,2.428,2.58301
-0.823232,0.311162,2.445,2.59857
-0.815296,0.311162,2.445,2.59607
-0.80736,0.311162,2.445,2.59358
-0.799424,0.311162,2.445,2.59112
-0.791488,0.311162,2.445,2.58869
-0.783552,0.311162,2.445,2.58627
-0.775616,0.311162,2.445,2.58388
-0.767681,0.311162,2.445,2.58151
-0.765338,0.313452,2.463,2.59815
-0.757344,0.313452,2.463,2.5958
-0.749349,0.313452,2.463,2.59348
-0.741355,0.313452,2.463,2.59118
-0.733361,0.313452,2.463,2.58891
-0.730668,0.315743,2.481,2.60556
-0.722615,0.315743,2.481,2.60331
-0.714562,0.315743,2.481,2.60109
-0.706509,0.315743,2.481,2.59889
-0.703524,0.318034,2.499,2.61555
-0.695413,0.318034,2.499,2.61338
-0.687302,0.318034,2.499,2.61123
-0.679191,0.318034,2.499,2.60911
-0.67108,0.318034,2.499,2.60701
-0.662968,0.318034,2.499,2.60493
-0.659574,0.320325,2.517,2.62163
-0.651405,0.320325,2.517,2.61959
-0.643235,0.320325,2.517,2.61757
-0.635065,0.320325,2.517,2.61557
-0.626896,0.320325,2.517,2.6136
-0.618726,0.320325,2.517,2.61165
-0.610557,0.320325,2.517,2.60973
-0.602387,0.320325,2.517,2.60783
-0.594218,0.320325,2.517,2.60595
-0.586048,0.320325,2.517,2.6041
-0.577879,0.320325,2.517,2.60228
-0.57401,0.322743,2.536,2.6201
-0.565778,0.322743,2.536,2.61831
-0.557547,0.322743,2.536,2.61655
-0.549316,0.322743,2.536,2.61481
-0.541085,0.322743,2.536,2.61309
-0.532853,0.322743,2.536,2.6114
-0.524622,0.322743,2.536,2.60973
-0.516391,0.322743,2.536,2.60809
-0.50816,0.322743,2.536,2.60647
-0.499929,0.322743,2.536,2.60488
-0.491697,0.322743,2.536,2.60331
-0.483466,0.322743,2.536,2.60177
-0.475235,0.322743,2.536,2.60025
-0.467004,0.322743,2.536,2.59876
-0.458772,0.322743,2.536,2.59729
-0.447166,0.320325,2.517,2.5764
-0.438996,0.320325,2.517,2.575
-0.430827,0.320325,2.517,2.57362
-0.422657,0.320325,2.517,2.57226
-0.414487,0.320325,2.517,2.57093
-0.406318,0.320325,2.517,2.56963
-0.395301,0.318034,2.499,2.54998
-0.38719,0.318034,2.499,2.54874
-0.379079,0.318034,2.499,2.54752
-0.370968,0.318034,2.499,2.54632
-0.360243,0.315743,2.481,2.52682
-0.35219,0.315743,2.481,2.52569
-0.344137,0.315743,2.481,2.52458
-0.336085,0.315743,2.481,2.52349
-0.328032,0.315743,2.481,2.52243
-0.319979,0.315743,2.481,2.5214
-0.311927,0.315743,2.481,2.52039
-0.303874,0.315743,2.481,2.5194
-0.295821,0.315743,2.481,2.51845
-0.287769,0.315743,2.481,2.51751
-0.279716,0.315743,2.481,2.5166
-0.271663,0.315743,2.481,2.51572
-0.26361,0.315743,2.481,2.51487
-0.257412,0.318034,2.499,2.53227
-0.249301,0.318034,2.499,2.53146
-0.24119,0.318034,2.499,2.53068
-0.233078,0.318034,2.499,2.52992
-0.224967,0.318034,2.499,2.52918
-0.218418,0.320325,2.517,2.54668
-0.210249,0.320325,2.517,2.546
-0.202079,0.320325,2.517,2.54534
-0.195373,0.322743,2.536,2.56391
-0.187142,0.322743,2.536,2.56329
-0.178911,0.322743,2.536,2.56271
-0.171958,0.325161,2.555,2.58134
-0.163665,0.325161,2.555,2.5808
-0.155372,0.325161,2.555,2.58029
-0.14708,0.325161,2.555,2.5798
-0.138787,0.325161,2.555,2.57934
-0.130494,0.325161,2.555,2.57891
-0.122201,0.325161,2.555,2.57851
-0.113908,0.325161,2.555,2.57813
-0.105615,0.325161,2.555,2.57777
-0.0973222,0.325161,2.555,2.57745
-0.0890293,0.325161,2.555,2.57715
-0.0807364,0.325161,2.555,2.57687
-0.0724435,0.325161,2.555,2.57663
-0.0641506,0.325161,2.555,2.57641
-0.0558577,0.325161,2.555,2.57621
-0.0472111,0.322743,2.536,2.55689
-0.0389799,0.322743,2.536,2.55675
-0.0307487,0.322743,2.536,2.55664
-0.0225174,0.322743,2.536,2.55655
-0.0142862,0.322743,2.536,2.55649
-0.00605498,0.322743,2.536,2.55646
0.00217625,0.322743,2.536,2.55646
0.0103295,0.320325,2.517,2.53732
0.0184991,0.320325,2.517,2.53737
0.0266686,0.320325,2.517,2.53744
0.0348382,0.320325,2.517,2.53754
0.0430077,0.320325,2.517,2.53767
0.0511773,0.320325,2.517,2.53782
0.0593468,0.320325,2.517,2.538
0.0675164,0.320325,2.517,2.5382
0.0762573,0.322743,2.536,2.55759
0.0844885,0.322743,2.536,2.55785
0.0927197,0.322743,2.536,2.55814
0.100951,0.322743,2.536,2.55845
0.109182,0.322743,2.536,2.55878
0.117413,0.322743,2.536,2.55915
0.126586,0.325161,2.555,2.57872
0.134879,0.325161,2.555,2.57914
0.143172,0.325161,2.555,2.57958
0.151465,0.325161,2.555,2.58006
0.159758,0.325161,2.555,2.58056
0.16805,0.325161,2.555,2.58108
0.176343,0.325161,2.555,2.58164
0.184636,0.325161,2.555,2.58222
0.192929,0.325161,2.555,2.58282
0.201222,0.325161,2.555,2.58346
0.209515,0.325161,2.555,2.58412
0.217808,0.325161,2.555,2.5848
0.226101,0.325161,2.555,2.58551
0.234394,0.325161,2.555,2.58625
0.242687,0.325161,2.555,2.58702
0.250979,0.325161,2.555,2.58781
0.257344,0.322743,2.536,2.56937
0.265575,0.322743,2.536,2.57021
0.273807,0.322743,2.536,2.57108
0.282038,0.322743,2.536,2.57196
0.290269,0.322743,2.536,2.57288
0.2985,0.322743,2.536,2.57382
0.306732,0.322743,2.536,2.57479
0.314963,0.322743,2.536,2.57578
0.323194,0.322743,2.536,2.5768
0.331425,0.322743,2.536,2.57785
0.339657,0.322743,2.536,2.57892
0.347888,0.322743,2.536,2.58002
0.356119,0.322743,2.536,2.58114
0.36435,0.322743,2.536,2.58229
0.372581,0.322743,2.536,2.58346
0.380813,0.322743,2.536,2.58466
0.389044,0.322743,2.536,2.58589
0.397275,0.322743,2.536,2.58714
0.405506,0.322743,2.536,2.58842
0.413738,0.322743,2.536,2.58972
0.421969,0.322743,2.536,2.59105
0.4302,0.322743,2.536,2.5924
0.435146,0.320325,2.517,2.57434
0.443316,0.320325,2.517,2.57574
0.451486,0.320325,2.517,2.57716
0.459655,0.320325,2.517,2.5786
0.467825,0.320325,2.517,2.58007
0.475994,0.320325,2.517,2.58156
0.484164,0.320325,2.517,2.58308
0.488812,0.318034,2.499,2.56614
0.496924,0.318034,2.499,2.5677
0.505035,0.318034,2.499,2.56928
0.50945,0.315743,2.481,2.55237
0.517502,0.315743,2.481,2.55399
0.525555,0.315743,2.481,2.55563
0.529737,0.313452,2.463,2.53875
0.537731,0.313452,2.463,2.54043
0.545725,0.313452,2.463,2.54213
0.553719,0.313452,2.463,2.54386
0.561714,0.313452,2.463,2.54561
0.569708,0.313452,2.463,2.54739
0.577702,0.313452,2.463,2.54919
0.581416,0.311162,2.445,2.53237
0.589352,0.311162,2.445,2.5342
0.597288,0.311162,2.445,2.53606
0.601016,0.308998,2.428,2.52029
0.608896,0.308998,2.428,2.52219
0.616777,0.308998,2.428,2.5241
0.620284,0.306835,2.411,2.50835
0.62811,0.306835,2.411,2.5103
0.635935,0.306835,2.411,2.51227
0.639221,0.304671,2.394,2.49653
0.646992,0.304671,2.394,2.49853
0.654762,0.304671,2.394,2.50055
0.657828,0.302508,2.377,2.48483
0.661063,0.300471,2.361,2.47014
0.668726,0.300471,2.361,2.47221
0.676389,0.300471,2.361,2.47429
0.684053,0.300471,2.361,2.47639
0.691716,0.300471,2.361,2.47852
0.69464,0.298435,2.345,2.46386
0.702251,0.298435,2.345,2.46602
0.709862,0.298435,2.345,2.4682
0.717473,0.298435,2.345,2.4704
0.725085,0.298435,2.345,2.47262
0.732696,0.298435,2.345,2.47486
0.740307,0.298435,2.345,2.47712
0.747919,0.298435,2.345,2.47941
0.75553,0.298435,2.345,2.48172
0.763141,0.298435,2.345,2.48404
0.770752,0.298435,2.345,2.48639
0.778364,0.298435,2.345,2.48876
0.791338,0.300471,2.361,2.50815
0.799001,0.300471,2.361,2.51058
0.806664,0.300471,2.361,2.51303
0.814327,0.300471,2.361,2.5155
0.821991,0.300471,2.361,2.51799
0.829654,0.300471,2.361,2.5205
0.842991,0.302508,2.377,2.54013
0.850707,0.302508,2.377,2.5427
0.858422,0.302508,2.377,2.5453
0.872331,0.304671,2.394,2.56613
0.886351,0.306835,2.411,2.58702
0.894177,0.306835,2.411,2.58971
0.902002,0.306835,2.411,2.59243
0.909828,0.306835,2.411,2.59516
0.917653,0.306835,2.411,2.59791
0.932004,0.308998,2.428,2.61903
0.946466,0.311162,2.445,2.6402
0.961428,0.313452,2.463,2.66251
0.962338,0.311162,2.445,2.64593
0.970273,0.311162,2.445,2.64883
0.978209,0.311162,2.445,2.65174
0.986145,0.311162,2.445,2.65468
1.0014,0.313452,2.463,2.6772
1.00939,0.313452,2.463,2.6802
1.01739,0.313452,2.463,2.68323
1.02538,0.313452,2.463,2.68627
1.03338,0.313452,2.463,2.68933
1.04137,0.313452,2.463,2.69241
1.04937,0.313452,2.463,2.69551
1.05736,0.313452,2.463,2.69863
1.06535,0.313452,2.463,2.70178
1.07335,0.313452,2.463,2.70494
1.08134,0.313452,2.463,2.70812
1.08934,0.313452,2.463,2.71132
1.09733,0.313452,2.463,2.71455
1.1134,0.315743,2.481,2.73765
1.12146,0.315743,2.481,2.74093
1.12951,0.315743,2.481,2.74424
1.13756,0.315743,2.481,2.74756
1.14561,0.315743,2.481,2.75091
1.15367,0.315743,2.481,2.75427
1.17015,0.318034,2.499,2.77766
1.17826,0.318034,2.499,2.78109
1.18637,0.318034,2.499,2.78453
1.19448,0.318034,2.499,2.788
1.20259,0.318034,2.499,2.79148
1.2107,0.318034,2.499,2.79499
1.21881,0.318034,2.499,2.79851
1.22693,0.318034,2.499,2.80205
1.23504,0.318034,2.499,2.80561
1.24315,0.318034,2.499,2.80919
1.25126,0.318034,2.499,2.81279
1.25937,0.318034,2.499,2.81641
1.25835,0.315743,2.481,2.79973
1.2664,0.315743,2.481,2.80336
1.27446,0.315743,2.481,2.80701
1.28251,0.315743,2.481,2.81067
1.29056,0.315743,2.481,2.81436
1.29862,0.315743,2.481,2.81806
1.30667,0.315743,2.481,2.82178
1.31472,0.315743,2.481,2.82552
1.32277,0.315743,2.481,2.82927
1.33083,0.315743,2.481,2.83305
1.33888,0.315743,2.481,2.83684
1.3567,0.318034,2.499,2.86126
1.38502,0.322743,2.536,2.90753
1.40369,0.325161,2.555,2.93328
1.41198,0.325161,2.555,2.93725
1.4414,0.329997,2.593,2.98499
1.461,0.332542,2.613,3.01212
1.46948,0.332542,2.613,3.01624
1.50115,0.33776,2.654,3.06778
1.52171,0.340432,2.675,3.09631
1.5304,0.340432,2.675,3.10059
1.53908,0.340432,2.675,3.10488
1.55991,0.343105,2.696,3.1336
1.56866,0.343105,2.696,3.13797
1.57741,0.343105,2.696,3.14235
1.58616,0.343105,2.696,3.14675
1.59491,0.343105,2.696,3.15117
1.60366,0.343105,2.696,3.15561
1.59985,0.340432,2.675,3.13545
1.60854,0.340432,2.675,3.13989
1.61722,0.340432,2.675,3.14435
1.6259,0.340432,2.675,3.14882
1.63458,0.340432,2.675,3.15331
1.63037,0.33776,2.654,3.13303
1.62601,0.335087,2.633,3.1127
1.63456,0.335087,2.633,3.11717
1.63062,0.332542,2.613,3.09795
1.61464,0.327579,2.574,3.05612
1.61101,0.325161,2.555,3.03795
1.61931,0.325161,2.555,3.04235
1.6155,0.322743,2.536,3.02412
1.60004,0.318034,2.499,2.98434
1.60815,0.318034,2.499,2.98869
1.60462,0.315743,2.481,2.97151
1.58927,0.311162,2.445,2.93268
1.59721,0.311162,2.445,2.93699
1.59398,0.308998,2.428,2.92086
1.59065,0.306835,2.411,2.90469
1.59847,0.306835,2.411,2.90898
1.59497,0.304671,2.394,2.89275
1.59136,0.302508,2.377,2.87647
1.59908,0.302508,2.377,2.88074
1.60679,0.302508,2.377,2.88503
1.60364,0.300471,2.361,2.86989
-1.79885,0.338411,2.593,3.17396
-1.79043,0.338411,2.593,3.1692
-1.78202,0.338411,2.593,3.16445
-1.78728,0.341021,2.613,3.18409
-1.7788,0.341021,2.613,3.17934
-1.78387,0.343631,2.633,3.1989
-1.77532,0.343631,2.633,3.19414
-1.76678,0.343631,2.633,3.1894
-1.77225,0.346372,2.654,3.21007
-1.77759,0.349112,2.675,3.23069
-1.76891,0.349112,2.675,3.22592
-1.76023,0.349112,2.675,3.22117
-1.75155,0.349112,2.675,3.21643
-1.75655,0.351853,2.696,3.23692
-1.7478,0.351853,2.696,3.23218
-1.75259,0.354594,2.717,3.2526
-1.74377,0.354594,2.717,3.24786
-1.73495,0.354594,2.717,3.24313
-1.71279,0.351853,2.696,3.21339
-1.70404,0.351853,2.696,3.20873
-1.69529,0.351853,2.696,3.2041
-1.68654,0.351853,2.696,3.19948
-1.67779,0.351853,2.696,3.19487
-1.66904,0.351853,2.696,3.19028
-1.66029,0.351853,2.696,3.18572
-1.65154,0.351853,2.696,3.18116
-1.64279,0.351853,2.696,3.17663
-1.63404,0.351853,2.696,3.17211
-1.61263,0.349112,2.675,3.14294
-1.60395,0.349112,2.675,3.13849
-1.58274,0.346372,2.654,3.10946
-1.56167,0.343631,2.633,3.08052
-1.55312,0.343631,2.633,3.07619
-1.52111,0.338411,2.593,3.02522
-1.49053,0.333451,2.555,2.97672
-1.48224,0.333451,2.555,2.97258
-1.46298,0.330972,2.536,2.94638
-1.44385,0.328492,2.517,2.92026
-1.42541,0.326143,2.499,2.89537
-1.4173,0.326143,2.499,2.89139
-1.39904,0.323794,2.481,2.86662
-1.39099,0.323794,2.481,2.8627
-1.39297,0.326143,2.499,2.87954
-1.38486,0.326143,2.499,2.87562
-1.37675,0.326143,2.499,2.87173
-1.3785,0.328492,2.517,2.8885
-1.37033,0.328492,2.517,2.88461
-1.38272,0.333451,2.555,2.92423
-1.38465,0.335931,2.574,2.94204
-1.38645,0.338411,2.593,2.9598
-1.37804,0.338411,2.593,2.95587
-1.39075,0.343631,2.633,2.99749
-1.39323,0.346372,2.654,3.01741
-1.38461,0.346372,2.654,3.01344
-1.38689,0.349112,2.675,3.03331
-1.38902,0.351853,2.696,3.05313
-1.38027,0.351853,2.696,3.04916
-1.37152,0.351853,2.696,3.04521
-1.35216,0.349112,2.675,3.01759
-1.34347,0.349112,2.675,3.01371
-1.33479,0.349112,2.675,3.00985
-1.3157,0.346372,2.654,2.98241
-1.30708,0.346372,2.654,2.97862
-1.2882,0.343631,2.633,2.95131
-1.26993,0.341021,2.613,2.9252
-1.26145,0.341021,2.613,2.92153
-1.24338,0.338411,2.593,2.89554
-1.22591,0.335931,2.574,2.87075
-1.20857,0.333451,2.555,2.84602
-1.19135,0.330972,2.536,2.82137
-1.18312,0.330972,2.536,2.81791
-1.15775,0.326143,2.499,2.7734
-1.14964,0.326143,2.499,2.77002
-1.14153,0.326143,2.499,2.76667
-1.12525,0.323794,2.481,2.74343
-1.1172,0.323794,2.481,2.74013
-1.10914,0.323794,2.481,2.73686
-1.10109,0.323794,2.481,2.73361
-1.09304,0.323794,2.481,2.73037
-1.07712,0.321444,2.463,2.70737
-1.06912,0.321444,2.463,2.7042
-1.06113,0.321444,2.463,2.70105
-1.05313,0.321444,2.463,2.69792
-1.04514,0.321444,2.463,2.69481
-1.04472,0.323794,2.481,2.71139
-1.03667,0.323794,2.481,2.7083
-1.02862,0.323794,2.481,2.70523
-1.02057,0.323794,2.481,2.70218
-1.01251,0.323794,2.481,2.69915
-1.00446,0.323794,2.481,2.69614
-1.00364,0.326143,2.499,2.71268
-0.995525,0.326143,2.499,2.70969
-0.980302,0.323794,2.481,2.68723
-0.972249,0.323794,2.481,2.6843
-0.964196,0.323794,2.481,2.68139
-0.956143,0.323794,2.481,2.67851
-0.941212,0.321444,2.463,2.65623
-0.926398,0.319095,2.445,2.63402
-0.918462,0.319095,2.445,2.63124
-0.910526,0.319095,2.445,2.62848
-0.90259,0.319095,2.445,2.62574
-0.894654,0.319095,2.445,2.62302
-0.886718,0.319095,2.445,2.62033
-0.878783,0.319095,2.445,2.61765
-0.864792,0.316877,2.428,2.59682
-0.856911,0.316877,2.428,2.5942
-0.84903,0.316877,2.428,2.59161
-0.84115,0.316877,2.428,2.58904
-0.833269,0.316877,2.428,2.58649
-0.825388,0.316877,2.428,2.58396
-0.817508,0.316877,2.428,2.58146
-0.815296,0.319095,2.445,2.59703
-0.80736,0.319095,2.445,2.59455
-0.799424,0.319095,2.445,2.59209
-0.791488,0.319095,2.445,2.58965
-0.783552,0.319095,2.445,2.58724
-0.775616,0.319095,2.445,2.58485
-0.767681,0.319095,2.445,2.58248
-0.765338,0.321444,2.463,2.59912
-0.757344,0.321444,2.463,2.59678
-0.749349,0.321444,2.463,2.59446
-0.741355,0.321444,2.463,2.59216
-0.733361,0.321444,2.463,2.58989
-0.725366,0.321444,2.463,2.58763
-0.722615,0.323794,2.481,2.6043
-0.714562,0.323794,2.481,2.60208
-0.706509,0.323794,2.481,2.59988
-0.703524,0.326143,2.499,2.61655
-0.695413,0.326143,2.499,2.61438
-0.687302,0.326143,2.499,2.61223
-0.679191,0.326143,2.499,2.61011
-0.675913,0.328492,2.517,2.6268
-0.667744,0.328492,2.517,2.62471
-0.659574,0.328492,2.517,2.62264
-0.651405,0.328492,2.517,2.6206
-0.643235,0.328492,2.517,2.61858
-0.635065,0.328492,2.517,2.61658
-0.626896,0.328492,2.517,2.61461
-0.618726,0.328492,2.517,2.61267
-0.610557,0.328492,2.517,2.61074
-0.602387,0.328492,2.517,2.60884
-0.594218,0.328492,2.517,2.60697
-0.586048,0.328492,2.517,2.60512
-0.577879,0.328492,2.517,2.60329
-0.57401,0.330972,2.536,2.62113
-0.565778,0.330972,2.536,2.61934
-0.557547,0.330972,2.536,2.61757
-0.549316,0.330972,2.536,2.61583
-0.541085,0.330972,2.536,2.61412
-0.532853,0.330972,2.536,2.61243
-0.524622,0.330972,2.536,2.61076
-0.516391,0.330972,2.536,2.60912
-0.50816,0.330972,2.536,2.6075
-0.499929,0.330972,2.536,2.60591
-0.491697,0.330972,2.536,2.60434
-0.483466,0.330972,2.536,2.6028
-0.475235,0.330972,2.536,2.60129
-0.467004,0.330972,2.536,2.59979
-0.458772,0.330972,2.536,2.59833
-0.450541,0.330972,2.536,2.59689
-0.438996,0.328492,2.517,2.57603
-0.430827,0.328492,2.517,2.57465
-0.422657,0.328492,2.517,2.57329
-0.414487,0.328492,2.517,2.57196
-0.406318,0.328492,2.517,2.57066
-0.395301,0.326143,2.499,2.55101
-0.38719,0.326143,2.499,2.54976
-0.379079,0.326143,2.499,2.54854
-0.370968,0.326143,2.499,2.54735
-0.360243,0.323794,2.481,2.52784
-0.35219,0.323794,2.481,2.52671
-0.344137,0.323794,2.481,2.5256
-0.336085,0.323794,2.481,2.52451
-0.328032,0.323794,2.481,2.52345
-0.319979,0.323794,2.481,2.52242
-0.311927,0.323794,2.481,2.52141
-0.303874,0.323794,2.481,2.52043
-0.295821,0.323794,2.481,2.51947
-0.287769,0.323794,2.481,2.51853
-0.279716,0.323794,2.481,2.51763
-0.271663,0.323794,2.481,2.51675
-0.26361,0.323794,2.481,2.51589
-0.257412,0.326143,2.499,2.5333
-0.249301,0.326143,2.499,2.53249
-0.24119,0.326143,2.499,2.53171
-0.233078,0.326143,2.499,2.53095
-0.224967,0.326143,2.499,2.53021
-0.218418,0.328492,2.517,2.54773
-0.210249,0.328492,2.517,2.54704
-0.202079,0.328492,2.517,2.54638
-0.195373,0.330972,2.536,2.56496
-0.187142,0.330972,2.536,2.56434
-0.178911,0.330972,2.536,2.56376
-0.171958,0.333451,2.555,2.5824
-0.163665,0.333451,2.555,2.58186
-0.155372,0.333451,2.555,2.58135
-0.14708,0.333451,2.555,2.58086
-0.138787,0.333451,2.555,2.5804
-0.130494,0.333451,2.555,2.57997
-0.122201,0.333451,2.555,2.57956
-0.113908,0.333451,2.555,2.57918
-0.105615,0.333451,2.555,2.57883
-0.0973222,0.333451,2.555,2.5785
-0.0890293,0.333451,2.555,2.57821
-0.0807364,0.333451,2.555,2.57793
-0.0724435,0.333451,2.555,2.57769
-0.0641506,0.333451,2.555,2.57747
-0.0558577,0.333451,2.555,2.57727
-0.0472111,0.330972,2.536,2.55794
-0.0389799,0.330972,2.536,2.5578
-0.0307487,0.330972,2.536,2.55769
-0.0225174,0.330972,2.536,2.55761
-0.0142862,0.330972,2.536,2.55755
-0.00605498,0.330972,2.536,2.55751
0.00217625,0.330972,2.536,2.55751
0.0103295,0.328492,2.517,2.53837
0.0184991,0.328492,2.517,2.53841
0.0266686,0.328492,2.517,2.53849
0.0348382,0.328492,2.517,2.53858
0.0430077,0.328492,2.517,2.53871
0.0511773,0.328492,2.517,2.53886
0.0593468,0.328492,2.517,2.53904
0.0675164,0.328492,2.517,2.53924
0.075686,0.328492,2.517,2.53947
0.0838555,0.328492,2.517,2.53973
0.0920251,0.328492,2.517,2.54001
0.100951,0.330972,2.536,2.5595
0.109182,0.330972,2.536,2.55984
0.117413,0.330972,2.536,2.5602
0.125645,0.330972,2.536,2.56059
0.133876,0.330972,2.536,2.56101
0.143172,0.333451,2.555,2.58064
0.151465,0.333451,2.555,2.58112
0.159758,0.333451,2.555,2.58162
0.16805,0.333451,2.555,2.58214
0.176343,0.333451,2.555,2.58269
0.184636,0.333451,2.555,2.58327
0.192929,0.333451,2.555,2.58388
0.201222,0.333451,2.555,2.58451
0.209515,0.333451,2.555,2.58517
0.217808,0.333451,2.555,2.58586
0.226101,0.333451,2.555,2.58657
0.234394,0.333451,2.555,2.58731
0.242687,0.333451,2.555,2.58807
0.249113,0.330972,2.536,2.56961
0.257344,0.330972,2.536,2.57042
0.265575,0.330972,2.536,2.57126
0.273807,0.330972,2.536,2.57212
0.282038,0.330972,2.536,2.57301
0.290269,0.330972,2.536,2.57393
0.2985,0.330972,2.536,2.57487
0.306732,0.330972,2.536,2.57583
0.314963,0.330972,2.536,2.57683
0.323194,0.330972,2.536,2.57785
0.331425,0.330972,2.536,2.57889
0.339657,0.330972,2.536,2.57996
0.347888,0.330972,2.536,2.58106
0.356119,0.330972,2.536,2.58218
0.36435,0.330972,2.536,2.58333
0.372581,0.330972,2.536,2.5845
0.380813,0.330972,2.536,2.5857
0.389044,0.330972,2.536,2.58693
0.397275,0.330972,2.536,2.58818
0.405506,0.330972,2.536,2.58945
0.413738,0.330972,2.536,2.59076
0.421969,0.330972,2.536,2.59208
0.4302,0.330972,2.536,2.59344
0.435146,0.328492,2.517,2.57537
0.443316,0.328492,2.517,2.57677
0.451486,0.328492,2.517,2.57818
0.459655,0.328492,2.517,2.57963
0.467825,0.328492,2.517,2.5811
0.475994,0.328492,2.517,2.58259
0.480701,0.326143,2.499,2.56563
0.488812,0.326143,2.499,2.56716
0.496924,0.326143,2.499,2.56872
0.505035,0.326143,2.499,2.5703
0.513146,0.326143,2.499,2.5719
0.521257,0.326143,2.499,2.57353
0.525555,0.323794,2.481,2.55664
0.533608,0.323794,2.481,2.55831
0.537731,0.321444,2.463,2.54143
0.545725,0.321444,2.463,2.54313
0.553719,0.321444,2.463,2.54486
0.561714,0.321444,2.463,2.54661
0.569708,0.321444,2.463,2.54838
0.577702,0.321444,2.463,2.55018
0.585697,0.321444,2.463,2.55201
0.593691,0.321444,2.463,2.55385
0.597288,0.319095,2.445,2.53705
0.605224,0.319095,2.445,2.53893
0.61316,0.319095,2.445,2.54083
0.616777,0.316877,2.428,2.52508
0.624658,0.316877,2.428,2.52701
0.62811,0.314658,2.411,2.51127
0.635935,0.314658,2.411,2.51323
0.643761,0.314658,2.411,2.51523
0.646992,0.312439,2.394,2.49949
0.654762,0.312439,2.394,2.50151
0.662532,0.312439,2.394,2.50356
0.665543,0.310221,2.377,2.48783
0.673258,0.310221,2.377,2.48991
0.676389,0.308132,2.361,2.47523
0.684053,0.308132,2.361,2.47734
0.691716,0.308132,2.361,2.47946
0.699379,0.308132,2.361,2.48161
0.707042,0.308132,2.361,2.48378
0.714706,0.308132,2.361,2.48597
0.722369,0.308132,2.361,2.48819
0.730032,0.308132,2.361,2.49042
0.737695,0.308132,2.361,2.49268
0.745358,0.308132,2.361,2.49496
0.753022,0.308132,2.361,2.49726
0.760685,0.308132,2.361,2.49958
0.768348,0.308132,2.361,2.50192
0.776011,0.308132,2.361,2.50429
0.788985,0.310221,2.377,2.52366
0.802398,0.312439,2.394,2.54415
0.810169,0.312439,2.394,2.54661
0.817939,0.312439,2.394,2.54909
0.825709,0.312439,2.394,2.5516
0.83348,0.312439,2.394,2.55412
0.84125,0.312439,2.394,2.55667
0.84902,0.312439,2.394,2.55924
0.862875,0.314658,2.411,2.58002
0.8707,0.314658,2.411,2.58264
0.878526,0.314658,2.411,2.58529
0.892601,0.316877,2.428,2.60621
0.894177,0.314658,2.411,2.59065
0.902002,0.314658,2.411,2.59336
0.909828,0.314658,2.411,2.5961
0.917653,0.314658,2.411,2.59885
0.932004,0.316877,2.428,2.61997
0.946466,0.319095,2.445,2.64114
0.954402,0.319095,2.445,2.644
0.962338,0.319095,2.445,2.64687
0.970273,0.319095,2.445,2.64977
0.978209,0.319095,2.445,2.65269
0.986145,0.319095,2.445,2.65562
0.994081,0.319095,2.445,2.65858
1.00202,0.319095,2.445,2.66156
1.00995,0.319095,2.445,2.66455
1.02538,0.321444,2.463,2.68721
1.03338,0.321444,2.463,2.69027
1.04137,0.321444,2.463,2.69335
1.04937,0.321444,2.463,2.69645
1.05736,0.321444,2.463,2.69957
1.06535,0.321444,2.463,2.70272
1.07335,0.321444,2.463,2.70588
1.08924,0.323794,2.481,2.72886
1.0973,0.323794,2.481,2.73208
1.10535,0.323794,2.481,2.73533
1.1134,0.323794,2.481,2.73859
1.12959,0.326143,2.499,2.76177
1.1377,0.326143,2.499,2.76509
1.14581,0.326143,2.499,2.76844
1.15393,0.326143,2.499,2.77181
1.16204,0.326143,2.499,2.77519
1.17015,0.326143,2.499,2.7786
1.17826,0.326143,2.499,2.78203
1.18637,0.326143,2.499,2.78547
1.19448,0.326143,2.499,2.78893
1.20259,0.326143,2.499,2.79242
1.2107,0.326143,2.499,2.79592
1.21881,0.326143,2.499,2.79944
1.22693,0.326143,2.499,2.80298
1.23504,0.326143,2.499,2.80654
1.24315,0.326143,2.499,2.81012
1.25126,0.326143,2.499,2.81372
1.25937,0.326143,2.499,2.81734
1.26748,0.326143,2.499,2.82097
1.27559,0.326143,2.499,2.82463
1.27446,0.323794,2.481,2.80793
1.28251,0.323794,2.481,2.81159
1.29056,0.323794,2.481,2.81527
1.29862,0.323794,2.481,2.81897
1.30667,0.323794,2.481,2.82269
1.31472,0.323794,2.481,2.82643
1.32277,0.323794,2.481,2.83018
1.33083,0.323794,2.481,2.83396
1.33888,0.323794,2.481,2.83775
1.36648,0.328492,2.517,2.88279
1.38502,0.330972,2.536,2.90846
1.41413,0.335931,2.574,2.95603
1.42248,0.335931,2.574,2.96003
1.4414,0.338411,2.593,2.98594
1.47218,0.343631,2.633,3.03613
1.48073,0.343631,2.633,3.04028
1.51303,0.349112,2.675,3.09302
1.53366,0.351853,2.696,3.12159
1.54241,0.351853,2.696,3.1259
1.56324,0.354594,2.717,3.15461
1.57206,0.354594,2.717,3.15899
1.59368,0.357465,2.739,3.189
1.60257,0.357465,2.739,3.19345
1.61146,0.357465,2.739,3.19792
1.62035,0.357465,2.739,3.20241
1.61616,0.354594,2.717,3.18116
1.62497,0.354594,2.717,3.18565
1.63379,0.354594,2.717,3.19016
1.61722,0.349112,2.675,3.1453
1.6259,0.349112,2.675,3.14977
1.63458,0.349112,2.675,3.15426
1.63037,0.346372,2.654,3.13397
1.62601,0.343631,2.633,3.11363
1.63456,0.343631,2.633,3.1181
1.63062,0.341021,2.613,3.09887
1.61464,0.335931,2.574,3.05702
1.61101,0.333451,2.555,3.03885
1.61931,0.333451,2.555,3.04325
1.6155,0.330972,2.536,3.02501
1.60004,0.326143,2.499,2.98521
1.60815,0.326143,2.499,2.98957
1.60462,0.323794,2.481,2.97237
1.58927,0.319095,2.445,2.93354
1.59721,0.319095,2.445,2.93784
1.59398,0.316877,2.428,2.92171
1.59065,0.314658,2.411,2.90553
1.59847,0.314658,2.411,2.90982
1.59497,0.312439,2.394,2.89358
1.59136,0.310221,2.377,2.87729
1.59908,0.310221,2.377,2.88156
1.60679,0.310221,2.377,2.88585
1.60364,0.308132,2.361,2.8707
-1.79885,0.346824,2.593,3.17487
-1.79043,0.346824,2.593,3.17011
-1.78202,0.346824,2.593,3.16536
-1.7736,0.346824,2.593,3.16063
-1.76518,0.346824,2.593,3.15592
-1.77032,0.3495,2.613,3.17552
-1.77532,0.352175,2.633,3.19507
-1.76678,0.352175,2.633,3.19033
-1.75823,0.352175,2.633,3.18561
-1.76364,0.354984,2.654,3.20627
-1.75502,0.354984,2.654,3.20154
-1.74641,0.354984,2.654,3.19682
-1.75155,0.357792,2.675,3.21738
-1.74286,0.357792,2.675,3.21267
-1.73418,0.357792,2.675,3.20796
-1.7255,0.357792,2.675,3.20328
-1.71682,0.357792,2.675,3.19861
-1.70813,0.357792,2.675,3.19396
-1.69945,0.357792,2.675,3.18932
-1.69077,0.357792,2.675,3.1847
-1.66888,0.354984,2.654,3.15514
-1.66027,0.354984,2.654,3.15059
-1.66472,0.357792,2.675,3.17095
-1.65604,0.357792,2.675,3.1664
-1.64736,0.357792,2.675,3.16187
-1.63868,0.357792,2.675,3.15736
-1.62999,0.357792,2.675,3.15286
-1.60858,0.354984,2.654,3.12366
-1.59997,0.354984,2.654,3.11924
-1.59135,0.354984,2.654,3.11483
-1.57022,0.352175,2.633,3.08582
-1.54981,0.3495,2.613,3.05808
-1.54133,0.3495,2.613,3.05379
-1.52111,0.346824,2.593,3.02617
-1.49053,0.341742,2.555,2.97766
-1.48224,0.341742,2.555,2.97352
-1.46298,0.3392,2.536,2.94732
-1.44385,0.336659,2.517,2.92119
-1.42541,0.334252,2.499,2.8963
-1.4173,0.334252,2.499,2.89231
-1.39904,0.331844,2.481,2.86754
-1.39099,0.331844,2.481,2.86362
-1.39297,0.334252,2.499,2.88047
-1.38486,0.334252,2.499,2.87655
-1.37675,0.334252,2.499,2.87266
-1.3889,0.3392,2.536,2.91125
-1.38067,0.3392,2.536,2.90734
-1.38272,0.341742,2.555,2.92519
-1.39487,0.346824,2.593,2.96473
-1.38645,0.346824,2.593,2.96078
-1.37804,0.346824,2.593,2.95684
-1.38019,0.3495,2.613,2.97571
-1.39323,0.354984,2.654,3.01841
-1.38461,0.354984,2.654,3.01445
-1.38689,0.357792,2.675,3.03432
-1.3782,0.357792,2.675,3.03036
-1.36952,0.357792,2.675,3.02642
-1.36084,0.357792,2.675,3.0225
-1.35216,0.357792,2.675,3.0186
-1.34347,0.357792,2.675,3.01472
-1.32431,0.354984,2.654,2.98723
-1.3157,0.354984,2.654,2.98342
-1.30708,0.354984,2.654,2.97963
-1.2882,0.352175,2.633,2.95232
-1.26993,0.3495,2.613,2.9262
-1.26145,0.3495,2.613,2.92253
-1.24338,0.346824,2.593,2.89654
-1.22591,0.344283,2.574,2.87174
-1.20857,0.341742,2.555,2.84701
-1.20028,0.341742,2.555,2.8435
-1.18312,0.3392,2.536,2.81889
-1.16609,0.336659,2.517,2.79435
-1.15792,0.336659,2.517,2.79095
-1.14153,0.334252,2.499,2.76764
-1.12525,0.331844,2.481,2.74439
-1.1172,0.331844,2.481,2.7411
-1.10914,0.331844,2.481,2.73782
-1.10109,0.331844,2.481,2.73457
-1.09304,0.331844,2.481,2.73134
-1.08499,0.331844,2.481,2.72813
-1.06912,0.329436,2.463,2.70516
-1.06113,0.329436,2.463,2.70202
-1.05313,0.329436,2.463,2.69889
-1.04514,0.329436,2.463,2.69578
-1.04472,0.331844,2.481,2.71237
-1.03667,0.331844,2.481,2.70927
-1.02862,0.331844,2.481,2.7062
-1.02057,0.331844,2.481,2.70315
-1.01986,0.334252,2.499,2.71971
-1.01175,0.334252,2.499,2.71668
-1.00364,0.334252,2.499,2.71367
-0.995525,0.334252,2.499,2.71068
-0.987414,0.334252,2.499,2.70771
-0.972249,0.331844,2.481,2.68528
-0.964196,0.331844,2.481,2.68238
-0.956143,0.331844,2.481,2.67949
-0.941212,0.329436,2.463,2.65721
-0.926398,0.327029,2.445,2.63499
-0.918462,0.327029,2.445,2.63221
-0.910526,0.327029,2.445,2.62945
-0.90259,0.327029,2.445,2.62672
-0.894654,0.327029,2.445,2.624
-0.880553,0.324755,2.428,2.60308
-0.872672,0.324755,2.428,2.60042
-0.864792,0.324755,2.428,2.59779
-0.856911,0.324755,2.428,2.59518
-0.84903,0.324755,2.428,2.59259
-0.84115,0.324755,2.428,2.59002
-0.833269,0.324755,2.428,2.58747
-0.825388,0.324755,2.428,2.58494
-0.817508,0.324755,2.428,2.58243
-0.809627,0.324755,2.428,2.57995
-0.801746,0.324755,2.428,2.57749
-0.793866,0.324755,2.428,2.57505
-0.791488,0.327029,2.445,2.59064
-0.783552,0.327029,2.445,2.58823
-0.775616,0.327029,2.445,2.58584
-0.767681,0.327029,2.445,2.58347
-0.765338,0.329436,2.463,2.60012
-0.757344,0.329436,2.463,2.59778
-0.749349,0.329436,2.463,2.59546
-0.741355,0.329436,2.463,2.59317
-0.733361,0.329436,2.463,2.59089
-0.725366,0.329436,2.463,2.58864
-0.722615,0.331844,2.481,2.60531
-0.714562,0.331844,2.481,2.60309
-0.706509,0.331844,2.481,2.60089
-0.703524,0.334252,2.499,2.61757
-0.695413,0.334252,2.499,2.6154
-0.687302,0.334252,2.499,2.61326
-0.679191,0.334252,2.499,2.61114
-0.675913,0.336659,2.517,2.62783
-0.667744,0.336659,2.517,2.62574
-0.659574,0.336659,2.517,2.62367
-0.651405,0.336659,2.517,2.62163
-0.643235,0.336659,2.517,2.61961
-0.635065,0.336659,2.517,2.61762
-0.626896,0.336659,2.517,2.61565
-0.618726,0.336659,2.517,2.6137
-0.610557,0.336659,2.517,2.61178
-0.602387,0.336659,2.517,2.60988
-0.594218,0.336659,2.517,2.60801
-0.586048,0.336659,2.517,2.60616
-0.577879,0.336659,2.517,2.60434
-0.57401,0.3392,2.536,2.62218
-0.565778,0.3392,2.536,2.62039
-0.557547,0.3392,2.536,2.61863
-0.549316,0.3392,2.536,2.61689
-0.541085,0.3392,2.536,2.61517
-0.532853,0.3392,2.536,2.61348
-0.524622,0.3392,2.536,2.61182
-0.516391,0.3392,2.536,2.61017
-0.50816,0.3392,2.536,2.60856
-0.499929,0.3392,2.536,2.60697
-0.491697,0.3392,2.536,2.6054
-0.483466,0.3392,2.536,2.60386
-0.475235,0.3392,2.536,2.60235
-0.467004,0.3392,2.536,2.60085
-0.458772,0.3392,2.536,2.59939
-0.450541,0.3392,2.536,2.59795
-0.438996,0.336659,2.517,2.57708
-0.430827,0.336659,2.517,2.5757
-0.422657,0.336659,2.517,2.57435
-0.414487,0.336659,2.517,2.57302
-0.406318,0.336659,2.517,2.57172
-0.395301,0.334252,2.499,2.55206
-0.38719,0.334252,2.499,2.55081
-0.379079,0.334252,2.499,2.54959
-0.368296,0.331844,2.481,2.53004
-0.360243,0.331844,2.481,2.52888
-0.35219,0.331844,2.481,2.52775
-0.344137,0.331844,2.481,2.52664
-0.336085,0.331844,2.481,2.52556
-0.328032,0.331844,2.481,2.5245
-0.319979,0.331844,2.481,2.52346
-0.311927,0.331844,2.481,2.52246
-0.303874,0.331844,2.481,2.52147
-0.295821,0.331844,2.481,2.52051
-0.287769,0.331844,2.481,2.51958
-0.279716,0.331844,2.481,2.51867
-0.271663,0.331844,2.481,2.51779
-0.26361,0.331844,2.481,2.51694
-0.255558,0.331844,2.481,2.51611
-0.249301,0.334252,2.499,2.53355
-0.24119,0.334252,2.499,2.53276
-0.233078,0.334252,2.499,2.53201
-0.224967,0.334252,2.499,2.53127
-0.216856,0.334252,2.499,2.53056
-0.208745,0.334252,2.499,2.52988
-0.202079,0.336659,2.517,2.54744
-0.193909,0.336659,2.517,2.54681
-0.18574,0.336659,2.517,2.5462
-0.178911,0.3392,2.536,2.56483
-0.170679,0.3392,2.536,2.56427
-0.162448,0.3392,2.536,2.56374
-0.155372,0.341742,2.555,2.58243
-0.14708,0.341742,2.555,2.58195
-0.138787,0.341742,2.555,2.58149
-0.130494,0.341742,2.555,2.58105
-0.122201,0.341742,2.555,2.58065
-0.113908,0.341742,2.555,2.58027
-0.105615,0.341742,2.555,2.57992
-0.0973222,0.341742,2.555,2.57959
-0.0890293,0.341742,2.555,2.57929
-0.0807364,0.341742,2.555,2.57902
-0.0724435,0.341742,2.555,2.57877
-0.0641506,0.341742,2.555,2.57855
-0.0558577,0.341742,2.555,2.57836
-0.0472111,0.3392,2.536,2.55902
-0.0389799,0.3392,2.536,2.55888
-0.0307487,0.3392,2.536,2.55877
-0.0225174,0.3392,2.536,2.55868
-0.0141792,0.336659,2.517,2.53945
-0.00600962,0.336659,2.517,2.53942
0.00215994,0.336659,2.517,2.53942
0.0103295,0.336659,2.517,2.53944
0.0184991,0.336659,2.517,2.53948
0.0266686,0.336659,2.517,2.53956
0.0348382,0.336659,2.517,2.53965
0.0430077,0.336659,2.517,2.53978
0.0511773,0.336659,2.517,2.53993
0.0593468,0.336659,2.517,2.54011
0.0675164,0.336659,2.517,2.54031
0.075686,0.336659,2.517,2.54054
0.0838555,0.336659,2.517,2.5408
0.0920251,0.336659,2.517,2.54108
0.100195,0.336659,2.517,2.54139
0.108364,0.336659,2.517,2.54173
0.117413,0.3392,2.536,2.56128
0.125645,0.3392,2.536,2.56167
0.133876,0.3392,2.536,2.56208
0.143172,0.341742,2.555,2.58173
0.151465,0.341742,2.555,2.5822
0.159758,0.341742,2.555,2.5827
0.16805,0.341742,2.555,2.58323
0.176343,0.341742,2.555,2.58378
0.184636,0.341742,2.555,2.58436
0.192929,0.341742,2.555,2.58496
0.201222,0.341742,2.555,2.5856
0.209515,0.341742,2.555,2.58625
0.217808,0.341742,2.555,2.58694
0.224419,0.3392,2.536,2.56841
0.232651,0.3392,2.536,2.56914
0.240882,0.3392,2.536,2.5699
0.249113,0.3392,2.536,2.57068
0.257344,0.3392,2.536,2.57149
0.265575,0.3392,2.536,2.57233
0.273807,0.3392,2.536,2.57319
0.282038,0.3392,2.536,2.57408
0.290269,0.3392,2.536,2.575
0.2985,0.3392,2.536,2.57594
0.304434,0.336659,2.517,2.5576
0.312603,0.336659,2.517,2.55858
0.320773,0.336659,2.517,2.55959
0.331425,0.3392,2.536,2.57996
0.339657,0.3392,2.536,2.58103
0.347888,0.3392,2.536,2.58213
0.356119,0.3392,2.536,2.58325
0.36435,0.3392,2.536,2.5844
0.372581,0.3392,2.536,2.58557
0.380813,0.3392,2.536,2.58677
0.389044,0.3392,2.536,2.58799
0.397275,0.3392,2.536,2.58924
0.405506,0.3392,2.536,2.59052
0.410638,0.336659,2.517,2.5724
0.418807,0.336659,2.517,2.57372
0.426977,0.336659,2.517,2.57506
0.435146,0.336659,2.517,2.57643
0.443316,0.336659,2.517,2.57782
0.451486,0.336659,2.517,2.57924
0.459655,0.336659,2.517,2.58068
0.467825,0.336659,2.517,2.58215
0.475994,0.336659,2.517,2.58364
0.480701,0.334252,2.499,2.56667
0.488812,0.334252,2.499,2.5682
0.496924,0.334252,2.499,2.56976
0.505035,0.334252,2.499,2.57134
0.513146,0.334252,2.499,2.57294
0.521257,0.334252,2.499,2.57457
0.525555,0.331844,2.481,2.55767
0.533608,0.331844,2.481,2.55934
0.541661,0.331844,2.481,2.56103
0.549713,0.331844,2.481,2.56275
0.553719,0.329436,2.463,2.54588
0.561714,0.329436,2.463,2.54763
0.569708,0.329436,2.463,2.5494
0.577702,0.329436,2.463,2.5512
0.585697,0.329436,2.463,2.55303
0.593691,0.329436,2.463,2.55487
0.597288,0.327029,2.445,2.53806
0.605224,0.327029,2.445,2.53993
0.61316,0.327029,2.445,2.54184
0.616777,0.324755,2.428,2.52608
0.624658,0.324755,2.428,2.52801
0.62811,0.322481,2.411,2.51226
0.635935,0.322481,2.411,2.51423
0.643761,0.322481,2.411,2.51622
0.646992,0.320207,2.394,2.50047
0.654762,0.320207,2.394,2.5025
0.662532,0.320207,2.394,2.50454
0.670303,0.320207,2.394,2.50661
0.678073,0.320207,2.394,2.5087
0.680973,0.317934,2.377,2.49298
0.688688,0.317934,2.377,2.4951
0.696403,0.317934,2.377,2.49724
0.704119,0.317934,2.377,2.4994
0.711834,0.317934,2.377,2.50158
0.719549,0.317934,2.377,2.50379
0.732465,0.320207,2.394,2.52394
0.740236,0.320207,2.394,2.52621
0.748006,0.320207,2.394,2.52849
0.755776,0.320207,2.394,2.5308
0.763547,0.320207,2.394,2.53313
0.771317,0.320207,2.394,2.53549
0.779087,0.320207,2.394,2.53786
0.786858,0.320207,2.394,2.54026
0.800271,0.322481,2.411,2.56073
0.808096,0.322481,2.411,2.56319
0.815922,0.322481,2.411,2.56567
0.823747,0.322481,2.411,2.56817
0.831573,0.322481,2.411,2.57069
0.839398,0.322481,2.411,2.57323
0.847224,0.322481,2.411,2.57579
0.855049,0.322481,2.411,2.57838
0.862875,0.322481,2.411,2.58098
0.8707,0.322481,2.411,2.58361
0.878526,0.322481,2.411,2.58626
0.892601,0.324755,2.428,2.60718
0.900482,0.324755,2.428,2.60989
0.908362,0.324755,2.428,2.61262
0.916243,0.324755,2.428,2.61537
0.924124,0.324755,2.428,2.61814
0.932004,0.324755,2.428,2.62093
0.946466,0.327029,2.445,2.64211
0.954402,0.327029,2.445,2.64497
0.962338,0.327029,2.445,2.64784
0.970273,0.327029,2.445,2.65074
0.978209,0.327029,2.445,2.65365
0.986145,0.327029,2.445,2.65659
0.994081,0.327029,2.445,2.65954
1.00202,0.327029,2.445,2.66252
1.00995,0.327029,2.445,2.66552
1.02538,0.329436,2.463,2.68818
1.03338,0.329436,2.463,2.69124
1.04137,0.329436,2.463,2.69432
1.04937,0.329436,2.463,2.69742
1.05736,0.329436,2.463,2.70054
1.06535,0.329436,2.463,2.70368
1.07335,0.329436,2.463,2.70684
1.08134,0.329436,2.463,2.71002
1.0973,0.331844,2.481,2.73305
1.10535,0.331844,2.481,2.73629
1.1134,0.331844,2.481,2.73955
1.12146,0.331844,2.481,2.74284
1.12951,0.331844,2.481,2.74614
1.14581,0.334252,2.499,2.76941
1.15393,0.334252,2.499,2.77277
1.16204,0.334252,2.499,2.77616
1.17015,0.334252,2.499,2.77956
1.17826,0.334252,2.499,2.78299
1.18637,0.334252,2.499,2.78643
1.19448,0.334252,2.499,2.78989
1.20259,0.334252,2.499,2.79338
1.2107,0.334252,2.499,2.79688
1.21881,0.334252,2.499,2.8004
1.22693,0.334252,2.499,2.80394
1.23504,0.334252,2.499,2.8075
1.24315,0.334252,2.499,2.81107
1.25126,0.334252,2.499,2.81467
1.25937,0.334252,2.499,2.81829
1.26748,0.334252,2.499,2.82192
1.2664,0.331844,2.481,2.80522
1.27446,0.331844,2.481,2.80887
1.28251,0.331844,2.481,2.81253
1.29056,0.331844,2.481,2.81621
1.29862,0.331844,2.481,2.81991
1.30667,0.331844,2.481,2.82363
1.31472,0.331844,2.481,2.82736
1.32277,0.331844,2.481,2.83112
1.33083,0.331844,2.481,2.83489
1.33888,0.331844,2.481,2.83868
1.3567,0.334252,2.499,2.86311
1.38502,0.3392,2.536,2.90941
1.41413,0.344283,2.574,2.95699
1.42248,0.344283,2.574,2.96099
1.4414,0.346824,2.593,2.9869
1.47218,0.352175,2.633,3.03711
1.48073,0.352175,2.633,3.04126
1.51303,0.357792,2.675,3.09401
1.53366,0.360601,2.696,3.12259
1.54241,0.360601,2.696,3.1269
1.56324,0.36341,2.717,3.15561
1.57206,0.36341,2.717,3.15999
1.59368,0.366353,2.739,3.19001
1.60257,0.366353,2.739,3.19446
1.61146,0.366353,2.739,3.19893
1.62035,0.366353,2.739,3.20342
1.61616,0.36341,2.717,3.18216
1.62497,0.36341,2.717,3.18664
1.63379,0.36341,2.717,3.19115
1.62992,0.360601,2.696,3.17097
1.63867,0.360601,2.696,3.17548
1.64742,0.360601,2.696,3.18
1.63037,0.354984,2.654,3.13494
1.63898,0.354984,2.654,3.13942
1.64759,0.354984,2.654,3.14393
1.6431,0.352175,2.633,3.12354
1.62656,0.346824,2.593,3.08052
1.62299,0.344283,2.574,3.06237
1.63135,0.344283,2.574,3.06681
1.6155,0.3392,2.536,3.02592
1.61156,0.336659,2.517,3.00762
1.61973,0.336659,2.517,3.012
1.61626,0.334252,2.499,2.99483
1.60097,0.329436,2.463,2.95601
1.60897,0.329436,2.463,2.96035
1.60514,0.327029,2.445,2.94304
1.60186,0.324755,2.428,2.92688
1.60974,0.324755,2.428,2.9312
1.6063,0.322481,2.411,2.91498
1.60274,0.320207,2.394,2.89872
1.61051,0.320207,2.394,2.90302
1.60679,0.317934,2.377,2.88669
1.60364,0.315794,2.361,2.87153
-1.78567,0.352635,2.574,3.15253
-1.77731,0.352635,2.574,3.1478
-1.76896,0.352635,2.574,3.14309
-1.7606,0.352635,2.574,3.1384
-1.75225,0.352635,2.574,3.13372
-1.75677,0.355238,2.593,3.15215
-1.76184,0.357978,2.613,3.17175
-1.75336,0.357978,2.613,3.16705
-1.74487,0.357978,2.613,3.16236
-1.74968,0.360718,2.633,3.18185
-1.74114,0.360718,2.633,3.17716
-1.73259,0.360718,2.633,3.17249
-1.72405,0.360718,2.633,3.16783
-1.72918,0.363595,2.654,3.18841
-1.72057,0.363595,2.654,3.18375
-1.71195,0.363595,2.654,3.1791
-1.70334,0.363595,2.654,3.17447
-1.68132,0.360718,2.633,3.14478
-1.66006,0.357978,2.613,3.11636
-1.65158,0.357978,2.613,3.11185
-1.6431,0.357978,2.613,3.10736
-1.63462,0.357978,2.613,3.10289
-1.62614,0.357978,2.613,3.09843
-1.61766,0.357978,2.613,3.09398
-1.62149,0.360718,2.633,3.11321
-1.61295,0.360718,2.633,3.10876
-1.6044,0.360718,2.633,3.10434
-1.59585,0.360718,2.633,3.09993
-1.57525,0.357978,2.613,3.07202
-1.56677,0.357978,2.613,3.06768
-1.55829,0.357978,2.613,3.06336
-1.53795,0.355238,2.593,3.03564
-1.52953,0.355238,2.593,3.03139
-1.50997,0.352635,2.574,3.00497
-1.49053,0.350032,2.555,2.97863
-1.47121,0.347429,2.536,2.95237
-1.46298,0.347429,2.536,2.94827
-1.44385,0.344826,2.517,2.92214
-1.42541,0.34236,2.499,2.89724
-1.4173,0.34236,2.499,2.89326
-1.40919,0.34236,2.499,2.8893
-1.40108,0.34236,2.499,2.88535
-1.39297,0.34236,2.499,2.88142
-1.38486,0.34236,2.499,2.87751
-1.38666,0.344826,2.517,2.89431
-1.3889,0.347429,2.536,2.91222
-1.38067,0.347429,2.536,2.90831
-1.38272,0.350032,2.555,2.92617
-1.39487,0.355238,2.593,2.96572
-1.38645,0.355238,2.593,2.96177
-1.37804,0.355238,2.593,2.95784
-1.38019,0.357978,2.613,2.97671
-1.3822,0.360718,2.633,2.99555
-1.37366,0.360718,2.633,2.99161
-1.376,0.363595,2.654,3.01153
-1.36738,0.363595,2.654,3.0076
-1.36952,0.366472,2.675,3.02746
-1.36084,0.366472,2.675,3.02354
-1.34154,0.363595,2.654,2.99594
-1.33293,0.363595,2.654,2.99209
-1.32431,0.363595,2.654,2.98826
-1.3157,0.363595,2.654,2.98446
-1.30708,0.363595,2.654,2.98067
-1.2882,0.360718,2.633,2.95335
-1.26993,0.357978,2.613,2.92722
-1.26145,0.357978,2.613,2.92355
-1.24338,0.355238,2.593,2.89756
-1.23496,0.355238,2.593,2.89395
-1.20857,0.350032,2.555,2.84802
-1.20028,0.350032,2.555,2.84451
-1.19198,0.350032,2.555,2.84102
-1.16609,0.344826,2.517,2.79535
-1.15792,0.344826,2.517,2.79195
-1.14153,0.34236,2.499,2.76863
-1.12525,0.339894,2.481,2.74537
-1.1172,0.339894,2.481,2.74208
-1.10914,0.339894,2.481,2.73881
-1.10109,0.339894,2.481,2.73556
-1.09304,0.339894,2.481,2.73233
-1.08499,0.339894,2.481,2.72912
-1.07693,0.339894,2.481,2.72593
-1.06888,0.339894,2.481,2.72276
-1.06083,0.339894,2.481,2.7196
-1.05278,0.339894,2.481,2.71647
-1.04472,0.339894,2.481,2.71336
-1.03667,0.339894,2.481,2.71027
-1.02862,0.339894,2.481,2.7072
-1.02797,0.34236,2.499,2.72377
-1.01986,0.34236,2.499,2.72072
-1.01175,0.34236,2.499,2.71769
-1.00364,0.34236,2.499,2.71468
-0.995525,0.34236,2.499,2.71169
-0.987414,0.34236,2.499,2.70873
-0.979303,0.34236,2.499,2.70578
-0.964196,0.339894,2.481,2.68339
-0.956143,0.339894,2.481,2.6805
-0.941212,0.337429,2.463,2.65822
-0.926398,0.334963,2.445,2.63599
-0.918462,0.334963,2.445,2.63321
-0.910526,0.334963,2.445,2.63045
-0.90259,0.334963,2.445,2.62772
-0.894654,0.334963,2.445,2.625
-0.880553,0.332634,2.428,2.60407
-0.872672,0.332634,2.428,2.60142
-0.864792,0.332634,2.428,2.59879
-0.856911,0.332634,2.428,2.59618
-0.84903,0.332634,2.428,2.59359
-0.84115,0.332634,2.428,2.59102
-0.833269,0.332634,2.428,2.58847
-0.825388,0.332634,2.428,2.58594
-0.817508,0.332634,2.428,2.58344
-0.809627,0.332634,2.428,2.58095
-0.801746,0.332634,2.428,2.57849
-0.793866,0.332634,2.428,2.57605
-0.785985,0.332634,2.428,2.57364
-0.778104,0.332634,2.428,2.57124
-0.770224,0.332634,2.428,2.56887
-0.767681,0.334963,2.445,2.58448
-0.759745,0.334963,2.445,2.58214
-0.751809,0.334963,2.445,2.57981
-0.749349,0.337429,2.463,2.59649
-0.741355,0.337429,2.463,2.59419
-0.733361,0.337429,2.463,2.59192
-0.725366,0.337429,2.463,2.58967
-0.722615,0.339894,2.481,2.60635
-0.714562,0.339894,2.481,2.60413
-0.706509,0.339894,2.481,2.60193
-0.703524,0.34236,2.499,2.61862
-0.695413,0.34236,2.499,2.61645
-0.687302,0.34236,2.499,2.61431
-0.679191,0.34236,2.499,2.61219
-0.67108,0.34236,2.499,2.61009
-0.662968,0.34236,2.499,2.60801
-0.659574,0.344826,2.517,2.62473
-0.651405,0.344826,2.517,2.62269
-0.643235,0.344826,2.517,2.62068
-0.635065,0.344826,2.517,2.61868
-0.626896,0.344826,2.517,2.61671
-0.618726,0.344826,2.517,2.61477
-0.610557,0.344826,2.517,2.61285
-0.602387,0.344826,2.517,2.61095
-0.594218,0.344826,2.517,2.60908
-0.586048,0.344826,2.517,2.60723
-0.577879,0.344826,2.517,2.60541
-0.569709,0.344826,2.517,2.60361
-0.561539,0.344826,2.517,2.60183
-0.557547,0.347429,2.536,2.61971
-0.549316,0.347429,2.536,2.61797
-0.541085,0.347429,2.536,2.61625
-0.532853,0.347429,2.536,2.61456
-0.524622,0.347429,2.536,2.6129
-0.516391,0.347429,2.536,2.61126
-0.50816,0.347429,2.536,2.60964
-0.499929,0.347429,2.536,2.60805
-0.491697,0.347429,2.536,2.60649
-0.483466,0.347429,2.536,2.60495
-0.475235,0.347429,2.536,2.60343
-0.467004,0.347429,2.536,2.60194
-0.455335,0.344826,2.517,2.58099
-0.447166,0.344826,2.517,2.57956
-0.438996,0.344826,2.517,2.57816
-0.430827,0.344826,2.517,2.57678
-0.422657,0.344826,2.517,2.57543
-0.411523,0.34236,2.499,2.55569
-0.403412,0.34236,2.499,2.5544
-0.395301,0.34236,2.499,2.55313
-0.384401,0.339894,2.481,2.53351
-0.376348,0.339894,2.481,2.5323
-0.368296,0.339894,2.481,2.53111
-0.360243,0.339894,2.481,2.52995
-0.35219,0.339894,2.481,2.52882
-0.344137,0.339894,2.481,2.52771
-0.333646,0.337429,2.463,2.5083
-0.325652,0.337429,2.463,2.50724
-0.317658,0.337429,2.463,2.50622
-0.309664,0.337429,2.463,2.50522
-0.301669,0.337429,2.463,2.50424
-0.293675,0.337429,2.463,2.50329
-0.285681,0.337429,2.463,2.50237
-0.279716,0.339894,2.481,2.51975
-0.271663,0.339894,2.481,2.51887
-0.26361,0.339894,2.481,2.51801
-0.255558,0.339894,2.481,2.51718
-0.247505,0.339894,2.481,2.51638
-0.239452,0.339894,2.481,2.5156
-0.2314,0.339894,2.481,2.51484
-0.224967,0.34236,2.499,2.53236
-0.216856,0.34236,2.499,2.53165
-0.208745,0.34236,2.499,2.53097
-0.200634,0.34236,2.499,2.53031
-0.193909,0.344826,2.517,2.5479
-0.18574,0.344826,2.517,2.54729
-0.17757,0.344826,2.517,2.54671
-0.170679,0.347429,2.536,2.56537
-0.162448,0.347429,2.536,2.56484
-0.154217,0.347429,2.536,2.56433
-0.14708,0.350032,2.555,2.58306
-0.138787,0.350032,2.555,2.5826
-0.130494,0.350032,2.555,2.58217
-0.122201,0.350032,2.555,2.58176
-0.113908,0.350032,2.555,2.58138
-0.105615,0.350032,2.555,2.58103
-0.0973222,0.350032,2.555,2.5807
-0.0890293,0.350032,2.555,2.5804
-0.0807364,0.350032,2.555,2.58013
-0.0724435,0.350032,2.555,2.57988
-0.0636736,0.347429,2.536,2.56048
-0.0554423,0.347429,2.536,2.56029
-0.0472111,0.347429,2.536,2.56012
-0.0389799,0.347429,2.536,2.55998
-0.0307487,0.347429,2.536,2.55987
-0.0223487,0.344826,2.517,2.54061
-0.0141792,0.344826,2.517,2.54055
-0.00600962,0.344826,2.517,2.54052
0.00215994,0.344826,2.517,2.54051
0.0103295,0.344826,2.517,2.54053
0.0184991,0.344826,2.517,2.54058
0.0266686,0.344826,2.517,2.54065
0.0348382,0.344826,2.517,2.54075
0.0430077,0.344826,2.517,2.54087
0.0511773,0.344826,2.517,2.54103
0.0593468,0.344826,2.517,2.5412
0.0675164,0.344826,2.517,2.54141
0.075686,0.344826,2.517,2.54164
0.0838555,0.344826,2.517,2.54189
0.0920251,0.344826,2.517,2.54218
0.100195,0.344826,2.517,2.54249
0.108364,0.344826,2.517,2.54282
0.117413,0.347429,2.536,2.56238
0.125645,0.347429,2.536,2.56277
0.133876,0.347429,2.536,2.56319
0.142107,0.347429,2.536,2.56363
0.150338,0.347429,2.536,2.5641
0.15857,0.347429,2.536,2.56459
0.166801,0.347429,2.536,2.56512
0.175032,0.347429,2.536,2.56567
0.183263,0.347429,2.536,2.56624
0.191494,0.347429,2.536,2.56684
0.201222,0.350032,2.555,2.5867
0.209515,0.350032,2.555,2.58736
0.217808,0.350032,2.555,2.58805
0.224419,0.347429,2.536,2.56951
0.232651,0.347429,2.536,2.57024
0.240882,0.347429,2.536,2.571
0.249113,0.347429,2.536,2.57178
0.257344,0.347429,2.536,2.57259
0.265575,0.347429,2.536,2.57343
0.273807,0.347429,2.536,2.57429
0.282038,0.347429,2.536,2.57518
0.290269,0.347429,2.536,2.57609
0.2985,0.347429,2.536,2.57703
0.304434,0.344826,2.517,2.55869
0.312603,0.344826,2.517,2.55967
0.320773,0.344826,2.517,2.56068
0.331425,0.347429,2.536,2.58106
0.339657,0.347429,2.536,2.58212
0.347888,0.347429,2.536,2.58322
0.356119,0.347429,2.536,2.58434
0.36435,0.347429,2.536,2.58549
0.372581,0.347429,2.536,2.58666
0.380813,0.347429,2.536,2.58786
0.389044,0.347429,2.536,2.58908
0.397275,0.347429,2.536,2.59033
0.405506,0.347429,2.536,2.59161
0.410638,0.344826,2.517,2.57348
0.418807,0.344826,2.517,2.5748
0.426977,0.344826,2.517,2.57614
0.435146,0.344826,2.517,2.57751
0.443316,0.344826,2.517,2.5789
0.451486,0.344826,2.517,2.58032
0.459655,0.344826,2.517,2.58176
0.467825,0.344826,2.517,2.58323
0.475994,0.344826,2.517,2.58472
0.480701,0.34236,2.499,2.56774
0.488812,0.34236,2.499,2.56927
0.496924,0.34236,2.499,2.57083
0.505035,0.34236,2.499,2.57241
0.513146,0.34236,2.499,2.57401
0.521257,0.34236,2.499,2.57564
0.525555,0.339894,2.481,2.55873
0.533608,0.339894,2.481,2.5604
0.541661,0.339894,2.481,2.56209
0.549713,0.339894,2.481,2.5638
0.553719,0.337429,2.463,2.54693
0.561714,0.337429,2.463,2.54868
0.573871,0.339894,2.481,2.56909
0.577702,0.337429,2.463,2.55225
0.585697,0.337429,2.463,2.55407
0.593691,0.337429,2.463,2.55591
0.601685,0.337429,2.463,2.55778
0.605224,0.334963,2.445,2.54097
0.61316,0.334963,2.445,2.54287
0.616777,0.332634,2.428,2.5271
0.624658,0.332634,2.428,2.52904
0.62811,0.330305,2.411,2.51327
0.635935,0.330305,2.411,2.51524
0.643761,0.330305,2.411,2.51723
0.646992,0.327976,2.394,2.50148
0.654762,0.327976,2.394,2.5035
0.662532,0.327976,2.394,2.50554
0.670303,0.327976,2.394,2.50761
0.678073,0.327976,2.394,2.5097
0.680973,0.325647,2.377,2.49397
0.688688,0.325647,2.377,2.49609
0.696403,0.325647,2.377,2.49823
0.704119,0.325647,2.377,2.50039
0.711834,0.325647,2.377,2.50258
0.719549,0.325647,2.377,2.50478
0.732465,0.327976,2.394,2.52494
0.740236,0.327976,2.394,2.5272
0.748006,0.327976,2.394,2.52949
0.755776,0.327976,2.394,2.5318
0.763547,0.327976,2.394,2.53413
0.771317,0.327976,2.394,2.53648
0.779087,0.327976,2.394,2.53885
0.786858,0.327976,2.394,2.54125
0.800271,0.330305,2.411,2.56173
0.808096,0.330305,2.411,2.56418
0.815922,0.330305,2.411,2.56666
0.823747,0.330305,2.411,2.56916
0.831573,0.330305,2.411,2.57168
0.839398,0.330305,2.411,2.57422
0.847224,0.330305,2.411,2.57678
0.855049,0.330305,2.411,2.57937
0.862875,0.330305,2.411,2.58197
0.8707,0.330305,2.411,2.5846
0.878526,0.330305,2.411,2.58724
0.892601,0.332634,2.428,2.60817
0.900482,0.332634,2.428,2.61088
0.908362,0.332634,2.428,2.61361
0.916243,0.332634,2.428,2.61636
0.924124,0.332634,2.428,2.61913
0.932004,0.332634,2.428,2.62192
0.939885,0.332634,2.428,2.62473
0.954402,0.334963,2.445,2.64596
0.962338,0.334963,2.445,2.64883
0.963527,0.332634,2.428,2.63329
0.971408,0.332634,2.428,2.63618
0.979289,0.332634,2.428,2.6391
0.994081,0.334963,2.445,2.66053
1.00202,0.334963,2.445,2.66351
1.00995,0.334963,2.445,2.6665
1.01789,0.334963,2.445,2.66952
1.02582,0.334963,2.445,2.67255
1.03376,0.334963,2.445,2.67561
1.0417,0.334963,2.445,2.67869
1.04963,0.334963,2.445,2.68178
1.06535,0.337429,2.463,2.70466
1.07335,0.337429,2.463,2.70782
1.08134,0.337429,2.463,2.711
1.0973,0.339894,2.481,2.73404
1.10535,0.339894,2.481,2.73728
1.1134,0.339894,2.481,2.74054
1.12146,0.339894,2.481,2.74382
1.12951,0.339894,2.481,2.74712
1.14581,0.34236,2.499,2.7704
1.15393,0.34236,2.499,2.77376
1.16204,0.34236,2.499,2.77715
1.17015,0.34236,2.499,2.78055
1.17826,0.34236,2.499,2.78397
1.18637,0.34236,2.499,2.78742
1.19448,0.34236,2.499,2.79088
1.20259,0.34236,2.499,2.79436
1.2107,0.34236,2.499,2.79786
1.21881,0.34236,2.499,2.80138
1.22693,0.34236,2.499,2.80492
1.23504,0.34236,2.499,2.80847
1.24315,0.34236,2.499,2.81205
1.25126,0.34236,2.499,2.81565
1.2503,0.339894,2.481,2.79895
1.25835,0.339894,2.481,2.80256
1.2664,0.339894,2.481,2.80618
1.27446,0.339894,2.481,2.80983
1.28251,0.339894,2.481,2.81349
1.29056,0.339894,2.481,2.81717
1.29862,0.339894,2.481,2.82087
1.30667,0.339894,2.481,2.82458
1.31472,0.339894,2.481,2.82832
1.32277,0.339894,2.481,2.83207
1.33083,0.339894,2.481,2.83584
1.33888,0.339894,2.481,2.83963
1.3567,0.34236,2.499,2.86406
1.38502,0.347429,2.536,2.91038
1.41413,0.352635,2.574,2.95797
1.42248,0.352635,2.574,2.96197
1.45252,0.357978,2.613,3.01093
1.47218,0.360718,2.633,3.03811
1.48073,0.360718,2.633,3.04226
1.51303,0.366472,2.675,3.09503
1.53366,0.369349,2.696,3.12361
1.54241,0.369349,2.696,3.12792
1.56324,0.372226,2.717,3.15664
1.58479,0.37524,2.739,3.18661
1.60648,0.378254,2.761,3.21667
1.61544,0.378254,2.761,3.22116
1.6244,0.378254,2.761,3.22566
1.63337,0.378254,2.761,3.23018
1.62924,0.37524,2.739,3.20895
1.63813,0.37524,2.739,3.21347
1.64702,0.37524,2.739,3.21801
1.64261,0.372226,2.717,3.19669
1.63867,0.369349,2.696,3.17649
1.64742,0.369349,2.696,3.18101
1.64327,0.366472,2.675,3.16074
1.63898,0.363595,2.654,3.14041
1.64759,0.363595,2.654,3.14491
1.6431,0.360718,2.633,3.12452
1.6391,0.357978,2.613,3.10525
1.62299,0.352635,2.574,3.06332
1.63135,0.352635,2.574,3.06776
1.6276,0.350032,2.555,3.04953
1.62373,0.347429,2.536,3.03125
1.63196,0.347429,2.536,3.03567
1.6279,0.344826,2.517,3.01733
1.61267,0.339894,2.481,2.97852
1.62072,0.339894,2.481,2.98289
1.60514,0.334963,2.445,2.94393
1.61308,0.334963,2.445,2.94826
1.62101,0.334963,2.445,2.95261
1.6063,0.330305,2.411,2.91586
1.61412,0.330305,2.411,2.92017
1.62195,0.330305,2.411,2.92451
1.60679,0.325647,2.377,2.88755
1.61451,0.325647,2.377,2.89185
-1.77249,0.358323,2.555,3.1302
-1.76419,0.358323,2.555,3.12551
-1.7559,0.358323,2.555,3.12083
-1.74761,0.358323,2.555,3.11618
-1.73932,0.358323,2.555,3.11153
-1.73102,0.358323,2.555,3.10691
-1.76184,0.366457,2.613,3.17272
-1.75336,0.366457,2.613,3.16801
-1.74487,0.366457,2.613,3.16333
-1.74968,0.369262,2.633,3.18283
-1.74114,0.369262,2.633,3.17814
-1.73259,0.369262,2.633,3.17347
-1.72405,0.369262,2.633,3.16881
-1.72918,0.372207,2.654,3.18941
-1.72057,0.372207,2.654,3.18475
-1.71195,0.372207,2.654,3.1801
-1.70334,0.372207,2.654,3.17547
-1.68132,0.369262,2.633,3.14577
-1.66006,0.366457,2.613,3.11735
-1.65158,0.366457,2.613,3.11284
-1.6431,0.366457,2.613,3.10835
-1.63462,0.366457,2.613,3.10388
-1.62614,0.366457,2.613,3.09942
-1.61766,0.366457,2.613,3.09498
-1.62149,0.369262,2.633,3.11421
-1.61295,0.369262,2.633,3.10977
-1.6044,0.369262,2.633,3.10534
-1.59585,0.369262,2.633,3.10093
-1.57525,0.366457,2.613,3.07302
-1.56677,0.366457,2.613,3.06869
-1.55829,0.366457,2.613,3.06436
-1.53795,0.363652,2.593,3.03664
-1.52953,0.363652,2.593,3.03238
-1.50997,0.360988,2.574,3.00596
-1.49053,0.358323,2.555,2.97961
-1.47121,0.355658,2.536,2.95335
-1.46298,0.355658,2.536,2.94925
-1.44385,0.352994,2.517,2.92312
-1.42541,0.350469,2.499,2.89821
-1.4173,0.350469,2.499,2.89423
-1.40919,0.350469,2.499,2.89027
-1.40108,0.350469,2.499,2.88632
-1.39297,0.350469,2.499,2.88239
-1.38486,0.350469,2.499,2.87848
-1.38666,0.352994,2.517,2.8953
-1.3889,0.355658,2.536,2.91322
-1.38067,0.355658,2.536,2.9093
-1.38272,0.358323,2.555,2.92717
-1.39487,0.363652,2.593,2.96674
-1.38645,0.363652,2.593,2.96279
-1.37804,0.363652,2.593,2.95886
-1.38019,0.366457,2.613,2.97775
-1.3822,0.369262,2.633,2.99659
-1.37366,0.369262,2.633,2.99265
-1.376,0.372207,2.654,3.01258
-1.36738,0.372207,2.654,3.00865
-1.36952,0.375152,2.675,3.02852
-1.36084,0.375152,2.675,3.02461
-1.34154,0.372207,2.654,2.997
-1.33293,0.372207,2.654,2.99315
-1.32431,0.372207,2.654,2.98932
-1.3157,0.372207,2.654,2.98552
-1.30708,0.372207,2.654,2.98173
-1.2882,0.369262,2.633,2.9544
-1.26993,0.366457,2.613,2.92827
-1.26145,0.366457,2.613,2.9246
-1.24338,0.363652,2.593,2.8986
-1.23496,0.363652,2.593,2.895
-1.20857,0.358323,2.555,2.84905
-1.20028,0.358323,2.555,2.84554
-1.19198,0.358323,2.555,2.84205
-1.16609,0.352994,2.517,2.79636
-1.15792,0.352994,2.517,2.79297
-1.14153,0.350469,2.499,2.76964
-1.12525,0.347945,2.481,2.74638
-1.1172,0.347945,2.481,2.74309
-1.10914,0.347945,2.481,2.73982
-1.10109,0.347945,2.481,2.73657
-1.09304,0.347945,2.481,2.73334
-1.08499,0.347945,2.481,2.73013
-1.07693,0.347945,2.481,2.72694
-1.06888,0.347945,2.481,2.72377
-1.06083,0.347945,2.481,2.72062
-1.05278,0.347945,2.481,2.71749
-1.04472,0.347945,2.481,2.71438
-1.03667,0.347945,2.481,2.71129
-1.02862,0.347945,2.481,2.70823
-1.02057,0.347945,2.481,2.70518
-1.01251,0.347945,2.481,2.70215
-1.00446,0.347945,2.481,2.69914
-0.996407,0.347945,2.481,2.69616
-0.988354,0.347945,2.481,2.69319
-0.980302,0.347945,2.481,2.69025
-0.972249,0.347945,2.481,2.68732
-0.957201,0.345421,2.463,2.66494
-0.949206,0.345421,2.463,2.66208
-0.941212,0.345421,2.463,2.65924
-0.926398,0.342896,2.445,2.63701
-0.918462,0.342896,2.445,2.63423
-0.910526,0.342896,2.445,2.63148
-0.90259,0.342896,2.445,2.62874
-0.894654,0.342896,2.445,2.62603
-0.880553,0.340512,2.428,2.60509
-0.872672,0.340512,2.428,2.60244
-0.864792,0.340512,2.428,2.59981
-0.856911,0.340512,2.428,2.5972
-0.84903,0.340512,2.428,2.59461
-0.83526,0.338128,2.411,2.57389
-0.827435,0.338128,2.411,2.57136
-0.819609,0.338128,2.411,2.56885
-0.817508,0.340512,2.428,2.58446
-0.809627,0.340512,2.428,2.58198
-0.801746,0.340512,2.428,2.57952
-0.793866,0.340512,2.428,2.57708
-0.785985,0.340512,2.428,2.57467
-0.778104,0.340512,2.428,2.57227
-0.770224,0.340512,2.428,2.5699
-0.762343,0.340512,2.428,2.56755
-0.759745,0.342896,2.445,2.58318
-0.751809,0.342896,2.445,2.58086
-0.743873,0.342896,2.445,2.57856
-0.741355,0.345421,2.463,2.59524
-0.733361,0.345421,2.463,2.59297
-0.725366,0.345421,2.463,2.59072
-0.722615,0.347945,2.481,2.60741
-0.714562,0.347945,2.481,2.60519
-0.706509,0.347945,2.481,2.603
-0.703524,0.350469,2.499,2.61969
-0.695413,0.350469,2.499,2.61752
-0.687302,0.350469,2.499,2.61538
-0.679191,0.350469,2.499,2.61326
-0.67108,0.350469,2.499,2.61116
-0.662968,0.350469,2.499,2.60909
-0.659574,0.352994,2.517,2.62582
-0.651405,0.352994,2.517,2.62378
-0.643235,0.352994,2.517,2.62176
-0.635065,0.352994,2.517,2.61977
-0.626896,0.352994,2.517,2.6178
-0.618726,0.352994,2.517,2.61586
-0.610557,0.352994,2.517,2.61394
-0.602387,0.352994,2.517,2.61204
-0.594218,0.352994,2.517,2.61017
-0.586048,0.352994,2.517,2.60832
-0.577879,0.352994,2.517,2.6065
-0.569709,0.352994,2.517,2.6047
-0.561539,0.352994,2.517,2.60293
-0.55337,0.352994,2.517,2.60118
-0.5452,0.352994,2.517,2.59945
-0.537031,0.352994,2.517,2.59775
-0.528861,0.352994,2.517,2.59607
-0.520692,0.352994,2.517,2.59442
-0.512522,0.352994,2.517,2.59279
-0.504353,0.352994,2.517,2.59119
-0.496183,0.352994,2.517,2.58961
-0.488013,0.352994,2.517,2.58806
-0.479844,0.352994,2.517,2.58653
-0.471674,0.352994,2.517,2.58503
-0.463505,0.352994,2.517,2.58355
-0.455335,0.352994,2.517,2.5821
-0.447166,0.352994,2.517,2.58067
-0.435857,0.350469,2.499,2.56082
-0.427746,0.350469,2.499,2.55945
-0.419634,0.350469,2.499,2.55811
-0.411523,0.350469,2.499,2.55679
-0.403412,0.350469,2.499,2.5555
-0.395301,0.350469,2.499,2.55423
-0.384401,0.347945,2.481,2.5346
-0.376348,0.347945,2.481,2.53339
-0.368296,0.347945,2.481,2.53221
-0.357629,0.345421,2.463,2.51268
-0.349635,0.345421,2.463,2.51156
-0.341641,0.345421,2.463,2.51046
-0.333646,0.345421,2.463,2.50938
-0.325652,0.345421,2.463,2.50833
-0.317658,0.345421,2.463,2.50731
-0.309664,0.345421,2.463,2.50631
-0.301669,0.345421,2.463,2.50533
-0.293675,0.345421,2.463,2.50438
-0.285681,0.345421,2.463,2.50346
-0.279716,0.347945,2.481,2.52085
-0.271663,0.347945,2.481,2.51997
-0.26361,0.347945,2.481,2.51911
-0.255558,0.347945,2.481,2.51828
-0.247505,0.347945,2.481,2.51748
-0.239452,0.347945,2.481,2.5167
-0.2314,0.347945,2.481,2.51594
-0.224967,0.350469,2.499,2.53346
-0.216856,0.350469,2.499,2.53276
-0.208745,0.350469,2.499,2.53208
-0.200634,0.350469,2.499,2.53142
-0.193909,0.352994,2.517,2.54902
-0.18574,0.352994,2.517,2.54841
-0.17757,0.352994,2.517,2.54783
-0.170679,0.355658,2.536,2.5665
-0.162448,0.355658,2.536,2.56597
-0.154217,0.355658,2.536,2.56546
-0.14708,0.358323,2.555,2.58419
-0.138787,0.358323,2.555,2.58373
-0.130494,0.358323,2.555,2.5833
-0.122201,0.358323,2.555,2.5829
-0.113908,0.358323,2.555,2.58252
-0.105615,0.358323,2.555,2.58216
-0.0973222,0.358323,2.555,2.58184
-0.0890293,0.358323,2.555,2.58154
-0.0807364,0.358323,2.555,2.58127
-0.0724435,0.358323,2.555,2.58102
-0.0636736,0.355658,2.536,2.56161
-0.0554423,0.355658,2.536,2.56142
-0.0472111,0.355658,2.536,2.56125
-0.0389799,0.355658,2.536,2.56111
-0.0307487,0.355658,2.536,2.561
-0.0223487,0.352994,2.517,2.54173
-0.0141792,0.352994,2.517,2.54167
-0.00600962,0.352994,2.517,2.54164
0.00215994,0.352994,2.517,2.54163
0.0103295,0.352994,2.517,2.54165
0.0184991,0.352994,2.517,2.5417
0.0266686,0.352994,2.517,2.54177
0.0348382,0.352994,2.517,2.54187
0.0430077,0.352994,2.517,2.542
0.0511773,0.352994,2.517,2.54215
0.0593468,0.352994,2.517,2.54233
0.0675164,0.352994,2.517,2.54253
0.075686,0.352994,2.517,2.54276
0.0838555,0.352994,2.517,2.54302
0.0920251,0.352994,2.517,2.5433
0.100195,0.352994,2.517,2.54361
0.108364,0.352994,2.517,2.54394
0.117413,0.355658,2.536,2.56351
0.125645,0.355658,2.536,2.5639
0.133876,0.355658,2.536,2.56432
0.142107,0.355658,2.536,2.56476
0.150338,0.355658,2.536,2.56523
0.15857,0.355658,2.536,2.56572
0.166801,0.355658,2.536,2.56624
0.175032,0.355658,2.536,2.56679
0.183263,0.355658,2.536,2.56737
0.191494,0.355658,2.536,2.56797
0.199726,0.355658,2.536,2.56859
0.207957,0.355658,2.536,2.56925
0.216188,0.355658,2.536,2.56993
0.224419,0.355658,2.536,2.57063
0.230908,0.352994,2.517,2.5521
0.239077,0.352994,2.517,2.55285
0.247247,0.352994,2.517,2.55363
0.255416,0.352994,2.517,2.55443
0.263586,0.352994,2.517,2.55526
0.271755,0.352994,2.517,2.55612
0.279925,0.352994,2.517,2.557
0.288094,0.352994,2.517,2.55791
0.296264,0.352994,2.517,2.55884
0.304434,0.352994,2.517,2.5598
0.312603,0.352994,2.517,2.56078
0.320773,0.352994,2.517,2.56179
0.328942,0.352994,2.517,2.56283
0.337112,0.352994,2.517,2.56389
0.345281,0.352994,2.517,2.56498
0.353451,0.352994,2.517,2.56609
0.36162,0.352994,2.517,2.56723
0.36979,0.352994,2.517,2.56839
0.37796,0.352994,2.517,2.56958
0.386129,0.352994,2.517,2.5708
0.394299,0.352994,2.517,2.57204
0.402468,0.352994,2.517,2.5733
0.410638,0.352994,2.517,2.57459
0.418807,0.352994,2.517,2.57591
0.426977,0.352994,2.517,2.57725
0.435146,0.352994,2.517,2.57861
0.443316,0.352994,2.517,2.58
0.451486,0.352994,2.517,2.58142
0.459655,0.352994,2.517,2.58286
0.464479,0.350469,2.499,2.56585
0.47259,0.350469,2.499,2.56733
0.480701,0.350469,2.499,2.56883
0.485292,0.347945,2.481,2.55185
0.493344,0.347945,2.481,2.55339
0.501397,0.347945,2.481,2.55496
0.50945,0.347945,2.481,2.55655
0.517502,0.347945,2.481,2.55817
0.525555,0.347945,2.481,2.55981
0.533608,0.347945,2.481,2.56148
0.541661,0.347945,2.481,2.56317
0.549713,0.347945,2.481,2.56488
0.553719,0.345421,2.463,2.548
0.561714,0.345421,2.463,2.54975
0.569708,0.345421,2.463,2.55152
0.577702,0.345421,2.463,2.55332
0.585697,0.345421,2.463,2.55514
0.593691,0.345421,2.463,2.55698
0.597288,0.342896,2.445,2.54015
0.605224,0.342896,2.445,2.54203
0.61316,0.342896,2.445,2.54393
0.616777,0.340512,2.428,2.52815
0.624658,0.340512,2.428,2.53009
0.632538,0.340512,2.428,2.53204
0.640419,0.340512,2.428,2.53402
0.643761,0.338128,2.411,2.51827
0.651586,0.338128,2.411,2.52028
0.659412,0.338128,2.411,2.52232
0.662532,0.335744,2.394,2.50657
0.670303,0.335744,2.394,2.50864
0.678073,0.335744,2.394,2.51073
0.685843,0.335744,2.394,2.51284
0.693614,0.335744,2.394,2.51497
0.701384,0.335744,2.394,2.51712
0.709154,0.335744,2.394,2.5193
0.716925,0.335744,2.394,2.5215
0.724695,0.335744,2.394,2.52372
0.737667,0.338128,2.411,2.5439
0.745492,0.338128,2.411,2.54618
0.753318,0.338128,2.411,2.54848
0.761143,0.338128,2.411,2.5508
0.768969,0.338128,2.411,2.55315
0.782271,0.340512,2.428,2.57353
0.790152,0.340512,2.428,2.57594
0.798033,0.340512,2.428,2.57837
0.805913,0.340512,2.428,2.58082
0.813794,0.340512,2.428,2.58329
0.821675,0.340512,2.428,2.58578
0.829556,0.340512,2.428,2.5883
0.831573,0.338128,2.411,2.5727
0.839398,0.338128,2.411,2.57524
0.847224,0.338128,2.411,2.5778
0.855049,0.338128,2.411,2.58038
0.862875,0.338128,2.411,2.58298
0.8707,0.338128,2.411,2.58561
0.88472,0.340512,2.428,2.6065
0.892601,0.340512,2.428,2.60919
0.900482,0.340512,2.428,2.6119
0.908362,0.340512,2.428,2.61462
0.916243,0.340512,2.428,2.61737
0.924124,0.340512,2.428,2.62014
0.932004,0.340512,2.428,2.62293
0.939885,0.340512,2.428,2.62574
0.954402,0.342896,2.445,2.64698
0.955646,0.340512,2.428,2.63142
0.963527,0.340512,2.428,2.6343
0.971408,0.340512,2.428,2.63719
0.979289,0.340512,2.428,2.6401
0.987169,0.340512,2.428,2.64304
0.99505,0.340512,2.428,2.64599
1.00293,0.340512,2.428,2.64896
1.01789,0.342896,2.445,2.67052
1.02582,0.342896,2.445,2.67356
1.03376,0.342896,2.445,2.67661
1.0417,0.342896,2.445,2.67969
1.04963,0.342896,2.445,2.68278
1.05757,0.342896,2.445,2.6859
1.0655,0.342896,2.445,2.68903
1.08134,0.345421,2.463,2.71201
1.0973,0.347945,2.481,2.73505
1.10535,0.347945,2.481,2.73829
1.1134,0.347945,2.481,2.74155
1.12146,0.347945,2.481,2.74483
1.12951,0.347945,2.481,2.74813
1.14581,0.350469,2.499,2.77141
1.15393,0.350469,2.499,2.77477
1.16204,0.350469,2.499,2.77816
1.17015,0.350469,2.499,2.78156
1.17826,0.350469,2.499,2.78498
1.19492,0.352994,2.517,2.80851
1.20308,0.352994,2.517,2.81199
1.21125,0.352994,2.517,2.8155
1.21942,0.352994,2.517,2.81902
1.22759,0.352994,2.517,2.82257
1.23576,0.352994,2.517,2.82613
1.24393,0.352994,2.517,2.82971
1.2521,0.352994,2.517,2.83331
1.25126,0.350469,2.499,2.81664
1.2503,0.347945,2.481,2.79994
1.25835,0.347945,2.481,2.80355
1.2664,0.347945,2.481,2.80717
1.27446,0.347945,2.481,2.81081
1.28251,0.347945,2.481,2.81447
1.29056,0.347945,2.481,2.81815
1.29862,0.347945,2.481,2.82185
1.30667,0.347945,2.481,2.82556
1.31472,0.347945,2.481,2.8293
1.32277,0.347945,2.481,2.83305
1.34048,0.350469,2.499,2.8574
1.34859,0.350469,2.499,2.86121
1.3567,0.350469,2.499,2.86504
1.38502,0.355658,2.536,2.91137
1.41413,0.360988,2.574,2.95898
1.42248,0.360988,2.574,2.96298
1.45252,0.366457,2.613,3.01195
1.48392,0.372207,2.654,3.06338
1.49254,0.372207,2.654,3.06756
1.52491,0.378097,2.696,3.12037
1.54561,0.381042,2.717,3.149
1.55442,0.381042,2.717,3.15333
1.58856,0.387213,2.761,3.20883
1.61025,0.390299,2.783,3.23888
1.61928,0.390299,2.783,3.24338
1.62831,0.390299,2.783,3.2479
1.63735,0.390299,2.783,3.25243
1.64638,0.390299,2.783,3.25699
1.65541,0.390299,2.783,3.26157
1.63813,0.384128,2.739,3.21452
1.64702,0.384128,2.739,3.21906
1.65591,0.384128,2.739,3.22362
1.65143,0.381042,2.717,3.20227
1.66025,0.381042,2.717,3.20682
1.65617,0.378097,2.696,3.18658
1.65195,0.375152,2.675,3.16628
1.66063,0.375152,2.675,3.17081
1.65621,0.372207,2.654,3.15044
1.6391,0.366457,2.613,3.10624
1.63497,0.363652,2.593,3.08691
1.64339,0.363652,2.593,3.09138
1.6397,0.360988,2.574,3.07318
1.62373,0.355658,2.536,3.03221
1.63196,0.355658,2.536,3.03662
1.6279,0.352994,2.517,3.01827
1.61267,0.347945,2.481,2.97945
1.62072,0.347945,2.481,2.98382
1.60514,0.342896,2.445,2.94484
1.61308,0.342896,2.445,2.94917
1.62101,0.342896,2.445,2.95352
1.6063,0.338128,2.411,2.91675
1.61412,0.338128,2.411,2.92107
1.62195,0.338128,2.411,2.9254
1.60679,0.33336,2.377,2.88843
1.61451,0.33336,2.377,2.89273
-1.77249,0.366614,2.555,3.13116
-1.76419,0.366614,2.555,3.12647
-1.7559,0.366614,2.555,3.1218
-1.74761,0.366614,2.555,3.11714
-1.73932,0.366614,2.555,3.1125
-1.73102,0.366614,2.555,3.10787
-1.73554,0.36934,2.574,3.12634
-1.72719,0.36934,2.574,3.12171
-1.73152,0.372066,2.593,3.1401
-1.7231,0.372066,2.593,3.13547
-1.71469,0.372066,2.593,3.13085
-1.70627,0.372066,2.593,3.12625
-1.71095,0.374936,2.613,3.14574
-1.70247,0.374936,2.613,3.14114
-1.69399,0.374936,2.613,3.13655
-1.68551,0.374936,2.613,3.13198
-1.67703,0.374936,2.613,3.12742
-1.65577,0.372066,2.593,3.09898
-1.63529,0.36934,2.574,3.07182
-1.62693,0.36934,2.574,3.06738
-1.61858,0.36934,2.574,3.06295
-1.61022,0.36934,2.574,3.05855
-1.60187,0.36934,2.574,3.05416
-1.59351,0.36934,2.574,3.04978
-1.59686,0.372066,2.593,3.06791
-1.58844,0.372066,2.593,3.06353
-1.58003,0.372066,2.593,3.05918
-1.57161,0.372066,2.593,3.05484
-1.55174,0.36934,2.574,3.02817
-1.54339,0.36934,2.574,3.02389
-1.53503,0.36934,2.574,3.01964
-1.51541,0.366614,2.555,2.99314
-1.50711,0.366614,2.555,2.98895
-1.49882,0.366614,2.555,2.98478
-1.46836,0.361161,2.517,2.93629
-1.46019,0.361161,2.517,2.93221
-1.45202,0.361161,2.517,2.92816
-1.43353,0.358578,2.499,2.9032
-1.42541,0.358578,2.499,2.8992
-1.4173,0.358578,2.499,2.89523
-1.40919,0.358578,2.499,2.89126
-1.40108,0.358578,2.499,2.88732
-1.39297,0.358578,2.499,2.88339
-1.38486,0.358578,2.499,2.87948
-1.37675,0.358578,2.499,2.87559
-1.3785,0.361161,2.517,2.8924
-1.37033,0.361161,2.517,2.88851
-1.38272,0.366614,2.555,2.9282
-1.38465,0.36934,2.574,2.94604
-1.37629,0.36934,2.574,2.94212
-1.36794,0.36934,2.574,2.93822
-1.38019,0.374936,2.613,2.9788
-1.3822,0.377806,2.633,2.99765
-1.37366,0.377806,2.633,2.99372
-1.36511,0.377806,2.633,2.98981
-1.36738,0.380819,2.654,3.00973
-1.35877,0.380819,2.654,3.00583
-1.35016,0.380819,2.654,3.00194
-1.34154,0.380819,2.654,2.99808
-1.33293,0.380819,2.654,2.99423
-1.32431,0.380819,2.654,2.99041
-1.3157,0.380819,2.654,2.9866
-1.30708,0.380819,2.654,2.98282
-1.2882,0.377806,2.633,2.95548
-1.26993,0.374936,2.613,2.92935
-1.26145,0.374936,2.613,2.92568
-1.24338,0.372066,2.593,2.89967
-1.23496,0.372066,2.593,2.89607
-1.21756,0.36934,2.574,2.87129
-1.2092,0.36934,2.574,2.86776
-1.19198,0.366614,2.555,2.84311
-1.17489,0.363887,2.536,2.81852
-1.16666,0.363887,2.536,2.8151
-1.14975,0.361161,2.517,2.79064
-1.13341,0.358578,2.499,2.76735
-1.1253,0.358578,2.499,2.76403
-1.11719,0.358578,2.499,2.76074
-1.10109,0.355995,2.481,2.73761
-1.09304,0.355995,2.481,2.73438
-1.08499,0.355995,2.481,2.73117
-1.07693,0.355995,2.481,2.72798
-1.06888,0.355995,2.481,2.72481
-1.06083,0.355995,2.481,2.72166
-1.05278,0.355995,2.481,2.71853
-1.04472,0.355995,2.481,2.71543
-1.03667,0.355995,2.481,2.71234
-1.02862,0.355995,2.481,2.70927
-1.02057,0.355995,2.481,2.70622
-1.01251,0.355995,2.481,2.7032
-1.00446,0.355995,2.481,2.70019
-0.996407,0.355995,2.481,2.69721
-0.988354,0.355995,2.481,2.69424
-0.980302,0.355995,2.481,2.6913
-0.972249,0.355995,2.481,2.68838
-0.957201,0.353413,2.463,2.66599
-0.949206,0.353413,2.463,2.66313
-0.941212,0.353413,2.463,2.66029
-0.926398,0.35083,2.445,2.63805
-0.918462,0.35083,2.445,2.63528
-0.910526,0.35083,2.445,2.63252
-0.896315,0.34839,2.428,2.6115
-0.888434,0.34839,2.428,2.60881
-0.880553,0.34839,2.428,2.60613
-0.872672,0.34839,2.428,2.60348
-0.864792,0.34839,2.428,2.60085
-0.856911,0.34839,2.428,2.59824
-0.843086,0.345951,2.411,2.57748
-0.83526,0.345951,2.411,2.57493
-0.827435,0.345951,2.411,2.5724
-0.819609,0.345951,2.411,2.5699
-0.811784,0.345951,2.411,2.56741
-0.809627,0.34839,2.428,2.58303
-0.801746,0.34839,2.428,2.58057
-0.793866,0.34839,2.428,2.57814
-0.785985,0.34839,2.428,2.57572
-0.778104,0.34839,2.428,2.57333
-0.770224,0.34839,2.428,2.57095
-0.762343,0.34839,2.428,2.5686
-0.759745,0.35083,2.445,2.58424
-0.751809,0.35083,2.445,2.58192
-0.743873,0.35083,2.445,2.57962
-0.741355,0.353413,2.463,2.59632
-0.733361,0.353413,2.463,2.59405
-0.725366,0.353413,2.463,2.5918
-0.722615,0.355995,2.481,2.6085
-0.714562,0.355995,2.481,2.60628
-0.706509,0.355995,2.481,2.60408
-0.703524,0.358578,2.499,2.62079
-0.695413,0.358578,2.499,2.61862
-0.687302,0.358578,2.499,2.61648
-0.679191,0.358578,2.499,2.61436
-0.67108,0.358578,2.499,2.61226
-0.662968,0.358578,2.499,2.61019
-0.659574,0.361161,2.517,2.62693
-0.651405,0.361161,2.517,2.62489
-0.643235,0.361161,2.517,2.62288
-0.635065,0.361161,2.517,2.62088
-0.626896,0.361161,2.517,2.61892
-0.618726,0.361161,2.517,2.61697
-0.610557,0.361161,2.517,2.61505
-0.602387,0.361161,2.517,2.61316
-0.594218,0.361161,2.517,2.61129
-0.586048,0.361161,2.517,2.60944
-0.577879,0.361161,2.517,2.60762
-0.569709,0.361161,2.517,2.60582
-0.561539,0.361161,2.517,2.60405
-0.55337,0.361161,2.517,2.6023
-0.5452,0.361161,2.517,2.60057
-0.537031,0.361161,2.517,2.59887
-0.528861,0.361161,2.517,2.59719
-0.520692,0.361161,2.517,2.59554
-0.512522,0.361161,2.517,2.59392
-0.504353,0.361161,2.517,2.59232
-0.496183,0.361161,2.517,2.59074
-0.488013,0.361161,2.517,2.58919
-0.479844,0.361161,2.517,2.58766
-0.471674,0.361161,2.517,2.58616
-0.463505,0.361161,2.517,2.58468
-0.455335,0.361161,2.517,2.58323
-0.447166,0.361161,2.517,2.5818
-0.435857,0.358578,2.499,2.56194
-0.427746,0.358578,2.499,2.56058
-0.419634,0.358578,2.499,2.55923
-0.411523,0.358578,2.499,2.55792
-0.403412,0.358578,2.499,2.55662
-0.395301,0.358578,2.499,2.55536
-0.384401,0.355995,2.481,2.53572
-0.376348,0.355995,2.481,2.53451
-0.368296,0.355995,2.481,2.53333
-0.357629,0.353413,2.463,2.5138
-0.349635,0.353413,2.463,2.51267
-0.341641,0.353413,2.463,2.51157
-0.333646,0.353413,2.463,2.5105
-0.325652,0.353413,2.463,2.50945
-0.317658,0.353413,2.463,2.50842
-0.309664,0.353413,2.463,2.50742
-0.301669,0.353413,2.463,2.50645
-0.293675,0.353413,2.463,2.5055
-0.285681,0.353413,2.463,2.50457
-0.279716,0.355995,2.481,2.52197
-0.271663,0.355995,2.481,2.52109
-0.26361,0.355995,2.481,2.52024
-0.255558,0.355995,2.481,2.51941
-0.247505,0.355995,2.481,2.5186
-0.239452,0.355995,2.481,2.51782
-0.2314,0.355995,2.481,2.51707
-0.223347,0.355995,2.481,2.51634
-0.215294,0.355995,2.481,2.51564
-0.207241,0.355995,2.481,2.51496
-0.200634,0.358578,2.499,2.53255
-0.192523,0.358578,2.499,2.53192
-0.184412,0.358578,2.499,2.53132
-0.17757,0.361161,2.517,2.54897
-0.169401,0.361161,2.517,2.54842
-0.161231,0.361161,2.517,2.54789
-0.154217,0.363887,2.536,2.56661
-0.145986,0.363887,2.536,2.56613
-0.137755,0.363887,2.536,2.56567
-0.129523,0.363887,2.536,2.56525
-0.121292,0.363887,2.536,2.56484
-0.113061,0.363887,2.536,2.56447
-0.10483,0.363887,2.536,2.56412
-0.0965985,0.363887,2.536,2.56379
-0.0883672,0.363887,2.536,2.5635
-0.080136,0.363887,2.536,2.56323
-0.0719048,0.363887,2.536,2.56298
-0.0636736,0.363887,2.536,2.56276
-0.0554423,0.363887,2.536,2.56257
-0.0472111,0.363887,2.536,2.56241
-0.0386878,0.361161,2.517,2.54307
-0.0305183,0.361161,2.517,2.54296
-0.0223487,0.361161,2.517,2.54288
-0.0141792,0.361161,2.517,2.54282
-0.00600962,0.361161,2.517,2.54279
0.00214449,0.358578,2.499,2.5246
0.0102556,0.358578,2.499,2.52462
0.0183668,0.358578,2.499,2.52466
0.0264779,0.358578,2.499,2.52473
0.034589,0.358578,2.499,2.52483
0.0427002,0.358578,2.499,2.52496
0.0508113,0.358578,2.499,2.52511
0.0589224,0.358578,2.499,2.52528
0.0670336,0.358578,2.499,2.52548
0.075686,0.361161,2.517,2.54391
0.0838555,0.361161,2.517,2.54416
0.0920251,0.361161,2.517,2.54444
0.100195,0.361161,2.517,2.54475
0.108364,0.361161,2.517,2.54509
0.116534,0.361161,2.517,2.54545
0.124703,0.361161,2.517,2.54584
0.132873,0.361161,2.517,2.54625
0.141042,0.361161,2.517,2.54669
0.149212,0.361161,2.517,2.54715
0.15857,0.363887,2.536,2.56688
0.166801,0.363887,2.536,2.5674
0.173721,0.361161,2.517,2.54871
0.18189,0.361161,2.517,2.54928
0.19006,0.361161,2.517,2.54987
0.198229,0.361161,2.517,2.55049
0.206399,0.361161,2.517,2.55114
0.214568,0.361161,2.517,2.55182
0.222738,0.361161,2.517,2.55252
0.230908,0.361161,2.517,2.55324
0.239077,0.361161,2.517,2.55399
0.245479,0.358578,2.499,2.5365
0.25359,0.358578,2.499,2.5373
0.261701,0.358578,2.499,2.53812
0.269812,0.358578,2.499,2.53897
0.277923,0.358578,2.499,2.53985
0.286034,0.358578,2.499,2.54075
0.294145,0.358578,2.499,2.54167
0.302256,0.358578,2.499,2.54262
0.310368,0.358578,2.499,2.5436
0.318479,0.358578,2.499,2.5446
0.32659,0.358578,2.499,2.54563
0.334701,0.358578,2.499,2.54668
0.342812,0.358578,2.499,2.54776
0.350923,0.358578,2.499,2.54887
0.359034,0.358578,2.499,2.55
0.367146,0.358578,2.499,2.55115
0.375257,0.358578,2.499,2.55233
0.383368,0.358578,2.499,2.55354
0.391479,0.358578,2.499,2.55477
0.39959,0.358578,2.499,2.55602
0.407701,0.358578,2.499,2.5573
0.415812,0.358578,2.499,2.55861
0.423923,0.358578,2.499,2.55994
0.432035,0.358578,2.499,2.5613
0.440146,0.358578,2.499,2.56268
0.448257,0.358578,2.499,2.56408
0.456368,0.358578,2.499,2.56551
0.461134,0.355995,2.481,2.54848
0.469186,0.355995,2.481,2.54995
0.477239,0.355995,2.481,2.55144
0.485292,0.355995,2.481,2.55296
0.493344,0.355995,2.481,2.5545
0.501397,0.355995,2.481,2.55607
0.50945,0.355995,2.481,2.55766
0.517502,0.355995,2.481,2.55928
0.525555,0.355995,2.481,2.56092
0.533608,0.355995,2.481,2.56258
0.537731,0.353413,2.463,2.54567
0.545725,0.353413,2.463,2.54737
0.553719,0.353413,2.463,2.54909
0.561714,0.353413,2.463,2.55084
0.569708,0.353413,2.463,2.55261
0.577702,0.353413,2.463,2.55441
0.585697,0.353413,2.463,2.55623
0.593691,0.353413,2.463,2.55807
0.597288,0.35083,2.445,2.54123
0.601016,0.34839,2.428,2.52543
0.608896,0.34839,2.428,2.52731
0.616777,0.34839,2.428,2.52922
0.624658,0.34839,2.428,2.53116
0.62811,0.345951,2.411,2.51538
0.635935,0.345951,2.411,2.51734
0.643761,0.345951,2.411,2.51933
0.651586,0.345951,2.411,2.52134
0.659412,0.345951,2.411,2.52338
0.667237,0.345951,2.411,2.52543
0.670303,0.343512,2.394,2.50969
0.678073,0.343512,2.394,2.51178
0.685843,0.343512,2.394,2.51389
0.693614,0.343512,2.394,2.51602
0.701384,0.343512,2.394,2.51817
0.709154,0.343512,2.394,2.52034
0.716925,0.343512,2.394,2.52254
0.729841,0.345951,2.411,2.54269
0.737667,0.345951,2.411,2.54495
0.745492,0.345951,2.411,2.54723
0.753318,0.345951,2.411,2.54953
0.76651,0.34839,2.428,2.56984
0.774391,0.34839,2.428,2.57221
0.782271,0.34839,2.428,2.57459
0.790152,0.34839,2.428,2.57699
0.798033,0.34839,2.428,2.57942
0.805913,0.34839,2.428,2.58187
0.819492,0.35083,2.445,2.60244
0.827428,0.35083,2.445,2.60495
0.829556,0.34839,2.428,2.58935
0.837436,0.34839,2.428,2.59188
0.845317,0.34839,2.428,2.59444
0.853198,0.34839,2.428,2.59702
0.861078,0.34839,2.428,2.59962
0.868959,0.34839,2.428,2.60224
0.87684,0.34839,2.428,2.60488
0.88472,0.34839,2.428,2.60755
0.892601,0.34839,2.428,2.61023
0.900482,0.34839,2.428,2.61293
0.908362,0.34839,2.428,2.61566
0.916243,0.34839,2.428,2.61841
0.924124,0.34839,2.428,2.62118
0.932004,0.34839,2.428,2.62397
0.939885,0.34839,2.428,2.62677
0.954402,0.35083,2.445,2.64802
0.955646,0.34839,2.428,2.63246
0.963527,0.34839,2.428,2.63533
0.971408,0.34839,2.428,2.63822
0.979289,0.34839,2.428,2.64113
0.987169,0.34839,2.428,2.64406
0.99505,0.34839,2.428,2.64701
1.00293,0.34839,2.428,2.64999
1.01789,0.35083,2.445,2.67155
1.02582,0.35083,2.445,2.67459
1.03376,0.35083,2.445,2.67764
1.0417,0.35083,2.445,2.68072
1.04963,0.35083,2.445,2.68381
1.05757,0.35083,2.445,2.68692
1.0655,0.35083,2.445,2.69006
1.08134,0.353413,2.463,2.71304
1.0973,0.355995,2.481,2.73608
1.10535,0.355995,2.481,2.73932
1.1134,0.355995,2.481,2.74258
1.12146,0.355995,2.481,2.74586
1.12951,0.355995,2.481,2.74916
1.14581,0.358578,2.499,2.77245
1.15393,0.358578,2.499,2.77581
1.16204,0.358578,2.499,2.77919
1.17015,0.358578,2.499,2.78259
1.17826,0.358578,2.499,2.78601
1.18637,0.358578,2.499,2.78945
1.19448,0.358578,2.499,2.79291
1.20259,0.358578,2.499,2.79639
1.2107,0.358578,2.499,2.79989
1.21881,0.358578,2.499,2.80341
1.22693,0.358578,2.499,2.80694
1.23504,0.358578,2.499,2.8105
1.24315,0.358578,2.499,2.81407
1.25126,0.358578,2.499,2.81766
1.2503,0.355995,2.481,2.80095
1.25835,0.355995,2.481,2.80456
1.2664,0.355995,2.481,2.80818
1.27446,0.355995,2.481,2.81182
1.28251,0.355995,2.481,2.81548
1.29056,0.355995,2.481,2.81916
1.29862,0.355995,2.481,2.82285
1.30667,0.355995,2.481,2.82657
1.31472,0.355995,2.481,2.8303
1.32277,0.355995,2.481,2.83405
1.33083,0.355995,2.481,2.83781
1.33888,0.355995,2.481,2.8416
1.3567,0.358578,2.499,2.86605
1.38502,0.363887,2.536,2.91239
1.40369,0.366614,2.555,2.93816
1.41198,0.366614,2.555,2.94213
1.4414,0.372066,2.593,2.98994
1.47218,0.377806,2.633,3.04019
1.48073,0.377806,2.633,3.04434
1.51303,0.383832,2.675,3.09713
1.54561,0.389859,2.717,3.15008
1.55442,0.389859,2.717,3.15441
1.58856,0.396172,2.761,3.20992
1.61025,0.399329,2.783,3.23998
1.61928,0.399329,2.783,3.24448
1.62831,0.399329,2.783,3.24899
1.63735,0.399329,2.783,3.25353
1.64638,0.399329,2.783,3.25809
1.65541,0.399329,2.783,3.26266
1.63813,0.393015,2.739,3.2156
1.64702,0.393015,2.739,3.22013
1.65591,0.393015,2.739,3.22469
1.65143,0.389859,2.717,3.20333
1.66025,0.389859,2.717,3.20788
1.65617,0.386845,2.696,3.18763
1.65195,0.383832,2.675,3.16732
1.66063,0.383832,2.675,3.17185
1.65621,0.380819,2.654,3.15147
1.6391,0.374936,2.613,3.10725
1.63497,0.372066,2.593,3.08792
1.64339,0.372066,2.593,3.09238
1.6397,0.36934,2.574,3.07417
1.62373,0.363887,2.536,3.03318
1.63196,0.363887,2.536,3.0376
1.6279,0.361161,2.517,3.01924
1.61267,0.355995,2.481,2.9804
1.62072,0.355995,2.481,2.98477
1.61696,0.353413,2.463,2.96746
1.61308,0.35083,2.445,2.95011
1.62101,0.35083,2.445,2.95445
1.61762,0.34839,2.428,2.93824
1.61412,0.345951,2.411,2.92199
1.62195,0.345951,2.411,2.92632
1.61828,0.343512,2.394,2.91
1.61451,0.341073,2.377,2.89363
-1.75931,0.372116,2.536,3.10885
-1.75107,0.372116,2.536,3.1042
-1.74284,0.372116,2.536,3.09956
-1.73461,0.372116,2.536,3.09494
-1.72638,0.372116,2.536,3.09033
-1.71815,0.372116,2.536,3.08574
-1.72273,0.374904,2.555,3.10425
-1.71444,0.374904,2.555,3.09966
-1.71883,0.377692,2.574,3.11809
-1.71048,0.377692,2.574,3.1135
-1.70212,0.377692,2.574,3.10891
-1.69377,0.377692,2.574,3.10435
-1.68541,0.377692,2.574,3.0998
-1.67706,0.377692,2.574,3.09526
-1.6687,0.377692,2.574,3.09074
-1.66035,0.377692,2.574,3.08624
-1.652,0.377692,2.574,3.08176
-1.63151,0.374904,2.555,3.05457
-1.61114,0.372116,2.536,3.02747
-1.60291,0.372116,2.536,3.02309
-1.59468,0.372116,2.536,3.01874
-1.58645,0.372116,2.536,3.0144
-1.57822,0.372116,2.536,3.01007
-1.56999,0.372116,2.536,3.00577
-1.56176,0.372116,2.536,3.00147
-1.55353,0.372116,2.536,2.9972
-1.54529,0.372116,2.536,2.99294
-1.53706,0.372116,2.536,2.9887
-1.52883,0.372116,2.536,2.98448
-1.5206,0.372116,2.536,2.98027
-1.51237,0.372116,2.536,2.97608
-1.50414,0.372116,2.536,2.9719
-1.49591,0.372116,2.536,2.96774
-1.47653,0.369328,2.517,2.9414
-1.45786,0.366687,2.499,2.9163
-1.43931,0.364046,2.481,2.89128
-1.43125,0.364046,2.481,2.88728
-1.4232,0.364046,2.481,2.8833
-1.41515,0.364046,2.481,2.87933
-1.4071,0.364046,2.481,2.87538
-1.39904,0.364046,2.481,2.87145
-1.39099,0.364046,2.481,2.86753
-1.38294,0.364046,2.481,2.86364
-1.37488,0.364046,2.481,2.85976
-1.37675,0.366687,2.499,2.87661
-1.3785,0.369328,2.517,2.89343
-1.37033,0.369328,2.517,2.88955
-1.37244,0.372116,2.536,2.90747
-1.37443,0.374904,2.555,2.92534
-1.37629,0.377692,2.574,2.94318
-1.36794,0.377692,2.574,2.93928
-1.36962,0.38048,2.593,2.95707
-1.3612,0.38048,2.593,2.95318
-1.35279,0.38048,2.593,2.94931
-1.35474,0.383415,2.613,2.96818
-1.35656,0.386349,2.633,2.98701
-1.34802,0.386349,2.633,2.98314
-1.33947,0.386349,2.633,2.97929
-1.33093,0.386349,2.633,2.97545
-1.32238,0.386349,2.633,2.97164
-1.31383,0.386349,2.633,2.96785
-1.30529,0.386349,2.633,2.96407
-1.30708,0.389431,2.654,2.98393
-1.2882,0.386349,2.633,2.95659
-1.27965,0.386349,2.633,2.95287
-1.2711,0.386349,2.633,2.94918
-1.25297,0.383415,2.613,2.92313
-1.23496,0.38048,2.593,2.89716
-1.21756,0.377692,2.574,2.87238
-1.2092,0.377692,2.574,2.86885
-1.19198,0.374904,2.555,2.84419
-1.18369,0.374904,2.555,2.84072
-1.1754,0.374904,2.555,2.83728
-1.14975,0.369328,2.517,2.7917
-1.13341,0.366687,2.499,2.76841
-1.1253,0.366687,2.499,2.7651
-1.11719,0.366687,2.499,2.76181
-1.10109,0.364046,2.481,2.73867
-1.09304,0.364046,2.481,2.73544
-1.08499,0.364046,2.481,2.73223
-1.07693,0.364046,2.481,2.72904
-1.06888,0.364046,2.481,2.72588
-1.06083,0.364046,2.481,2.72273
-1.05278,0.364046,2.481,2.7196
-1.04472,0.364046,2.481,2.71649
-1.03667,0.364046,2.481,2.71341
-1.02862,0.364046,2.481,2.71034
-1.02797,0.366687,2.499,2.72694
-1.01986,0.366687,2.499,2.72389
-1.01175,0.366687,2.499,2.72086
-1.00364,0.366687,2.499,2.71786
-0.988354,0.364046,2.481,2.69532
-0.980302,0.364046,2.481,2.69237
-0.972249,0.364046,2.481,2.68945
-0.957201,0.361405,2.463,2.66706
-0.949206,0.361405,2.463,2.6642
-0.941212,0.361405,2.463,2.66136
-0.926398,0.358763,2.445,2.63912
-0.918462,0.358763,2.445,2.63634
-0.910526,0.358763,2.445,2.63359
-0.896315,0.356269,2.428,2.61256
-0.888434,0.356269,2.428,2.60987
-0.880553,0.356269,2.428,2.6072
-0.872672,0.356269,2.428,2.60455
-0.864792,0.356269,2.428,2.60192
-0.856911,0.356269,2.428,2.59931
-0.843086,0.353774,2.411,2.57854
-0.83526,0.353774,2.411,2.57599
-0.827435,0.353774,2.411,2.57347
-0.819609,0.353774,2.411,2.57096
-0.811784,0.353774,2.411,2.56848
-0.809627,0.356269,2.428,2.58411
-0.801746,0.356269,2.428,2.58165
-0.793866,0.356269,2.428,2.57921
-0.785985,0.356269,2.428,2.5768
-0.778104,0.356269,2.428,2.5744
-0.770224,0.356269,2.428,2.57203
-0.762343,0.356269,2.428,2.56968
-0.759745,0.358763,2.445,2.58533
-0.751809,0.358763,2.445,2.58301
-0.743873,0.358763,2.445,2.58071
-0.741355,0.361405,2.463,2.59742
-0.733361,0.361405,2.463,2.59515
-0.725366,0.361405,2.463,2.5929
-0.722615,0.364046,2.481,2.60961
-0.714562,0.364046,2.481,2.60739
-0.706509,0.364046,2.481,2.6052
-0.703524,0.366687,2.499,2.62191
-0.695413,0.366687,2.499,2.61974
-0.687302,0.366687,2.499,2.6176
-0.679191,0.366687,2.499,2.61548
-0.67108,0.366687,2.499,2.61339
-0.662968,0.366687,2.499,2.61132
-0.659574,0.369328,2.517,2.62807
-0.651405,0.369328,2.517,2.62603
-0.643235,0.369328,2.517,2.62401
-0.635065,0.369328,2.517,2.62202
-0.626896,0.369328,2.517,2.62006
-0.618726,0.369328,2.517,2.61811
-0.610557,0.369328,2.517,2.61619
-0.602387,0.369328,2.517,2.6143
-0.594218,0.369328,2.517,2.61243
-0.586048,0.369328,2.517,2.61058
-0.577879,0.369328,2.517,2.60876
-0.569709,0.369328,2.517,2.60696
-0.561539,0.369328,2.517,2.60519
-0.55337,0.369328,2.517,2.60344
-0.5452,0.369328,2.517,2.60172
-0.537031,0.369328,2.517,2.60002
-0.528861,0.369328,2.517,2.59834
-0.520692,0.369328,2.517,2.59669
-0.512522,0.369328,2.517,2.59507
-0.504353,0.369328,2.517,2.59347
-0.496183,0.369328,2.517,2.59189
-0.488013,0.369328,2.517,2.59034
-0.479844,0.369328,2.517,2.58881
-0.468301,0.366687,2.499,2.56881
-0.46019,0.366687,2.499,2.56734
-0.452079,0.366687,2.499,2.5659
-0.443968,0.366687,2.499,2.56448
-0.435857,0.366687,2.499,2.56309
-0.427746,0.366687,2.499,2.56172
-0.419634,0.366687,2.499,2.56038
-0.411523,0.366687,2.499,2.55906
-0.403412,0.366687,2.499,2.55777
-0.392454,0.364046,2.481,2.53809
-0.384401,0.364046,2.481,2.53686
-0.376348,0.364046,2.481,2.53565
-0.368296,0.364046,2.481,2.53447
-0.357629,0.361405,2.463,2.51493
-0.349635,0.361405,2.463,2.51381
-0.341641,0.361405,2.463,2.51271
-0.333646,0.361405,2.463,2.51163
-0.325652,0.361405,2.463,2.51058
-0.317658,0.361405,2.463,2.50956
-0.309664,0.361405,2.463,2.50856
-0.301669,0.361405,2.463,2.50759
-0.293675,0.361405,2.463,2.50664
-0.285681,0.361405,2.463,2.50571
-0.277686,0.361405,2.463,2.50481
-0.269692,0.361405,2.463,2.50394
-0.261698,0.361405,2.463,2.50309
-0.255558,0.364046,2.481,2.52056
-0.247505,0.364046,2.481,2.51975
-0.239452,0.364046,2.481,2.51897
-0.2314,0.364046,2.481,2.51822
-0.223347,0.364046,2.481,2.51749
-0.215294,0.364046,2.481,2.51679
-0.207241,0.364046,2.481,2.51612
-0.199189,0.364046,2.481,2.51547
-0.192523,0.366687,2.499,2.53309
-0.184412,0.366687,2.499,2.53248
-0.1763,0.366687,2.499,2.5319
-0.168189,0.366687,2.499,2.53135
-0.160078,0.366687,2.499,2.53083
-0.153062,0.369328,2.517,2.54855
-0.144892,0.369328,2.517,2.54808
-0.137755,0.372116,2.536,2.56685
-0.129523,0.372116,2.536,2.56643
-0.121292,0.372116,2.536,2.56602
-0.113061,0.372116,2.536,2.56565
-0.104044,0.369328,2.517,2.54608
-0.0958747,0.369328,2.517,2.54576
-0.0883672,0.372116,2.536,2.56468
-0.080136,0.372116,2.536,2.56441
-0.0719048,0.372116,2.536,2.56416
-0.0631965,0.369328,2.517,2.54474
-0.055027,0.369328,2.517,2.54455
-0.0468574,0.369328,2.517,2.54438
-0.0386878,0.369328,2.517,2.54425
-0.0305183,0.369328,2.517,2.54414
-0.0221889,0.366687,2.499,2.52586
-0.0140778,0.366687,2.499,2.5258
-0.00596664,0.366687,2.499,2.52577
0.00214449,0.366687,2.499,2.52576
0.0102556,0.366687,2.499,2.52578
0.0183668,0.366687,2.499,2.52583
0.0264779,0.366687,2.499,2.5259
0.034589,0.366687,2.499,2.526
0.0427002,0.366687,2.499,2.52612
0.0508113,0.366687,2.499,2.52627
0.0589224,0.366687,2.499,2.52645
0.0670336,0.366687,2.499,2.52665
0.075686,0.369328,2.517,2.54508
0.0838555,0.369328,2.517,2.54533
0.0920251,0.369328,2.517,2.54562
0.100195,0.369328,2.517,2.54592
0.108364,0.369328,2.517,2.54626
0.116534,0.369328,2.517,2.54662
0.124703,0.369328,2.517,2.54701
0.132873,0.369328,2.517,2.54742
0.141042,0.369328,2.517,2.54786
0.149212,0.369328,2.517,2.54832
0.157382,0.369328,2.517,2.54882
0.165551,0.369328,2.517,2.54933
0.173721,0.369328,2.517,2.54988
0.18189,0.369328,2.517,2.55045
0.19006,0.369328,2.517,2.55104
0.198229,0.369328,2.517,2.55166
0.206399,0.369328,2.517,2.55231
0.213034,0.366687,2.499,2.53473
0.221145,0.366687,2.499,2.53542
0.229256,0.366687,2.499,2.53614
0.237367,0.366687,2.499,2.53689
0.245479,0.366687,2.499,2.53766
0.251763,0.364046,2.481,2.52017
0.259816,0.364046,2.481,2.52099
0.267868,0.364046,2.481,2.52183
0.275921,0.364046,2.481,2.5227
0.283974,0.364046,2.481,2.5236
0.292027,0.364046,2.481,2.52451
0.300079,0.364046,2.481,2.52546
0.310368,0.366687,2.499,2.54476
0.318479,0.366687,2.499,2.54576
0.32659,0.366687,2.499,2.54679
0.334701,0.366687,2.499,2.54784
0.342812,0.366687,2.499,2.54892
0.350923,0.366687,2.499,2.55002
0.359034,0.366687,2.499,2.55115
0.367146,0.366687,2.499,2.5523
0.375257,0.366687,2.499,2.55348
0.383368,0.366687,2.499,2.55469
0.391479,0.366687,2.499,2.55592
0.39959,0.366687,2.499,2.55717
0.407701,0.366687,2.499,2.55845
0.415812,0.366687,2.499,2.55976
0.423923,0.366687,2.499,2.56109
0.432035,0.366687,2.499,2.56244
0.440146,0.366687,2.499,2.56382
0.448257,0.366687,2.499,2.56523
0.456368,0.366687,2.499,2.56666
0.461134,0.364046,2.481,2.54961
0.469186,0.364046,2.481,2.55108
0.477239,0.364046,2.481,2.55258
0.485292,0.364046,2.481,2.55409
0.493344,0.364046,2.481,2.55564
0.501397,0.364046,2.481,2.5572
0.50945,0.364046,2.481,2.55879
0.517502,0.364046,2.481,2.56041
0.525555,0.364046,2.481,2.56205
0.533608,0.364046,2.481,2.56371
0.537731,0.361405,2.463,2.54679
0.545725,0.361405,2.463,2.54849
0.553719,0.361405,2.463,2.55021
0.561714,0.361405,2.463,2.55196
0.569708,0.361405,2.463,2.55373
0.577702,0.361405,2.463,2.55553
0.585697,0.361405,2.463,2.55735
0.593691,0.361405,2.463,2.55919
0.597288,0.358763,2.445,2.54234
0.601016,0.356269,2.428,2.52653
0.608896,0.356269,2.428,2.52841
0.616777,0.356269,2.428,2.53032
0.624658,0.356269,2.428,2.53225
0.62811,0.353774,2.411,2.51647
0.635935,0.353774,2.411,2.51843
0.643761,0.353774,2.411,2.52042
0.651586,0.353774,2.411,2.52243
0.659412,0.353774,2.411,2.52446
0.667237,0.353774,2.411,2.52652
0.670303,0.35128,2.394,2.51076
0.678073,0.35128,2.394,2.51285
0.685843,0.35128,2.394,2.51496
0.693614,0.35128,2.394,2.51709
0.701384,0.35128,2.394,2.51924
0.709154,0.35128,2.394,2.52141
0.716925,0.35128,2.394,2.52361
0.729841,0.353774,2.411,2.54377
0.737667,0.353774,2.411,2.54602
0.745492,0.353774,2.411,2.5483
0.753318,0.353774,2.411,2.5506
0.76651,0.356269,2.428,2.57092
0.774391,0.356269,2.428,2.57328
0.782271,0.356269,2.428,2.57567
0.790152,0.356269,2.428,2.57807
0.798033,0.356269,2.428,2.5805
0.805913,0.356269,2.428,2.58295
0.813794,0.356269,2.428,2.58542
0.821675,0.356269,2.428,2.58791
0.829556,0.356269,2.428,2.59042
0.831573,0.353774,2.411,2.5748
0.839398,0.353774,2.411,2.57734
0.847224,0.353774,2.411,2.5799
0.861078,0.356269,2.428,2.60069
0.868959,0.356269,2.428,2.60331
0.87684,0.356269,2.428,2.60595
0.88472,0.356269,2.428,2.60861
0.892601,0.356269,2.428,2.61129
0.894177,0.353774,2.411,2.59569
0.902002,0.353774,2.411,2.5984
0.909828,0.353774,2.411,2.60113
0.917653,0.353774,2.411,2.60387
0.925479,0.353774,2.411,2.60664
0.939885,0.356269,2.428,2.62783
0.947766,0.356269,2.428,2.63066
0.955646,0.356269,2.428,2.63351
0.956781,0.353774,2.411,2.61792
0.964606,0.353774,2.411,2.62079
0.972432,0.353774,2.411,2.62368
0.980257,0.353774,2.411,2.62659
0.988083,0.353774,2.411,2.62952
0.995908,0.353774,2.411,2.63247
1.01081,0.356269,2.428,2.65403
1.01869,0.356269,2.428,2.65704
1.02657,0.356269,2.428,2.66007
1.03445,0.356269,2.428,2.66312
1.04963,0.358763,2.445,2.68486
1.05757,0.358763,2.445,2.68797
1.0655,0.358763,2.445,2.6911
1.08134,0.361405,2.463,2.71409
1.08934,0.361405,2.463,2.71728
1.09733,0.361405,2.463,2.7205
1.10533,0.361405,2.463,2.72373
1.12146,0.364046,2.481,2.74692
1.12951,0.364046,2.481,2.75021
1.13756,0.364046,2.481,2.75353
1.14561,0.364046,2.481,2.75687
1.15367,0.364046,2.481,2.76022
1.16172,0.364046,2.481,2.7636
1.16977,0.364046,2.481,2.76699
1.17782,0.364046,2.481,2.77041
1.18588,0.364046,2.481,2.77384
1.19393,0.364046,2.481,2.77729
1.20198,0.364046,2.481,2.78077
1.21004,0.364046,2.481,2.78426
1.21809,0.364046,2.481,2.78776
1.22614,0.364046,2.481,2.79129
1.23419,0.364046,2.481,2.79484
1.24225,0.364046,2.481,2.7984
1.2503,0.364046,2.481,2.80199
1.25835,0.364046,2.481,2.80559
1.25722,0.361405,2.463,2.78883
1.26521,0.361405,2.463,2.79244
1.27321,0.361405,2.463,2.79607
1.2812,0.361405,2.463,2.79972
1.28919,0.361405,2.463,2.80339
1.29719,0.361405,2.463,2.80708
1.30518,0.361405,2.463,2.81078
1.31318,0.361405,2.463,2.8145
1.32117,0.361405,2.463,2.81824
1.32917,0.361405,2.463,2.822
1.34693,0.364046,2.481,2.84642
1.37465,0.369328,2.517,2.8916
1.40369,0.374904,2.555,2.93921
1.41198,0.374904,2.555,2.94318
1.4414,0.38048,2.593,2.991
1.47218,0.386349,2.633,3.04126
1.48073,0.386349,2.633,3.04541
1.51303,0.392512,2.675,3.09822
1.54561,0.398675,2.717,3.15118
1.55442,0.398675,2.717,3.15551
1.58856,0.405131,2.761,3.21104
1.61025,0.408359,2.783,3.2411
1.63266,0.411734,2.806,3.27242
1.64177,0.411734,2.806,3.27698
1.65088,0.411734,2.806,3.28155
1.65999,0.411734,2.806,3.28614
1.65541,0.408359,2.783,3.26378
1.65129,0.405131,2.761,3.24253
1.66025,0.405131,2.761,3.2471
1.65591,0.401903,2.739,3.22579
1.65143,0.398675,2.717,3.20441
1.66025,0.398675,2.717,3.20897
1.65617,0.395593,2.696,3.1887
1.63898,0.389431,2.654,3.14351
1.64759,0.389431,2.654,3.14801
1.6431,0.386349,2.633,3.12758
1.6391,0.383415,2.613,3.10829
1.63497,0.38048,2.593,3.08894
1.64339,0.38048,2.593,3.0934
1.6276,0.374904,2.555,3.05248
1.62373,0.372116,2.536,3.03418
1.63196,0.372116,2.536,3.03859
1.6279,0.369328,2.517,3.02022
1.62437,0.366687,2.499,3.00301
1.63248,0.366687,2.499,3.0074
1.62878,0.364046,2.481,2.99012
1.61308,0.358763,2.445,2.95106
1.62101,0.358763,2.445,2.95541
1.61762,0.356269,2.428,2.93919
1.61412,0.353774,2.411,2.92292
1.62195,0.353774,2.411,2.92725
1.61828,0.35128,2.394,2.91092
1.61451,0.348785,2.377,2.89455
-1.74613,0.377495,2.517,3.08654
-1.72553,0.374796,2.499,3.05989
-1.71742,0.374796,2.499,3.05532
-1.72162,0.377495,2.517,3.07274
-1.71345,0.377495,2.517,3.06817
-1.70528,0.377495,2.517,3.06362
-1.70992,0.380345,2.536,3.08217
-1.70169,0.380345,2.536,3.07761
-1.69346,0.380345,2.536,3.07307
-1.68523,0.380345,2.536,3.06854
-1.67699,0.380345,2.536,3.06403
-1.66876,0.380345,2.536,3.05953
-1.66053,0.380345,2.536,3.05505
-1.6523,0.380345,2.536,3.05058
-1.64407,0.380345,2.536,3.04613
-1.62358,0.377495,2.517,3.01891
-1.61541,0.377495,2.517,3.01452
-1.60724,0.377495,2.517,3.01015
-1.58764,0.374796,2.499,2.9843
-1.57953,0.374796,2.499,2.98
-1.5601,0.372096,2.481,2.95427
-1.55204,0.372096,2.481,2.95003
-1.57822,0.380345,2.536,3.0111
-1.56999,0.380345,2.536,3.0068
-1.56176,0.380345,2.536,3.00251
-1.55353,0.380345,2.536,2.99823
-1.54529,0.380345,2.536,2.99398
-1.53706,0.380345,2.536,2.98974
-1.52883,0.380345,2.536,2.98551
-1.5206,0.380345,2.536,2.98131
-1.51237,0.380345,2.536,2.97712
-1.50414,0.380345,2.536,2.97294
-1.49591,0.380345,2.536,2.96879
-1.47653,0.377495,2.517,2.94244
-1.45786,0.374796,2.499,2.91733
-1.43931,0.372096,2.481,2.8923
-1.43125,0.372096,2.481,2.8883
-1.4232,0.372096,2.481,2.88432
-1.41515,0.372096,2.481,2.88036
-1.4071,0.372096,2.481,2.87641
-1.39904,0.372096,2.481,2.87248
-1.39099,0.372096,2.481,2.86857
-1.38294,0.372096,2.481,2.86467
-1.37488,0.372096,2.481,2.86079
-1.37675,0.374796,2.499,2.87766
-1.3785,0.377495,2.517,2.89448
-1.38067,0.380345,2.536,2.91242
-1.37244,0.380345,2.536,2.90853
-1.37443,0.383195,2.555,2.92642
-1.37629,0.386044,2.574,2.94426
-1.36794,0.386044,2.574,2.94037
-1.36962,0.388894,2.593,2.95817
-1.3612,0.388894,2.593,2.95428
-1.35279,0.388894,2.593,2.95041
-1.35474,0.391893,2.613,2.96929
-1.35656,0.394893,2.633,2.98813
-1.34802,0.394893,2.633,2.98426
-1.33947,0.394893,2.633,2.98041
-1.33093,0.394893,2.633,2.97657
-1.32238,0.394893,2.633,2.97276
-1.31383,0.394893,2.633,2.96897
-1.30529,0.394893,2.633,2.9652
-1.30708,0.398042,2.654,2.98507
-1.2882,0.394893,2.633,2.95772
-1.27965,0.394893,2.633,2.954
-1.2711,0.394893,2.633,2.95031
-1.25297,0.391893,2.613,2.92426
-1.23496,0.388894,2.593,2.89828
-1.22654,0.388894,2.593,2.8947
-1.21813,0.388894,2.593,2.89115
-1.20085,0.386044,2.574,2.86645
-1.18369,0.383195,2.555,2.84183
-1.1754,0.383195,2.555,2.83838
-1.14975,0.377495,2.517,2.7928
-1.13341,0.374796,2.499,2.76949
-1.1253,0.374796,2.499,2.76619
-1.11719,0.374796,2.499,2.7629
-1.10109,0.372096,2.481,2.73975
-1.09304,0.372096,2.481,2.73652
-1.08499,0.372096,2.481,2.73332
-1.07693,0.372096,2.481,2.73013
-1.06888,0.372096,2.481,2.72696
-1.06083,0.372096,2.481,2.72382
-1.05278,0.372096,2.481,2.72069
-1.04472,0.372096,2.481,2.71758
-1.03667,0.372096,2.481,2.7145
-1.02862,0.372096,2.481,2.71143
-1.02057,0.372096,2.481,2.70839
-1.01251,0.372096,2.481,2.70536
-1.00446,0.372096,2.481,2.70236
-0.996407,0.372096,2.481,2.69938
-0.988354,0.372096,2.481,2.69642
-0.980302,0.372096,2.481,2.69348
-0.965195,0.369397,2.463,2.67103
-0.957201,0.369397,2.463,2.66816
-0.949206,0.369397,2.463,2.6653
-0.941212,0.369397,2.463,2.66246
-0.926398,0.366697,2.445,2.64021
-0.918462,0.366697,2.445,2.63744
-0.910526,0.366697,2.445,2.63468
-0.896315,0.364147,2.428,2.61365
-0.888434,0.364147,2.428,2.61096
-0.880553,0.364147,2.428,2.60829
-0.872672,0.364147,2.428,2.60564
-0.864792,0.364147,2.428,2.60301
-0.856911,0.364147,2.428,2.6004
-0.843086,0.361598,2.411,2.57963
-0.83526,0.361598,2.411,2.57708
-0.827435,0.361598,2.411,2.57455
-0.819609,0.361598,2.411,2.57205
-0.811784,0.361598,2.411,2.56957
-0.809627,0.364147,2.428,2.5852
-0.801746,0.364147,2.428,2.58275
-0.793866,0.364147,2.428,2.58031
-0.785985,0.364147,2.428,2.5779
-0.778104,0.364147,2.428,2.57551
-0.770224,0.364147,2.428,2.57314
-0.762343,0.364147,2.428,2.57079
-0.759745,0.366697,2.445,2.58645
-0.751809,0.366697,2.445,2.58413
-0.743873,0.366697,2.445,2.58183
-0.741355,0.369397,2.463,2.59854
-0.733361,0.369397,2.463,2.59627
-0.725366,0.369397,2.463,2.59403
-0.722615,0.372096,2.481,2.61075
-0.714562,0.372096,2.481,2.60853
-0.706509,0.372096,2.481,2.60633
-0.703524,0.374796,2.499,2.62306
-0.695413,0.374796,2.499,2.62089
-0.687302,0.374796,2.499,2.61875
-0.679191,0.374796,2.499,2.61663
-0.67108,0.374796,2.499,2.61454
-0.662968,0.374796,2.499,2.61247
-0.659574,0.377495,2.517,2.62923
-0.651405,0.377495,2.517,2.62719
-0.643235,0.377495,2.517,2.62517
-0.635065,0.377495,2.517,2.62319
-0.626896,0.377495,2.517,2.62122
-0.618726,0.377495,2.517,2.61928
-0.610557,0.377495,2.517,2.61736
-0.602387,0.377495,2.517,2.61547
-0.594218,0.377495,2.517,2.6136
-0.586048,0.377495,2.517,2.61175
-0.577879,0.377495,2.517,2.60993
-0.569709,0.377495,2.517,2.60813
-0.561539,0.377495,2.517,2.60636
-0.55337,0.377495,2.517,2.60461
-0.5452,0.377495,2.517,2.60289
-0.537031,0.377495,2.517,2.60119
-0.528861,0.377495,2.517,2.59952
-0.516968,0.374796,2.499,2.57929
-0.508857,0.374796,2.499,2.57768
-0.500746,0.374796,2.499,2.57609
-0.492635,0.374796,2.499,2.57452
-0.484524,0.374796,2.499,2.57298
-0.476412,0.374796,2.499,2.57147
-0.468301,0.374796,2.499,2.56998
-0.46019,0.374796,2.499,2.56851
-0.452079,0.374796,2.499,2.56707
-0.443968,0.374796,2.499,2.56565
-0.435857,0.374796,2.499,2.56426
-0.427746,0.374796,2.499,2.5629
-0.419634,0.374796,2.499,2.56156
-0.408559,0.372096,2.481,2.5418
-0.400506,0.372096,2.481,2.54052
-0.392454,0.372096,2.481,2.53926
-0.384401,0.372096,2.481,2.53803
-0.376348,0.372096,2.481,2.53682
-0.368296,0.372096,2.481,2.53564
-0.357629,0.369397,2.463,2.51609
-0.349635,0.369397,2.463,2.51497
-0.341641,0.369397,2.463,2.51387
-0.333646,0.369397,2.463,2.5128
-0.325652,0.369397,2.463,2.51175
-0.317658,0.369397,2.463,2.51072
-0.309664,0.369397,2.463,2.50972
-0.301669,0.369397,2.463,2.50875
-0.293675,0.369397,2.463,2.5078
-0.285681,0.369397,2.463,2.50688
-0.277686,0.369397,2.463,2.50598
-0.269692,0.369397,2.463,2.50511
-0.261698,0.369397,2.463,2.50426
-0.253704,0.369397,2.463,2.50344
-0.245709,0.369397,2.463,2.50264
-0.237715,0.369397,2.463,2.50187
-0.229721,0.369397,2.463,2.50112
-0.223347,0.372096,2.481,2.51867
-0.215294,0.372096,2.481,2.51797
-0.207241,0.372096,2.481,2.51729
-0.199189,0.372096,2.481,2.51664
-0.191136,0.372096,2.481,2.51602
-0.183083,0.372096,2.481,2.51542
-0.1763,0.374796,2.499,2.53309
-0.168189,0.374796,2.499,2.53254
-0.160078,0.374796,2.499,2.53201
-0.151967,0.374796,2.499,2.53151
-0.144892,0.377495,2.517,2.54927
-0.137755,0.380345,2.536,2.56806
-0.129523,0.380345,2.536,2.56763
-0.121292,0.380345,2.536,2.56723
-0.113061,0.380345,2.536,2.56685
-0.104044,0.377495,2.517,2.54728
-0.0958747,0.377495,2.517,2.54696
-0.0883672,0.380345,2.536,2.56589
-0.080136,0.380345,2.536,2.56561
-0.0719048,0.380345,2.536,2.56537
-0.0631965,0.377495,2.517,2.54594
-0.055027,0.377495,2.517,2.54575
-0.0468574,0.377495,2.517,2.54558
-0.0386878,0.377495,2.517,2.54544
-0.0305183,0.377495,2.517,2.54533
-0.0221889,0.374796,2.499,2.52705
-0.0140778,0.374796,2.499,2.52699
-0.00596664,0.374796,2.499,2.52696
0.00214449,0.374796,2.499,2.52695
0.0102556,0.374796,2.499,2.52697
0.0183668,0.374796,2.499,2.52702
0.0264779,0.374796,2.499,2.52709
0.034589,0.374796,2.499,2.52719
0.0427002,0.374796,2.499,2.52731
0.0508113,0.374796,2.499,2.52746
0.0589224,0.374796,2.499,2.52764
0.0670336,0.374796,2.499,2.52784
0.075686,0.377495,2.517,2.54628
0.0838555,0.377495,2.517,2.54653
0.0920251,0.377495,2.517,2.54681
0.100195,0.377495,2.517,2.54712
0.108364,0.377495,2.517,2.54746
0.116534,0.377495,2.517,2.54782
0.124703,0.377495,2.517,2.5482
0.132873,0.377495,2.517,2.54862
0.141042,0.377495,2.517,2.54906
0.149212,0.377495,2.517,2.54952
0.157382,0.377495,2.517,2.55001
0.165551,0.377495,2.517,2.55053
0.173721,0.377495,2.517,2.55107
0.18189,0.377495,2.517,2.55164
0.19006,0.377495,2.517,2.55224
0.198229,0.377495,2.517,2.55286
0.206399,0.377495,2.517,2.55351
0.213034,0.374796,2.499,2.53591
0.221145,0.374796,2.499,2.53661
0.229256,0.374796,2.499,2.53733
0.237367,0.374796,2.499,2.53807
0.245479,0.374796,2.499,2.53884
0.251763,0.372096,2.481,2.52135
0.259816,0.372096,2.481,2.52217
0.267868,0.372096,2.481,2.52301
0.275921,0.372096,2.481,2.52388
0.283974,0.372096,2.481,2.52477
0.292027,0.372096,2.481,2.52569
0.300079,0.372096,2.481,2.52663
0.308132,0.372096,2.481,2.5276
0.316185,0.372096,2.481,2.52859
0.324237,0.372096,2.481,2.52961
0.33229,0.372096,2.481,2.53066
0.340343,0.372096,2.481,2.53173
0.348396,0.372096,2.481,2.53282
0.356448,0.372096,2.481,2.53394
0.364501,0.372096,2.481,2.53509
0.372554,0.372096,2.481,2.53626
0.380606,0.372096,2.481,2.53746
0.388659,0.372096,2.481,2.53868
0.396712,0.372096,2.481,2.53992
0.404765,0.372096,2.481,2.54119
0.412817,0.372096,2.481,2.54249
0.42087,0.372096,2.481,2.54381
0.428923,0.372096,2.481,2.54515
0.436975,0.372096,2.481,2.54652
0.445028,0.372096,2.481,2.54791
0.453081,0.372096,2.481,2.54933
0.461134,0.372096,2.481,2.55078
0.469186,0.372096,2.481,2.55224
0.477239,0.372096,2.481,2.55374
0.485292,0.372096,2.481,2.55525
0.493344,0.372096,2.481,2.5568
0.501397,0.372096,2.481,2.55836
0.505754,0.369397,2.463,2.54138
0.513748,0.369397,2.463,2.54298
0.521742,0.369397,2.463,2.54461
0.529737,0.369397,2.463,2.54626
0.537731,0.369397,2.463,2.54794
0.545725,0.369397,2.463,2.54964
0.553719,0.369397,2.463,2.55136
0.561714,0.369397,2.463,2.5531
0.569708,0.369397,2.463,2.55488
0.57348,0.366697,2.445,2.53799
0.581416,0.366697,2.445,2.53979
0.589352,0.366697,2.445,2.54162
0.593135,0.364147,2.428,2.52579
0.601016,0.364147,2.428,2.52765
0.608896,0.364147,2.428,2.52953
0.612459,0.361598,2.411,2.51372
0.620284,0.361598,2.411,2.51564
0.623681,0.359048,2.394,2.49983
0.631451,0.359048,2.394,2.50178
0.639221,0.359048,2.394,2.50375
0.646992,0.359048,2.394,2.50574
0.654762,0.359048,2.394,2.50776
0.662532,0.359048,2.394,2.5098
0.670303,0.359048,2.394,2.51186
0.678073,0.359048,2.394,2.51395
0.685843,0.359048,2.394,2.51606
0.693614,0.359048,2.394,2.51818
0.701384,0.359048,2.394,2.52034
0.709154,0.359048,2.394,2.52251
0.716925,0.359048,2.394,2.5247
0.724695,0.359048,2.394,2.52692
0.737667,0.361598,2.411,2.54712
0.745492,0.361598,2.411,2.5494
0.753318,0.361598,2.411,2.5517
0.761143,0.361598,2.411,2.55402
0.768969,0.361598,2.411,2.55636
0.776794,0.361598,2.411,2.55873
0.78462,0.361598,2.411,2.56111
0.792445,0.361598,2.411,2.56352
0.800271,0.361598,2.411,2.56595
0.808096,0.361598,2.411,2.5684
0.815922,0.361598,2.411,2.57088
0.817939,0.359048,2.394,2.55523
0.825709,0.359048,2.394,2.55772
0.83348,0.359048,2.394,2.56024
0.84125,0.359048,2.394,2.56278
0.855049,0.361598,2.411,2.58356
0.862875,0.361598,2.411,2.58616
0.8707,0.361598,2.411,2.58878
0.878526,0.361598,2.411,2.59142
0.886351,0.361598,2.411,2.59409
0.887872,0.359048,2.394,2.57846
0.895642,0.359048,2.394,2.58115
0.903413,0.359048,2.394,2.58385
0.911183,0.359048,2.394,2.58658
0.918953,0.359048,2.394,2.58933
0.933304,0.361598,2.411,2.6105
0.94113,0.361598,2.411,2.61331
0.948955,0.361598,2.411,2.61614
0.956781,0.361598,2.411,2.61899
0.964606,0.361598,2.411,2.62186
0.972432,0.361598,2.411,2.62475
0.973346,0.359048,2.394,2.60913
0.981116,0.359048,2.394,2.61204
0.988886,0.359048,2.394,2.61497
1.00373,0.361598,2.411,2.6365
1.01156,0.361598,2.411,2.63949
1.01938,0.361598,2.411,2.6425
1.03445,0.364147,2.428,2.66419
1.04233,0.364147,2.428,2.66725
1.05021,0.364147,2.428,2.67034
1.0581,0.364147,2.428,2.67345
1.07344,0.366697,2.445,2.69532
1.08934,0.369397,2.463,2.71836
1.09733,0.369397,2.463,2.72157
1.10533,0.369397,2.463,2.72481
1.11332,0.369397,2.463,2.72806
1.12131,0.369397,2.463,2.73133
1.12931,0.369397,2.463,2.73462
1.14561,0.372096,2.481,2.75794
1.15367,0.372096,2.481,2.7613
1.16172,0.372096,2.481,2.76467
1.16977,0.372096,2.481,2.76806
1.17782,0.372096,2.481,2.77148
1.18588,0.372096,2.481,2.77491
1.19393,0.372096,2.481,2.77836
1.20198,0.372096,2.481,2.78183
1.21004,0.372096,2.481,2.78532
1.21809,0.372096,2.481,2.78883
1.22614,0.372096,2.481,2.79235
1.22524,0.369397,2.463,2.77561
1.23323,0.369397,2.463,2.77915
1.24123,0.369397,2.463,2.78271
1.24922,0.369397,2.463,2.78628
1.25722,0.369397,2.463,2.78988
1.25596,0.366697,2.445,2.77307
1.2639,0.366697,2.445,2.77668
1.27184,0.366697,2.445,2.7803
1.28919,0.369397,2.463,2.80443
1.29719,0.369397,2.463,2.80812
1.30518,0.369397,2.463,2.81182
1.31318,0.369397,2.463,2.81554
1.32117,0.369397,2.463,2.81928
1.32917,0.369397,2.463,2.82303
1.34693,0.372096,2.481,2.84746
1.37465,0.377495,2.517,2.89265
1.40369,0.383195,2.555,2.94027
1.41198,0.383195,2.555,2.94424
1.4414,0.388894,2.593,2.99208
1.47218,0.394893,2.633,3.04236
1.48073,0.394893,2.633,3.0465
1.51303,0.401192,2.675,3.09933
1.54561,0.407491,2.717,3.15231
1.55442,0.407491,2.717,3.15664
1.58856,0.41409,2.761,3.21218
1.61025,0.41739,2.783,3.24225
1.63266,0.420839,2.806,3.27358
1.64177,0.420839,2.806,3.27813
1.65088,0.420839,2.806,3.2827
1.65999,0.420839,2.806,3.28729
1.65541,0.41739,2.783,3.26492
1.65129,0.41409,2.761,3.24366
1.66025,0.41409,2.761,3.24823
1.65591,0.410791,2.739,3.2269
1.65143,0.407491,2.717,3.20552
1.66025,0.407491,2.717,3.21007
1.65617,0.404342,2.696,3.1898
1.63898,0.398042,2.654,3.14458
1.64759,0.398042,2.654,3.14908
1.6431,0.394893,2.633,3.12865
1.6391,0.391893,2.613,3.10934
1.63497,0.388894,2.593,3.08999
1.64339,0.388894,2.593,3.09445
1.6276,0.383195,2.555,3.05351
1.62373,0.380345,2.536,3.0352
1.63196,0.380345,2.536,3.03961
1.6279,0.377495,2.517,3.02123
1.62437,0.374796,2.499,3.00401
1.63248,0.374796,2.499,3.0084
1.62878,0.372096,2.481,2.99111
1.61308,0.366697,2.445,2.95204
1.62101,0.366697,2.445,2.95638
1.62895,0.366697,2.445,2.96074
1.61412,0.361598,2.411,2.92388
1.62195,0.361598,2.411,2.92821
1.61828,0.359048,2.394,2.91187
1.61451,0.356498,2.377,2.89549
-1.74613,0.385663,2.517,3.08755
-1.72553,0.382905,2.499,3.06089
-1.71742,0.382905,2.499,3.05633
-1.72162,0.385663,2.517,3.07376
-1.71345,0.385663,2.517,3.06919
-1.70528,0.385663,2.517,3.06464
-1.70992,0.388574,2.536,3.0832
-1.70169,0.388574,2.536,3.07864
-1.69346,0.388574,2.536,3.0741
-1.68523,0.388574,2.536,3.06957
-1.67699,0.388574,2.536,3.06506
-1.66876,0.388574,2.536,3.06056
-1.66053,0.388574,2.536,3.05608
-1.6523,0.388574,2.536,3.05162
-1.64407,0.388574,2.536,3.04717
-1.62358,0.385663,2.517,3.01994
-1.61541,0.385663,2.517,3.01556
-1.60724,0.385663,2.517,3.01119
-1.58764,0.382905,2.499,2.98533
-1.57953,0.382905,2.499,2.98103
-1.5601,0.380147,2.481,2.9553
-1.55204,0.380147,2.481,2.95105
-1.54399,0.380147,2.481,2.94683
-1.53594,0.380147,2.481,2.94261
-1.53897,0.382905,2.499,2.95974
-1.53086,0.382905,2.499,2.95553
-1.52275,0.382905,2.499,2.95134
-1.51464,0.382905,2.499,2.94716
-1.50653,0.382905,2.499,2.943
-1.49842,0.382905,2.499,2.93885
-1.4903,0.382905,2.499,2.93473
-1.47152,0.380147,2.481,2.90951
-1.46346,0.380147,2.481,2.90544
-1.45541,0.380147,2.481,2.9014
-1.43686,0.377389,2.463,2.87634
-1.42886,0.377389,2.463,2.87236
-1.42087,0.377389,2.463,2.86839
-1.41288,0.377389,2.463,2.86444
-1.40488,0.377389,2.463,2.8605
-1.39689,0.377389,2.463,2.85659
-1.38889,0.377389,2.463,2.85269
-1.3809,0.377389,2.463,2.8488
-1.3729,0.377389,2.463,2.84494
-1.36491,0.377389,2.463,2.84109
-1.36683,0.380147,2.481,2.85799
-1.36864,0.382905,2.499,2.87485
-1.38067,0.388574,2.536,2.91351
-1.37244,0.388574,2.536,2.90962
-1.37443,0.391485,2.555,2.92751
-1.36614,0.391485,2.555,2.92363
-1.35784,0.391485,2.555,2.91976
-1.35959,0.394396,2.574,2.9376
-1.3612,0.397308,2.593,2.9554
-1.35279,0.397308,2.593,2.95153
-1.35474,0.400372,2.613,2.97042
-1.34626,0.400372,2.613,2.96656
-1.34802,0.403437,2.633,2.9854
-1.33947,0.403437,2.633,2.98155
-1.33093,0.403437,2.633,2.97772
-1.32238,0.403437,2.633,2.97391
-1.31383,0.403437,2.633,2.97012
-1.30529,0.403437,2.633,2.96635
-1.30708,0.406654,2.654,2.98623
-1.2882,0.403437,2.633,2.95887
-1.27965,0.403437,2.633,2.95516
-1.2711,0.403437,2.633,2.95147
-1.25297,0.400372,2.613,2.92541
-1.23496,0.397308,2.593,2.89942
-1.22654,0.397308,2.593,2.89584
-1.21813,0.397308,2.593,2.89229
-1.20085,0.394396,2.574,2.86759
-1.18369,0.391485,2.555,2.84296
-1.1754,0.391485,2.555,2.83952
-1.15843,0.388574,2.536,2.815
-1.14158,0.385663,2.517,2.79056
-1.13341,0.385663,2.517,2.78723
-1.11719,0.382905,2.499,2.76401
-1.10908,0.382905,2.499,2.76074
-1.10097,0.382905,2.499,2.75749
-1.08499,0.380147,2.481,2.73442
-1.07693,0.380147,2.481,2.73124
-1.06888,0.380147,2.481,2.72807
-1.06083,0.380147,2.481,2.72493
-1.05278,0.380147,2.481,2.7218
-1.04472,0.380147,2.481,2.7187
-1.03667,0.380147,2.481,2.71561
-1.02862,0.380147,2.481,2.71255
-1.02057,0.380147,2.481,2.70951
-1.01251,0.380147,2.481,2.70648
-1.00446,0.380147,2.481,2.70348
-0.989178,0.377389,2.463,2.68091
-0.981184,0.377389,2.463,2.67797
-0.973189,0.377389,2.463,2.67505
-0.965195,0.377389,2.463,2.67215
-0.957201,0.377389,2.463,2.66927
-0.949206,0.377389,2.463,2.66642
-0.934334,0.374631,2.445,2.64412
-0.926398,0.374631,2.445,2.64132
-0.918462,0.374631,2.445,2.63855
-0.904195,0.372026,2.428,2.61747
-0.896315,0.372026,2.428,2.61476
-0.888434,0.372026,2.428,2.61207
-0.880553,0.372026,2.428,2.6094
-0.872672,0.372026,2.428,2.60675
-0.864792,0.372026,2.428,2.60412
-0.856911,0.372026,2.428,2.60152
-0.84903,0.372026,2.428,2.59893
-0.83526,0.369421,2.411,2.57819
-0.827435,0.369421,2.411,2.57566
-0.819609,0.369421,2.411,2.57316
-0.817508,0.372026,2.428,2.5888
-0.809627,0.372026,2.428,2.58633
-0.801746,0.372026,2.428,2.58387
-0.793866,0.372026,2.428,2.58144
-0.785985,0.372026,2.428,2.57902
-0.778104,0.372026,2.428,2.57663
-0.770224,0.372026,2.428,2.57426
-0.767681,0.374631,2.445,2.58992
-0.759745,0.374631,2.445,2.58758
-0.751809,0.374631,2.445,2.58526
-0.743873,0.374631,2.445,2.58297
-0.741355,0.377389,2.463,2.59969
-0.733361,0.377389,2.463,2.59742
-0.725366,0.377389,2.463,2.59518
-0.722615,0.380147,2.481,2.6119
-0.714562,0.380147,2.481,2.60969
-0.706509,0.380147,2.481,2.60749
-0.703524,0.382905,2.499,2.62423
-0.695413,0.382905,2.499,2.62206
-0.687302,0.382905,2.499,2.61992
-0.679191,0.382905,2.499,2.61781
-0.67108,0.382905,2.499,2.61572
-0.662968,0.382905,2.499,2.61365
-0.659574,0.385663,2.517,2.63041
-0.651405,0.385663,2.517,2.62837
-0.643235,0.385663,2.517,2.62636
-0.635065,0.385663,2.517,2.62437
-0.626896,0.385663,2.517,2.62241
-0.618726,0.385663,2.517,2.62047
-0.610557,0.385663,2.517,2.61855
-0.602387,0.385663,2.517,2.61666
-0.594218,0.385663,2.517,2.61479
-0.586048,0.385663,2.517,2.61294
-0.577879,0.385663,2.517,2.61112
-0.569709,0.385663,2.517,2.60933
-0.561539,0.385663,2.517,2.60756
-0.55337,0.385663,2.517,2.60581
-0.5452,0.385663,2.517,2.60409
-0.537031,0.385663,2.517,2.60239
-0.528861,0.385663,2.517,2.60072
-0.516968,0.382905,2.499,2.58048
-0.508857,0.382905,2.499,2.57887
-0.500746,0.382905,2.499,2.57728
-0.492635,0.382905,2.499,2.57571
-0.484524,0.382905,2.499,2.57418
-0.476412,0.382905,2.499,2.57266
-0.468301,0.382905,2.499,2.57117
-0.46019,0.382905,2.499,2.56971
-0.452079,0.382905,2.499,2.56827
-0.443968,0.382905,2.499,2.56685
-0.435857,0.382905,2.499,2.56546
-0.427746,0.382905,2.499,2.5641
-0.419634,0.382905,2.499,2.56275
-0.408559,0.380147,2.481,2.54299
-0.400506,0.380147,2.481,2.54171
-0.392454,0.380147,2.481,2.54045
-0.384401,0.380147,2.481,2.53922
-0.376348,0.380147,2.481,2.53801
-0.368296,0.380147,2.481,2.53683
-0.357629,0.377389,2.463,2.51728
-0.349635,0.377389,2.463,2.51616
-0.341641,0.377389,2.463,2.51506
-0.333646,0.377389,2.463,2.51398
-0.325652,0.377389,2.463,2.51293
-0.317658,0.377389,2.463,2.51191
-0.309664,0.377389,2.463,2.51091
-0.301669,0.377389,2.463,2.50994
-0.293675,0.377389,2.463,2.50899
-0.285681,0.377389,2.463,2.50807
-0.277686,0.377389,2.463,2.50717
-0.269692,0.377389,2.463,2.5063
-0.261698,0.377389,2.463,2.50545
-0.253704,0.377389,2.463,2.50463
-0.245709,0.377389,2.463,2.50383
-0.237715,0.377389,2.463,2.50306
-0.229721,0.377389,2.463,2.50231
-0.223347,0.380147,2.481,2.51987
-0.215294,0.380147,2.481,2.51917
-0.207241,0.380147,2.481,2.5185
-0.199189,0.380147,2.481,2.51785
-0.191136,0.380147,2.481,2.51722
-0.183083,0.380147,2.481,2.51662
-0.1763,0.382905,2.499,2.5343
-0.168189,0.382905,2.499,2.53375
-0.160078,0.382905,2.499,2.53323
-0.151967,0.382905,2.499,2.53273
-0.144892,0.385663,2.517,2.55049
-0.136723,0.385663,2.517,2.55004
-0.128553,0.385663,2.517,2.54962
-0.120383,0.385663,2.517,2.54922
-0.112214,0.385663,2.517,2.54885
-0.104044,0.385663,2.517,2.5485
-0.0958747,0.385663,2.517,2.54818
-0.0877052,0.385663,2.517,2.54788
-0.0795356,0.385663,2.517,2.54762
-0.0713661,0.385663,2.517,2.54737
-0.0631965,0.385663,2.517,2.54716
-0.055027,0.385663,2.517,2.54697
-0.0468574,0.385663,2.517,2.54681
-0.0384112,0.382905,2.499,2.52846
-0.0303,0.382905,2.499,2.52835
-0.0221889,0.382905,2.499,2.52826
-0.0140778,0.382905,2.499,2.5282
-0.00596664,0.382905,2.499,2.52817
0.00214449,0.382905,2.499,2.52817
0.0102556,0.382905,2.499,2.52819
0.0183668,0.382905,2.499,2.52823
0.0264779,0.382905,2.499,2.5283
0.034589,0.382905,2.499,2.5284
0.0427002,0.382905,2.499,2.52853
0.0508113,0.382905,2.499,2.52868
0.0589224,0.382905,2.499,2.52885
0.0670336,0.382905,2.499,2.52905
0.075686,0.385663,2.517,2.5475
0.0838555,0.385663,2.517,2.54776
0.0920251,0.385663,2.517,2.54804
0.100195,0.385663,2.517,2.54835
0.108364,0.385663,2.517,2.54868
0.116534,0.385663,2.517,2.54904
0.124703,0.385663,2.517,2.54943
0.132873,0.385663,2.517,2.54984
0.141042,0.385663,2.517,2.55028
0.149212,0.385663,2.517,2.55074
0.157382,0.385663,2.517,2.55123
0.165551,0.385663,2.517,2.55175
0.173721,0.385663,2.517,2.55229
0.18189,0.385663,2.517,2.55286
0.19006,0.385663,2.517,2.55346
0.196812,0.382905,2.499,2.53581
0.204923,0.382905,2.499,2.53646
0.213034,0.382905,2.499,2.53712
0.221145,0.382905,2.499,2.53782
0.229256,0.382905,2.499,2.53854
0.237367,0.382905,2.499,2.53928
0.24371,0.380147,2.481,2.52176
0.251763,0.380147,2.481,2.52255
0.259816,0.380147,2.481,2.52337
0.267868,0.380147,2.481,2.52421
0.273919,0.377389,2.463,2.50676
0.281914,0.377389,2.463,2.50764
0.289908,0.377389,2.463,2.50855
0.297902,0.377389,2.463,2.50949
0.305896,0.377389,2.463,2.51045
0.313891,0.377389,2.463,2.51144
0.321885,0.377389,2.463,2.51245
0.329879,0.377389,2.463,2.51349
0.337874,0.377389,2.463,2.51455
0.345868,0.377389,2.463,2.51563
0.353862,0.377389,2.463,2.51675
0.361856,0.377389,2.463,2.51788
0.369851,0.377389,2.463,2.51904
0.377845,0.377389,2.463,2.52023
0.385839,0.377389,2.463,2.52144
0.393834,0.377389,2.463,2.52268
0.401828,0.377389,2.463,2.52394
0.409822,0.377389,2.463,2.52522
0.417816,0.377389,2.463,2.52653
0.425811,0.377389,2.463,2.52787
0.433805,0.377389,2.463,2.52922
0.441799,0.377389,2.463,2.53061
0.449794,0.377389,2.463,2.53202
0.457788,0.377389,2.463,2.53345
0.465782,0.377389,2.463,2.53491
0.473776,0.377389,2.463,2.53639
0.481771,0.377389,2.463,2.53789
0.489765,0.377389,2.463,2.53942
0.497759,0.377389,2.463,2.54098
0.505754,0.377389,2.463,2.54255
0.513748,0.377389,2.463,2.54416
0.521742,0.377389,2.463,2.54578
0.525865,0.374631,2.445,2.52882
0.533801,0.374631,2.445,2.53048
0.541737,0.374631,2.445,2.53216
0.549673,0.374631,2.445,2.53387
0.557609,0.374631,2.445,2.53561
0.565544,0.374631,2.445,2.53736
0.57348,0.374631,2.445,2.53914
0.577374,0.372026,2.428,2.52328
0.585254,0.372026,2.428,2.5251
0.593135,0.372026,2.428,2.52693
0.596808,0.369421,2.411,2.51109
0.604633,0.369421,2.411,2.51296
0.612459,0.369421,2.411,2.51486
0.61591,0.366816,2.394,2.49903
0.623681,0.366816,2.394,2.50095
0.631451,0.366816,2.394,2.5029
0.639221,0.366816,2.394,2.50487
0.646992,0.366816,2.394,2.50687
0.654762,0.366816,2.394,2.50889
0.662532,0.366816,2.394,2.51092
0.665543,0.364211,2.377,2.49514
0.673258,0.364211,2.377,2.49721
0.680973,0.364211,2.377,2.4993
0.688688,0.364211,2.377,2.50141
0.701384,0.366816,2.394,2.52145
0.709154,0.366816,2.394,2.52363
0.716925,0.366816,2.394,2.52582
0.724695,0.366816,2.394,2.52804
0.732465,0.366816,2.394,2.53028
0.740236,0.366816,2.394,2.53254
0.753318,0.369421,2.411,2.55282
0.761143,0.369421,2.411,2.55514
0.768969,0.369421,2.411,2.55748
0.771317,0.366816,2.394,2.54179
0.779087,0.366816,2.394,2.54416
0.786858,0.366816,2.394,2.54655
0.794628,0.366816,2.394,2.54897
0.802398,0.366816,2.394,2.5514
0.810169,0.366816,2.394,2.55385
0.817939,0.366816,2.394,2.55633
0.825709,0.366816,2.394,2.55883
0.83348,0.366816,2.394,2.56134
0.84125,0.366816,2.394,2.56388
0.855049,0.369421,2.411,2.58467
0.862875,0.369421,2.411,2.58727
0.8707,0.369421,2.411,2.58989
0.878526,0.369421,2.411,2.59253
0.886351,0.369421,2.411,2.59519
0.887872,0.366816,2.394,2.57956
0.895642,0.366816,2.394,2.58224
0.903413,0.366816,2.394,2.58495
0.911183,0.366816,2.394,2.58767
0.918953,0.366816,2.394,2.59042
0.933304,0.369421,2.411,2.6116
0.94113,0.369421,2.411,2.61441
0.948955,0.369421,2.411,2.61723
0.956781,0.369421,2.411,2.62008
0.964606,0.369421,2.411,2.62295
0.972432,0.369421,2.411,2.62584
0.973346,0.366816,2.394,2.61021
0.981116,0.366816,2.394,2.61312
0.988886,0.366816,2.394,2.61604
1.00373,0.369421,2.411,2.63759
1.01156,0.369421,2.411,2.64058
1.01938,0.369421,2.411,2.64358
1.03445,0.372026,2.428,2.66527
1.04233,0.372026,2.428,2.66834
1.05021,0.372026,2.428,2.67143
1.0581,0.372026,2.428,2.67454
1.07344,0.374631,2.445,2.69641
1.08934,0.377389,2.463,2.71946
1.09733,0.377389,2.463,2.72267
1.10533,0.377389,2.463,2.7259
1.11332,0.377389,2.463,2.72915
1.12131,0.377389,2.463,2.73242
1.12931,0.377389,2.463,2.73571
1.14561,0.380147,2.481,2.75904
1.15367,0.380147,2.481,2.76239
1.16172,0.380147,2.481,2.76577
1.16977,0.380147,2.481,2.76916
1.17782,0.380147,2.481,2.77257
1.18588,0.380147,2.481,2.776
1.19393,0.380147,2.481,2.77945
1.20198,0.380147,2.481,2.78292
1.21004,0.380147,2.481,2.78641
1.21809,0.380147,2.481,2.78991
1.22614,0.380147,2.481,2.79344
1.22524,0.377389,2.463,2.77669
1.23323,0.377389,2.463,2.78023
1.24123,0.377389,2.463,2.78378
1.24922,0.377389,2.463,2.78735
1.25722,0.377389,2.463,2.79095
1.25596,0.374631,2.445,2.77413
1.2639,0.374631,2.445,2.77774
1.27184,0.374631,2.445,2.78136
1.27977,0.374631,2.445,2.78499
1.28771,0.374631,2.445,2.78865
1.29564,0.374631,2.445,2.79232
1.30358,0.374631,2.445,2.79601
1.32117,0.377389,2.463,2.82033
1.32917,0.377389,2.463,2.82409
1.34693,0.380147,2.481,2.84853
1.36481,0.382905,2.499,2.87304
1.39325,0.388574,2.536,2.91949
1.40148,0.388574,2.536,2.92343
1.43084,0.394396,2.574,2.97125
1.47218,0.403437,2.633,3.04348
1.48073,0.403437,2.633,3.04762
1.50115,0.406654,2.654,3.07612
1.53366,0.41309,2.696,3.12908
1.54241,0.41309,2.696,3.13338
1.5759,0.419678,2.739,3.18774
1.61025,0.42642,2.783,3.24343
1.63266,0.429944,2.806,3.27476
1.64177,0.429944,2.806,3.27931
1.65088,0.429944,2.806,3.28388
1.65999,0.429944,2.806,3.28847
1.65541,0.42642,2.783,3.26609
1.65129,0.423049,2.761,3.24482
1.66025,0.423049,2.761,3.24939
1.65591,0.419678,2.739,3.22805
1.65143,0.416307,2.717,3.20665
1.66025,0.416307,2.717,3.2112
1.65617,0.41309,2.696,3.19092
1.63898,0.406654,2.654,3.14569
1.64759,0.406654,2.654,3.15018
1.6431,0.403437,2.633,3.12973
1.6391,0.400372,2.613,3.11042
1.63497,0.397308,2.593,3.09106
1.64339,0.397308,2.593,3.09552
1.6276,0.391485,2.555,3.05457
1.62373,0.388574,2.536,3.03624
1.63196,0.388574,2.536,3.04065
1.6279,0.385663,2.517,3.02227
1.62437,0.382905,2.499,3.00503
1.63248,0.382905,2.499,3.00942
1.62878,0.380147,2.481,2.99212
1.61308,0.374631,2.445,2.95303
1.62101,0.374631,2.445,2.95737
1.62895,0.374631,2.445,2.96173
1.61412,0.369421,2.411,2.92486
1.62195,0.369421,2.411,2.92918
1.61828,0.366816,2.394,2.91284
1.61451,0.364211,2.377,2.89645
-1.72115,0.388197,2.481,3.04441
-1.7131,0.388197,2.481,3.03986
-1.70505,0.388197,2.481,3.03533
-1.69699,0.388197,2.481,3.03082
-1.68894,0.388197,2.481,3.02631
-1.68089,0.388197,2.481,3.02183
-1.68497,0.391014,2.499,3.03925
-1.67686,0.391014,2.499,3.03476
-1.66875,0.391014,2.499,3.03028
-1.6726,0.39383,2.517,3.04762
-1.66443,0.39383,2.517,3.04314
-1.64442,0.391014,2.499,3.01695
-1.6363,0.391014,2.499,3.01254
-1.62819,0.391014,2.499,3.00814
-1.62008,0.391014,2.499,3.00376
-1.60036,0.388197,2.481,2.97779
-1.59231,0.388197,2.481,2.97347
-1.57276,0.385381,2.463,2.94762
-1.56477,0.385381,2.463,2.94336
-1.55677,0.385381,2.463,2.93912
-1.53746,0.382564,2.445,2.91344
-1.52952,0.382564,2.445,2.90927
-1.52159,0.382564,2.445,2.9051
-1.51365,0.382564,2.445,2.90095
-1.50572,0.382564,2.445,2.89682
-1.49778,0.382564,2.445,2.8927
-1.48984,0.382564,2.445,2.8886
-1.48191,0.382564,2.445,2.88452
-1.47397,0.382564,2.445,2.88045
-1.46604,0.382564,2.445,2.87639
-1.4581,0.382564,2.445,2.87236
-1.45016,0.382564,2.445,2.86834
-1.44223,0.382564,2.445,2.86433
-1.42432,0.379904,2.428,2.84046
-1.41644,0.379904,2.428,2.83651
-1.40856,0.379904,2.428,2.83259
-1.40068,0.379904,2.428,2.82868
-1.3928,0.379904,2.428,2.82478
-1.38492,0.379904,2.428,2.82091
-1.37704,0.379904,2.428,2.81704
-1.36916,0.379904,2.428,2.8132
-1.37081,0.382564,2.445,2.82904
-1.36287,0.382564,2.445,2.82521
-1.35493,0.382564,2.445,2.82139
-1.36683,0.388197,2.481,2.85907
-1.36864,0.391014,2.499,2.87595
-1.37033,0.39383,2.517,2.89278
-1.36216,0.39383,2.517,2.88892
-1.36421,0.396803,2.536,2.90686
-1.36614,0.399776,2.555,2.92475
-1.35784,0.399776,2.555,2.92089
-1.34955,0.399776,2.555,2.91704
-1.35123,0.402749,2.574,2.93488
-1.34288,0.402749,2.574,2.93104
-1.34437,0.405722,2.593,2.94883
-1.34626,0.408851,2.613,2.96772
-1.33778,0.408851,2.613,2.96388
-1.3293,0.408851,2.613,2.96006
-1.32082,0.408851,2.613,2.95626
-1.32238,0.41198,2.633,2.97508
-1.31383,0.41198,2.633,2.97129
-1.30529,0.41198,2.633,2.96752
-1.29674,0.41198,2.633,2.96377
-1.2882,0.41198,2.633,2.96005
-1.27965,0.41198,2.633,2.95634
-1.2711,0.41198,2.633,2.95265
-1.26256,0.41198,2.633,2.94898
-1.24449,0.408851,2.613,2.92296
-1.22654,0.405722,2.593,2.89701
-1.21813,0.405722,2.593,2.89346
-1.20971,0.405722,2.593,2.88992
-1.18369,0.399776,2.555,2.84411
-1.1754,0.399776,2.555,2.84067
-1.15843,0.396803,2.536,2.81615
-1.14158,0.39383,2.517,2.7917
-1.13341,0.39383,2.517,2.78837
-1.11719,0.391014,2.499,2.76514
-1.10908,0.391014,2.499,2.76187
-1.10097,0.391014,2.499,2.75863
-1.08499,0.388197,2.481,2.73555
-1.07693,0.388197,2.481,2.73237
-1.06113,0.385381,2.463,2.70941
-1.05313,0.385381,2.463,2.70628
-1.04514,0.385381,2.463,2.70318
-1.03714,0.385381,2.463,2.7001
-1.02915,0.385381,2.463,2.69704
-1.02116,0.385381,2.463,2.694
-1.01316,0.385381,2.463,2.69098
-1.00517,0.385381,2.463,2.68798
-0.997172,0.385381,2.463,2.685
-0.989178,0.385381,2.463,2.68204
-0.981184,0.385381,2.463,2.67911
-0.973189,0.385381,2.463,2.67619
-0.965195,0.385381,2.463,2.67329
-0.957201,0.385381,2.463,2.67042
-0.949206,0.385381,2.463,2.66756
-0.934334,0.382564,2.445,2.64525
-0.926398,0.382564,2.445,2.64246
-0.918462,0.382564,2.445,2.63969
-0.904195,0.379904,2.428,2.6186
-0.896315,0.379904,2.428,2.61589
-0.888434,0.379904,2.428,2.6132
-0.880553,0.379904,2.428,2.61053
-0.872672,0.379904,2.428,2.60789
-0.864792,0.379904,2.428,2.60526
-0.856911,0.379904,2.428,2.60265
-0.84903,0.379904,2.428,2.60007
-0.84115,0.379904,2.428,2.59751
-0.833269,0.379904,2.428,2.59497
-0.825388,0.379904,2.428,2.59245
-0.817508,0.379904,2.428,2.58995
-0.809627,0.379904,2.428,2.58747
-0.801746,0.379904,2.428,2.58502
-0.793866,0.379904,2.428,2.58258
-0.785985,0.379904,2.428,2.58017
-0.778104,0.379904,2.428,2.57778
-0.770224,0.379904,2.428,2.57541
-0.767681,0.382564,2.445,2.59108
-0.759745,0.382564,2.445,2.58874
-0.751809,0.382564,2.445,2.58643
-0.743873,0.382564,2.445,2.58413
-0.741355,0.385381,2.463,2.60086
-0.733361,0.385381,2.463,2.5986
-0.725366,0.385381,2.463,2.59635
-0.722615,0.388197,2.481,2.61309
-0.714562,0.388197,2.481,2.61087
-0.706509,0.388197,2.481,2.60868
-0.703524,0.391014,2.499,2.62542
-0.695413,0.391014,2.499,2.62326
-0.687302,0.391014,2.499,2.62112
-0.679191,0.391014,2.499,2.61901
-0.675913,0.39383,2.517,2.63576
-0.667744,0.39383,2.517,2.63368
-0.659574,0.39383,2.517,2.63162
-0.651405,0.39383,2.517,2.62959
-0.643235,0.39383,2.517,2.62757
-0.635065,0.39383,2.517,2.62559
-0.626896,0.39383,2.517,2.62362
-0.618726,0.39383,2.517,2.62168
-0.610557,0.39383,2.517,2.61977
-0.602387,0.39383,2.517,2.61787
-0.594218,0.39383,2.517,2.61601
-0.586048,0.39383,2.517,2.61416
-0.577879,0.39383,2.517,2.61234
-0.569709,0.39383,2.517,2.61055
-0.561539,0.39383,2.517,2.60878
-0.55337,0.39383,2.517,2.60703
-0.5452,0.39383,2.517,2.60531
-0.537031,0.39383,2.517,2.60361
-0.525079,0.391014,2.499,2.58333
-0.516968,0.391014,2.499,2.58169
-0.508857,0.391014,2.499,2.58008
-0.500746,0.391014,2.499,2.5785
-0.492635,0.391014,2.499,2.57693
-0.484524,0.391014,2.499,2.57539
-0.476412,0.391014,2.499,2.57388
-0.468301,0.391014,2.499,2.57239
-0.46019,0.391014,2.499,2.57093
-0.452079,0.391014,2.499,2.56949
-0.443968,0.391014,2.499,2.56807
-0.435857,0.391014,2.499,2.56668
-0.427746,0.391014,2.499,2.56532
-0.416612,0.388197,2.481,2.54551
-0.408559,0.388197,2.481,2.54421
-0.400506,0.388197,2.481,2.54292
-0.392454,0.388197,2.481,2.54167
-0.384401,0.388197,2.481,2.54044
-0.376348,0.388197,2.481,2.53923
-0.368296,0.388197,2.481,2.53805
-0.357629,0.385381,2.463,2.51849
-0.349635,0.385381,2.463,2.51737
-0.341641,0.385381,2.463,2.51627
-0.333646,0.385381,2.463,2.5152
-0.325652,0.385381,2.463,2.51415
-0.317658,0.385381,2.463,2.51312
-0.309664,0.385381,2.463,2.51213
-0.301669,0.385381,2.463,2.51115
-0.293675,0.385381,2.463,2.51021
-0.285681,0.385381,2.463,2.50928
-0.277686,0.385381,2.463,2.50839
-0.269692,0.385381,2.463,2.50751
-0.261698,0.385381,2.463,2.50667
-0.253704,0.385381,2.463,2.50584
-0.245709,0.385381,2.463,2.50505
-0.237715,0.385381,2.463,2.50428
-0.229721,0.385381,2.463,2.50353
-0.223347,0.388197,2.481,2.5211
-0.215294,0.388197,2.481,2.5204
-0.207241,0.388197,2.481,2.51972
-0.199189,0.388197,2.481,2.51907
-0.191136,0.388197,2.481,2.51845
-0.183083,0.388197,2.481,2.51785
-0.175031,0.388197,2.481,2.51728
-0.166978,0.388197,2.481,2.51673
-0.160078,0.391014,2.499,2.53447
-0.151967,0.391014,2.499,2.53397
-0.143856,0.391014,2.499,2.53349
-0.136723,0.39383,2.517,2.55129
-0.128553,0.39383,2.517,2.55087
-0.120383,0.39383,2.517,2.55047
-0.112214,0.39383,2.517,2.55009
-0.104044,0.39383,2.517,2.54975
-0.0958747,0.39383,2.517,2.54943
-0.0877052,0.39383,2.517,2.54913
-0.0795356,0.39383,2.517,2.54887
-0.0713661,0.39383,2.517,2.54862
-0.0631965,0.39383,2.517,2.54841
-0.055027,0.39383,2.517,2.54822
-0.0468574,0.39383,2.517,2.54806
-0.0384112,0.391014,2.499,2.5297
-0.0303,0.391014,2.499,2.52959
-0.0221889,0.391014,2.499,2.5295
-0.0140778,0.391014,2.499,2.52944
-0.00596664,0.391014,2.499,2.52941
0.00214449,0.391014,2.499,2.52941
0.0102556,0.391014,2.499,2.52943
0.0183668,0.391014,2.499,2.52947
0.0264779,0.391014,2.499,2.52954
0.034589,0.391014,2.499,2.52964
0.0427002,0.391014,2.499,2.52977
0.0508113,0.391014,2.499,2.52992
0.0589224,0.391014,2.499,2.53009
0.0670336,0.391014,2.499,2.53029
0.0751447,0.391014,2.499,2.53052
0.0832558,0.391014,2.499,2.53078
0.091367,0.391014,2.499,2.53106
0.100195,0.39383,2.517,2.54959
0.108364,0.39383,2.517,2.54993
0.116534,0.39383,2.517,2.55029
0.124703,0.39383,2.517,2.55067
0.132873,0.39383,2.517,2.55109
0.141042,0.39383,2.517,2.55153
0.149212,0.39383,2.517,2.55199
0.157382,0.39383,2.517,2.55248
0.165551,0.39383,2.517,2.553
0.173721,0.39383,2.517,2.55354
0.18189,0.39383,2.517,2.55411
0.19006,0.39383,2.517,2.5547
0.196812,0.391014,2.499,2.53705
0.204923,0.391014,2.499,2.53769
0.213034,0.391014,2.499,2.53836
0.221145,0.391014,2.499,2.53905
0.227605,0.388197,2.481,2.52148
0.235658,0.388197,2.481,2.52222
0.24371,0.388197,2.481,2.52298
0.249936,0.385381,2.463,2.50547
0.257931,0.385381,2.463,2.50628
0.265925,0.385381,2.463,2.50711
0.273919,0.385381,2.463,2.50797
0.281914,0.385381,2.463,2.50886
0.289908,0.385381,2.463,2.50977
0.295725,0.382564,2.445,2.49236
0.303661,0.382564,2.445,2.49331
0.311597,0.382564,2.445,2.49429
0.319533,0.382564,2.445,2.49529
0.327469,0.382564,2.445,2.49632
0.335404,0.382564,2.445,2.49737
0.34334,0.382564,2.445,2.49845
0.351276,0.382564,2.445,2.49956
0.359212,0.382564,2.445,2.50068
0.367148,0.382564,2.445,2.50184
0.375084,0.382564,2.445,2.50301
0.38302,0.382564,2.445,2.50421
0.390955,0.382564,2.445,2.50544
0.398891,0.382564,2.445,2.50669
0.406827,0.382564,2.445,2.50797
0.414763,0.382564,2.445,2.50926
0.425811,0.385381,2.463,2.52907
0.433805,0.385381,2.463,2.53043
0.441799,0.385381,2.463,2.53181
0.449794,0.385381,2.463,2.53322
0.457788,0.385381,2.463,2.53465
0.465782,0.385381,2.463,2.53611
0.473776,0.385381,2.463,2.53759
0.481771,0.385381,2.463,2.53909
0.489765,0.385381,2.463,2.54062
0.497759,0.385381,2.463,2.54217
0.505754,0.385381,2.463,2.54375
0.513748,0.385381,2.463,2.54535
0.521742,0.385381,2.463,2.54698
0.525865,0.382564,2.445,2.53
0.533801,0.382564,2.445,2.53166
0.541737,0.382564,2.445,2.53335
0.549673,0.382564,2.445,2.53506
0.557609,0.382564,2.445,2.53679
0.565544,0.382564,2.445,2.53855
0.57348,0.382564,2.445,2.54033
0.577374,0.379904,2.428,2.52445
0.585254,0.379904,2.428,2.52627
0.593135,0.379904,2.428,2.52811
0.596808,0.377244,2.411,2.51225
0.604633,0.377244,2.411,2.51412
0.612459,0.377244,2.411,2.51602
0.61591,0.374584,2.394,2.50018
0.623681,0.374584,2.394,2.5021
0.631451,0.374584,2.394,2.50405
0.639221,0.374584,2.394,2.50602
0.646992,0.374584,2.394,2.50802
0.654762,0.374584,2.394,2.51003
0.662532,0.374584,2.394,2.51207
0.665543,0.371924,2.377,2.49628
0.673258,0.371924,2.377,2.49835
0.680973,0.371924,2.377,2.50044
0.688688,0.371924,2.377,2.50255
0.701384,0.374584,2.394,2.5226
0.709154,0.374584,2.394,2.52477
0.716925,0.374584,2.394,2.52696
0.724695,0.374584,2.394,2.52918
0.732465,0.374584,2.394,2.53141
0.740236,0.374584,2.394,2.53367
0.753318,0.377244,2.411,2.55396
0.761143,0.377244,2.411,2.55628
0.768969,0.377244,2.411,2.55862
0.771317,0.374584,2.394,2.54293
0.779087,0.374584,2.394,2.5453
0.786858,0.374584,2.394,2.54768
0.794628,0.374584,2.394,2.55009
0.802398,0.374584,2.394,2.55253
0.810169,0.374584,2.394,2.55498
0.817939,0.374584,2.394,2.55745
0.819846,0.371924,2.377,2.54177
0.827561,0.371924,2.377,2.54427
0.835276,0.371924,2.377,2.54679
0.842991,0.371924,2.377,2.54933
0.850707,0.371924,2.377,2.55189
0.858422,0.371924,2.377,2.55448
0.866137,0.371924,2.377,2.55708
0.880102,0.374584,2.394,2.57801
0.881567,0.371924,2.377,2.56235
0.889282,0.371924,2.377,2.56501
0.896997,0.371924,2.377,2.5677
0.904712,0.371924,2.377,2.5704
0.912428,0.371924,2.377,2.57313
0.926724,0.374584,2.394,2.5943
0.934494,0.374584,2.394,2.59708
0.942264,0.374584,2.394,2.59989
0.943288,0.371924,2.377,2.58423
0.951003,0.371924,2.377,2.58706
0.958719,0.371924,2.377,2.5899
0.966434,0.371924,2.377,2.59277
0.981116,0.374584,2.394,2.61422
0.988886,0.374584,2.394,2.61714
0.996657,0.374584,2.394,2.62009
1.00443,0.374584,2.394,2.62306
1.0122,0.374584,2.394,2.62604
1.02721,0.377244,2.411,2.64772
1.03504,0.377244,2.411,2.65076
1.05021,0.379904,2.428,2.67254
1.0581,0.379904,2.428,2.67565
1.06598,0.379904,2.428,2.67877
1.07386,0.379904,2.428,2.68192
1.08174,0.379904,2.428,2.68508
1.09725,0.382564,2.445,2.70709
1.10518,0.382564,2.445,2.71032
1.11312,0.382564,2.445,2.71356
1.12931,0.385381,2.463,2.73683
1.1373,0.385381,2.463,2.74014
1.1453,0.385381,2.463,2.74346
1.15329,0.385381,2.463,2.74681
1.16129,0.385381,2.463,2.75018
1.16928,0.385381,2.463,2.75356
1.17727,0.385381,2.463,2.75697
1.18527,0.385381,2.463,2.76039
1.19326,0.385381,2.463,2.76383
1.20126,0.385381,2.463,2.76729
1.20925,0.385381,2.463,2.77077
1.21725,0.385381,2.463,2.77427
1.22524,0.385381,2.463,2.77779
1.22422,0.382564,2.445,2.761
1.23216,0.382564,2.445,2.76452
1.24009,0.382564,2.445,2.76807
1.24803,0.382564,2.445,2.77163
1.25596,0.382564,2.445,2.77522
1.2639,0.382564,2.445,2.77882
1.27184,0.382564,2.445,2.78244
1.27087,0.379904,2.428,2.7667
1.27875,0.379904,2.428,2.77033
1.28664,0.379904,2.428,2.77398
1.29452,0.379904,2.428,2.77764
1.31152,0.382564,2.445,2.8008
1.31945,0.382564,2.445,2.80452
1.33716,0.385381,2.463,2.82894
1.35498,0.388197,2.481,2.85343
1.38282,0.39383,2.517,2.89872
1.39098,0.39383,2.517,2.90262
1.42028,0.399776,2.555,2.95043
1.44982,0.405722,2.593,2.99837
1.45823,0.405722,2.593,3.00245
1.48927,0.41198,2.633,3.05293
1.52171,0.418552,2.675,3.10587
1.5304,0.418552,2.675,3.11013
1.56324,0.425124,2.717,3.16331
1.59752,0.432008,2.761,3.21898
1.61928,0.43545,2.783,3.24912
1.62831,0.43545,2.783,3.25363
1.63735,0.43545,2.783,3.25816
1.64638,0.43545,2.783,3.26271
1.65541,0.43545,2.783,3.26728
1.65129,0.432008,2.761,3.246
1.66025,0.432008,2.761,3.25057
1.65591,0.428566,2.739,3.22922
1.65143,0.425124,2.717,3.20781
1.66025,0.425124,2.717,3.21236
1.64327,0.418552,2.675,3.1672
1.63898,0.415266,2.654,3.14681
1.63456,0.41198,2.633,3.12637
1.6431,0.41198,2.633,3.13085
1.6391,0.408851,2.613,3.11153
1.63497,0.405722,2.593,3.09215
1.64339,0.405722,2.593,3.09661
1.6276,0.399776,2.555,3.05564
1.62373,0.396803,2.536,3.03731
1.63196,0.396803,2.536,3.04172
1.6279,0.39383,2.517,3.02332
1.62437,0.391014,2.499,3.00607
1.63248,0.391014,2.499,3.01046
1.62878,0.388197,2.481,2.99315
1.62495,0.385381,2.463,2.9758
1.63295,0.385381,2.463,2.98017
1.62895,0.382564,2.445,2.96275
1.6255,0.379904,2.428,2.94649
1.63339,0.379904,2.428,2.95084
1.62977,0.377244,2.411,2.93452
1.61451,0.371924,2.377,2.89743
-1.70866,0.393373,2.463,3.02335
-1.68824,0.390498,2.445,2.99678
-1.6803,0.390498,2.445,2.99231
-1.67237,0.390498,2.445,2.98786
-1.67669,0.393373,2.463,3.00539
-1.66869,0.393373,2.463,3.00094
-1.6607,0.393373,2.463,2.9965
-1.6527,0.393373,2.463,2.99208
-1.64471,0.393373,2.463,2.98767
-1.63672,0.393373,2.463,2.98328
-1.62872,0.393373,2.463,2.9789
-1.62073,0.393373,2.463,2.97454
-1.61273,0.393373,2.463,2.97019
-1.60474,0.393373,2.463,2.96585
-1.59674,0.393373,2.463,2.96154
-1.57714,0.390498,2.445,2.93562
-1.5692,0.390498,2.445,2.93137
-1.55041,0.387783,2.428,2.90677
-1.54253,0.387783,2.428,2.90258
-1.53465,0.387783,2.428,2.8984
-1.51608,0.385068,2.411,2.87397
-1.50825,0.385068,2.411,2.86985
-1.50043,0.385068,2.411,2.86574
-1.4926,0.385068,2.411,2.86165
-1.47431,0.382353,2.394,2.83743
-1.46654,0.382353,2.394,2.8334
-1.46913,0.385068,2.411,2.84948
-1.4613,0.385068,2.411,2.84545
-1.45348,0.385068,2.411,2.84144
-1.44565,0.385068,2.411,2.83745
-1.43782,0.385068,2.411,2.83347
-1.43,0.385068,2.411,2.8295
-1.42217,0.385068,2.411,2.82556
-1.41435,0.385068,2.411,2.82163
-1.40652,0.385068,2.411,2.81771
-1.3987,0.385068,2.411,2.81381
-1.40068,0.387783,2.428,2.82975
-1.3928,0.387783,2.428,2.82585
-1.38492,0.387783,2.428,2.82198
-1.37704,0.387783,2.428,2.81812
-1.36916,0.387783,2.428,2.81428
-1.37081,0.390498,2.445,2.83013
-1.36287,0.390498,2.445,2.82629
-1.35493,0.390498,2.445,2.82247
-1.36683,0.396248,2.481,2.86018
-1.36864,0.399122,2.499,2.87706
-1.37033,0.401997,2.517,2.8939
-1.36216,0.401997,2.517,2.89005
-1.36421,0.405032,2.536,2.90799
-1.36614,0.408066,2.555,2.9259
-1.35784,0.408066,2.555,2.92203
-1.34955,0.408066,2.555,2.91819
-1.35123,0.411101,2.574,2.93604
-1.34288,0.411101,2.574,2.9322
-1.34437,0.414135,2.593,2.95
-1.34626,0.41733,2.613,2.9689
-1.33778,0.41733,2.613,2.96506
-1.3293,0.41733,2.613,2.96124
-1.32082,0.41733,2.613,2.95745
-1.32238,0.420524,2.633,2.97628
-1.31383,0.420524,2.633,2.97249
-1.30529,0.420524,2.633,2.96872
-1.29674,0.420524,2.633,2.96497
-1.2882,0.420524,2.633,2.96125
-1.27965,0.420524,2.633,2.95754
-1.2711,0.420524,2.633,2.95385
-1.26256,0.420524,2.633,2.95018
-1.24449,0.41733,2.613,2.92415
-1.22654,0.414135,2.593,2.8982
-1.21813,0.414135,2.593,2.89465
-1.20971,0.414135,2.593,2.89112
-1.19249,0.411101,2.574,2.86645
-1.18414,0.411101,2.574,2.86298
-1.16711,0.408066,2.555,2.83843
-1.14158,0.401997,2.517,2.79286
-1.13341,0.401997,2.517,2.78954
-1.12524,0.401997,2.517,2.78623
-1.10908,0.399122,2.499,2.76303
-1.10097,0.399122,2.499,2.75979
-1.08499,0.396248,2.481,2.73671
-1.07693,0.396248,2.481,2.73353
-1.06113,0.393373,2.463,2.71055
-1.05313,0.393373,2.463,2.70743
-1.04514,0.393373,2.463,2.70433
-1.03714,0.393373,2.463,2.70125
-1.02915,0.393373,2.463,2.6982
-1.02116,0.393373,2.463,2.69516
-1.01316,0.393373,2.463,2.69214
-1.00517,0.393373,2.463,2.68914
-0.997172,0.393373,2.463,2.68616
-0.989178,0.393373,2.463,2.6832
-0.981184,0.393373,2.463,2.68027
-0.973189,0.393373,2.463,2.67735
-0.965195,0.393373,2.463,2.67446
-0.957201,0.393373,2.463,2.67158
-0.949206,0.393373,2.463,2.66873
-0.934334,0.390498,2.445,2.64641
-0.926398,0.390498,2.445,2.64362
-0.918462,0.390498,2.445,2.64085
-0.904195,0.387783,2.428,2.61976
-0.896315,0.387783,2.428,2.61705
-0.888434,0.387783,2.428,2.61436
-0.880553,0.387783,2.428,2.61169
-0.872672,0.387783,2.428,2.60905
-0.864792,0.387783,2.428,2.60642
-0.856911,0.387783,2.428,2.60382
-0.84903,0.387783,2.428,2.60123
-0.84115,0.387783,2.428,2.59867
-0.833269,0.387783,2.428,2.59613
-0.825388,0.387783,2.428,2.59361
-0.817508,0.387783,2.428,2.59112
-0.809627,0.387783,2.428,2.58864
-0.801746,0.387783,2.428,2.58619
-0.793866,0.387783,2.428,2.58375
-0.785985,0.387783,2.428,2.58134
-0.778104,0.387783,2.428,2.57895
-0.770224,0.387783,2.428,2.57659
-0.767681,0.390498,2.445,2.59227
-0.759745,0.390498,2.445,2.58993
-0.751809,0.390498,2.445,2.58761
-0.743873,0.390498,2.445,2.58532
-0.741355,0.393373,2.463,2.60206
-0.733361,0.393373,2.463,2.59979
-0.725366,0.393373,2.463,2.59755
-0.722615,0.396248,2.481,2.6143
-0.714562,0.396248,2.481,2.61208
-0.706509,0.396248,2.481,2.60989
-0.703524,0.399122,2.499,2.62664
-0.695413,0.399122,2.499,2.62448
-0.687302,0.399122,2.499,2.62234
-0.679191,0.399122,2.499,2.62023
-0.675913,0.401997,2.517,2.637
-0.667744,0.401997,2.517,2.63491
-0.659574,0.401997,2.517,2.63286
-0.651405,0.401997,2.517,2.63082
-0.643235,0.401997,2.517,2.62881
-0.635065,0.401997,2.517,2.62682
-0.626896,0.401997,2.517,2.62486
-0.618726,0.401997,2.517,2.62292
-0.610557,0.401997,2.517,2.62101
-0.602387,0.401997,2.517,2.61911
-0.594218,0.401997,2.517,2.61725
-0.586048,0.401997,2.517,2.61541
-0.573746,0.399122,2.499,2.5949
-0.565635,0.399122,2.499,2.59311
-0.557524,0.399122,2.499,2.59136
-0.549413,0.399122,2.499,2.58962
-0.541301,0.399122,2.499,2.58792
-0.53319,0.399122,2.499,2.58623
-0.525079,0.399122,2.499,2.58457
-0.516968,0.399122,2.499,2.58294
-0.508857,0.399122,2.499,2.58132
-0.500746,0.399122,2.499,2.57974
-0.492635,0.399122,2.499,2.57818
-0.484524,0.399122,2.499,2.57664
-0.476412,0.399122,2.499,2.57512
-0.468301,0.399122,2.499,2.57364
-0.46019,0.399122,2.499,2.57217
-0.452079,0.399122,2.499,2.57073
-0.443968,0.399122,2.499,2.56932
-0.435857,0.399122,2.499,2.56793
-0.427746,0.399122,2.499,2.56657
-0.416612,0.396248,2.481,2.54675
-0.408559,0.396248,2.481,2.54545
-0.400506,0.396248,2.481,2.54417
-0.392454,0.396248,2.481,2.54291
-0.384401,0.396248,2.481,2.54168
-0.376348,0.396248,2.481,2.54047
-0.368296,0.396248,2.481,2.53929
-0.357629,0.393373,2.463,2.51972
-0.349635,0.393373,2.463,2.5186
-0.341641,0.393373,2.463,2.5175
-0.333646,0.393373,2.463,2.51643
-0.325652,0.393373,2.463,2.51538
-0.317658,0.393373,2.463,2.51436
-0.309664,0.393373,2.463,2.51336
-0.301669,0.393373,2.463,2.51239
-0.293675,0.393373,2.463,2.51145
-0.285681,0.393373,2.463,2.51052
-0.277686,0.393373,2.463,2.50963
-0.269692,0.393373,2.463,2.50875
-0.261698,0.393373,2.463,2.50791
-0.253704,0.393373,2.463,2.50709
-0.245709,0.393373,2.463,2.50629
-0.237715,0.393373,2.463,2.50552
-0.229721,0.393373,2.463,2.50477
-0.223347,0.396248,2.481,2.52235
-0.215294,0.396248,2.481,2.52165
-0.207241,0.396248,2.481,2.52098
-0.199189,0.396248,2.481,2.52033
-0.191136,0.396248,2.481,2.5197
-0.183083,0.396248,2.481,2.51911
-0.175031,0.396248,2.481,2.51853
-0.166978,0.396248,2.481,2.51799
-0.160078,0.399122,2.499,2.53573
-0.151967,0.399122,2.499,2.53523
-0.143856,0.399122,2.499,2.53476
-0.135745,0.399122,2.499,2.53431
-0.127634,0.399122,2.499,2.53389
-0.119523,0.399122,2.499,2.53349
-0.111411,0.399122,2.499,2.53312
-0.1033,0.399122,2.499,2.53278
-0.0951891,0.399122,2.499,2.53246
-0.087078,0.399122,2.499,2.53217
-0.0789668,0.399122,2.499,2.5319
-0.0713661,0.401997,2.517,2.5499
-0.0631965,0.401997,2.517,2.54968
-0.055027,0.401997,2.517,2.54949
-0.0465223,0.399122,2.499,2.5311
-0.0384112,0.399122,2.499,2.53096
-0.0303,0.399122,2.499,2.53085
-0.0221889,0.399122,2.499,2.53077
-0.0140778,0.399122,2.499,2.53071
-0.00596664,0.399122,2.499,2.53068
0.00214449,0.399122,2.499,2.53067
0.0102556,0.399122,2.499,2.53069
0.0183668,0.399122,2.499,2.53074
0.0264779,0.399122,2.499,2.53081
0.034589,0.399122,2.499,2.53091
0.0427002,0.399122,2.499,2.53103
0.0508113,0.399122,2.499,2.53118
0.0589224,0.399122,2.499,2.53136
0.0670336,0.399122,2.499,2.53156
0.0751447,0.399122,2.499,2.53179
0.0832558,0.399122,2.499,2.53204
0.091367,0.399122,2.499,2.53232
0.100195,0.401997,2.517,2.55087
0.108364,0.401997,2.517,2.5512
0.116534,0.401997,2.517,2.55156
0.124703,0.401997,2.517,2.55195
0.132873,0.401997,2.517,2.55236
0.141042,0.401997,2.517,2.5528
0.149212,0.401997,2.517,2.55326
0.157382,0.401997,2.517,2.55375
0.165551,0.401997,2.517,2.55427
0.173721,0.401997,2.517,2.55481
0.18189,0.401997,2.517,2.55538
0.19006,0.401997,2.517,2.55598
0.196812,0.399122,2.499,2.53831
0.204923,0.399122,2.499,2.53896
0.213034,0.399122,2.499,2.53962
0.221145,0.399122,2.499,2.54032
0.227605,0.396248,2.481,2.52273
0.235658,0.396248,2.481,2.52347
0.24371,0.396248,2.481,2.52424
0.249936,0.393373,2.463,2.50671
0.257931,0.393373,2.463,2.50752
0.265925,0.393373,2.463,2.50835
0.273919,0.393373,2.463,2.50921
0.281914,0.393373,2.463,2.5101
0.289908,0.393373,2.463,2.51101
0.295725,0.390498,2.445,2.49359
0.303661,0.390498,2.445,2.49454
0.311597,0.390498,2.445,2.49552
0.319533,0.390498,2.445,2.49652
0.327469,0.390498,2.445,2.49755
0.335404,0.390498,2.445,2.4986
0.34334,0.390498,2.445,2.49968
0.351276,0.390498,2.445,2.50078
0.359212,0.390498,2.445,2.50191
0.367148,0.390498,2.445,2.50306
0.375084,0.390498,2.445,2.50424
0.38302,0.390498,2.445,2.50544
0.390955,0.390498,2.445,2.50666
0.398891,0.390498,2.445,2.50791
0.406827,0.390498,2.445,2.50919
0.414763,0.390498,2.445,2.51049
0.422699,0.390498,2.445,2.51181
0.430635,0.390498,2.445,2.51316
0.438571,0.390498,2.445,2.51453
0.446507,0.390498,2.445,2.51593
0.457788,0.393373,2.463,2.53588
0.465782,0.393373,2.463,2.53733
0.470314,0.390498,2.445,2.52026
0.47825,0.390498,2.445,2.52175
0.486186,0.390498,2.445,2.52327
0.494122,0.390498,2.445,2.52481
0.502058,0.390498,2.445,2.52638
0.509993,0.390498,2.445,2.52797
0.517929,0.390498,2.445,2.52958
0.525865,0.390498,2.445,2.53121
0.533801,0.390498,2.445,2.53288
0.541737,0.390498,2.445,2.53456
0.549673,0.390498,2.445,2.53627
0.557609,0.390498,2.445,2.538
0.565544,0.390498,2.445,2.53975
0.569493,0.387783,2.428,2.52386
0.577374,0.387783,2.428,2.52565
0.585254,0.387783,2.428,2.52747
0.593135,0.387783,2.428,2.5293
0.596808,0.385068,2.411,2.51344
0.604633,0.385068,2.411,2.51531
0.612459,0.385068,2.411,2.5172
0.61591,0.382353,2.394,2.50135
0.623681,0.382353,2.394,2.50328
0.631451,0.382353,2.394,2.50523
0.639221,0.382353,2.394,2.5072
0.642397,0.379637,2.377,2.49137
0.650113,0.379637,2.377,2.49337
0.657828,0.379637,2.377,2.49539
0.665543,0.379637,2.377,2.49744
0.673258,0.379637,2.377,2.49951
0.680973,0.379637,2.377,2.5016
0.688688,0.379637,2.377,2.50371
0.701384,0.382353,2.394,2.52376
0.709154,0.382353,2.394,2.52593
0.716925,0.382353,2.394,2.52812
0.724695,0.382353,2.394,2.53034
0.732465,0.382353,2.394,2.53257
0.740236,0.382353,2.394,2.53483
0.748006,0.382353,2.394,2.53711
0.755776,0.382353,2.394,2.53941
0.763547,0.382353,2.394,2.54174
0.771317,0.382353,2.394,2.54408
0.779087,0.382353,2.394,2.54645
0.786858,0.382353,2.394,2.54884
0.788985,0.379637,2.377,2.53313
0.7967,0.379637,2.377,2.53554
0.804416,0.379637,2.377,2.53798
0.812131,0.379637,2.377,2.54044
0.814327,0.377082,2.361,2.5258
0.821991,0.377082,2.361,2.52828
0.829654,0.377082,2.361,2.53078
0.837317,0.377082,2.361,2.5333
0.84498,0.377082,2.361,2.53584
0.852643,0.377082,2.361,2.53841
0.860307,0.377082,2.361,2.54099
0.873852,0.379637,2.377,2.56083
0.875633,0.377082,2.361,2.54622
0.883296,0.377082,2.361,2.54887
0.89096,0.377082,2.361,2.55153
0.898623,0.377082,2.361,2.55422
0.906286,0.377082,2.361,2.55693
0.913949,0.377082,2.361,2.55965
0.927858,0.379637,2.377,2.57976
0.935573,0.379637,2.377,2.58255
0.943288,0.379637,2.377,2.58535
0.951003,0.379637,2.377,2.58818
0.958719,0.379637,2.377,2.59102
0.966434,0.379637,2.377,2.59389
0.974149,0.379637,2.377,2.59677
0.981864,0.379637,2.377,2.59968
0.989579,0.379637,2.377,2.6026
1.00443,0.382353,2.394,2.62418
1.0122,0.382353,2.394,2.62716
1.01997,0.382353,2.394,2.63016
1.03504,0.385068,2.411,2.65189
1.04286,0.385068,2.411,2.65495
1.05069,0.385068,2.411,2.65803
1.06598,0.387783,2.428,2.6799
1.07386,0.387783,2.428,2.68304
1.08174,0.387783,2.428,2.68621
1.08962,0.387783,2.428,2.68939
1.0975,0.387783,2.428,2.69259
1.10538,0.387783,2.428,2.69582
1.11326,0.387783,2.428,2.69906
1.12899,0.390498,2.445,2.72124
1.13693,0.390498,2.445,2.72454
1.14486,0.390498,2.445,2.72786
1.1528,0.390498,2.445,2.7312
1.16073,0.390498,2.445,2.73456
1.16867,0.390498,2.445,2.73794
1.17661,0.390498,2.445,2.74133
1.18454,0.390498,2.445,2.74475
1.19248,0.390498,2.445,2.74818
1.20041,0.390498,2.445,2.75164
1.20835,0.390498,2.445,2.75511
1.21629,0.390498,2.445,2.7586
1.21571,0.387783,2.428,2.7429
1.22359,0.387783,2.428,2.7464
1.23147,0.387783,2.428,2.74992
1.23935,0.387783,2.428,2.75346
1.24723,0.387783,2.428,2.75702
1.25511,0.387783,2.428,2.76059
1.26299,0.387783,2.428,2.76418
1.27087,0.387783,2.428,2.76779
1.27875,0.387783,2.428,2.77142
1.28664,0.387783,2.428,2.77507
1.29452,0.387783,2.428,2.77873
1.31152,0.390498,2.445,2.80189
1.31945,0.390498,2.445,2.80561
1.32739,0.390498,2.445,2.80935
1.34515,0.393373,2.463,2.83382
1.37293,0.399122,2.499,2.8791
1.38104,0.399122,2.499,2.88298
1.40972,0.405032,2.536,2.92962
1.43919,0.411101,2.574,2.97754
1.44755,0.411101,2.574,2.98159
1.48927,0.420524,2.633,3.05409
1.52171,0.427232,2.675,3.10705
1.5304,0.427232,2.675,3.11131
1.56324,0.43394,2.717,3.16451
1.59752,0.440967,2.761,3.22019
1.61928,0.444481,2.783,3.25034
1.62831,0.444481,2.783,3.25485
1.63735,0.444481,2.783,3.25938
1.64638,0.444481,2.783,3.26393
1.65541,0.444481,2.783,3.26849
1.65129,0.440967,2.761,3.2472
1.66025,0.440967,2.761,3.25177
1.65591,0.437453,2.739,3.23041
1.65143,0.43394,2.717,3.20899
1.66025,0.43394,2.717,3.21354
1.64327,0.427232,2.675,3.16836
1.63898,0.423878,2.654,3.14796
1.63456,0.420524,2.633,3.12751
1.6431,0.420524,2.633,3.13198
1.6391,0.41733,2.613,3.11265
1.63497,0.414135,2.593,3.09327
1.64339,0.414135,2.593,3.09772
1.6276,0.408066,2.555,3.05673
1.62373,0.405032,2.536,3.03839
1.63196,0.405032,2.536,3.0428
1.6279,0.401997,2.517,3.02439
1.62437,0.399122,2.499,3.00714
1.63248,0.399122,2.499,3.01153
1.62878,0.396248,2.481,2.99421
1.62495,0.393373,2.463,2.97684
1.63295,0.393373,2.463,2.98121
1.62895,0.390498,2.445,2.96378
1.6255,0.387783,2.428,2.94751
1.63339,0.387783,2.428,2.95187
1.62977,0.385068,2.411,2.93553
1.62605,0.382353,2.394,2.91916
-1.70866,0.401365,2.463,3.0244
-1.68824,0.398432,2.445,2.99782
-1.6803,0.398432,2.445,2.99336
-1.67237,0.398432,2.445,2.98891
-1.67669,0.401365,2.463,3.00645
-1.66869,0.401365,2.463,3.002
-1.6607,0.401365,2.463,2.99756
-1.6527,0.401365,2.463,2.99314
-1.64471,0.401365,2.463,2.98873
-1.63672,0.401365,2.463,2.98434
-1.62872,0.401365,2.463,2.97997
-1.62073,0.401365,2.463,2.9756
-1.61273,0.401365,2.463,2.97126
-1.60474,0.401365,2.463,2.96693
-1.59674,0.401365,2.463,2.96261
-1.57714,0.398432,2.445,2.93669
-1.5692,0.398432,2.445,2.93243
-1.55041,0.395661,2.428,2.90784
-1.54253,0.395661,2.428,2.90364
-1.53465,0.395661,2.428,2.89946
-1.51608,0.392891,2.411,2.87503
-1.50825,0.392891,2.411,2.87091
-1.50043,0.392891,2.411,2.8668
-1.4926,0.392891,2.411,2.86272
-1.47431,0.390121,2.394,2.83849
-1.46654,0.390121,2.394,2.83446
-1.46913,0.392891,2.411,2.85055
-1.4613,0.392891,2.411,2.84652
-1.45348,0.392891,2.411,2.84251
-1.44565,0.392891,2.411,2.83852
-1.43782,0.392891,2.411,2.83454
-1.43,0.392891,2.411,2.83058
-1.42217,0.392891,2.411,2.82663
-1.41435,0.392891,2.411,2.82271
-1.40652,0.392891,2.411,2.81879
-1.3987,0.392891,2.411,2.8149
-1.39087,0.392891,2.411,2.81102
-1.38305,0.392891,2.411,2.80715
-1.37522,0.392891,2.411,2.8033
-1.36739,0.392891,2.411,2.79947
-1.35957,0.392891,2.411,2.79566
-1.36127,0.395661,2.428,2.81155
-1.36287,0.398432,2.445,2.8274
-1.35493,0.398432,2.445,2.82358
-1.35692,0.401365,2.463,2.84054
-1.35878,0.404298,2.481,2.85746
-1.36053,0.407231,2.499,2.87435
-1.35241,0.407231,2.499,2.87052
-1.36421,0.413261,2.536,2.90915
-1.35598,0.413261,2.536,2.9053
-1.34774,0.413261,2.536,2.90146
-1.34955,0.416357,2.555,2.91936
-1.35123,0.419453,2.574,2.93722
-1.34288,0.419453,2.574,2.93338
-1.34437,0.422549,2.593,2.95119
-1.33596,0.422549,2.593,2.94737
-1.33778,0.425808,2.613,2.96627
-1.3293,0.425808,2.613,2.96245
-1.32082,0.425808,2.613,2.95866
-1.31234,0.425808,2.613,2.95488
-1.30385,0.425808,2.613,2.95112
-1.30529,0.429068,2.633,2.96994
-1.29674,0.429068,2.633,2.9662
-1.2882,0.429068,2.633,2.96247
-1.27965,0.429068,2.633,2.95877
-1.2711,0.429068,2.633,2.95508
-1.26256,0.429068,2.633,2.95141
-1.24449,0.425808,2.613,2.92538
-1.22654,0.422549,2.593,2.89942
-1.21813,0.422549,2.593,2.89587
-1.20971,0.422549,2.593,2.89234
-1.19249,0.419453,2.574,2.86766
-1.18414,0.419453,2.574,2.86419
-1.16711,0.416357,2.555,2.83963
-1.14158,0.410164,2.517,2.79405
-1.13341,0.410164,2.517,2.79072
-1.12524,0.410164,2.517,2.78742
-1.10908,0.407231,2.499,2.76422
-1.09304,0.404298,2.481,2.74109
-1.08499,0.404298,2.481,2.73789
-1.07693,0.404298,2.481,2.7347
-1.06113,0.401365,2.463,2.71172
-1.05313,0.401365,2.463,2.70861
-1.04514,0.401365,2.463,2.70551
-1.03714,0.401365,2.463,2.70243
-1.02915,0.401365,2.463,2.69937
-1.02116,0.401365,2.463,2.69633
-1.01316,0.401365,2.463,2.69332
-1.00517,0.401365,2.463,2.69032
-0.997172,0.401365,2.463,2.68734
-0.989178,0.401365,2.463,2.68439
-0.974013,0.398432,2.445,2.66186
-0.966077,0.398432,2.445,2.65896
-0.958141,0.398432,2.445,2.65609
-0.950205,0.398432,2.445,2.65324
-0.94227,0.398432,2.445,2.6504
-0.934334,0.398432,2.445,2.64759
-0.926398,0.398432,2.445,2.6448
-0.918462,0.398432,2.445,2.64203
-0.904195,0.395661,2.428,2.62094
-0.896315,0.395661,2.428,2.61823
-0.888434,0.395661,2.428,2.61554
-0.880553,0.395661,2.428,2.61287
-0.872672,0.395661,2.428,2.61023
-0.864792,0.395661,2.428,2.6076
-0.856911,0.395661,2.428,2.605
-0.84903,0.395661,2.428,2.60242
-0.84115,0.395661,2.428,2.59986
-0.833269,0.395661,2.428,2.59732
-0.825388,0.395661,2.428,2.5948
-0.817508,0.395661,2.428,2.59231
-0.809627,0.395661,2.428,2.58983
-0.801746,0.395661,2.428,2.58738
-0.793866,0.395661,2.428,2.58495
-0.785985,0.395661,2.428,2.58254
-0.778104,0.395661,2.428,2.58015
-0.770224,0.395661,2.428,2.57779
-0.767681,0.398432,2.445,2.59347
-0.759745,0.398432,2.445,2.59114
-0.751809,0.398432,2.445,2.58882
-0.749349,0.401365,2.463,2.60557
-0.741355,0.401365,2.463,2.60328
-0.733361,0.401365,2.463,2.60102
-0.725366,0.401365,2.463,2.59877
-0.722615,0.404298,2.481,2.61553
-0.714562,0.404298,2.481,2.61332
-0.706509,0.404298,2.481,2.61113
-0.703524,0.407231,2.499,2.62789
-0.695413,0.407231,2.499,2.62573
-0.687302,0.407231,2.499,2.62359
-0.679191,0.407231,2.499,2.62148
-0.675913,0.410164,2.517,2.63825
-0.667744,0.410164,2.517,2.63617
-0.659574,0.410164,2.517,2.63412
-0.646746,0.407231,2.499,2.61326
-0.638635,0.407231,2.499,2.61126
-0.630524,0.407231,2.499,2.60929
-0.622413,0.407231,2.499,2.60734
-0.614302,0.407231,2.499,2.60542
-0.606191,0.407231,2.499,2.60352
-0.598079,0.407231,2.499,2.60164
-0.589968,0.407231,2.499,2.59979
-0.581857,0.407231,2.499,2.59796
-0.573746,0.407231,2.499,2.59616
-0.565635,0.407231,2.499,2.59437
-0.557524,0.407231,2.499,2.59262
-0.549413,0.407231,2.499,2.59089
-0.541301,0.407231,2.499,2.58918
-0.53319,0.407231,2.499,2.5875
-0.525079,0.407231,2.499,2.58584
-0.516968,0.407231,2.499,2.5842
-0.508857,0.407231,2.499,2.58259
-0.500746,0.407231,2.499,2.581
-0.492635,0.407231,2.499,2.57944
-0.484524,0.407231,2.499,2.57791
-0.476412,0.407231,2.499,2.57639
-0.468301,0.407231,2.499,2.57491
-0.46019,0.407231,2.499,2.57344
-0.452079,0.407231,2.499,2.57201
-0.443968,0.407231,2.499,2.57059
-0.435857,0.407231,2.499,2.5692
-0.427746,0.407231,2.499,2.56784
-0.416612,0.404298,2.481,2.54802
-0.408559,0.404298,2.481,2.54671
-0.400506,0.404298,2.481,2.54543
-0.392454,0.404298,2.481,2.54418
-0.384401,0.404298,2.481,2.54295
-0.376348,0.404298,2.481,2.54174
-0.368296,0.404298,2.481,2.54056
-0.360243,0.404298,2.481,2.53941
-0.35219,0.404298,2.481,2.53828
-0.344137,0.404298,2.481,2.53717
-0.333646,0.401365,2.463,2.51769
-0.325652,0.401365,2.463,2.51665
-0.317658,0.401365,2.463,2.51562
-0.309664,0.401365,2.463,2.51463
-0.301669,0.401365,2.463,2.51366
-0.293675,0.401365,2.463,2.51271
-0.285681,0.401365,2.463,2.51179
-0.277686,0.401365,2.463,2.51089
-0.269692,0.401365,2.463,2.51002
-0.261698,0.401365,2.463,2.50917
-0.253704,0.401365,2.463,2.50835
-0.245709,0.401365,2.463,2.50756
-0.237715,0.401365,2.463,2.50679
-0.229721,0.401365,2.463,2.50604
-0.223347,0.404298,2.481,2.52363
-0.215294,0.404298,2.481,2.52293
-0.207241,0.404298,2.481,2.52225
-0.199189,0.404298,2.481,2.52161
-0.191136,0.404298,2.481,2.52098
-0.183083,0.404298,2.481,2.52038
-0.175031,0.404298,2.481,2.51981
-0.166978,0.404298,2.481,2.51927
-0.160078,0.407231,2.499,2.53702
-0.151967,0.407231,2.499,2.53652
-0.143856,0.407231,2.499,2.53605
-0.135745,0.407231,2.499,2.5356
-0.127634,0.407231,2.499,2.53518
-0.119523,0.407231,2.499,2.53478
-0.111411,0.407231,2.499,2.53441
-0.1033,0.407231,2.499,2.53407
-0.0951891,0.407231,2.499,2.53375
-0.087078,0.407231,2.499,2.53346
-0.0789668,0.407231,2.499,2.53319
-0.0713661,0.410164,2.517,2.5512
-0.0631965,0.410164,2.517,2.55098
-0.055027,0.410164,2.517,2.55079
-0.0465223,0.407231,2.499,2.53239
-0.0384112,0.407231,2.499,2.53225
-0.0303,0.407231,2.499,2.53214
-0.0221889,0.407231,2.499,2.53206
-0.0140778,0.407231,2.499,2.532
-0.00596664,0.407231,2.499,2.53197
0.00214449,0.407231,2.499,2.53196
0.0102556,0.407231,2.499,2.53198
0.0183668,0.407231,2.499,2.53203
0.0264779,0.407231,2.499,2.5321
0.034589,0.407231,2.499,2.5322
0.0427002,0.407231,2.499,2.53232
0.0508113,0.407231,2.499,2.53247
0.0589224,0.407231,2.499,2.53265
0.0670336,0.407231,2.499,2.53285
0.0751447,0.407231,2.499,2.53308
0.0832558,0.407231,2.499,2.53333
0.091367,0.407231,2.499,2.53361
0.100195,0.410164,2.517,2.55217
0.108364,0.410164,2.517,2.5525
0.116534,0.410164,2.517,2.55286
0.124703,0.410164,2.517,2.55325
0.132873,0.410164,2.517,2.55366
0.141042,0.410164,2.517,2.5541
0.149212,0.410164,2.517,2.55456
0.157382,0.410164,2.517,2.55505
0.165551,0.410164,2.517,2.55557
0.172478,0.407231,2.499,2.53783
0.180589,0.407231,2.499,2.5384
0.188701,0.407231,2.499,2.53899
0.196812,0.407231,2.499,2.5396
0.204923,0.407231,2.499,2.54024
0.213034,0.407231,2.499,2.54091
0.221145,0.407231,2.499,2.5416
0.227605,0.404298,2.481,2.52401
0.235658,0.404298,2.481,2.52475
0.241942,0.401365,2.463,2.50719
0.249936,0.401365,2.463,2.50797
0.257931,0.401365,2.463,2.50878
0.265925,0.401365,2.463,2.50962
0.273919,0.401365,2.463,2.51048
0.281914,0.401365,2.463,2.51136
0.287789,0.398432,2.445,2.49391
0.295725,0.398432,2.445,2.49484
0.303661,0.398432,2.445,2.49579
0.311597,0.398432,2.445,2.49677
0.319533,0.398432,2.445,2.49777
0.327469,0.398432,2.445,2.4988
0.335404,0.398432,2.445,2.49985
0.340953,0.395661,2.428,2.48354
0.348834,0.395661,2.428,2.48464
0.356714,0.395661,2.428,2.48575
0.364595,0.395661,2.428,2.4869
0.372476,0.395661,2.428,2.48807
0.380356,0.395661,2.428,2.48926
0.388237,0.395661,2.428,2.49047
0.396118,0.395661,2.428,2.49171
0.403999,0.395661,2.428,2.49298
0.411879,0.395661,2.428,2.49427
0.41976,0.395661,2.428,2.49558
0.427641,0.395661,2.428,2.49692
0.438571,0.398432,2.445,2.51577
0.446507,0.398432,2.445,2.51717
0.454442,0.398432,2.445,2.51859
0.462378,0.398432,2.445,2.52003
0.470314,0.398432,2.445,2.5215
0.47825,0.398432,2.445,2.52299
0.486186,0.398432,2.445,2.52451
0.494122,0.398432,2.445,2.52605
0.502058,0.398432,2.445,2.52761
0.509993,0.398432,2.445,2.5292
0.517929,0.398432,2.445,2.53081
0.525865,0.398432,2.445,2.53245
0.533801,0.398432,2.445,2.53411
0.541737,0.398432,2.445,2.53579
0.545851,0.395661,2.428,2.51986
0.553732,0.395661,2.428,2.52158
0.565544,0.398432,2.445,2.54099
0.569493,0.395661,2.428,2.52509
0.577374,0.395661,2.428,2.52687
0.585254,0.395661,2.428,2.52869
0.588982,0.392891,2.411,2.5128
0.596808,0.392891,2.411,2.51465
0.604633,0.392891,2.411,2.51652
0.60814,0.390121,2.394,2.50065
0.61591,0.390121,2.394,2.50255
0.623681,0.390121,2.394,2.50448
0.631451,0.390121,2.394,2.50642
0.634682,0.38735,2.377,2.49058
0.642397,0.38735,2.377,2.49256
0.650113,0.38735,2.377,2.49456
0.657828,0.38735,2.377,2.49658
0.665543,0.38735,2.377,2.49862
0.673258,0.38735,2.377,2.50069
0.680973,0.38735,2.377,2.50278
0.693614,0.390121,2.394,2.5228
0.701384,0.390121,2.394,2.52495
0.709154,0.390121,2.394,2.52712
0.716925,0.390121,2.394,2.52931
0.724695,0.390121,2.394,2.53152
0.732465,0.390121,2.394,2.53376
0.740236,0.390121,2.394,2.53602
0.748006,0.390121,2.394,2.5383
0.755776,0.390121,2.394,2.5406
0.758125,0.38735,2.377,2.52486
0.76584,0.38735,2.377,2.52719
0.773555,0.38735,2.377,2.52954
0.78127,0.38735,2.377,2.53191
0.783674,0.384743,2.361,2.51724
0.791338,0.384743,2.361,2.51964
0.799001,0.384743,2.361,2.52205
0.801198,0.382136,2.345,2.50738
0.808809,0.382136,2.345,2.50983
0.81642,0.382136,2.345,2.51229
0.824031,0.382136,2.345,2.51477
0.831643,0.382136,2.345,2.51728
0.839254,0.382136,2.345,2.5198
0.846865,0.382136,2.345,2.52235
0.854477,0.382136,2.345,2.52491
0.862088,0.382136,2.345,2.5275
0.869699,0.382136,2.345,2.5301
0.87731,0.382136,2.345,2.53273
0.884922,0.382136,2.345,2.53538
0.892533,0.382136,2.345,2.53804
0.900144,0.382136,2.345,2.54073
0.907756,0.382136,2.345,2.54344
0.927858,0.38735,2.377,2.58091
0.935573,0.38735,2.377,2.58369
0.943288,0.38735,2.377,2.5865
0.951003,0.38735,2.377,2.58932
0.958719,0.38735,2.377,2.59216
0.966434,0.38735,2.377,2.59503
0.974149,0.38735,2.377,2.59791
0.981864,0.38735,2.377,2.60081
0.989579,0.38735,2.377,2.60374
1.00443,0.390121,2.394,2.62532
1.0122,0.390121,2.394,2.6283
1.01997,0.390121,2.394,2.6313
1.03504,0.392891,2.411,2.65303
1.04286,0.392891,2.411,2.6561
1.05069,0.392891,2.411,2.65918
1.06598,0.395661,2.428,2.68105
1.07386,0.395661,2.428,2.68419
1.08174,0.395661,2.428,2.68736
1.08962,0.395661,2.428,2.69054
1.0975,0.395661,2.428,2.69374
1.10538,0.395661,2.428,2.69696
1.11326,0.395661,2.428,2.7002
1.12899,0.398432,2.445,2.72239
1.13693,0.398432,2.445,2.72569
1.14486,0.398432,2.445,2.72901
1.1528,0.398432,2.445,2.73235
1.16073,0.398432,2.445,2.7357
1.16867,0.398432,2.445,2.73908
1.17661,0.398432,2.445,2.74248
1.18454,0.398432,2.445,2.74589
1.19248,0.398432,2.445,2.74932
1.20041,0.398432,2.445,2.75277
1.20835,0.398432,2.445,2.75624
1.21629,0.398432,2.445,2.75973
1.21571,0.395661,2.428,2.74403
1.22359,0.395661,2.428,2.74753
1.23147,0.395661,2.428,2.75105
1.23935,0.395661,2.428,2.75458
1.24723,0.395661,2.428,2.75814
1.25511,0.395661,2.428,2.76171
1.26299,0.395661,2.428,2.7653
1.27087,0.395661,2.428,2.76891
1.27875,0.395661,2.428,2.77253
1.28664,0.395661,2.428,2.77618
1.29452,0.395661,2.428,2.77984
1.31152,0.398432,2.445,2.80301
1.31945,0.398432,2.445,2.80673
1.32739,0.398432,2.445,2.81047
1.34515,0.401365,2.463,2.83494
1.37293,0.407231,2.499,2.88024
1.38104,0.407231,2.499,2.88411
1.40972,0.413261,2.536,2.93076
1.43919,0.419453,2.574,2.97871
1.44755,0.419453,2.574,2.98275
1.47796,0.425808,2.613,3.03207
1.50977,0.43249,2.654,3.08385
1.51838,0.43249,2.654,3.08808
1.55116,0.439334,2.696,3.14126
1.57206,0.442756,2.717,3.17009
1.59368,0.446341,2.739,3.20018
1.60257,0.446341,2.739,3.20462
1.6244,0.449926,2.761,3.23485
1.63337,0.449926,2.761,3.23936
1.64233,0.449926,2.761,3.24389
1.63813,0.446341,2.739,3.22255
1.64702,0.446341,2.739,3.22708
1.64261,0.442756,2.717,3.20567
1.63867,0.439334,2.696,3.18538
1.64742,0.439334,2.696,3.18989
1.64327,0.435912,2.675,3.16954
1.63898,0.43249,2.654,3.14913
1.63456,0.429068,2.633,3.12867
1.6431,0.429068,2.633,3.13314
1.6391,0.425808,2.613,3.1138
1.63497,0.422549,2.593,3.0944
1.64339,0.422549,2.593,3.09886
1.6276,0.416357,2.555,3.05785
1.62373,0.413261,2.536,3.0395
1.63196,0.413261,2.536,3.04391
1.6279,0.410164,2.517,3.02549
1.62437,0.407231,2.499,3.00823
1.63248,0.407231,2.499,3.01261
1.62878,0.404298,2.481,2.99528
1.62495,0.401365,2.463,2.97791
1.63295,0.401365,2.463,2.98228
1.62895,0.398432,2.445,2.96484
1.61412,0.392891,2.411,2.92791
1.62195,0.392891,2.411,2.93224
1.62977,0.392891,2.411,2.93657
1.61451,0.38735,2.377,2.89945
-1.68438,0.40354,2.428,2.98248
-1.6765,0.40354,2.428,2.97803
-1.66862,0.40354,2.428,2.97361
-1.66074,0.40354,2.428,2.96919
-1.65286,0.40354,2.428,2.96479
-1.64498,0.40354,2.428,2.9604
-1.64856,0.406365,2.445,2.97673
-1.64063,0.406365,2.445,2.97234
-1.63269,0.406365,2.445,2.96797
-1.62475,0.406365,2.445,2.96361
-1.60558,0.40354,2.428,2.93869
-1.5977,0.40354,2.428,2.93439
-1.58981,0.40354,2.428,2.93011
-1.58193,0.40354,2.428,2.92584
-1.57405,0.40354,2.428,2.92159
-1.56617,0.40354,2.428,2.91735
-1.55829,0.40354,2.428,2.91313
-1.5287,0.397889,2.394,2.86818
-1.52093,0.397889,2.394,2.86405
-1.51316,0.397889,2.394,2.85993
-1.4947,0.395063,2.377,2.83555
-1.48698,0.395063,2.377,2.83149
-1.47927,0.395063,2.377,2.82744
-1.47155,0.395063,2.377,2.82342
-1.46384,0.395063,2.377,2.8194
-1.45612,0.395063,2.377,2.8154
-1.44841,0.395063,2.377,2.81142
-1.44069,0.395063,2.377,2.80745
-1.43298,0.395063,2.377,2.8035
-1.42526,0.395063,2.377,2.79957
-1.41755,0.395063,2.377,2.79565
-1.40983,0.395063,2.377,2.79174
-1.40212,0.395063,2.377,2.78786
-1.3944,0.395063,2.377,2.78398
-1.39661,0.397889,2.394,2.80001
-1.38883,0.397889,2.394,2.79614
-1.38106,0.397889,2.394,2.79229
-1.37329,0.397889,2.394,2.78846
-1.36552,0.397889,2.394,2.78464
-1.36739,0.400714,2.411,2.80058
-1.35957,0.400714,2.411,2.79677
-1.35174,0.400714,2.411,2.79297
-1.35339,0.40354,2.428,2.80886
-1.34551,0.40354,2.428,2.80507
-1.35692,0.409357,2.463,2.84168
-1.34892,0.409357,2.463,2.83787
-1.36053,0.41534,2.499,2.87551
-1.35241,0.41534,2.499,2.87168
-1.35399,0.418332,2.517,2.88852
-1.35598,0.42149,2.536,2.90648
-1.34774,0.42149,2.536,2.90265
-1.33951,0.42149,2.536,2.89884
-1.34126,0.424647,2.555,2.91673
-1.33296,0.424647,2.555,2.91293
-1.33452,0.427805,2.574,2.93077
-1.33596,0.430963,2.593,2.94859
-1.32754,0.430963,2.593,2.94478
-1.31912,0.430963,2.593,2.941
-1.32082,0.434287,2.613,2.95989
-1.31234,0.434287,2.613,2.95611
-1.30385,0.434287,2.613,2.95236
-1.30529,0.437611,2.633,2.97119
-1.29674,0.437611,2.633,2.96745
-1.2882,0.437611,2.633,2.96372
-1.27965,0.437611,2.633,2.96002
-1.2711,0.437611,2.633,2.95633
-1.26256,0.437611,2.633,2.95267
-1.25401,0.437611,2.633,2.94902
-1.23601,0.434287,2.613,2.92303
-1.22752,0.434287,2.613,2.91945
-1.20971,0.430963,2.593,2.89358
-1.19249,0.427805,2.574,2.86889
-1.18414,0.427805,2.574,2.86543
-1.16711,0.424647,2.555,2.84086
-1.1502,0.42149,2.536,2.81636
-1.14196,0.42149,2.536,2.81301
-1.12524,0.418332,2.517,2.78863
-1.10908,0.41534,2.499,2.76542
-1.09304,0.412348,2.481,2.74229
-1.08499,0.412348,2.481,2.73909
-1.07693,0.412348,2.481,2.73591
-1.06113,0.409357,2.463,2.71292
-1.05313,0.409357,2.463,2.7098
-1.04514,0.409357,2.463,2.70671
-1.03714,0.409357,2.463,2.70363
-1.02915,0.409357,2.463,2.70057
-1.02116,0.409357,2.463,2.69754
-1.00576,0.406365,2.445,2.67483
-0.997821,0.406365,2.445,2.67185
-0.989885,0.406365,2.445,2.6689
-0.981949,0.406365,2.445,2.66597
-0.974013,0.406365,2.445,2.66305
-0.966077,0.406365,2.445,2.66016
-0.958141,0.406365,2.445,2.65729
-0.950205,0.406365,2.445,2.65444
-0.94227,0.406365,2.445,2.65161
-0.934334,0.406365,2.445,2.6488
-0.926398,0.406365,2.445,2.64601
-0.918462,0.406365,2.445,2.64324
-0.904195,0.40354,2.428,2.62214
-0.896315,0.40354,2.428,2.61943
-0.888434,0.40354,2.428,2.61674
-0.880553,0.40354,2.428,2.61408
-0.872672,0.40354,2.428,2.61143
-0.864792,0.40354,2.428,2.60881
-0.856911,0.40354,2.428,2.60621
-0.84903,0.40354,2.428,2.60363
-0.84115,0.40354,2.428,2.60107
-0.833269,0.40354,2.428,2.59853
-0.825388,0.40354,2.428,2.59602
-0.823232,0.406365,2.445,2.61168
-0.815296,0.406365,2.445,2.60919
-0.80736,0.406365,2.445,2.60672
-0.799424,0.406365,2.445,2.60427
-0.791488,0.406365,2.445,2.60185
-0.783552,0.406365,2.445,2.59944
-0.775616,0.406365,2.445,2.59706
-0.767681,0.406365,2.445,2.5947
-0.759745,0.406365,2.445,2.59237
-0.751809,0.406365,2.445,2.59005
-0.749349,0.409357,2.463,2.60681
-0.741355,0.409357,2.463,2.60452
-0.733361,0.409357,2.463,2.60226
-0.725366,0.409357,2.463,2.60002
-0.722615,0.412348,2.481,2.61679
-0.714562,0.412348,2.481,2.61457
-0.706509,0.412348,2.481,2.61238
-0.703524,0.41534,2.499,2.62915
-0.695413,0.41534,2.499,2.627
-0.687302,0.41534,2.499,2.62486
-0.679191,0.41534,2.499,2.62275
-0.675913,0.418332,2.517,2.63954
-0.667744,0.418332,2.517,2.63746
-0.659574,0.418332,2.517,2.6354
-0.646746,0.41534,2.499,2.61453
-0.638635,0.41534,2.499,2.61254
-0.630524,0.41534,2.499,2.61057
-0.622413,0.41534,2.499,2.60862
-0.614302,0.41534,2.499,2.6067
-0.606191,0.41534,2.499,2.6048
-0.598079,0.41534,2.499,2.60292
-0.589968,0.41534,2.499,2.60107
-0.581857,0.41534,2.499,2.59924
-0.573746,0.41534,2.499,2.59744
-0.565635,0.41534,2.499,2.59566
-0.557524,0.41534,2.499,2.5939
-0.549413,0.41534,2.499,2.59217
-0.541301,0.41534,2.499,2.59047
-0.53319,0.41534,2.499,2.58878
-0.525079,0.41534,2.499,2.58713
-0.516968,0.41534,2.499,2.58549
-0.508857,0.41534,2.499,2.58388
-0.500746,0.41534,2.499,2.5823
-0.492635,0.41534,2.499,2.58074
-0.484524,0.41534,2.499,2.5792
-0.476412,0.41534,2.499,2.57769
-0.468301,0.41534,2.499,2.5762
-0.46019,0.41534,2.499,2.57474
-0.452079,0.41534,2.499,2.5733
-0.443968,0.41534,2.499,2.57189
-0.435857,0.41534,2.499,2.5705
-0.427746,0.41534,2.499,2.56914
-0.416612,0.412348,2.481,2.54931
-0.408559,0.412348,2.481,2.548
-0.400506,0.412348,2.481,2.54672
-0.392454,0.412348,2.481,2.54547
-0.384401,0.412348,2.481,2.54424
-0.376348,0.412348,2.481,2.54304
-0.368296,0.412348,2.481,2.54186
-0.360243,0.412348,2.481,2.5407
-0.35219,0.412348,2.481,2.53957
-0.344137,0.412348,2.481,2.53847
-0.333646,0.409357,2.463,2.51898
-0.325652,0.409357,2.463,2.51793
-0.317658,0.409357,2.463,2.51691
-0.309664,0.409357,2.463,2.51592
-0.301669,0.409357,2.463,2.51494
-0.293675,0.409357,2.463,2.514
-0.285681,0.409357,2.463,2.51308
-0.277686,0.409357,2.463,2.51218
-0.269692,0.409357,2.463,2.51131
-0.261698,0.409357,2.463,2.51046
-0.253704,0.409357,2.463,2.50964
-0.245709,0.409357,2.463,2.50885
-0.237715,0.409357,2.463,2.50808
-0.229721,0.409357,2.463,2.50733
-0.223347,0.412348,2.481,2.52493
-0.215294,0.412348,2.481,2.52423
-0.207241,0.412348,2.481,2.52356
-0.199189,0.412348,2.481,2.52291
-0.191136,0.412348,2.481,2.52229
-0.183083,0.412348,2.481,2.52169
-0.175031,0.412348,2.481,2.52112
-0.166978,0.412348,2.481,2.52057
-0.160078,0.41534,2.499,2.53833
-0.151967,0.41534,2.499,2.53783
-0.143856,0.41534,2.499,2.53736
-0.135745,0.41534,2.499,2.53691
-0.127634,0.41534,2.499,2.53649
-0.119523,0.41534,2.499,2.5361
-0.111411,0.41534,2.499,2.53573
-0.1033,0.41534,2.499,2.53539
-0.0951891,0.41534,2.499,2.53507
-0.087078,0.41534,2.499,2.53478
-0.0789668,0.41534,2.499,2.53451
-0.0708557,0.41534,2.499,2.53427
-0.0627446,0.41534,2.499,2.53406
-0.0546334,0.41534,2.499,2.53387
-0.0465223,0.41534,2.499,2.53371
-0.0384112,0.41534,2.499,2.53357
-0.0303,0.41534,2.499,2.53346
-0.0221889,0.41534,2.499,2.53338
-0.0140778,0.41534,2.499,2.53332
-0.00596664,0.41534,2.499,2.53329
0.00214449,0.41534,2.499,2.53328
0.0102556,0.41534,2.499,2.5333
0.0183668,0.41534,2.499,2.53335
0.0264779,0.41534,2.499,2.53342
0.034589,0.41534,2.499,2.53352
0.0427002,0.41534,2.499,2.53364
0.0508113,0.41534,2.499,2.53379
0.0589224,0.41534,2.499,2.53397
0.0670336,0.41534,2.499,2.53417
0.0751447,0.41534,2.499,2.53439
0.0832558,0.41534,2.499,2.53465
0.091367,0.41534,2.499,2.53493
0.100195,0.418332,2.517,2.55349
0.108364,0.418332,2.517,2.55383
0.116534,0.418332,2.517,2.55419
0.124703,0.418332,2.517,2.55457
0.132873,0.418332,2.517,2.55498
0.141042,0.418332,2.517,2.55542
0.149212,0.418332,2.517,2.55589
0.157382,0.418332,2.517,2.55638
0.165551,0.418332,2.517,2.55689
0.172478,0.41534,2.499,2.53914
0.180589,0.41534,2.499,2.53971
0.188701,0.41534,2.499,2.5403
0.196812,0.41534,2.499,2.54091
0.204923,0.41534,2.499,2.54156
0.2115,0.412348,2.481,2.52391
0.219552,0.412348,2.481,2.5246
0.227605,0.412348,2.481,2.52531
0.235658,0.412348,2.481,2.52605
0.241942,0.409357,2.463,2.50848
0.249936,0.409357,2.463,2.50926
0.257931,0.409357,2.463,2.51007
0.265925,0.409357,2.463,2.51091
0.273919,0.409357,2.463,2.51177
0.281914,0.409357,2.463,2.51265
0.287789,0.406365,2.445,2.49519
0.295725,0.406365,2.445,2.49612
0.303661,0.406365,2.445,2.49707
0.311597,0.406365,2.445,2.49805
0.319533,0.406365,2.445,2.49905
0.325192,0.40354,2.428,2.4827
0.333072,0.40354,2.428,2.48374
0.340953,0.40354,2.428,2.48481
0.348834,0.40354,2.428,2.4859
0.356714,0.40354,2.428,2.48702
0.364595,0.40354,2.428,2.48816
0.372476,0.40354,2.428,2.48933
0.380356,0.40354,2.428,2.49052
0.388237,0.40354,2.428,2.49174
0.396118,0.40354,2.428,2.49298
0.403999,0.40354,2.428,2.49424
0.408995,0.400714,2.411,2.47806
0.416821,0.400714,2.411,2.47936
0.427641,0.40354,2.428,2.49818
0.435521,0.40354,2.428,2.49954
0.443402,0.40354,2.428,2.50093
0.451283,0.40354,2.428,2.50234
0.459163,0.40354,2.428,2.50377
0.467044,0.40354,2.428,2.50523
0.474925,0.40354,2.428,2.50671
0.486186,0.406365,2.445,2.52577
0.494122,0.406365,2.445,2.52731
0.502058,0.406365,2.445,2.52888
0.509993,0.406365,2.445,2.53046
0.517929,0.406365,2.445,2.53208
0.525865,0.406365,2.445,2.53371
0.533801,0.406365,2.445,2.53537
0.541737,0.406365,2.445,2.53705
0.545851,0.40354,2.428,2.52111
0.553732,0.40354,2.428,2.52283
0.565544,0.406365,2.445,2.54224
0.569493,0.40354,2.428,2.52633
0.577374,0.40354,2.428,2.52812
0.585254,0.40354,2.428,2.52993
0.588982,0.400714,2.411,2.51404
0.596808,0.400714,2.411,2.51588
0.604633,0.400714,2.411,2.51775
0.60814,0.397889,2.394,2.50188
0.61591,0.397889,2.394,2.50378
0.623681,0.397889,2.394,2.5057
0.631451,0.397889,2.394,2.50764
0.634682,0.395063,2.377,2.49179
0.642397,0.395063,2.377,2.49377
0.650113,0.395063,2.377,2.49577
0.657828,0.395063,2.377,2.49779
0.665543,0.395063,2.377,2.49983
0.673258,0.395063,2.377,2.5019
0.680973,0.395063,2.377,2.50398
0.693614,0.397889,2.394,2.52402
0.701384,0.397889,2.394,2.52616
0.709154,0.397889,2.394,2.52833
0.716925,0.397889,2.394,2.53052
0.724695,0.397889,2.394,2.53273
0.732465,0.397889,2.394,2.53497
0.740236,0.397889,2.394,2.53722
0.748006,0.397889,2.394,2.5395
0.755776,0.397889,2.394,2.5418
0.758125,0.395063,2.377,2.52606
0.76584,0.395063,2.377,2.52838
0.773555,0.395063,2.377,2.53073
0.78127,0.395063,2.377,2.5331
0.783674,0.392404,2.361,2.51842
0.791338,0.392404,2.361,2.52082
0.799001,0.392404,2.361,2.52323
0.801198,0.389745,2.345,2.50855
0.808809,0.389745,2.345,2.511
0.81642,0.389745,2.345,2.51346
0.824031,0.389745,2.345,2.51594
0.831643,0.389745,2.345,2.51844
0.839254,0.389745,2.345,2.52097
0.846865,0.389745,2.345,2.52351
0.854477,0.389745,2.345,2.52608
0.862088,0.389745,2.345,2.52866
0.869699,0.389745,2.345,2.53127
0.87731,0.389745,2.345,2.53389
0.884922,0.389745,2.345,2.53654
0.892533,0.389745,2.345,2.5392
0.900144,0.389745,2.345,2.54189
0.907756,0.389745,2.345,2.54459
0.921612,0.392404,2.361,2.5647
0.929276,0.392404,2.361,2.56746
0.936939,0.392404,2.361,2.57024
0.944602,0.392404,2.361,2.57305
0.952265,0.392404,2.361,2.57587
0.959929,0.392404,2.361,2.57871
0.967592,0.392404,2.361,2.58158
0.975255,0.392404,2.361,2.58446
0.989579,0.395063,2.377,2.60489
0.997294,0.395063,2.377,2.60783
1.00501,0.395063,2.377,2.61079
1.01272,0.395063,2.377,2.61377
1.02774,0.397889,2.394,2.63549
1.03551,0.397889,2.394,2.63853
1.04328,0.397889,2.394,2.64159
1.05105,0.397889,2.394,2.64467
1.06634,0.400714,2.411,2.66657
1.07416,0.400714,2.411,2.6697
1.08199,0.400714,2.411,2.67286
1.0975,0.40354,2.428,2.69491
1.10538,0.40354,2.428,2.69813
1.11326,0.40354,2.428,2.70137
1.12114,0.40354,2.428,2.70462
1.12902,0.40354,2.428,2.7079
1.1369,0.40354,2.428,2.71119
1.14478,0.40354,2.428,2.71451
1.15266,0.40354,2.428,2.71784
1.16054,0.40354,2.428,2.72119
1.16842,0.40354,2.428,2.72456
1.17631,0.40354,2.428,2.72795
1.18419,0.40354,2.428,2.73136
1.19207,0.40354,2.428,2.73479
1.19995,0.40354,2.428,2.73823
1.20783,0.40354,2.428,2.74169
1.21571,0.40354,2.428,2.74517
1.21502,0.400714,2.411,2.72943
1.22285,0.400714,2.411,2.73292
1.23067,0.400714,2.411,2.73643
1.2385,0.400714,2.411,2.73996
1.24632,0.400714,2.411,2.7435
1.25415,0.400714,2.411,2.74707
1.26198,0.400714,2.411,2.75065
1.2698,0.400714,2.411,2.75425
1.27763,0.400714,2.411,2.75787
1.28545,0.400714,2.411,2.7615
1.3024,0.40354,2.428,2.78465
1.31028,0.40354,2.428,2.78834
1.32739,0.406365,2.445,2.8116
1.34515,0.409357,2.463,2.83609
1.36304,0.412348,2.481,2.86064
1.37109,0.412348,2.481,2.86449
1.39915,0.418332,2.517,2.90997
1.42857,0.424647,2.555,2.9579
1.43686,0.424647,2.555,2.96191
1.46665,0.430963,2.593,3.01006
1.48644,0.434287,2.613,3.03741
1.49492,0.434287,2.613,3.04157
1.527,0.441101,2.654,3.09354
1.55991,0.448082,2.696,3.14683
1.58088,0.451572,2.717,3.17572
1.5897,0.451572,2.717,3.18012
1.59852,0.451572,2.717,3.18454
1.60734,0.451572,2.717,3.18897
1.61616,0.451572,2.717,3.19343
1.62497,0.451572,2.717,3.1979
1.63379,0.451572,2.717,3.20239
1.62992,0.448082,2.696,3.18211
1.6259,0.444592,2.675,3.16178
1.63458,0.444592,2.675,3.16625
1.64327,0.444592,2.675,3.17074
1.62601,0.437611,2.633,3.1254
1.63456,0.437611,2.633,3.12985
1.6431,0.437611,2.633,3.13432
1.62656,0.430963,2.593,3.09113
1.62299,0.427805,2.574,3.07288
1.63135,0.427805,2.574,3.0773
1.6276,0.424647,2.555,3.05899
1.62373,0.42149,2.536,3.04063
1.63196,0.42149,2.536,3.04504
1.6279,0.418332,2.517,3.02661
1.62437,0.41534,2.499,3.00933
1.63248,0.41534,2.499,3.01372
1.61696,0.409357,2.463,2.97464
1.61308,0.406365,2.445,2.95723
1.62101,0.406365,2.445,2.96156
1.61762,0.40354,2.428,2.94529
1.61412,0.400714,2.411,2.92897
1.62195,0.400714,2.411,2.93329
1.61828,0.397889,2.394,2.91691
1.61451,0.395063,2.377,2.90049
-1.67259,0.408538,2.411,2.96266
-1.66476,0.408538,2.411,2.95825
-1.65694,0.408538,2.411,2.95386
-1.64911,0.408538,2.411,2.94947
-1.64129,0.408538,2.411,2.94511
-1.63346,0.408538,2.411,2.94075
-1.62564,0.408538,2.411,2.93641
-1.61781,0.408538,2.411,2.93209
-1.60999,0.408538,2.411,2.92778
-1.60216,0.408538,2.411,2.92348
-1.59433,0.408538,2.411,2.9192
-1.58651,0.408538,2.411,2.91493
-1.57868,0.408538,2.411,2.91068
-1.57086,0.408538,2.411,2.90644
-1.55201,0.405657,2.394,2.88176
-1.53328,0.402776,2.377,2.85715
-1.52556,0.402776,2.377,2.85301
-1.51785,0.402776,2.377,2.8489
-1.49997,0.400065,2.361,2.82564
-1.4923,0.400065,2.361,2.82158
-1.48464,0.400065,2.361,2.81754
-1.47698,0.400065,2.361,2.81351
-1.46931,0.400065,2.361,2.80949
-1.45174,0.397354,2.345,2.78648
-1.44413,0.397354,2.345,2.78252
-1.43652,0.397354,2.345,2.77858
-1.43866,0.400065,2.361,2.79358
-1.431,0.400065,2.361,2.78965
-1.42333,0.400065,2.361,2.78572
-1.41567,0.400065,2.361,2.78181
-1.40801,0.400065,2.361,2.77792
-1.40034,0.400065,2.361,2.77405
-1.40212,0.402776,2.377,2.78896
-1.3944,0.402776,2.377,2.78509
-1.38669,0.402776,2.377,2.78123
-1.37897,0.402776,2.377,2.7774
-1.37126,0.402776,2.377,2.77357
-1.36354,0.402776,2.377,2.76977
-1.36552,0.405657,2.394,2.78576
-1.35775,0.405657,2.394,2.78196
-1.34998,0.405657,2.394,2.77817
-1.35174,0.408538,2.411,2.79411
-1.35339,0.411418,2.428,2.81
-1.34551,0.411418,2.428,2.80622
-1.347,0.414299,2.445,2.82207
-1.34892,0.417349,2.463,2.83904
-1.36053,0.423449,2.499,2.87669
-1.35241,0.423449,2.499,2.87286
-1.35399,0.426499,2.517,2.88972
-1.34582,0.426499,2.517,2.8859
-1.33765,0.426499,2.517,2.8821
-1.33951,0.429718,2.536,2.90004
-1.34126,0.432938,2.555,2.91795
-1.33296,0.432938,2.555,2.91415
-1.33452,0.436157,2.574,2.93201
-1.33596,0.439377,2.593,2.94983
-1.32754,0.439377,2.593,2.94603
-1.31912,0.439377,2.593,2.94224
-1.32082,0.442766,2.613,2.96114
-1.31234,0.442766,2.613,2.95737
-1.30385,0.442766,2.613,2.95362
-1.30529,0.446155,2.633,2.97246
-1.29674,0.446155,2.633,2.96872
-1.2882,0.446155,2.633,2.96499
-1.27965,0.446155,2.633,2.96129
-1.2711,0.446155,2.633,2.95761
-1.26256,0.446155,2.633,2.95395
-1.25401,0.446155,2.633,2.9503
-1.23601,0.442766,2.613,2.9243
-1.22752,0.442766,2.613,2.92072
-1.20971,0.439377,2.593,2.89484
-1.2013,0.439377,2.593,2.89133
-1.19288,0.439377,2.593,2.88785
-1.16711,0.432938,2.555,2.84211
-1.1502,0.429718,2.536,2.81761
-1.14196,0.429718,2.536,2.81426
-1.12524,0.426499,2.517,2.78987
-1.11707,0.426499,2.517,2.78658
-1.10097,0.423449,2.499,2.76341
-1.09286,0.423449,2.499,2.76019
-1.07693,0.420399,2.481,2.73713
-1.06113,0.417349,2.463,2.71414
-1.05313,0.417349,2.463,2.71102
-1.04514,0.417349,2.463,2.70793
-1.03714,0.417349,2.463,2.70485
-1.02915,0.417349,2.463,2.7018
-1.02116,0.417349,2.463,2.69876
-1.00576,0.414299,2.445,2.67604
-0.997821,0.414299,2.445,2.67307
-0.989885,0.414299,2.445,2.67012
-0.981949,0.414299,2.445,2.66719
-0.974013,0.414299,2.445,2.66428
-0.966077,0.414299,2.445,2.66139
-0.958141,0.414299,2.445,2.65852
-0.950205,0.414299,2.445,2.65567
-0.94227,0.414299,2.445,2.65284
-0.934334,0.414299,2.445,2.65003
-0.926398,0.414299,2.445,2.64724
-0.918462,0.414299,2.445,2.64447
-0.904195,0.411418,2.428,2.62336
-0.896315,0.411418,2.428,2.62065
-0.888434,0.411418,2.428,2.61797
-0.880553,0.411418,2.428,2.61531
-0.872672,0.411418,2.428,2.61266
-0.864792,0.411418,2.428,2.61004
-0.856911,0.411418,2.428,2.60744
-0.84903,0.411418,2.428,2.60486
-0.84115,0.411418,2.428,2.6023
-0.833269,0.411418,2.428,2.59977
-0.825388,0.411418,2.428,2.59725
-0.823232,0.414299,2.445,2.61293
-0.815296,0.414299,2.445,2.61044
-0.80736,0.414299,2.445,2.60797
-0.799424,0.414299,2.445,2.60552
-0.791488,0.414299,2.445,2.6031
-0.783552,0.414299,2.445,2.6007
-0.775616,0.414299,2.445,2.59832
-0.767681,0.414299,2.445,2.59596
-0.759745,0.414299,2.445,2.59362
-0.751809,0.414299,2.445,2.59131
-0.749349,0.417349,2.463,2.60808
-0.741355,0.417349,2.463,2.60579
-0.733361,0.417349,2.463,2.60353
-0.725366,0.417349,2.463,2.60129
-0.722615,0.420399,2.481,2.61807
-0.714562,0.420399,2.481,2.61585
-0.706509,0.420399,2.481,2.61367
-0.703524,0.423449,2.499,2.63045
-0.695413,0.423449,2.499,2.62829
-0.687302,0.423449,2.499,2.62616
-0.679191,0.423449,2.499,2.62404
-0.675913,0.426499,2.517,2.64084
-0.667744,0.426499,2.517,2.63876
-0.659574,0.426499,2.517,2.63671
-0.646746,0.423449,2.499,2.61583
-0.638635,0.423449,2.499,2.61384
-0.630524,0.423449,2.499,2.61187
-0.622413,0.423449,2.499,2.60992
-0.614302,0.423449,2.499,2.608
-0.606191,0.423449,2.499,2.6061
-0.598079,0.423449,2.499,2.60423
-0.589968,0.423449,2.499,2.60238
-0.581857,0.423449,2.499,2.60055
-0.573746,0.423449,2.499,2.59875
-0.565635,0.423449,2.499,2.59697
-0.557524,0.423449,2.499,2.59522
-0.549413,0.423449,2.499,2.59348
-0.541301,0.423449,2.499,2.59178
-0.53319,0.423449,2.499,2.5901
-0.525079,0.423449,2.499,2.58844
-0.516968,0.423449,2.499,2.58681
-0.508857,0.423449,2.499,2.5852
-0.500746,0.423449,2.499,2.58361
-0.492635,0.423449,2.499,2.58205
-0.484524,0.423449,2.499,2.58052
-0.476412,0.423449,2.499,2.57901
-0.468301,0.423449,2.499,2.57752
-0.46019,0.423449,2.499,2.57606
-0.452079,0.423449,2.499,2.57462
-0.443968,0.423449,2.499,2.57321
-0.435857,0.423449,2.499,2.57182
-0.427746,0.423449,2.499,2.57046
-0.416612,0.420399,2.481,2.55062
-0.408559,0.420399,2.481,2.54932
-0.400506,0.420399,2.481,2.54804
-0.392454,0.420399,2.481,2.54679
-0.384401,0.420399,2.481,2.54556
-0.376348,0.420399,2.481,2.54435
-0.368296,0.420399,2.481,2.54317
-0.360243,0.420399,2.481,2.54202
-0.35219,0.420399,2.481,2.54089
-0.344137,0.420399,2.481,2.53979
-0.336085,0.420399,2.481,2.53871
-0.325652,0.417349,2.463,2.51925
-0.317658,0.417349,2.463,2.51822
-0.309664,0.417349,2.463,2.51723
-0.301669,0.417349,2.463,2.51626
-0.293675,0.417349,2.463,2.51531
-0.285681,0.417349,2.463,2.51439
-0.277686,0.417349,2.463,2.5135
-0.269692,0.417349,2.463,2.51262
-0.261698,0.417349,2.463,2.51178
-0.253704,0.417349,2.463,2.51096
-0.245709,0.417349,2.463,2.51016
-0.237715,0.417349,2.463,2.50939
-0.229721,0.417349,2.463,2.50865
-0.223347,0.420399,2.481,2.52626
-0.215294,0.420399,2.481,2.52556
-0.207241,0.420399,2.481,2.52489
-0.199189,0.420399,2.481,2.52424
-0.191136,0.420399,2.481,2.52361
-0.183083,0.420399,2.481,2.52302
-0.175031,0.420399,2.481,2.52245
-0.166978,0.420399,2.481,2.5219
-0.160078,0.423449,2.499,2.53967
-0.151967,0.423449,2.499,2.53917
-0.143856,0.423449,2.499,2.5387
-0.135745,0.423449,2.499,2.53825
-0.127634,0.423449,2.499,2.53783
-0.119523,0.423449,2.499,2.53744
-0.111411,0.423449,2.499,2.53707
-0.1033,0.423449,2.499,2.53673
-0.0951891,0.423449,2.499,2.53641
-0.087078,0.423449,2.499,2.53612
-0.0789668,0.423449,2.499,2.53585
-0.0708557,0.423449,2.499,2.53561
-0.0627446,0.423449,2.499,2.5354
-0.0546334,0.423449,2.499,2.53521
-0.0465223,0.423449,2.499,2.53505
-0.0384112,0.423449,2.499,2.53491
-0.0303,0.423449,2.499,2.5348
-0.0221889,0.423449,2.499,2.53472
-0.0140778,0.423449,2.499,2.53466
-0.00596664,0.423449,2.499,2.53463
0.00214449,0.423449,2.499,2.53462
0.0102556,0.423449,2.499,2.53464
0.0183668,0.423449,2.499,2.53469
0.0264779,0.423449,2.499,2.53476
0.034589,0.423449,2.499,2.53486
0.0427002,0.423449,2.499,2.53498
0.0508113,0.423449,2.499,2.53513
0.0589224,0.423449,2.499,2.53531
0.0670336,0.423449,2.499,2.53551
0.0751447,0.423449,2.499,2.53574
0.0832558,0.423449,2.499,2.53599
0.091367,0.423449,2.499,2.53627
0.100195,0.426499,2.517,2.55484
0.108364,0.426499,2.517,2.55518
0.116534,0.426499,2.517,2.55554
0.124703,0.426499,2.517,2.55592
0.132873,0.426499,2.517,2.55633
0.141042,0.426499,2.517,2.55677
0.149212,0.426499,2.517,2.55724
0.157382,0.426499,2.517,2.55773
0.165551,0.426499,2.517,2.55824
0.172478,0.423449,2.499,2.54048
0.180589,0.423449,2.499,2.54105
0.188701,0.423449,2.499,2.54164
0.196812,0.423449,2.499,2.54225
0.204923,0.423449,2.499,2.54289
0.2115,0.420399,2.481,2.52524
0.219552,0.420399,2.481,2.52593
0.227605,0.420399,2.481,2.52664
0.235658,0.420399,2.481,2.52738
0.24371,0.420399,2.481,2.52814
0.249936,0.417349,2.463,2.51058
0.257931,0.417349,2.463,2.51139
0.265925,0.417349,2.463,2.51222
0.273919,0.417349,2.463,2.51308
0.281914,0.417349,2.463,2.51397
0.287789,0.414299,2.445,2.4965
0.295725,0.414299,2.445,2.49742
0.303661,0.414299,2.445,2.49838
0.311597,0.414299,2.445,2.49935
0.319533,0.414299,2.445,2.50035
0.325192,0.411418,2.428,2.48399
0.333072,0.411418,2.428,2.48503
0.340953,0.411418,2.428,2.4861
0.348834,0.411418,2.428,2.48719
0.356714,0.411418,2.428,2.48831
0.364595,0.411418,2.428,2.48945
0.372476,0.411418,2.428,2.49062
0.380356,0.411418,2.428,2.49181
0.388237,0.411418,2.428,2.49303
0.396118,0.411418,2.428,2.49427
0.403999,0.411418,2.428,2.49553
0.408995,0.408538,2.411,2.47933
0.416821,0.408538,2.411,2.48064
0.427641,0.411418,2.428,2.49947
0.435521,0.411418,2.428,2.50083
0.443402,0.411418,2.428,2.50221
0.451283,0.411418,2.428,2.50362
0.459163,0.411418,2.428,2.50505
0.467044,0.411418,2.428,2.50651
0.474925,0.411418,2.428,2.50799
0.486186,0.414299,2.445,2.52706
0.494122,0.414299,2.445,2.5286
0.502058,0.414299,2.445,2.53016
0.509993,0.414299,2.445,2.53175
0.517929,0.414299,2.445,2.53336
0.525865,0.414299,2.445,2.535
0.530089,0.411418,2.428,2.51902
0.53797,0.411418,2.428,2.52069
0.545851,0.411418,2.428,2.52238
0.553732,0.411418,2.428,2.5241
0.561612,0.411418,2.428,2.52584
0.569493,0.411418,2.428,2.5276
0.573331,0.408538,2.411,2.51168
0.581156,0.408538,2.411,2.51348
0.588982,0.408538,2.411,2.5153
0.592599,0.405657,2.394,2.49939
0.60037,0.405657,2.394,2.50125
0.60814,0.405657,2.394,2.50312
0.61591,0.405657,2.394,2.50502
0.623681,0.405657,2.394,2.50694
0.631451,0.405657,2.394,2.50889
0.634682,0.402776,2.377,2.49303
0.642397,0.402776,2.377,2.495
0.650113,0.402776,2.377,2.497
0.657828,0.402776,2.377,2.49902
0.665543,0.402776,2.377,2.50106
0.673258,0.402776,2.377,2.50312
0.680973,0.402776,2.377,2.50521
0.693614,0.405657,2.394,2.52525
0.701384,0.405657,2.394,2.5274
0.709154,0.405657,2.394,2.52956
0.716925,0.405657,2.394,2.53175
0.724695,0.405657,2.394,2.53396
0.732465,0.405657,2.394,2.5362
0.740236,0.405657,2.394,2.53845
0.742694,0.402776,2.377,2.52269
0.75041,0.402776,2.377,2.52497
0.758125,0.402776,2.377,2.52727
0.760685,0.400065,2.361,2.51257
0.768348,0.400065,2.361,2.5149
0.776011,0.400065,2.361,2.51725
0.783674,0.400065,2.361,2.51963
0.791338,0.400065,2.361,2.52202
0.793586,0.397354,2.345,2.50733
0.795731,0.394643,2.329,2.49262
0.80329,0.394643,2.329,2.49505
0.81085,0.394643,2.329,2.49749
0.812787,0.391932,2.313,2.48278
0.820294,0.391932,2.313,2.48525
0.827801,0.391932,2.313,2.48774
0.835309,0.391932,2.313,2.49025
0.848646,0.394643,2.329,2.51002
0.856206,0.394643,2.329,2.51258
0.863765,0.394643,2.329,2.51517
0.871324,0.394643,2.329,2.51777
0.878884,0.394643,2.329,2.5204
0.886443,0.394643,2.329,2.52305
0.894003,0.394643,2.329,2.52571
0.907756,0.397354,2.345,2.54577
0.915367,0.397354,2.345,2.54849
0.922978,0.397354,2.345,2.55124
0.930589,0.397354,2.345,2.554
0.938201,0.397354,2.345,2.55678
0.945812,0.397354,2.345,2.55959
0.953423,0.397354,2.345,2.56241
0.961035,0.397354,2.345,2.56525
0.968646,0.397354,2.345,2.56811
0.982918,0.400065,2.361,2.58853
0.990581,0.400065,2.361,2.59145
0.998245,0.400065,2.361,2.59439
1.01272,0.402776,2.377,2.61495
1.02044,0.402776,2.377,2.61795
1.02815,0.402776,2.377,2.62097
1.03587,0.402776,2.377,2.624
1.05105,0.405657,2.394,2.64585
1.05882,0.405657,2.394,2.64894
1.06659,0.405657,2.394,2.65206
1.07436,0.405657,2.394,2.65519
1.08213,0.405657,2.394,2.65835
1.0899,0.405657,2.394,2.66152
1.10547,0.408538,2.411,2.68363
1.11329,0.408538,2.411,2.68686
1.12112,0.408538,2.411,2.69012
1.12894,0.408538,2.411,2.69339
1.13677,0.408538,2.411,2.69668
1.14459,0.408538,2.411,2.69998
1.15242,0.408538,2.411,2.70331
1.16024,0.408538,2.411,2.70666
1.16807,0.408538,2.411,2.71002
1.1759,0.408538,2.411,2.7134
1.18372,0.408538,2.411,2.7168
1.19155,0.408538,2.411,2.72022
1.19937,0.408538,2.411,2.72366
1.2072,0.408538,2.411,2.72711
1.21502,0.408538,2.411,2.73059
1.22285,0.408538,2.411,2.73408
1.23067,0.408538,2.411,2.73759
1.2385,0.408538,2.411,2.74111
1.24632,0.408538,2.411,2.74466
1.25415,0.408538,2.411,2.74822
1.25308,0.405657,2.394,2.7324
1.26085,0.405657,2.394,2.73597
1.26862,0.405657,2.394,2.73956
1.28545,0.408538,2.411,2.76265
1.3024,0.411418,2.428,2.7858
1.31028,0.411418,2.428,2.78949
1.31816,0.411418,2.428,2.7932
1.33532,0.414299,2.445,2.81652
1.36304,0.420399,2.481,2.86181
1.37109,0.420399,2.481,2.86566
1.38915,0.423449,2.499,2.89034
1.41795,0.429718,2.536,2.9371
1.42618,0.429718,2.536,2.94108
1.44516,0.432938,2.555,2.96714
1.47507,0.439377,2.593,3.01538
1.48348,0.439377,2.593,3.01951
1.51491,0.446155,2.633,3.07029
1.53561,0.449713,2.654,3.09904
1.55644,0.453272,2.675,3.12787
1.56512,0.453272,2.675,3.1322
1.58616,0.45683,2.696,3.16117
1.59491,0.45683,2.696,3.16557
1.60366,0.45683,2.696,3.16999
1.61241,0.45683,2.696,3.17443
1.62116,0.45683,2.696,3.17888
1.61722,0.453272,2.675,3.15856
1.6259,0.453272,2.675,3.16301
1.63458,0.453272,2.675,3.16748
1.64327,0.453272,2.675,3.17197
1.62601,0.446155,2.633,3.1266
1.63456,0.446155,2.633,3.13106
1.6431,0.446155,2.633,3.13553
1.62656,0.439377,2.593,3.09231
1.62299,0.436157,2.574,3.07406
1.63135,0.436157,2.574,3.07848
1.6276,0.432938,2.555,3.06015
1.62373,0.429718,2.536,3.04178
1.63196,0.429718,2.536,3.04619
1.6279,0.426499,2.517,3.02775
1.62437,0.423449,2.499,3.01046
1.63248,0.423449,2.499,3.01485
1.61696,0.417349,2.463,2.97575
1.61308,0.414299,2.445,2.95833
1.62101,0.414299,2.445,2.96266
1.61762,0.411418,2.428,2.94638
1.61412,0.408538,2.411,2.93005
1.62195,0.408538,2.411,2.93437
1.61828,0.405657,2.394,2.91798
1.61451,0.402776,2.377,2.90155
-1.67259,0.416361,2.411,2.96375
-1.66476,0.416361,2.411,2.95934
-1.65694,0.416361,2.411,2.95495
-1.64911,0.416361,2.411,2.95057
-1.64129,0.416361,2.411,2.9462
-1.63346,0.416361,2.411,2.94185
-1.62564,0.416361,2.411,2.93751
-1.61781,0.416361,2.411,2.93319
-1.60999,0.416361,2.411,2.92888
-1.60216,0.416361,2.411,2.92458
-1.59433,0.416361,2.411,2.9203
-1.58651,0.416361,2.411,2.91604
-1.57868,0.416361,2.411,2.91179
-1.57086,0.416361,2.411,2.90755
-1.55201,0.413425,2.394,2.88286
-1.53328,0.410489,2.377,2.85824
-1.52556,0.410489,2.377,2.85411
-1.51785,0.410489,2.377,2.85
-1.49997,0.407726,2.361,2.82674
-1.4923,0.407726,2.361,2.82268
-1.48464,0.407726,2.361,2.81864
-1.47698,0.407726,2.361,2.81461
-1.46931,0.407726,2.361,2.81059
-1.45174,0.404963,2.345,2.78758
-1.44413,0.404963,2.345,2.78362
-1.43652,0.404963,2.345,2.77968
-1.43866,0.407726,2.361,2.79469
-1.431,0.407726,2.361,2.79075
-1.42333,0.407726,2.361,2.78683
-1.41567,0.407726,2.361,2.78293
-1.40801,0.407726,2.361,2.77904
-1.40034,0.407726,2.361,2.77516
-1.40212,0.410489,2.377,2.79008
-1.3944,0.410489,2.377,2.78621
-1.38669,0.410489,2.377,2.78236
-1.37897,0.410489,2.377,2.77852
-1.37126,0.410489,2.377,2.7747
-1.36354,0.410489,2.377,2.7709
-1.36552,0.413425,2.394,2.7869
-1.35775,0.413425,2.394,2.7831
-1.34998,0.413425,2.394,2.77932
-1.35174,0.416361,2.411,2.79526
-1.35339,0.419297,2.428,2.81117
-1.34551,0.419297,2.428,2.80738
-1.347,0.422232,2.445,2.82324
-1.34892,0.425341,2.463,2.84022
-1.36053,0.431558,2.499,2.87789
-1.35241,0.431558,2.499,2.87407
-1.35399,0.434666,2.517,2.89093
-1.34582,0.434666,2.517,2.88712
-1.33765,0.434666,2.517,2.88332
-1.33951,0.437947,2.536,2.90127
-1.34126,0.441229,2.555,2.91919
-1.33296,0.441229,2.555,2.91539
-1.33452,0.44451,2.574,2.93326
-1.33596,0.447791,2.593,2.95109
-1.32754,0.447791,2.593,2.94729
-1.31912,0.447791,2.593,2.94351
-1.32082,0.451245,2.613,2.96242
-1.31234,0.451245,2.613,2.95865
-1.30385,0.451245,2.613,2.9549
-1.30529,0.454699,2.633,2.97375
-1.29674,0.454699,2.633,2.97001
-1.2882,0.454699,2.633,2.96629
-1.27965,0.454699,2.633,2.96259
-1.2711,0.454699,2.633,2.95891
-1.26256,0.454699,2.633,2.95525
-1.25401,0.454699,2.633,2.95161
-1.23601,0.451245,2.613,2.92559
-1.22752,0.451245,2.613,2.92202
-1.20971,0.447791,2.593,2.89613
-1.2013,0.447791,2.593,2.89262
-1.19288,0.447791,2.593,2.88914
-1.16711,0.441229,2.555,2.84339
-1.1502,0.437947,2.536,2.81887
-1.14196,0.437947,2.536,2.81552
-1.12524,0.434666,2.517,2.79113
-1.11707,0.434666,2.517,2.78784
-1.10097,0.431558,2.499,2.76467
-1.09286,0.431558,2.499,2.76145
-1.07693,0.428449,2.481,2.73838
-1.06113,0.425341,2.463,2.71538
-1.05313,0.425341,2.463,2.71226
-1.04514,0.425341,2.463,2.70917
-1.03714,0.425341,2.463,2.7061
-1.02915,0.425341,2.463,2.70304
-1.01369,0.422232,2.445,2.68028
-1.00576,0.422232,2.445,2.67728
-0.997821,0.422232,2.445,2.67431
-0.989885,0.422232,2.445,2.67136
-0.981949,0.422232,2.445,2.66843
-0.967241,0.419297,2.428,2.64699
-0.95936,0.419297,2.428,2.64412
-0.951479,0.419297,2.428,2.64127
-0.943599,0.419297,2.428,2.63844
-0.935718,0.419297,2.428,2.63563
-0.927837,0.419297,2.428,2.63285
-0.919957,0.419297,2.428,2.63008
-0.912076,0.419297,2.428,2.62733
-0.904195,0.419297,2.428,2.62461
-0.896315,0.419297,2.428,2.6219
-0.888434,0.419297,2.428,2.61922
-0.880553,0.419297,2.428,2.61656
-0.872672,0.419297,2.428,2.61391
-0.864792,0.419297,2.428,2.61129
-0.856911,0.419297,2.428,2.6087
-0.84903,0.419297,2.428,2.60612
-0.847039,0.422232,2.445,2.62179
-0.839103,0.422232,2.445,2.61924
-0.831167,0.422232,2.445,2.61671
-0.823232,0.422232,2.445,2.6142
-0.815296,0.422232,2.445,2.61171
-0.80736,0.422232,2.445,2.60924
-0.799424,0.422232,2.445,2.6068
-0.791488,0.422232,2.445,2.60437
-0.783552,0.422232,2.445,2.60197
-0.775616,0.422232,2.445,2.59959
-0.767681,0.422232,2.445,2.59724
-0.759745,0.422232,2.445,2.5949
-0.751809,0.422232,2.445,2.59259
-0.749349,0.425341,2.463,2.60937
-0.746773,0.428449,2.481,2.62614
-0.73872,0.428449,2.481,2.62386
-0.730668,0.428449,2.481,2.6216
-0.722615,0.428449,2.481,2.61937
-0.714562,0.428449,2.481,2.61716
-0.706509,0.428449,2.481,2.61497
-0.703524,0.431558,2.499,2.63177
-0.695413,0.431558,2.499,2.62961
-0.687302,0.431558,2.499,2.62748
-0.684083,0.434666,2.517,2.64428
-0.675913,0.434666,2.517,2.64217
-0.667744,0.434666,2.517,2.6401
-0.659574,0.434666,2.517,2.63804
-0.651405,0.434666,2.517,2.63601
-0.643235,0.434666,2.517,2.634
-0.635065,0.434666,2.517,2.63202
-0.626896,0.434666,2.517,2.63006
-0.618726,0.434666,2.517,2.62813
-0.606191,0.431558,2.499,2.60743
-0.598079,0.431558,2.499,2.60556
-0.594218,0.434666,2.517,2.62246
-0.581857,0.431558,2.499,2.60188
-0.573746,0.431558,2.499,2.60008
-0.565635,0.431558,2.499,2.5983
-0.557524,0.431558,2.499,2.59655
-0.549413,0.431558,2.499,2.59482
-0.541301,0.431558,2.499,2.59312
-0.53319,0.431558,2.499,2.59143
-0.525079,0.431558,2.499,2.58978
-0.516968,0.431558,2.499,2.58815
-0.508857,0.431558,2.499,2.58654
-0.500746,0.431558,2.499,2.58495
-0.492635,0.431558,2.499,2.5834
-0.484524,0.431558,2.499,2.58186
-0.476412,0.431558,2.499,2.58035
-0.468301,0.431558,2.499,2.57887
-0.46019,0.431558,2.499,2.57741
-0.452079,0.431558,2.499,2.57597
-0.443968,0.431558,2.499,2.57456
-0.435857,0.431558,2.499,2.57317
-0.427746,0.431558,2.499,2.57181
-0.419634,0.431558,2.499,2.57047
-0.411523,0.431558,2.499,2.56916
-0.403412,0.431558,2.499,2.56788
-0.392454,0.428449,2.481,2.54813
-0.384401,0.428449,2.481,2.5469
-0.376348,0.428449,2.481,2.5457
-0.368296,0.428449,2.481,2.54452
-0.360243,0.428449,2.481,2.54337
-0.35219,0.428449,2.481,2.54224
-0.344137,0.428449,2.481,2.54113
-0.336085,0.428449,2.481,2.54006
-0.328032,0.428449,2.481,2.539
-0.319979,0.428449,2.481,2.53798
-0.309664,0.425341,2.463,2.51857
-0.301669,0.425341,2.463,2.5176
-0.293675,0.425341,2.463,2.51665
-0.285681,0.425341,2.463,2.51573
-0.277686,0.425341,2.463,2.51483
-0.269692,0.425341,2.463,2.51396
-0.261698,0.425341,2.463,2.51312
-0.253704,0.425341,2.463,2.5123
-0.245709,0.425341,2.463,2.5115
-0.237715,0.425341,2.463,2.51074
-0.229721,0.425341,2.463,2.50999
-0.223347,0.428449,2.481,2.52761
-0.215294,0.428449,2.481,2.52691
-0.207241,0.428449,2.481,2.52624
-0.199189,0.428449,2.481,2.52559
-0.191136,0.428449,2.481,2.52497
-0.183083,0.428449,2.481,2.52437
-0.175031,0.428449,2.481,2.5238
-0.166978,0.428449,2.481,2.52325
-0.160078,0.431558,2.499,2.54104
-0.151967,0.431558,2.499,2.54054
-0.143856,0.431558,2.499,2.54007
-0.135745,0.431558,2.499,2.53962
-0.127634,0.431558,2.499,2.5392
-0.119523,0.431558,2.499,2.5388
-0.111411,0.431558,2.499,2.53844
-0.1033,0.431558,2.499,2.53809
-0.0951891,0.431558,2.499,2.53778
-0.087078,0.431558,2.499,2.53748
-0.0789668,0.431558,2.499,2.53722
-0.0708557,0.431558,2.499,2.53698
-0.0627446,0.431558,2.499,2.53677
-0.0546334,0.431558,2.499,2.53658
-0.0465223,0.431558,2.499,2.53642
-0.0384112,0.431558,2.499,2.53628
-0.0303,0.431558,2.499,2.53617
-0.0221889,0.431558,2.499,2.53609
-0.0140778,0.431558,2.499,2.53603
-0.00596664,0.431558,2.499,2.536
0.00214449,0.431558,2.499,2.53599
0.0102556,0.431558,2.499,2.53601
0.0183668,0.431558,2.499,2.53606
0.0264779,0.431558,2.499,2.53613
0.034589,0.431558,2.499,2.53623
0.0427002,0.431558,2.499,2.53635
0.0508113,0.431558,2.499,2.5365
0.0589224,0.431558,2.499,2.53667
0.0670336,0.431558,2.499,2.53688
0.0751447,0.431558,2.499,2.5371
0.0832558,0.431558,2.499,2.53736
0.091367,0.431558,2.499,2.53764
0.0994781,0.431558,2.499,2.53794
0.107589,0.431558,2.499,2.53827
0.1157,0.431558,2.499,2.53863
0.123811,0.431558,2.499,2.53901
0.131923,0.431558,2.499,2.53942
0.140034,0.431558,2.499,2.53985
0.148145,0.431558,2.499,2.54031
0.156256,0.431558,2.499,2.5408
0.164367,0.431558,2.499,2.54131
0.172478,0.431558,2.499,2.54185
0.180589,0.431558,2.499,2.54241
0.188701,0.431558,2.499,2.543
0.196812,0.431558,2.499,2.54362
0.204923,0.431558,2.499,2.54426
0.2115,0.428449,2.481,2.52659
0.219552,0.428449,2.481,2.52728
0.227605,0.428449,2.481,2.52799
0.235658,0.428449,2.481,2.52873
0.24371,0.428449,2.481,2.52949
0.249936,0.425341,2.463,2.51192
0.257931,0.425341,2.463,2.51273
0.265925,0.425341,2.463,2.51356
0.273919,0.425341,2.463,2.51442
0.281914,0.425341,2.463,2.51531
0.287789,0.422232,2.445,2.49782
0.295725,0.422232,2.445,2.49875
0.303661,0.422232,2.445,2.4997
0.311597,0.422232,2.445,2.50068
0.317311,0.419297,2.428,2.48429
0.325192,0.419297,2.428,2.48531
0.333072,0.419297,2.428,2.48635
0.340953,0.419297,2.428,2.48742
0.348834,0.419297,2.428,2.48851
0.356714,0.419297,2.428,2.48963
0.364595,0.419297,2.428,2.49077
0.372476,0.419297,2.428,2.49193
0.380356,0.419297,2.428,2.49312
0.388237,0.419297,2.428,2.49434
0.396118,0.419297,2.428,2.49558
0.403999,0.419297,2.428,2.49684
0.408995,0.416361,2.411,2.48064
0.416821,0.416361,2.411,2.48194
0.427641,0.419297,2.428,2.50077
0.435521,0.419297,2.428,2.50213
0.443402,0.419297,2.428,2.50352
0.451283,0.419297,2.428,2.50493
0.459163,0.419297,2.428,2.50636
0.467044,0.419297,2.428,2.50781
0.474925,0.419297,2.428,2.50929
0.486186,0.422232,2.445,2.52838
0.494122,0.422232,2.445,2.52991
0.502058,0.422232,2.445,2.53148
0.509993,0.422232,2.445,2.53306
0.514328,0.419297,2.428,2.51705
0.522209,0.419297,2.428,2.51867
0.530089,0.419297,2.428,2.52032
0.53797,0.419297,2.428,2.52198
0.545851,0.419297,2.428,2.52368
0.549854,0.416361,2.411,2.50771
0.55768,0.416361,2.411,2.50944
0.565506,0.416361,2.411,2.51119
0.573331,0.416361,2.411,2.51296
0.581156,0.416361,2.411,2.51476
0.584829,0.413425,2.394,2.49884
0.592599,0.413425,2.394,2.50067
0.60037,0.413425,2.394,2.50252
0.60814,0.413425,2.394,2.50439
0.61591,0.413425,2.394,2.50629
0.623681,0.413425,2.394,2.50821
0.631451,0.413425,2.394,2.51016
0.639221,0.413425,2.394,2.51212
0.642397,0.410489,2.377,2.49626
0.650113,0.410489,2.377,2.49825
0.657828,0.410489,2.377,2.50027
0.665543,0.410489,2.377,2.50231
0.678073,0.413425,2.394,2.52229
0.685843,0.413425,2.394,2.52439
0.693614,0.413425,2.394,2.52651
0.701384,0.413425,2.394,2.52866
0.709154,0.413425,2.394,2.53082
0.716925,0.413425,2.394,2.53301
0.724695,0.413425,2.394,2.53522
0.732465,0.413425,2.394,2.53745
0.734979,0.410489,2.377,2.52167
0.742694,0.410489,2.377,2.52393
0.75041,0.410489,2.377,2.52621
0.753022,0.407726,2.361,2.51149
0.760685,0.407726,2.361,2.5138
0.768348,0.407726,2.361,2.51613
0.770752,0.404963,2.345,2.50142
0.773053,0.4022,2.329,2.48669
0.780612,0.4022,2.329,2.48905
0.788172,0.4022,2.329,2.49143
0.790264,0.399437,2.313,2.4767
0.792598,0.396847,2.298,2.46303
0.800057,0.396847,2.298,2.46544
0.807516,0.396847,2.298,2.46787
0.814974,0.396847,2.298,2.47032
0.822433,0.396847,2.298,2.47279
0.829892,0.396847,2.298,2.47528
0.837351,0.396847,2.298,2.47779
0.850324,0.399437,2.313,2.49651
0.852268,0.396847,2.298,2.48287
0.859727,0.396847,2.298,2.48544
0.872846,0.399437,2.313,2.50427
0.880353,0.399437,2.313,2.5069
0.887861,0.399437,2.313,2.50955
0.901562,0.4022,2.329,2.52959
0.909121,0.4022,2.329,2.53229
0.916681,0.4022,2.329,2.53502
0.930589,0.404963,2.345,2.55519
0.938201,0.404963,2.345,2.55798
0.945812,0.404963,2.345,2.56078
0.953423,0.404963,2.345,2.5636
0.961035,0.404963,2.345,2.56644
0.968646,0.404963,2.345,2.5693
0.976257,0.404963,2.345,2.57218
0.990581,0.407726,2.361,2.59265
0.998245,0.407726,2.361,2.59558
1.00591,0.407726,2.361,2.59854
1.01357,0.407726,2.361,2.60152
1.02815,0.410489,2.377,2.62216
1.03587,0.410489,2.377,2.6252
1.05105,0.413425,2.394,2.64705
1.05882,0.413425,2.394,2.65014
1.06659,0.413425,2.394,2.65326
1.07436,0.413425,2.394,2.65639
1.08213,0.413425,2.394,2.65954
1.0899,0.413425,2.394,2.66271
1.10547,0.416361,2.411,2.68483
1.11329,0.416361,2.411,2.68807
1.12112,0.416361,2.411,2.69132
1.12894,0.416361,2.411,2.69458
1.13677,0.416361,2.411,2.69787
1.14459,0.416361,2.411,2.70118
1.15242,0.416361,2.411,2.7045
1.16024,0.416361,2.411,2.70785
1.16807,0.416361,2.411,2.71121
1.1759,0.416361,2.411,2.71459
1.18372,0.416361,2.411,2.71799
1.19155,0.416361,2.411,2.72141
1.19937,0.416361,2.411,2.72484
1.2072,0.416361,2.411,2.7283
1.21502,0.416361,2.411,2.73177
1.22285,0.416361,2.411,2.73526
1.23067,0.416361,2.411,2.73877
1.2385,0.416361,2.411,2.74229
1.24632,0.416361,2.411,2.74583
1.25415,0.416361,2.411,2.74939
1.25308,0.413425,2.394,2.73356
1.26085,0.413425,2.394,2.73713
1.26862,0.413425,2.394,2.74072
1.28545,0.416361,2.411,2.76381
1.3024,0.419297,2.428,2.78698
1.31028,0.419297,2.428,2.79067
1.31816,0.419297,2.428,2.79438
1.33532,0.422232,2.445,2.81769
1.36304,0.428449,2.481,2.86301
1.37109,0.428449,2.481,2.86685
1.38915,0.431558,2.499,2.89154
1.41795,0.437947,2.536,2.93831
1.42618,0.437947,2.536,2.94229
1.44516,0.441229,2.555,2.96836
1.47507,0.447791,2.593,3.01662
1.48348,0.447791,2.593,3.02074
1.51491,0.454699,2.633,3.07155
1.53561,0.458325,2.654,3.1003
1.55644,0.461952,2.675,3.12914
1.56512,0.461952,2.675,3.13347
1.58616,0.465578,2.696,3.16245
1.59491,0.465578,2.696,3.16685
1.60366,0.465578,2.696,3.17126
1.61241,0.465578,2.696,3.1757
1.62116,0.465578,2.696,3.18015
1.61722,0.461952,2.675,3.15981
1.6259,0.461952,2.675,3.16427
1.63458,0.461952,2.675,3.16874
1.63037,0.458325,2.654,3.14831
1.62601,0.454699,2.633,3.12784
1.62214,0.451245,2.613,3.10849
1.63062,0.451245,2.613,3.11293
1.62656,0.447791,2.593,3.09352
1.61101,0.441229,2.555,3.05255
1.61931,0.441229,2.555,3.05694
1.6276,0.441229,2.555,3.06134
1.61156,0.434666,2.517,3.02016
1.61973,0.434666,2.517,3.02453
1.61626,0.431558,2.499,3.00725
1.61267,0.428449,2.481,2.98992
1.62072,0.428449,2.481,2.99427
1.61696,0.425341,2.463,2.97688
1.61308,0.422232,2.445,2.95945
1.62101,0.422232,2.445,2.96378
1.61762,0.419297,2.428,2.94749
1.61412,0.416361,2.411,2.93116
1.62195,0.416361,2.411,2.93547
1.61828,0.413425,2.394,2.91907
1.60364,0.407726,2.361,2.88309
-1.6608,0.421193,2.394,2.94396
-1.65303,0.421193,2.394,2.93958
-1.64526,0.421193,2.394,2.93522
-1.62586,0.418202,2.377,2.91006
-1.61814,0.418202,2.377,2.90575
-1.62194,0.421193,2.394,2.92222
-1.61417,0.421193,2.394,2.91791
-1.6064,0.421193,2.394,2.91362
-1.59863,0.421193,2.394,2.90934
-1.59086,0.421193,2.394,2.90508
-1.58309,0.421193,2.394,2.90083
-1.57532,0.421193,2.394,2.8966
-1.56755,0.421193,2.394,2.89238
-1.55978,0.421193,2.394,2.88818
-1.55201,0.421193,2.394,2.88399
-1.53328,0.418202,2.377,2.85936
-1.52556,0.418202,2.377,2.85523
-1.50763,0.415387,2.361,2.83193
-1.49997,0.415387,2.361,2.82785
-1.4923,0.415387,2.361,2.8238
-1.47458,0.412572,2.345,2.80065
-1.46697,0.412572,2.345,2.79665
-1.45935,0.412572,2.345,2.79266
-1.45174,0.412572,2.345,2.78869
-1.44413,0.412572,2.345,2.78474
-1.43652,0.412572,2.345,2.7808
-1.43866,0.415387,2.361,2.79582
-1.431,0.415387,2.361,2.79188
-1.42333,0.415387,2.361,2.78796
-1.41567,0.415387,2.361,2.78406
-1.40801,0.415387,2.361,2.78017
-1.40034,0.415387,2.361,2.7763
-1.39268,0.415387,2.361,2.77244
-1.38502,0.415387,2.361,2.7686
-1.38669,0.418202,2.377,2.78351
-1.37897,0.418202,2.377,2.77967
-1.37126,0.418202,2.377,2.77585
-1.36354,0.418202,2.377,2.77205
-1.36552,0.421193,2.394,2.78806
-1.35775,0.421193,2.394,2.78427
-1.34998,0.421193,2.394,2.78048
-1.35174,0.424184,2.411,2.79644
-1.35339,0.427175,2.428,2.81235
-1.34551,0.427175,2.428,2.80857
-1.347,0.430166,2.445,2.82444
-1.34892,0.433333,2.463,2.84143
-1.35073,0.4365,2.481,2.85838
-1.34267,0.4365,2.481,2.85459
-1.3443,0.439667,2.499,2.87149
-1.34582,0.442833,2.517,2.88836
-1.33765,0.442833,2.517,2.88456
-1.33951,0.446176,2.536,2.90253
-1.34126,0.449519,2.555,2.92046
-1.33296,0.449519,2.555,2.91666
-1.33452,0.452862,2.574,2.93454
-1.33596,0.456205,2.593,2.95238
-1.32754,0.456205,2.593,2.94858
-1.31912,0.456205,2.593,2.9448
-1.32082,0.459723,2.613,2.96373
-1.31234,0.459723,2.613,2.95996
-1.30385,0.459723,2.613,2.95621
-1.30529,0.463242,2.633,2.97507
-1.29674,0.463242,2.633,2.97133
-1.2882,0.463242,2.633,2.96761
-1.27965,0.463242,2.633,2.96391
-1.2711,0.463242,2.633,2.96023
-1.26256,0.463242,2.633,2.95657
-1.25401,0.463242,2.633,2.95294
-1.23601,0.459723,2.613,2.92691
-1.22752,0.459723,2.613,2.92334
-1.21904,0.459723,2.613,2.91979
-1.2013,0.456205,2.593,2.89394
-1.19288,0.456205,2.593,2.89046
-1.16711,0.449519,2.555,2.84468
-1.1502,0.446176,2.536,2.82016
-1.14196,0.446176,2.536,2.81682
-1.13373,0.446176,2.536,2.81349
-1.11707,0.442833,2.517,2.78913
-1.10097,0.439667,2.499,2.76594
-1.09286,0.439667,2.499,2.76272
-1.07693,0.4365,2.481,2.73965
-1.06113,0.433333,2.463,2.71664
-1.05313,0.433333,2.463,2.71353
-1.04514,0.433333,2.463,2.71044
-1.02956,0.430166,2.445,2.68758
-1.02163,0.430166,2.445,2.68455
-1.01369,0.430166,2.445,2.68154
-1.00576,0.430166,2.445,2.67855
-0.997821,0.430166,2.445,2.67558
-0.983002,0.427175,2.428,2.65405
-0.975121,0.427175,2.428,2.65114
-0.967241,0.427175,2.428,2.64825
-0.95936,0.427175,2.428,2.64538
-0.951479,0.427175,2.428,2.64253
-0.943599,0.427175,2.428,2.6397
-0.935718,0.427175,2.428,2.6369
-0.927837,0.427175,2.428,2.63411
-0.919957,0.427175,2.428,2.63135
-0.912076,0.427175,2.428,2.6286
-0.904195,0.427175,2.428,2.62588
-0.896315,0.427175,2.428,2.62317
-0.888434,0.427175,2.428,2.62049
-0.880553,0.427175,2.428,2.61783
-0.872672,0.427175,2.428,2.61519
-0.864792,0.427175,2.428,2.61257
-0.862911,0.430166,2.445,2.62825
-0.854975,0.430166,2.445,2.62565
-0.847039,0.430166,2.445,2.62308
-0.839103,0.430166,2.445,2.62053
-0.831167,0.430166,2.445,2.618
-0.823232,0.430166,2.445,2.61549
-0.815296,0.430166,2.445,2.613
-0.80736,0.430166,2.445,2.61054
-0.799424,0.430166,2.445,2.60809
-0.791488,0.430166,2.445,2.60567
-0.789321,0.433333,2.463,2.62244
-0.781326,0.433333,2.463,2.62004
-0.773332,0.433333,2.463,2.61767
-0.765338,0.433333,2.463,2.61532
-0.757344,0.433333,2.463,2.61299
-0.749349,0.433333,2.463,2.61068
-0.746773,0.4365,2.481,2.62746
-0.73872,0.4365,2.481,2.62519
-0.730668,0.4365,2.481,2.62293
-0.722615,0.4365,2.481,2.6207
-0.714562,0.4365,2.481,2.61849
-0.706509,0.4365,2.481,2.6163
-0.703524,0.439667,2.499,2.63311
-0.695413,0.439667,2.499,2.63095
-0.687302,0.439667,2.499,2.62882
-0.684083,0.442833,2.517,2.64563
-0.675913,0.442833,2.517,2.64353
-0.667744,0.442833,2.517,2.64145
-0.659574,0.442833,2.517,2.6394
-0.651405,0.442833,2.517,2.63737
-0.643235,0.442833,2.517,2.63536
-0.635065,0.442833,2.517,2.63338
-0.626896,0.442833,2.517,2.63142
-0.618726,0.442833,2.517,2.62949
-0.606191,0.439667,2.499,2.60879
-0.598079,0.439667,2.499,2.60692
-0.594218,0.442833,2.517,2.62383
-0.581857,0.439667,2.499,2.60324
-0.573746,0.439667,2.499,2.60144
-0.565635,0.439667,2.499,2.59966
-0.557524,0.439667,2.499,2.59791
-0.549413,0.439667,2.499,2.59618
-0.541301,0.439667,2.499,2.59448
-0.53319,0.439667,2.499,2.5928
-0.525079,0.439667,2.499,2.59114
-0.516968,0.439667,2.499,2.58951
-0.508857,0.439667,2.499,2.5879
-0.500746,0.439667,2.499,2.58632
-0.492635,0.439667,2.499,2.58476
-0.484524,0.439667,2.499,2.58323
-0.476412,0.439667,2.499,2.58172
-0.468301,0.439667,2.499,2.58024
-0.46019,0.439667,2.499,2.57878
-0.452079,0.439667,2.499,2.57734
-0.443968,0.439667,2.499,2.57593
-0.435857,0.439667,2.499,2.57454
-0.427746,0.439667,2.499,2.57318
-0.419634,0.439667,2.499,2.57185
-0.411523,0.439667,2.499,2.57054
-0.403412,0.439667,2.499,2.56925
-0.395301,0.439667,2.499,2.56799
-0.38719,0.439667,2.499,2.56675
-0.379079,0.439667,2.499,2.56554
-0.368296,0.4365,2.481,2.54589
-0.360243,0.4365,2.481,2.54473
-0.35219,0.4365,2.481,2.54361
-0.344137,0.4365,2.481,2.5425
-0.336085,0.4365,2.481,2.54143
-0.328032,0.4365,2.481,2.54037
-0.319979,0.4365,2.481,2.53935
-0.309664,0.433333,2.463,2.51993
-0.301669,0.433333,2.463,2.51896
-0.293675,0.433333,2.463,2.51801
-0.285681,0.433333,2.463,2.51709
-0.277686,0.433333,2.463,2.5162
-0.269692,0.433333,2.463,2.51533
-0.261698,0.433333,2.463,2.51448
-0.253704,0.433333,2.463,2.51366
-0.245709,0.433333,2.463,2.51287
-0.237715,0.433333,2.463,2.5121
-0.229721,0.433333,2.463,2.51136
-0.223347,0.4365,2.481,2.52899
-0.215294,0.4365,2.481,2.52829
-0.207241,0.4365,2.481,2.52762
-0.199189,0.4365,2.481,2.52697
-0.191136,0.4365,2.481,2.52635
-0.183083,0.4365,2.481,2.52575
-0.175031,0.4365,2.481,2.52518
-0.166978,0.4365,2.481,2.52463
-0.160078,0.439667,2.499,2.54243
-0.151967,0.439667,2.499,2.54193
-0.143856,0.439667,2.499,2.54146
-0.135745,0.439667,2.499,2.54101
-0.127634,0.439667,2.499,2.54059
-0.119523,0.439667,2.499,2.5402
-0.111411,0.439667,2.499,2.53983
-0.1033,0.439667,2.499,2.53948
-0.0951891,0.439667,2.499,2.53917
-0.087078,0.439667,2.499,2.53888
-0.0789668,0.439667,2.499,2.53861
-0.0708557,0.439667,2.499,2.53837
-0.0627446,0.439667,2.499,2.53816
-0.0546334,0.439667,2.499,2.53797
-0.0465223,0.439667,2.499,2.53781
-0.0384112,0.439667,2.499,2.53767
-0.0303,0.439667,2.499,2.53756
-0.0221889,0.439667,2.499,2.53748
-0.0140778,0.439667,2.499,2.53742
-0.00596664,0.439667,2.499,2.53739
0.00214449,0.439667,2.499,2.53738
0.0102556,0.439667,2.499,2.5374
0.0183668,0.439667,2.499,2.53745
0.0264779,0.439667,2.499,2.53752
0.034589,0.439667,2.499,2.53762
0.0427002,0.439667,2.499,2.53774
0.0508113,0.439667,2.499,2.53789
0.0589224,0.439667,2.499,2.53807
0.0670336,0.439667,2.499,2.53827
0.0751447,0.439667,2.499,2.53849
0.0832558,0.439667,2.499,2.53875
0.091367,0.439667,2.499,2.53903
0.0994781,0.439667,2.499,2.53933
0.107589,0.439667,2.499,2.53966
0.1157,0.439667,2.499,2.54002
0.123811,0.439667,2.499,2.5404
0.131923,0.439667,2.499,2.54081
0.140034,0.439667,2.499,2.54124
0.148145,0.439667,2.499,2.5417
0.156256,0.439667,2.499,2.54219
0.164367,0.439667,2.499,2.5427
0.172478,0.439667,2.499,2.54324
0.180589,0.439667,2.499,2.5438
0.188701,0.439667,2.499,2.54439
0.196812,0.439667,2.499,2.545
0.204923,0.439667,2.499,2.54564
0.213034,0.439667,2.499,2.54631
0.219552,0.4365,2.481,2.52866
0.227605,0.4365,2.481,2.52937
0.235658,0.4365,2.481,2.5301
0.24371,0.4365,2.481,2.53087
0.249936,0.433333,2.463,2.51329
0.257931,0.433333,2.463,2.5141
0.265925,0.433333,2.463,2.51493
0.273919,0.433333,2.463,2.51579
0.281914,0.433333,2.463,2.51667
0.287789,0.430166,2.445,2.49918
0.295725,0.430166,2.445,2.5001
0.303661,0.430166,2.445,2.50106
0.311597,0.430166,2.445,2.50203
0.317311,0.427175,2.428,2.48563
0.325192,0.427175,2.428,2.48665
0.333072,0.427175,2.428,2.48769
0.340953,0.427175,2.428,2.48876
0.348834,0.427175,2.428,2.48985
0.356714,0.427175,2.428,2.49097
0.364595,0.427175,2.428,2.49211
0.369868,0.424184,2.411,2.47581
0.377693,0.424184,2.411,2.477
0.385519,0.424184,2.411,2.4782
0.393344,0.424184,2.411,2.47943
0.40117,0.424184,2.411,2.48068
0.408995,0.424184,2.411,2.48196
0.416821,0.424184,2.411,2.48326
0.424646,0.424184,2.411,2.48459
0.435521,0.427175,2.428,2.50347
0.443402,0.427175,2.428,2.50485
0.451283,0.427175,2.428,2.50626
0.459163,0.427175,2.428,2.50769
0.467044,0.427175,2.428,2.50914
0.474925,0.427175,2.428,2.51062
0.482805,0.427175,2.428,2.51212
0.490686,0.427175,2.428,2.51365
0.498567,0.427175,2.428,2.5152
0.506447,0.427175,2.428,2.51677
0.514328,0.427175,2.428,2.51837
0.522209,0.427175,2.428,2.51999
0.526378,0.424184,2.411,2.50398
0.534203,0.424184,2.411,2.50564
0.542029,0.424184,2.411,2.50732
0.549854,0.424184,2.411,2.50902
0.55768,0.424184,2.411,2.51075
0.565506,0.424184,2.411,2.5125
0.573331,0.424184,2.411,2.51427
0.581156,0.424184,2.411,2.51607
0.584829,0.421193,2.394,2.50013
0.592599,0.421193,2.394,2.50196
0.60037,0.421193,2.394,2.50381
0.60814,0.421193,2.394,2.50569
0.61591,0.421193,2.394,2.50759
0.623681,0.421193,2.394,2.50951
0.631451,0.421193,2.394,2.51145
0.639221,0.421193,2.394,2.51341
0.642397,0.418202,2.377,2.49754
0.650113,0.418202,2.377,2.49953
0.657828,0.418202,2.377,2.50155
0.665543,0.418202,2.377,2.50359
0.678073,0.421193,2.394,2.52357
0.685843,0.421193,2.394,2.52567
0.693614,0.421193,2.394,2.52779
0.701384,0.421193,2.394,2.52994
0.709154,0.421193,2.394,2.5321
0.716925,0.421193,2.394,2.53429
0.724695,0.421193,2.394,2.5365
0.732465,0.421193,2.394,2.53873
0.734979,0.418202,2.377,2.52294
0.742694,0.418202,2.377,2.5252
0.75041,0.418202,2.377,2.52748
0.753022,0.415387,2.361,2.51275
0.760685,0.415387,2.361,2.51506
0.768348,0.415387,2.361,2.51739
0.770752,0.412572,2.345,2.50266
0.773053,0.409757,2.329,2.48792
0.780612,0.409757,2.329,2.49028
0.788172,0.409757,2.329,2.49266
0.790264,0.406942,2.313,2.47792
0.792598,0.404303,2.298,2.46424
0.800057,0.404303,2.298,2.46665
0.807516,0.404303,2.298,2.46908
0.814974,0.404303,2.298,2.47153
0.822433,0.404303,2.298,2.474
0.829892,0.404303,2.298,2.47649
0.837351,0.404303,2.298,2.479
0.850324,0.406942,2.313,2.49772
0.852268,0.404303,2.298,2.48407
0.859727,0.404303,2.298,2.48664
0.872846,0.406942,2.313,2.50548
0.880353,0.406942,2.313,2.50811
0.887861,0.406942,2.313,2.51075
0.901562,0.409757,2.329,2.5308
0.909121,0.409757,2.329,2.5335
0.916681,0.409757,2.329,2.53623
0.930589,0.412572,2.345,2.55641
0.938201,0.412572,2.345,2.55919
0.945812,0.412572,2.345,2.56199
0.953423,0.412572,2.345,2.56481
0.961035,0.412572,2.345,2.56765
0.968646,0.412572,2.345,2.57051
0.976257,0.412572,2.345,2.57339
0.990581,0.415387,2.361,2.59386
0.998245,0.415387,2.361,2.5968
1.00591,0.415387,2.361,2.59975
1.01357,0.415387,2.361,2.60273
1.02815,0.418202,2.377,2.62338
1.03587,0.418202,2.377,2.62641
1.04359,0.418202,2.377,2.62947
1.0513,0.418202,2.377,2.63254
1.05902,0.418202,2.377,2.63563
1.07436,0.421193,2.394,2.65761
1.08213,0.421193,2.394,2.66076
1.0899,0.421193,2.394,2.66393
1.09767,0.421193,2.394,2.66712
1.10544,0.421193,2.394,2.67033
1.12112,0.424184,2.411,2.69254
1.12894,0.424184,2.411,2.6958
1.13677,0.424184,2.411,2.69909
1.14459,0.424184,2.411,2.7024
1.15242,0.424184,2.411,2.70572
1.16024,0.424184,2.411,2.70906
1.16807,0.424184,2.411,2.71242
1.1759,0.424184,2.411,2.7158
1.18372,0.424184,2.411,2.7192
1.19155,0.424184,2.411,2.72262
1.19937,0.424184,2.411,2.72605
1.2072,0.424184,2.411,2.7295
1.20646,0.421193,2.394,2.7137
1.21423,0.421193,2.394,2.71716
1.222,0.421193,2.394,2.72065
1.22977,0.421193,2.394,2.72414
1.23754,0.421193,2.394,2.72766
1.24531,0.421193,2.394,2.7312
1.25308,0.421193,2.394,2.73475
1.26085,0.421193,2.394,2.73832
1.26862,0.421193,2.394,2.7419
1.28545,0.424184,2.411,2.765
1.29328,0.424184,2.411,2.76865
1.3011,0.424184,2.411,2.77231
1.31816,0.427175,2.428,2.79557
1.33532,0.430166,2.445,2.81889
1.36304,0.4365,2.481,2.86422
1.37109,0.4365,2.481,2.86806
1.38915,0.439667,2.499,2.89276
1.40732,0.442833,2.517,2.91752
1.41549,0.442833,2.517,2.92147
1.43441,0.446176,2.536,2.94752
1.46426,0.452862,2.574,2.99577
1.47261,0.452862,2.574,2.99986
1.4919,0.456205,2.593,3.02614
1.51189,0.459723,2.613,3.05367
1.532,0.463242,2.633,3.08129
1.54055,0.463242,2.633,3.08554
1.56145,0.466937,2.654,3.11446
1.58249,0.470632,2.675,3.14347
1.59117,0.470632,2.675,3.14785
1.59985,0.470632,2.675,3.15225
1.60854,0.470632,2.675,3.15666
1.61722,0.470632,2.675,3.16109
1.61314,0.466937,2.654,3.14069
1.62175,0.466937,2.654,3.14513
1.61747,0.463242,2.633,3.12466
1.61366,0.459723,2.613,3.10532
1.62214,0.459723,2.613,3.10974
1.63062,0.459723,2.613,3.11417
1.61464,0.452862,2.574,3.07207
1.61101,0.449519,2.555,3.05376
1.61931,0.449519,2.555,3.05814
1.6155,0.446176,2.536,3.03977
1.61156,0.442833,2.517,3.02135
1.61973,0.442833,2.517,3.02571
1.61626,0.439667,2.499,3.00842
1.61267,0.4365,2.481,2.99109
1.62072,0.4365,2.481,2.99544
1.60514,0.430166,2.445,2.95627
1.60186,0.427175,2.428,2.94
1.60974,0.427175,2.428,2.94431
1.6063,0.424184,2.411,2.92798
1.61412,0.424184,2.411,2.93228
1.62195,0.424184,2.411,2.93659
1.60679,0.418202,2.377,2.89945
1.60364,0.415387,2.361,2.88419
-1.649,0.425915,2.377,2.92417
-1.64129,0.425915,2.377,2.91982
-1.63357,0.425915,2.377,2.91549
-1.61491,0.423048,2.361,2.89158
-1.60725,0.423048,2.361,2.88731
-1.61043,0.425915,2.377,2.90259
-1.60271,0.425915,2.377,2.89831
-1.595,0.425915,2.377,2.89405
-1.58728,0.425915,2.377,2.88981
-1.57957,0.425915,2.377,2.88558
-1.57185,0.425915,2.377,2.88136
-1.56414,0.425915,2.377,2.87716
-1.55642,0.425915,2.377,2.87297
-1.54871,0.425915,2.377,2.8688
-1.54099,0.425915,2.377,2.86464
-1.53328,0.425915,2.377,2.8605
-1.52556,0.425915,2.377,2.85637
-1.50763,0.423048,2.361,2.83306
-1.49997,0.423048,2.361,2.82899
-1.4923,0.423048,2.361,2.82493
-1.47458,0.420181,2.345,2.80178
-1.46697,0.420181,2.345,2.79778
-1.45935,0.420181,2.345,2.7938
-1.45174,0.420181,2.345,2.78983
-1.45399,0.423048,2.361,2.80488
-1.44632,0.423048,2.361,2.80092
-1.43866,0.423048,2.361,2.79697
-1.431,0.423048,2.361,2.79303
-1.42333,0.423048,2.361,2.78912
-1.41567,0.423048,2.361,2.78521
-1.40801,0.423048,2.361,2.78133
-1.40034,0.423048,2.361,2.77745
-1.39268,0.423048,2.361,2.7736
-1.38502,0.423048,2.361,2.76976
-1.37735,0.423048,2.361,2.76593
-1.36969,0.423048,2.361,2.76213
-1.37126,0.425915,2.377,2.77703
-1.36354,0.425915,2.377,2.77323
-1.35583,0.425915,2.377,2.76944
-1.35775,0.428961,2.394,2.78545
-1.34998,0.428961,2.394,2.78167
-1.35174,0.432007,2.411,2.79764
-1.35339,0.435054,2.428,2.81356
-1.34551,0.435054,2.428,2.80978
-1.347,0.4381,2.445,2.82566
-1.34892,0.441325,2.463,2.84266
-1.35073,0.44455,2.481,2.85962
-1.34267,0.44455,2.481,2.85583
-1.3443,0.447775,2.499,2.87274
-1.34582,0.451001,2.517,2.88962
-1.33765,0.451001,2.517,2.88583
-1.33951,0.454405,2.536,2.9038
-1.34126,0.45781,2.555,2.92174
-1.33296,0.45781,2.555,2.91795
-1.33452,0.461214,2.574,2.93584
-1.33596,0.464619,2.593,2.95369
-1.32754,0.464619,2.593,2.9499
-1.31912,0.464619,2.593,2.94612
-1.32082,0.468202,2.613,2.96505
-1.31234,0.468202,2.613,2.96129
-1.30385,0.468202,2.613,2.95754
-1.30529,0.471786,2.633,2.97642
-1.29674,0.471786,2.633,2.97268
-1.2882,0.471786,2.633,2.96896
-1.27965,0.471786,2.633,2.96526
-1.2711,0.471786,2.633,2.96158
-1.26256,0.471786,2.633,2.95793
-1.25401,0.471786,2.633,2.95429
-1.23601,0.468202,2.613,2.92826
-1.22752,0.468202,2.613,2.92469
-1.21904,0.468202,2.613,2.92114
-1.2013,0.464619,2.593,2.89528
-1.19288,0.464619,2.593,2.8918
-1.16711,0.45781,2.555,2.84601
-1.1502,0.454405,2.536,2.82148
-1.14196,0.454405,2.536,2.81813
-1.13373,0.454405,2.536,2.81481
-1.11707,0.451001,2.517,2.79044
-1.10097,0.447775,2.499,2.76724
-1.09286,0.447775,2.499,2.76403
-1.07693,0.44455,2.481,2.74094
-1.06113,0.441325,2.463,2.71793
-1.05313,0.441325,2.463,2.71482
-1.04514,0.441325,2.463,2.71172
-1.02956,0.4381,2.445,2.68886
-1.02163,0.4381,2.445,2.68583
-1.01369,0.4381,2.445,2.68282
-1.00576,0.4381,2.445,2.67983
-0.997821,0.4381,2.445,2.67686
-0.983002,0.435054,2.428,2.65532
-0.975121,0.435054,2.428,2.65242
-0.967241,0.435054,2.428,2.64953
-0.95936,0.435054,2.428,2.64666
-0.951479,0.435054,2.428,2.64382
-0.943599,0.435054,2.428,2.64099
-0.935718,0.435054,2.428,2.63819
-0.927837,0.435054,2.428,2.6354
-0.919957,0.435054,2.428,2.63264
-0.912076,0.435054,2.428,2.62989
-0.904195,0.435054,2.428,2.62717
-0.90259,0.4381,2.445,2.64284
-0.888434,0.435054,2.428,2.62179
-0.880553,0.435054,2.428,2.61913
-0.872672,0.435054,2.428,2.61649
-0.864792,0.435054,2.428,2.61387
-0.862911,0.4381,2.445,2.62956
-0.854975,0.4381,2.445,2.62696
-0.847039,0.4381,2.445,2.62439
-0.845281,0.441325,2.463,2.64114
-0.837286,0.441325,2.463,2.6386
-0.829292,0.441325,2.463,2.63607
-0.821298,0.441325,2.463,2.63357
-0.813304,0.441325,2.463,2.63108
-0.805309,0.441325,2.463,2.62862
-0.797315,0.441325,2.463,2.62619
-0.789321,0.441325,2.463,2.62377
-0.781326,0.441325,2.463,2.62138
-0.773332,0.441325,2.463,2.619
-0.765338,0.441325,2.463,2.61665
-0.757344,0.441325,2.463,2.61433
-0.749349,0.441325,2.463,2.61202
-0.746773,0.44455,2.481,2.62881
-0.73872,0.44455,2.481,2.62654
-0.730668,0.44455,2.481,2.62428
-0.722615,0.44455,2.481,2.62205
-0.714562,0.44455,2.481,2.61984
-0.706509,0.44455,2.481,2.61766
-0.703524,0.447775,2.499,2.63447
-0.695413,0.447775,2.499,2.63232
-0.687302,0.447775,2.499,2.63019
-0.684083,0.451001,2.517,2.64701
-0.675913,0.451001,2.517,2.64491
-0.667744,0.451001,2.517,2.64283
-0.659574,0.451001,2.517,2.64078
-0.651405,0.451001,2.517,2.63875
-0.643235,0.451001,2.517,2.63675
-0.630524,0.447775,2.499,2.61593
-0.622413,0.447775,2.499,2.61398
-0.614302,0.447775,2.499,2.61206
-0.606191,0.447775,2.499,2.61017
-0.598079,0.447775,2.499,2.60829
-0.589968,0.447775,2.499,2.60645
-0.581857,0.447775,2.499,2.60462
-0.573746,0.447775,2.499,2.60282
-0.565635,0.447775,2.499,2.60105
-0.557524,0.447775,2.499,2.5993
-0.549413,0.447775,2.499,2.59757
-0.541301,0.447775,2.499,2.59586
-0.53319,0.447775,2.499,2.59419
-0.525079,0.447775,2.499,2.59253
-0.516968,0.447775,2.499,2.5909
-0.508857,0.447775,2.499,2.58929
-0.500746,0.447775,2.499,2.58771
-0.492635,0.447775,2.499,2.58615
-0.484524,0.447775,2.499,2.58462
-0.476412,0.447775,2.499,2.58311
-0.468301,0.447775,2.499,2.58163
-0.46019,0.447775,2.499,2.58017
-0.452079,0.447775,2.499,2.57874
-0.443968,0.447775,2.499,2.57733
-0.435857,0.447775,2.499,2.57594
-0.427746,0.447775,2.499,2.57458
-0.419634,0.447775,2.499,2.57325
-0.411523,0.447775,2.499,2.57194
-0.403412,0.447775,2.499,2.57065
-0.395301,0.447775,2.499,2.56939
-0.38719,0.447775,2.499,2.56816
-0.379079,0.447775,2.499,2.56694
-0.368296,0.44455,2.481,2.54728
-0.360243,0.44455,2.481,2.54613
-0.35219,0.44455,2.481,2.545
-0.344137,0.44455,2.481,2.5439
-0.336085,0.44455,2.481,2.54282
-0.328032,0.44455,2.481,2.54177
-0.319979,0.44455,2.481,2.54074
-0.309664,0.441325,2.463,2.52131
-0.301669,0.441325,2.463,2.52035
-0.293675,0.441325,2.463,2.5194
-0.285681,0.441325,2.463,2.51848
-0.277686,0.441325,2.463,2.51759
-0.269692,0.441325,2.463,2.51672
-0.261698,0.441325,2.463,2.51587
-0.253704,0.441325,2.463,2.51506
-0.245709,0.441325,2.463,2.51426
-0.237715,0.441325,2.463,2.51349
-0.229721,0.441325,2.463,2.51275
-0.221726,0.441325,2.463,2.51203
-0.215294,0.44455,2.481,2.52969
-0.207241,0.44455,2.481,2.52902
-0.199189,0.44455,2.481,2.52837
-0.191136,0.44455,2.481,2.52775
-0.183083,0.44455,2.481,2.52715
-0.175031,0.44455,2.481,2.52658
-0.168189,0.447775,2.499,2.54436
-0.160078,0.447775,2.499,2.54384
-0.151967,0.447775,2.499,2.54334
-0.143856,0.447775,2.499,2.54287
-0.135745,0.447775,2.499,2.54243
-0.127634,0.447775,2.499,2.54201
-0.119523,0.447775,2.499,2.54161
-0.111411,0.447775,2.499,2.54124
-0.1033,0.447775,2.499,2.5409
-0.0951891,0.447775,2.499,2.54058
-0.087078,0.447775,2.499,2.54029
-0.0789668,0.447775,2.499,2.54003
-0.0708557,0.447775,2.499,2.53979
-0.0627446,0.447775,2.499,2.53957
-0.0546334,0.447775,2.499,2.53939
-0.0465223,0.447775,2.499,2.53923
-0.0384112,0.447775,2.499,2.53909
-0.0303,0.447775,2.499,2.53898
-0.0221889,0.447775,2.499,2.5389
-0.0140778,0.447775,2.499,2.53884
-0.00596664,0.447775,2.499,2.53881
0.00214449,0.447775,2.499,2.5388
0.0102556,0.447775,2.499,2.53882
0.0183668,0.447775,2.499,2.53887
0.0264779,0.447775,2.499,2.53894
0.034589,0.447775,2.499,2.53904
0.0427002,0.447775,2.499,2.53916
0.0508113,0.447775,2.499,2.53931
0.0589224,0.447775,2.499,2.53948
0.0670336,0.447775,2.499,2.53968
0.0751447,0.447775,2.499,2.53991
0.0832558,0.447775,2.499,2.54016
0.091367,0.447775,2.499,2.54044
0.0994781,0.447775,2.499,2.54075
0.107589,0.447775,2.499,2.54108
0.1157,0.447775,2.499,2.54143
0.123811,0.447775,2.499,2.54182
0.131923,0.447775,2.499,2.54222
0.140034,0.447775,2.499,2.54266
0.148145,0.447775,2.499,2.54312
0.156256,0.447775,2.499,2.5436
0.164367,0.447775,2.499,2.54411
0.172478,0.447775,2.499,2.54465
0.180589,0.447775,2.499,2.54521
0.188701,0.447775,2.499,2.5458
0.196812,0.447775,2.499,2.54642
0.204923,0.447775,2.499,2.54706
0.213034,0.447775,2.499,2.54772
0.219552,0.44455,2.481,2.53006
0.227605,0.44455,2.481,2.53077
0.237367,0.447775,2.499,2.54987
0.24371,0.44455,2.481,2.53227
0.251763,0.44455,2.481,2.53306
0.259816,0.44455,2.481,2.53387
0.265925,0.441325,2.463,2.51632
0.273919,0.441325,2.463,2.51717
0.281914,0.441325,2.463,2.51806
0.287789,0.4381,2.445,2.50056
0.295725,0.4381,2.445,2.50148
0.303661,0.4381,2.445,2.50243
0.311597,0.4381,2.445,2.50341
0.319533,0.4381,2.445,2.50441
0.325192,0.435054,2.428,2.48801
0.333072,0.435054,2.428,2.48905
0.340953,0.435054,2.428,2.49012
0.348834,0.435054,2.428,2.49121
0.356714,0.435054,2.428,2.49233
0.364595,0.435054,2.428,2.49347
0.369868,0.432007,2.411,2.47717
0.377693,0.432007,2.411,2.47835
0.385519,0.432007,2.411,2.47955
0.393344,0.432007,2.411,2.48078
0.40117,0.432007,2.411,2.48203
0.408995,0.432007,2.411,2.48331
0.416821,0.432007,2.411,2.48461
0.424646,0.432007,2.411,2.48594
0.435521,0.435054,2.428,2.50482
0.443402,0.435054,2.428,2.5062
0.451283,0.435054,2.428,2.50761
0.459163,0.435054,2.428,2.50904
0.467044,0.435054,2.428,2.5105
0.474925,0.435054,2.428,2.51197
0.482805,0.435054,2.428,2.51348
0.490686,0.435054,2.428,2.515
0.498567,0.435054,2.428,2.51655
0.506447,0.435054,2.428,2.51812
0.514328,0.435054,2.428,2.51972
0.522209,0.435054,2.428,2.52134
0.526378,0.432007,2.411,2.50532
0.534203,0.432007,2.411,2.50698
0.542029,0.432007,2.411,2.50865
0.549854,0.432007,2.411,2.51036
0.55768,0.432007,2.411,2.51208
0.565506,0.432007,2.411,2.51383
0.573331,0.432007,2.411,2.5156
0.581156,0.432007,2.411,2.5174
0.584829,0.428961,2.394,2.50145
0.592599,0.428961,2.394,2.50328
0.60037,0.428961,2.394,2.50513
0.60814,0.428961,2.394,2.50701
0.61591,0.428961,2.394,2.5089
0.623681,0.428961,2.394,2.51082
0.631451,0.428961,2.394,2.51276
0.634682,0.425915,2.377,2.49687
0.642397,0.425915,2.377,2.49884
0.650113,0.425915,2.377,2.50084
0.657828,0.425915,2.377,2.50285
0.665543,0.425915,2.377,2.50489
0.673258,0.425915,2.377,2.50695
0.680973,0.425915,2.377,2.50904
0.688688,0.425915,2.377,2.51114
0.696403,0.425915,2.377,2.51327
0.704119,0.425915,2.377,2.51542
0.711834,0.425915,2.377,2.51759
0.719549,0.425915,2.377,2.51978
0.727264,0.425915,2.377,2.52199
0.734979,0.425915,2.377,2.52423
0.737695,0.423048,2.361,2.50948
0.745358,0.423048,2.361,2.51174
0.747919,0.420181,2.345,2.49699
0.75553,0.420181,2.345,2.49928
0.763141,0.420181,2.345,2.50159
0.765494,0.417315,2.329,2.48684
0.767742,0.414448,2.313,2.47208
0.77525,0.414448,2.313,2.47442
0.782757,0.414448,2.313,2.47678
0.785139,0.41176,2.298,2.46309
0.78708,0.408893,2.282,2.44831
0.794486,0.408893,2.282,2.4507
0.801893,0.408893,2.282,2.45311
0.8093,0.408893,2.282,2.45554
0.816707,0.408893,2.282,2.45799
0.824114,0.408893,2.282,2.46046
0.83152,0.408893,2.282,2.46295
0.838927,0.408893,2.282,2.46546
0.846334,0.408893,2.282,2.46799
0.853741,0.408893,2.282,2.47054
0.867186,0.41176,2.298,2.49045
0.874644,0.41176,2.298,2.49306
0.882103,0.41176,2.298,2.49569
0.889562,0.41176,2.298,2.49833
0.902876,0.414448,2.313,2.51732
0.910383,0.414448,2.313,2.52003
0.92424,0.417315,2.329,2.5402
0.931799,0.417315,2.329,2.54296
0.939359,0.417315,2.329,2.54574
0.946918,0.417315,2.329,2.54854
0.954477,0.417315,2.329,2.55136
0.962037,0.417315,2.329,2.55419
0.976257,0.420181,2.345,2.57462
0.983868,0.420181,2.345,2.57751
0.99148,0.420181,2.345,2.58043
1.00591,0.423048,2.361,2.60099
1.01357,0.423048,2.361,2.60396
1.02123,0.423048,2.361,2.60695
1.0289,0.423048,2.361,2.60997
1.03656,0.423048,2.361,2.613
1.04422,0.423048,2.361,2.61605
1.05189,0.423048,2.361,2.61911
1.06673,0.425915,2.377,2.63997
1.07445,0.425915,2.377,2.6431
1.08216,0.425915,2.377,2.64624
1.08988,0.425915,2.377,2.64941
1.09759,0.425915,2.377,2.65259
1.11321,0.428961,2.394,2.67479
1.12098,0.428961,2.394,2.67803
1.12875,0.428961,2.394,2.68129
1.13652,0.428961,2.394,2.68457
1.14429,0.428961,2.394,2.68787
1.15206,0.428961,2.394,2.69119
1.15983,0.428961,2.394,2.69452
1.1676,0.428961,2.394,2.69788
1.17537,0.428961,2.394,2.70125
1.19155,0.432007,2.411,2.72385
1.19937,0.432007,2.411,2.72728
1.2072,0.432007,2.411,2.73073
1.20646,0.428961,2.394,2.71492
1.21423,0.428961,2.394,2.71838
1.222,0.428961,2.394,2.72186
1.22977,0.428961,2.394,2.72536
1.23754,0.428961,2.394,2.72887
1.24531,0.428961,2.394,2.7324
1.25308,0.428961,2.394,2.73595
1.26085,0.428961,2.394,2.73952
1.26862,0.428961,2.394,2.74311
1.28545,0.432007,2.411,2.76621
1.29328,0.432007,2.411,2.76986
1.3011,0.432007,2.411,2.77352
1.31816,0.435054,2.428,2.79678
1.32604,0.435054,2.428,2.80051
1.35315,0.441325,2.463,2.84467
1.36114,0.441325,2.463,2.84848
1.37914,0.44455,2.481,2.87316
1.40732,0.451001,2.517,2.91878
1.41549,0.451001,2.517,2.92272
1.42366,0.451001,2.517,2.92669
1.45345,0.45781,2.555,2.97492
1.46174,0.45781,2.555,2.97898
1.48097,0.461214,2.574,3.00524
1.50031,0.464619,2.593,3.03158
1.50873,0.464619,2.593,3.03575
1.51715,0.464619,2.593,3.03994
1.53733,0.468202,2.613,3.06763
1.55764,0.471786,2.633,3.0954
1.56619,0.471786,2.633,3.09971
1.57474,0.471786,2.633,3.10404
1.58328,0.471786,2.633,3.10838
1.59183,0.471786,2.633,3.11275
1.58822,0.468202,2.613,3.09345
1.5967,0.468202,2.613,3.09781
1.60518,0.468202,2.613,3.10219
1.61366,0.468202,2.613,3.10659
1.60973,0.464619,2.593,3.08719
1.61814,0.464619,2.593,3.09159
1.61464,0.461214,2.574,3.07331
1.59903,0.454405,2.536,3.03227
1.60727,0.454405,2.536,3.03662
1.6155,0.454405,2.536,3.04099
1.61156,0.451001,2.517,3.02255
1.61973,0.451001,2.517,3.02692
1.60462,0.44455,2.481,2.98794
1.61267,0.44455,2.481,2.99227
1.62072,0.44455,2.481,2.99662
1.60514,0.4381,2.445,2.95744
1.60186,0.435054,2.428,2.94116
1.60974,0.435054,2.428,2.94546
1.6063,0.432007,2.411,2.92912
1.61412,0.432007,2.411,2.93342
1.62195,0.432007,2.411,2.93773
1.60679,0.425915,2.377,2.90057
1.60364,0.423048,2.361,2.8853
-1.6379,0.430709,2.361,2.90561
-1.63024,0.430709,2.361,2.90129
-1.62258,0.430709,2.361,2.897
-1.61491,0.430709,2.361,2.89271
-1.60725,0.430709,2.361,2.88844
-1.59959,0.430709,2.361,2.88418
-1.60271,0.433628,2.377,2.89946
-1.595,0.433628,2.377,2.8952
-1.58728,0.433628,2.377,2.89096
-1.57957,0.433628,2.377,2.88673
-1.57185,0.433628,2.377,2.88251
-1.56414,0.433628,2.377,2.87831
-1.55642,0.433628,2.377,2.87413
-1.54871,0.433628,2.377,2.86996
-1.54099,0.433628,2.377,2.8658
-1.53328,0.433628,2.377,2.86166
-1.52556,0.433628,2.377,2.85753
-1.51785,0.433628,2.377,2.85342
-1.49997,0.430709,2.361,2.83015
-1.4923,0.430709,2.361,2.82609
-1.48464,0.430709,2.361,2.82205
-1.47698,0.430709,2.361,2.81803
-1.46931,0.430709,2.361,2.81402
-1.46165,0.430709,2.361,2.81003
-1.45399,0.430709,2.361,2.80605
-1.44632,0.430709,2.361,2.80209
-1.43866,0.430709,2.361,2.79814
-1.431,0.430709,2.361,2.7942
-1.42333,0.430709,2.361,2.79029
-1.41567,0.430709,2.361,2.78639
-1.40801,0.430709,2.361,2.7825
-1.40034,0.430709,2.361,2.77863
-1.39268,0.430709,2.361,2.77478
-1.38502,0.430709,2.361,2.77094
-1.37735,0.430709,2.361,2.76712
-1.36969,0.430709,2.361,2.76331
-1.37126,0.433628,2.377,2.77822
-1.36354,0.433628,2.377,2.77442
-1.35583,0.433628,2.377,2.77064
-1.35775,0.436729,2.394,2.78666
-1.34998,0.436729,2.394,2.78288
-1.35174,0.439831,2.411,2.79885
-1.35339,0.442932,2.428,2.81479
-1.34551,0.442932,2.428,2.81101
-1.347,0.446033,2.445,2.8269
-1.34892,0.449317,2.463,2.84391
-1.36053,0.455884,2.499,2.88164
-1.35241,0.455884,2.499,2.87782
-1.35399,0.459168,2.517,2.89472
-1.35598,0.462634,2.536,2.91273
-1.34774,0.462634,2.536,2.90891
-1.34955,0.4661,2.555,2.92687
-1.35123,0.469566,2.574,2.94479
-1.34288,0.469566,2.574,2.94097
-1.33452,0.469566,2.574,2.93716
-1.33596,0.473032,2.593,2.95503
-1.32754,0.473032,2.593,2.95123
-1.31912,0.473032,2.593,2.94746
-1.32082,0.476681,2.613,2.9664
-1.31234,0.476681,2.613,2.96264
-1.30385,0.476681,2.613,2.95889
-1.30529,0.48033,2.633,2.97778
-1.29674,0.48033,2.633,2.97405
-1.2882,0.48033,2.633,2.97033
-1.27965,0.48033,2.633,2.96663
-1.2711,0.48033,2.633,2.96296
-1.26256,0.48033,2.633,2.9593
-1.25401,0.48033,2.633,2.95566
-1.23601,0.476681,2.613,2.92963
-1.22752,0.476681,2.613,2.92606
-1.21904,0.476681,2.613,2.92251
-1.2013,0.473032,2.593,2.89664
-1.19288,0.473032,2.593,2.89316
-1.16711,0.4661,2.555,2.84735
-1.1502,0.462634,2.536,2.82281
-1.14196,0.462634,2.536,2.81947
-1.13373,0.462634,2.536,2.81615
-1.11707,0.459168,2.517,2.79177
-1.10097,0.455884,2.499,2.76857
-1.09286,0.455884,2.499,2.76535
-1.07693,0.452601,2.481,2.74226
-1.06113,0.449317,2.463,2.71924
-1.05313,0.449317,2.463,2.71613
-1.04514,0.449317,2.463,2.71304
-1.02956,0.446033,2.445,2.69016
-1.02163,0.446033,2.445,2.68714
-1.01369,0.446033,2.445,2.68413
-1.00576,0.446033,2.445,2.68114
-0.997821,0.446033,2.445,2.67817
-0.983002,0.442932,2.428,2.65663
-0.975121,0.442932,2.428,2.65372
-0.967241,0.442932,2.428,2.65084
-0.95936,0.442932,2.428,2.64797
-0.951479,0.442932,2.428,2.64513
-0.943599,0.442932,2.428,2.6423
-0.935718,0.442932,2.428,2.6395
-0.927837,0.442932,2.428,2.63671
-0.919957,0.442932,2.428,2.63395
-0.912076,0.442932,2.428,2.63121
-0.904195,0.442932,2.428,2.62849
-0.90259,0.446033,2.445,2.64417
-0.888434,0.442932,2.428,2.62311
-0.880553,0.442932,2.428,2.62045
-0.872672,0.442932,2.428,2.61781
-0.864792,0.442932,2.428,2.61519
-0.862911,0.446033,2.445,2.63089
-0.854975,0.446033,2.445,2.6283
-0.847039,0.446033,2.445,2.62573
-0.845281,0.449317,2.463,2.64249
-0.837286,0.449317,2.463,2.63994
-0.829292,0.449317,2.463,2.63742
-0.821298,0.449317,2.463,2.63492
-0.813304,0.449317,2.463,2.63244
-0.805309,0.449317,2.463,2.62998
-0.797315,0.449317,2.463,2.62754
-0.789321,0.449317,2.463,2.62513
-0.781326,0.449317,2.463,2.62273
-0.773332,0.449317,2.463,2.62036
-0.765338,0.449317,2.463,2.61801
-0.757344,0.449317,2.463,2.61569
-0.754826,0.452601,2.481,2.63248
-0.746773,0.452601,2.481,2.63019
-0.73872,0.452601,2.481,2.62791
-0.730668,0.452601,2.481,2.62566
-0.722615,0.452601,2.481,2.62343
-0.719746,0.455884,2.499,2.64024
-0.711635,0.455884,2.499,2.63804
-0.703524,0.455884,2.499,2.63586
-0.700422,0.459168,2.517,2.65268
-0.692252,0.459168,2.517,2.65054
-0.684083,0.459168,2.517,2.64841
-0.675913,0.459168,2.517,2.64632
-0.667744,0.459168,2.517,2.64424
-0.659574,0.459168,2.517,2.64219
-0.651405,0.459168,2.517,2.64016
-0.643235,0.459168,2.517,2.63816
-0.630524,0.455884,2.499,2.61733
-0.622413,0.455884,2.499,2.61538
-0.614302,0.455884,2.499,2.61346
-0.606191,0.455884,2.499,2.61157
-0.598079,0.455884,2.499,2.6097
-0.589968,0.455884,2.499,2.60785
-0.581857,0.455884,2.499,2.60603
-0.573746,0.455884,2.499,2.60423
-0.565635,0.455884,2.499,2.60246
-0.557524,0.455884,2.499,2.6007
-0.549413,0.455884,2.499,2.59898
-0.541301,0.455884,2.499,2.59728
-0.53319,0.455884,2.499,2.5956
-0.525079,0.455884,2.499,2.59394
-0.516968,0.455884,2.499,2.59231
-0.508857,0.455884,2.499,2.59071
-0.500746,0.455884,2.499,2.58913
-0.492635,0.455884,2.499,2.58757
-0.484524,0.455884,2.499,2.58604
-0.476412,0.455884,2.499,2.58453
-0.468301,0.455884,2.499,2.58305
-0.46019,0.455884,2.499,2.58159
-0.452079,0.455884,2.499,2.58016
-0.443968,0.455884,2.499,2.57875
-0.438996,0.459168,2.517,2.59593
-0.430827,0.459168,2.517,2.59456
-0.422657,0.459168,2.517,2.59321
-0.414487,0.459168,2.517,2.5919
-0.406318,0.459168,2.517,2.5906
-0.395301,0.455884,2.499,2.57082
-0.38719,0.455884,2.499,2.56958
-0.379079,0.455884,2.499,2.56837
-0.370968,0.455884,2.499,2.56719
-0.360243,0.452601,2.481,2.54754
-0.35219,0.452601,2.481,2.54642
-0.344137,0.452601,2.481,2.54532
-0.336085,0.452601,2.481,2.54424
-0.328032,0.452601,2.481,2.54319
-0.319979,0.452601,2.481,2.54216
-0.311927,0.452601,2.481,2.54116
-0.301669,0.449317,2.463,2.52176
-0.293675,0.449317,2.463,2.52081
-0.285681,0.449317,2.463,2.51989
-0.277686,0.449317,2.463,2.519
-0.269692,0.449317,2.463,2.51813
-0.261698,0.449317,2.463,2.51729
-0.253704,0.449317,2.463,2.51647
-0.245709,0.449317,2.463,2.51568
-0.237715,0.449317,2.463,2.51491
-0.229721,0.449317,2.463,2.51417
-0.221726,0.449317,2.463,2.51345
-0.215294,0.452601,2.481,2.53112
-0.207241,0.452601,2.481,2.53045
-0.199189,0.452601,2.481,2.5298
-0.191136,0.452601,2.481,2.52918
-0.183083,0.452601,2.481,2.52858
-0.175031,0.452601,2.481,2.52801
-0.168189,0.455884,2.499,2.5458
-0.160078,0.455884,2.499,2.54528
-0.151967,0.455884,2.499,2.54478
-0.143856,0.455884,2.499,2.54431
-0.135745,0.455884,2.499,2.54387
-0.127634,0.455884,2.499,2.54345
-0.120383,0.459168,2.517,2.56137
-0.112214,0.459168,2.517,2.561
-0.1033,0.455884,2.499,2.54234
-0.0951891,0.455884,2.499,2.54203
-0.087078,0.455884,2.499,2.54173
-0.0789668,0.455884,2.499,2.54147
-0.0708557,0.455884,2.499,2.54123
-0.0627446,0.455884,2.499,2.54102
-0.0546334,0.455884,2.499,2.54083
-0.0465223,0.455884,2.499,2.54067
-0.0386878,0.459168,2.517,2.55883
-0.0305183,0.459168,2.517,2.55872
-0.0223487,0.459168,2.517,2.55864
-0.0141792,0.459168,2.517,2.55858
-0.00600962,0.459168,2.517,2.55855
0.00215994,0.459168,2.517,2.55854
0.0103295,0.459168,2.517,2.55856
0.0183668,0.455884,2.499,2.54031
0.0264779,0.455884,2.499,2.54038
0.034589,0.455884,2.499,2.54048
0.0427002,0.455884,2.499,2.5406
0.0508113,0.455884,2.499,2.54075
0.0589224,0.455884,2.499,2.54093
0.0670336,0.455884,2.499,2.54113
0.0751447,0.455884,2.499,2.54135
0.0832558,0.455884,2.499,2.54161
0.091367,0.455884,2.499,2.54189
0.0994781,0.455884,2.499,2.54219
0.107589,0.455884,2.499,2.54252
0.1157,0.455884,2.499,2.54288
0.123811,0.455884,2.499,2.54326
0.131923,0.455884,2.499,2.54367
0.140034,0.455884,2.499,2.5441
0.148145,0.455884,2.499,2.54456
0.156256,0.455884,2.499,2.54504
0.164367,0.455884,2.499,2.54555
0.172478,0.455884,2.499,2.54609
0.180589,0.455884,2.499,2.54665
0.188701,0.455884,2.499,2.54724
0.196812,0.455884,2.499,2.54786
0.204923,0.455884,2.499,2.54849
0.213034,0.455884,2.499,2.54916
0.219552,0.452601,2.481,2.53148
0.227605,0.452601,2.481,2.5322
0.237367,0.455884,2.499,2.55131
0.24371,0.452601,2.481,2.53369
0.251763,0.452601,2.481,2.53448
0.259816,0.452601,2.481,2.53529
0.265925,0.449317,2.463,2.51773
0.273919,0.449317,2.463,2.51859
0.281914,0.449317,2.463,2.51947
0.287789,0.446033,2.445,2.50196
0.295725,0.446033,2.445,2.50288
0.303661,0.446033,2.445,2.50383
0.311597,0.446033,2.445,2.50481
0.319533,0.446033,2.445,2.50581
0.325192,0.442932,2.428,2.4894
0.333072,0.442932,2.428,2.49044
0.340953,0.442932,2.428,2.49151
0.348834,0.442932,2.428,2.4926
0.356714,0.442932,2.428,2.49372
0.364595,0.442932,2.428,2.49486
0.369868,0.439831,2.411,2.47854
0.377693,0.439831,2.411,2.47972
0.385519,0.439831,2.411,2.48093
0.393344,0.439831,2.411,2.48215
0.40117,0.439831,2.411,2.48341
0.408995,0.439831,2.411,2.48468
0.416821,0.439831,2.411,2.48598
0.424646,0.439831,2.411,2.48731
0.435521,0.442932,2.428,2.5062
0.443402,0.442932,2.428,2.50758
0.451283,0.442932,2.428,2.50899
0.459163,0.442932,2.428,2.51042
0.467044,0.442932,2.428,2.51187
0.474925,0.442932,2.428,2.51335
0.482805,0.442932,2.428,2.51485
0.490686,0.442932,2.428,2.51638
0.498567,0.442932,2.428,2.51792
0.506447,0.442932,2.428,2.5195
0.514328,0.442932,2.428,2.52109
0.518552,0.439831,2.411,2.50505
0.526378,0.439831,2.411,2.50668
0.534203,0.439831,2.411,2.50834
0.542029,0.439831,2.411,2.51001
0.549854,0.439831,2.411,2.51171
0.55768,0.439831,2.411,2.51344
0.561518,0.436729,2.394,2.49745
0.569288,0.436729,2.394,2.49921
0.577059,0.436729,2.394,2.50099
0.584829,0.436729,2.394,2.5028
0.592599,0.436729,2.394,2.50462
0.60037,0.436729,2.394,2.50647
0.60814,0.436729,2.394,2.50835
0.61591,0.436729,2.394,2.51024
0.623681,0.436729,2.394,2.51216
0.631451,0.436729,2.394,2.5141
0.634682,0.433628,2.377,2.4982
0.642397,0.433628,2.377,2.50017
0.650113,0.433628,2.377,2.50216
0.657828,0.433628,2.377,2.50418
0.665543,0.433628,2.377,2.50621
0.673258,0.433628,2.377,2.50827
0.680973,0.433628,2.377,2.51036
0.688688,0.433628,2.377,2.51246
0.696403,0.433628,2.377,2.51459
0.704119,0.433628,2.377,2.51673
0.711834,0.433628,2.377,2.5189
0.719549,0.433628,2.377,2.52109
0.727264,0.433628,2.377,2.52331
0.734979,0.433628,2.377,2.52554
0.737695,0.430709,2.361,2.51078
0.745358,0.430709,2.361,2.51304
0.747919,0.427791,2.345,2.49828
0.750375,0.424872,2.329,2.48351
0.757934,0.424872,2.329,2.4858
0.760235,0.421953,2.313,2.47103
0.762763,0.419217,2.298,2.45731
0.770222,0.419217,2.298,2.45963
0.777681,0.419217,2.298,2.46198
0.779673,0.416298,2.282,2.44719
0.781906,0.413561,2.267,2.43345
0.789264,0.413561,2.267,2.43583
0.796622,0.413561,2.267,2.43822
0.80398,0.413561,2.267,2.44064
0.811339,0.413561,2.267,2.44307
0.818697,0.413561,2.267,2.44552
0.826055,0.413561,2.267,2.448
0.833413,0.413561,2.267,2.45049
0.840771,0.413561,2.267,2.453
0.853741,0.416298,2.282,2.47178
0.861148,0.416298,2.282,2.47435
0.868555,0.416298,2.282,2.47694
0.875961,0.416298,2.282,2.47954
0.889562,0.419217,2.298,2.49957
0.902876,0.421953,2.313,2.51857
0.910383,0.421953,2.313,2.52127
0.917891,0.421953,2.313,2.52399
0.931799,0.424872,2.329,2.54421
0.939359,0.424872,2.329,2.54699
0.946918,0.424872,2.329,2.54979
0.954477,0.424872,2.329,2.5526
0.962037,0.424872,2.329,2.55544
0.969596,0.424872,2.329,2.5583
0.977155,0.424872,2.329,2.56117
0.984715,0.424872,2.329,2.56406
0.999091,0.427791,2.345,2.58461
1.0067,0.427791,2.345,2.58756
1.01431,0.427791,2.345,2.59053
1.02192,0.427791,2.345,2.59352
1.03656,0.430709,2.361,2.61425
1.04422,0.430709,2.361,2.6173
1.05189,0.430709,2.361,2.62036
1.05955,0.430709,2.361,2.62345
1.06721,0.430709,2.361,2.62655
1.07488,0.430709,2.361,2.62968
1.08988,0.433628,2.377,2.65066
1.09759,0.433628,2.377,2.65384
1.10531,0.433628,2.377,2.65704
1.11302,0.433628,2.377,2.66026
1.12074,0.433628,2.377,2.6635
1.12845,0.433628,2.377,2.66675
1.13617,0.433628,2.377,2.67003
1.15206,0.436729,2.394,2.69244
1.15983,0.436729,2.394,2.69577
1.1676,0.436729,2.394,2.69912
1.17537,0.436729,2.394,2.70249
1.19155,0.439831,2.411,2.7251
1.19937,0.439831,2.411,2.72853
1.2072,0.439831,2.411,2.73198
1.21502,0.439831,2.411,2.73544
1.22285,0.439831,2.411,2.73893
1.222,0.436729,2.394,2.72309
1.22977,0.436729,2.394,2.72659
1.23754,0.436729,2.394,2.7301
1.24531,0.436729,2.394,2.73363
1.25308,0.436729,2.394,2.73718
1.26085,0.436729,2.394,2.74075
1.26862,0.436729,2.394,2.74433
1.28545,0.439831,2.411,2.76745
1.29328,0.439831,2.411,2.77109
1.3011,0.439831,2.411,2.77475
1.31816,0.442932,2.428,2.79802
1.32604,0.442932,2.428,2.80174
1.35315,0.449317,2.463,2.84592
1.36114,0.449317,2.463,2.84973
1.37914,0.452601,2.481,2.87441
1.40732,0.459168,2.517,2.92005
1.41549,0.459168,2.517,2.924
1.42366,0.459168,2.517,2.92796
1.45345,0.4661,2.555,2.9762
1.46174,0.4661,2.555,2.98026
1.48097,0.469566,2.574,3.00653
1.50031,0.473032,2.593,3.03288
1.50873,0.473032,2.593,3.03705
1.51715,0.473032,2.593,3.04124
1.53733,0.476681,2.613,3.06894
1.55764,0.48033,2.633,3.09672
1.56619,0.48033,2.633,3.10102
1.57474,0.48033,2.633,3.10535
1.58328,0.48033,2.633,3.10969
1.59183,0.48033,2.633,3.11405
1.58822,0.476681,2.613,3.09474
1.5967,0.476681,2.613,3.0991
1.60518,0.476681,2.613,3.10348
1.61366,0.476681,2.613,3.10788
1.60973,0.473032,2.593,3.08847
1.61814,0.473032,2.593,3.09286
1.61464,0.469566,2.574,3.07458
1.59903,0.462634,2.536,3.03352
1.60727,0.462634,2.536,3.03787
1.6155,0.462634,2.536,3.04223
1.61156,0.459168,2.517,3.02378
1.61973,0.459168,2.517,3.02814
1.60462,0.452601,2.481,2.98915
1.60097,0.449317,2.463,2.97176
1.60897,0.449317,2.463,2.97608
1.60514,0.446033,2.445,2.95862
1.60186,0.442932,2.428,2.94234
1.60974,0.442932,2.428,2.94663
1.6063,0.439831,2.411,2.93028
1.60274,0.436729,2.394,2.91389
1.61051,0.436729,2.394,2.91817
1.60679,0.433628,2.377,2.90171
1.60364,0.430709,2.361,2.88643
-1.6379,0.43837,2.361,2.90675
-1.63024,0.43837,2.361,2.90244
-1.62258,0.43837,2.361,2.89814
-1.61491,0.43837,2.361,2.89386
-1.60725,0.43837,2.361,2.88959
-1.59959,0.43837,2.361,2.88534
-1.60271,0.441341,2.377,2.90062
-1.595,0.441341,2.377,2.89636
-1.58728,0.441341,2.377,2.89212
-1.57957,0.441341,2.377,2.8879
-1.57185,0.441341,2.377,2.88368
-1.56414,0.441341,2.377,2.87948
-1.55642,0.441341,2.377,2.8753
-1.54871,0.441341,2.377,2.87113
-1.54099,0.441341,2.377,2.86698
-1.53328,0.441341,2.377,2.86284
-1.52556,0.441341,2.377,2.85871
-1.51785,0.441341,2.377,2.8546
-1.49997,0.43837,2.361,2.83132
-1.4923,0.43837,2.361,2.82727
-1.48464,0.43837,2.361,2.82323
-1.47698,0.43837,2.361,2.81921
-1.46931,0.43837,2.361,2.8152
-1.46165,0.43837,2.361,2.81121
-1.45399,0.43837,2.361,2.80723
-1.44632,0.43837,2.361,2.80327
-1.43866,0.43837,2.361,2.79933
-1.431,0.43837,2.361,2.7954
-1.42333,0.43837,2.361,2.79148
-1.41567,0.43837,2.361,2.78758
-1.40801,0.43837,2.361,2.7837
-1.40034,0.43837,2.361,2.77983
-1.39268,0.43837,2.361,2.77598
-1.38502,0.43837,2.361,2.77214
-1.37735,0.43837,2.361,2.76832
-1.36969,0.43837,2.361,2.76451
-1.37126,0.441341,2.377,2.77943
-1.36354,0.441341,2.377,2.77564
-1.35583,0.441341,2.377,2.77185
-1.35775,0.444498,2.394,2.78789
-1.34998,0.444498,2.394,2.78411
-1.35174,0.447654,2.411,2.80009
-1.35339,0.45081,2.428,2.81604
-1.34551,0.45081,2.428,2.81226
-1.347,0.453967,2.445,2.82817
-1.34892,0.457309,2.463,2.84519
-1.36053,0.463993,2.499,2.88294
-1.35241,0.463993,2.499,2.87912
-1.35399,0.467335,2.517,2.89603
-1.35598,0.470863,2.536,2.91405
-1.34774,0.470863,2.536,2.91023
-1.34955,0.474391,2.555,2.9282
-1.35123,0.477919,2.574,2.94613
-1.34288,0.477919,2.574,2.94231
-1.33452,0.477919,2.574,2.93851
-1.33596,0.481446,2.593,2.95639
-1.32754,0.481446,2.593,2.95259
-1.31912,0.481446,2.593,2.94882
-1.32082,0.48516,2.613,2.96778
-1.31234,0.48516,2.613,2.96401
-1.30385,0.48516,2.613,2.96027
-1.30529,0.488873,2.633,2.97917
-1.29674,0.488873,2.633,2.97544
-1.2882,0.488873,2.633,2.97172
-1.27965,0.488873,2.633,2.96803
-1.2711,0.488873,2.633,2.96435
-1.26256,0.488873,2.633,2.9607
-1.24449,0.48516,2.613,2.9346
-1.23601,0.48516,2.613,2.93102
-1.22752,0.48516,2.613,2.92745
-1.20971,0.481446,2.593,2.90152
-1.19249,0.477919,2.574,2.87679
-1.18414,0.477919,2.574,2.87334
-1.16711,0.474391,2.555,2.84872
-1.15881,0.474391,2.555,2.84533
-1.15052,0.474391,2.555,2.84197
-1.13373,0.470863,2.536,2.81751
-1.11707,0.467335,2.517,2.79312
-1.10097,0.463993,2.499,2.76991
-1.09286,0.463993,2.499,2.7667
-1.07693,0.460651,2.481,2.7436
-1.06113,0.457309,2.463,2.72057
-1.05313,0.457309,2.463,2.71746
-1.0375,0.453967,2.445,2.69453
-1.02956,0.453967,2.445,2.69149
-1.02163,0.453967,2.445,2.68846
-1.01369,0.453967,2.445,2.68546
-1.00576,0.453967,2.445,2.68247
-0.997821,0.453967,2.445,2.67951
-0.983002,0.45081,2.428,2.65795
-0.975121,0.45081,2.428,2.65505
-0.967241,0.45081,2.428,2.65216
-0.95936,0.45081,2.428,2.6493
-0.951479,0.45081,2.428,2.64646
-0.943599,0.45081,2.428,2.64363
-0.935718,0.45081,2.428,2.64083
-0.927837,0.45081,2.428,2.63805
-0.926398,0.453967,2.445,2.65374
-0.918462,0.453967,2.445,2.65098
-0.910526,0.453967,2.445,2.64824
-0.90259,0.453967,2.445,2.64552
-0.894654,0.453967,2.445,2.64282
-0.886718,0.453967,2.445,2.64015
-0.878783,0.453967,2.445,2.63749
-0.870847,0.453967,2.445,2.63486
-0.862911,0.453967,2.445,2.63225
-0.854975,0.453967,2.445,2.62966
-0.853275,0.457309,2.463,2.64643
-0.845281,0.457309,2.463,2.64386
-0.837286,0.457309,2.463,2.64132
-0.829292,0.457309,2.463,2.63879
-0.8273,0.460651,2.481,2.65556
-0.819247,0.460651,2.481,2.65306
-0.811195,0.460651,2.481,2.65058
-0.803142,0.460651,2.481,2.64813
-0.795089,0.460651,2.481,2.6457
-0.787037,0.460651,2.481,2.64329
-0.778984,0.460651,2.481,2.6409
-0.770931,0.460651,2.481,2.63854
-0.762878,0.460651,2.481,2.6362
-0.754826,0.460651,2.481,2.63388
-0.746773,0.460651,2.481,2.63158
-0.73872,0.460651,2.481,2.62931
-0.735969,0.463993,2.499,2.64612
-0.727858,0.463993,2.499,2.64387
-0.719746,0.463993,2.499,2.64165
-0.711635,0.463993,2.499,2.63945
-0.708592,0.467335,2.517,2.65627
-0.700422,0.467335,2.517,2.65411
-0.692252,0.467335,2.517,2.65196
-0.684083,0.467335,2.517,2.64984
-0.675913,0.467335,2.517,2.64774
-0.667744,0.467335,2.517,2.64567
-0.659574,0.467335,2.517,2.64362
-0.651405,0.467335,2.517,2.64159
-0.643235,0.467335,2.517,2.63959
-0.630524,0.463993,2.499,2.61875
-0.622413,0.463993,2.499,2.61681
-0.614302,0.463993,2.499,2.61489
-0.606191,0.463993,2.499,2.613
-0.598079,0.463993,2.499,2.61113
-0.589968,0.463993,2.499,2.60928
-0.581857,0.463993,2.499,2.60746
-0.573746,0.463993,2.499,2.60566
-0.565635,0.463993,2.499,2.60389
-0.557524,0.463993,2.499,2.60214
-0.549413,0.463993,2.499,2.60041
-0.541301,0.463993,2.499,2.59871
-0.53319,0.463993,2.499,2.59703
-0.525079,0.463993,2.499,2.59538
-0.516968,0.463993,2.499,2.59375
-0.512522,0.467335,2.517,2.61082
-0.504353,0.467335,2.517,2.60923
-0.496183,0.467335,2.517,2.60766
-0.488013,0.467335,2.517,2.60612
-0.479844,0.467335,2.517,2.6046
-0.471674,0.467335,2.517,2.60311
-0.463505,0.467335,2.517,2.60164
-0.455335,0.467335,2.517,2.6002
-0.447166,0.467335,2.517,2.59878
-0.438996,0.467335,2.517,2.59739
-0.430827,0.467335,2.517,2.59602
-0.422657,0.467335,2.517,2.59467
-0.414487,0.467335,2.517,2.59336
-0.406318,0.467335,2.517,2.59206
-0.398148,0.467335,2.517,2.59079
-0.38719,0.463993,2.499,2.57103
-0.379079,0.463993,2.499,2.56982
-0.370968,0.463993,2.499,2.56864
-0.362857,0.463993,2.499,2.56748
-0.354745,0.463993,2.499,2.56635
-0.346634,0.463993,2.499,2.56524
-0.336085,0.460651,2.481,2.54569
-0.328032,0.460651,2.481,2.54463
-0.319979,0.460651,2.481,2.54361
-0.311927,0.460651,2.481,2.54261
-0.301669,0.457309,2.463,2.52319
-0.293675,0.457309,2.463,2.52225
-0.285681,0.457309,2.463,2.52133
-0.277686,0.457309,2.463,2.52044
-0.269692,0.457309,2.463,2.51957
-0.261698,0.457309,2.463,2.51873
-0.253704,0.457309,2.463,2.51791
-0.247505,0.460651,2.481,2.53551
-0.239452,0.460651,2.481,2.53474
-0.229721,0.457309,2.463,2.51561
-0.221726,0.457309,2.463,2.51489
-0.215294,0.460651,2.481,2.53257
-0.207241,0.460651,2.481,2.5319
-0.199189,0.460651,2.481,2.53125
-0.191136,0.460651,2.481,2.53063
-0.183083,0.460651,2.481,2.53004
-0.175031,0.460651,2.481,2.52947
-0.168189,0.463993,2.499,2.54727
-0.160078,0.463993,2.499,2.54675
-0.151967,0.463993,2.499,2.54625
-0.143856,0.463993,2.499,2.54578
-0.135745,0.463993,2.499,2.54533
-0.127634,0.463993,2.499,2.54491
-0.120383,0.467335,2.517,2.56285
-0.112214,0.467335,2.517,2.56248
-0.1033,0.463993,2.499,2.54381
-0.0951891,0.463993,2.499,2.54349
-0.087078,0.463993,2.499,2.5432
-0.0789668,0.463993,2.499,2.54294
-0.0708557,0.463993,2.499,2.5427
-0.0627446,0.463993,2.499,2.54248
-0.0546334,0.463993,2.499,2.5423
-0.0465223,0.463993,2.499,2.54214
-0.0386878,0.467335,2.517,2.56031
-0.0305183,0.467335,2.517,2.5602
-0.0223487,0.467335,2.517,2.56012
-0.0141792,0.467335,2.517,2.56006
-0.00600962,0.467335,2.517,2.56002
0.00215994,0.467335,2.517,2.56002
0.0103295,0.467335,2.517,2.56004
0.0183668,0.463993,2.499,2.54178
0.0264779,0.463993,2.499,2.54185
0.034589,0.463993,2.499,2.54195
0.0427002,0.463993,2.499,2.54207
0.0508113,0.463993,2.499,2.54222
0.0589224,0.463993,2.499,2.54239
0.0670336,0.463993,2.499,2.54259
0.0751447,0.463993,2.499,2.54282
0.0832558,0.463993,2.499,2.54307
0.091367,0.463993,2.499,2.54335
0.0994781,0.463993,2.499,2.54366
0.107589,0.463993,2.499,2.54399
0.1157,0.463993,2.499,2.54434
0.123811,0.463993,2.499,2.54472
0.131923,0.463993,2.499,2.54513
0.140034,0.463993,2.499,2.54556
0.148145,0.463993,2.499,2.54602
0.156256,0.463993,2.499,2.54651
0.164367,0.463993,2.499,2.54702
0.172478,0.463993,2.499,2.54756
0.180589,0.463993,2.499,2.54812
0.188701,0.463993,2.499,2.54871
0.196812,0.463993,2.499,2.54932
0.204923,0.463993,2.499,2.54996
0.213034,0.463993,2.499,2.55062
0.219552,0.460651,2.481,2.53294
0.227605,0.460651,2.481,2.53365
0.237367,0.463993,2.499,2.55277
0.24371,0.460651,2.481,2.53514
0.251763,0.460651,2.481,2.53593
0.259816,0.460651,2.481,2.53674
0.267868,0.460651,2.481,2.53758
0.273919,0.457309,2.463,2.52003
0.281914,0.457309,2.463,2.52091
0.289908,0.457309,2.463,2.52181
0.297902,0.457309,2.463,2.52275
0.305896,0.457309,2.463,2.5237
0.311597,0.453967,2.445,2.50623
0.319533,0.453967,2.445,2.50723
0.327469,0.453967,2.445,2.50826
0.335404,0.453967,2.445,2.5093
0.340953,0.45081,2.428,2.49292
0.348834,0.45081,2.428,2.49401
0.356714,0.45081,2.428,2.49513
0.364595,0.45081,2.428,2.49627
0.372476,0.45081,2.428,2.49743
0.380356,0.45081,2.428,2.49862
0.388237,0.45081,2.428,2.49983
0.396118,0.45081,2.428,2.50106
0.403999,0.45081,2.428,2.50232
0.408995,0.447654,2.411,2.48608
0.416821,0.447654,2.411,2.48738
0.427641,0.45081,2.428,2.50625
0.435521,0.45081,2.428,2.50761
0.443402,0.45081,2.428,2.50899
0.451283,0.45081,2.428,2.51039
0.459163,0.45081,2.428,2.51182
0.463774,0.447654,2.411,2.49568
0.471599,0.447654,2.411,2.49714
0.479425,0.447654,2.411,2.49863
0.48725,0.447654,2.411,2.50015
0.495076,0.447654,2.411,2.50168
0.502901,0.447654,2.411,2.50324
0.510727,0.447654,2.411,2.50483
0.518552,0.447654,2.411,2.50643
0.526378,0.447654,2.411,2.50806
0.534203,0.447654,2.411,2.50972
0.538207,0.444498,2.394,2.49369
0.545977,0.444498,2.394,2.49538
0.553748,0.444498,2.394,2.49709
0.561518,0.444498,2.394,2.49882
0.569288,0.444498,2.394,2.50058
0.577059,0.444498,2.394,2.50236
0.584829,0.444498,2.394,2.50416
0.588391,0.441341,2.377,2.4882
0.596106,0.441341,2.377,2.49003
0.603822,0.441341,2.377,2.49189
0.611537,0.441341,2.377,2.49377
0.619252,0.441341,2.377,2.49567
0.626967,0.441341,2.377,2.4976
0.634682,0.441341,2.377,2.49955
0.642397,0.441341,2.377,2.50152
0.650113,0.441341,2.377,2.50351
0.657828,0.441341,2.377,2.50552
0.665543,0.441341,2.377,2.50756
0.673258,0.441341,2.377,2.50962
0.680973,0.441341,2.377,2.5117
0.688688,0.441341,2.377,2.5138
0.696403,0.441341,2.377,2.51593
0.704119,0.441341,2.377,2.51807
0.711834,0.441341,2.377,2.52024
0.719549,0.441341,2.377,2.52243
0.727264,0.441341,2.377,2.52464
0.734979,0.441341,2.377,2.52688
0.737695,0.43837,2.361,2.51211
0.745358,0.43837,2.361,2.51437
0.747919,0.4354,2.345,2.4996
0.750375,0.432429,2.329,2.48481
0.757934,0.432429,2.329,2.48711
0.760235,0.429458,2.313,2.47232
0.762763,0.426673,2.298,2.45859
0.770222,0.426673,2.298,2.46091
0.777681,0.426673,2.298,2.46326
0.779673,0.423702,2.282,2.44846
0.781906,0.420917,2.267,2.43472
0.789264,0.420917,2.267,2.43709
0.796622,0.420917,2.267,2.43948
0.80398,0.420917,2.267,2.44189
0.811339,0.420917,2.267,2.44433
0.818697,0.420917,2.267,2.44678
0.826055,0.420917,2.267,2.44925
0.833413,0.420917,2.267,2.45174
0.840771,0.420917,2.267,2.45425
0.853741,0.423702,2.282,2.47304
0.861148,0.423702,2.282,2.47561
0.868555,0.423702,2.282,2.47819
0.875961,0.423702,2.282,2.4808
0.889562,0.426673,2.298,2.50083
0.902876,0.429458,2.313,2.51984
0.910383,0.429458,2.313,2.52254
0.917891,0.429458,2.313,2.52526
0.931799,0.432429,2.329,2.54548
0.939359,0.432429,2.329,2.54826
0.946918,0.432429,2.329,2.55106
0.954477,0.432429,2.329,2.55387
0.962037,0.432429,2.329,2.55671
0.969596,0.432429,2.329,2.55956
0.977155,0.432429,2.329,2.56243
0.984715,0.432429,2.329,2.56533
0.999091,0.4354,2.345,2.58588
1.0067,0.4354,2.345,2.58883
1.01431,0.4354,2.345,2.5918
1.02192,0.4354,2.345,2.59479
1.03656,0.43837,2.361,2.61552
1.04422,0.43837,2.361,2.61857
1.05189,0.43837,2.361,2.62163
1.05955,0.43837,2.361,2.62472
1.06721,0.43837,2.361,2.62782
1.07488,0.43837,2.361,2.63094
1.08988,0.441341,2.377,2.65193
1.09759,0.441341,2.377,2.65511
1.10531,0.441341,2.377,2.65831
1.11302,0.441341,2.377,2.66153
1.12074,0.441341,2.377,2.66476
1.12845,0.441341,2.377,2.66802
1.13617,0.441341,2.377,2.67129
1.15206,0.444498,2.394,2.69371
1.15983,0.444498,2.394,2.69704
1.1676,0.444498,2.394,2.70039
1.17537,0.444498,2.394,2.70376
1.18314,0.444498,2.394,2.70715
1.19091,0.444498,2.394,2.71055
1.19869,0.444498,2.394,2.71397
1.20646,0.444498,2.394,2.71742
1.21423,0.444498,2.394,2.72087
1.222,0.444498,2.394,2.72435
1.22977,0.444498,2.394,2.72785
1.23754,0.444498,2.394,2.73136
1.24531,0.444498,2.394,2.73489
1.25308,0.444498,2.394,2.73843
1.26085,0.444498,2.394,2.742
1.26862,0.444498,2.394,2.74558
1.28545,0.447654,2.411,2.7687
1.29328,0.447654,2.411,2.77234
1.3011,0.447654,2.411,2.776
1.31816,0.45081,2.428,2.79928
1.32604,0.45081,2.428,2.803
1.35315,0.457309,2.463,2.84719
1.36114,0.457309,2.463,2.851
1.37914,0.460651,2.481,2.87569
1.39726,0.463993,2.499,2.90045
1.40537,0.463993,2.499,2.90437
1.42366,0.467335,2.517,2.92925
1.43183,0.467335,2.517,2.93323
1.44,0.467335,2.517,2.93723
1.4591,0.470863,2.536,2.96344
1.47833,0.474391,2.555,2.98974
1.49768,0.477919,2.574,3.01611
1.50603,0.477919,2.574,3.02027
1.51439,0.477919,2.574,3.02444
1.53398,0.481446,2.593,3.05099
1.5424,0.481446,2.593,3.05523
1.55081,0.481446,2.593,3.05949
1.57125,0.48516,2.613,3.08739
1.57974,0.48516,2.613,3.09172
1.57606,0.481446,2.593,3.07236
1.58448,0.481446,2.593,3.07669
1.59289,0.481446,2.593,3.08103
1.58958,0.477919,2.574,3.06278
1.59793,0.477919,2.574,3.06713
1.60629,0.477919,2.574,3.07149
1.60272,0.474391,2.555,3.05316
1.59903,0.470863,2.536,3.03478
1.60727,0.470863,2.536,3.03913
1.60339,0.467335,2.517,3.02069
1.60004,0.463993,2.499,3.0034
1.60815,0.463993,2.499,3.00773
1.60462,0.460651,2.481,2.99038
1.60097,0.457309,2.463,2.97298
1.60897,0.457309,2.463,2.97729
1.60514,0.453967,2.445,2.95983
1.59065,0.447654,2.411,2.92292
1.59847,0.447654,2.411,2.92719
1.6063,0.447654,2.411,2.93147
1.59136,0.441341,2.377,2.89436
1.59908,0.441341,2.377,2.89861
1.59598,0.43837,2.361,2.88334
1.60364,0.43837,2.361,2.88759
-1.6379,0.446032,2.361,2.90792
-1.63024,0.446032,2.361,2.90361
-1.62258,0.446032,2.361,2.89931
-1.61491,0.446032,2.361,2.89503
-1.60725,0.446032,2.361,2.89076
-1.58875,0.443009,2.345,2.86695
-1.58114,0.443009,2.345,2.86274
-1.57352,0.443009,2.345,2.85854
-1.5766,0.446032,2.361,2.87383
-1.56893,0.446032,2.361,2.86964
-1.56127,0.446032,2.361,2.86545
-1.55361,0.446032,2.361,2.86129
-1.54594,0.446032,2.361,2.85713
-1.53828,0.446032,2.361,2.85299
-1.53062,0.446032,2.361,2.84887
-1.53328,0.449054,2.377,2.86404
-1.52556,0.449054,2.377,2.85992
-1.51785,0.449054,2.377,2.85581
-1.49997,0.446032,2.361,2.83252
-1.4923,0.446032,2.361,2.82847
-1.48464,0.446032,2.361,2.82443
-1.47698,0.446032,2.361,2.82041
-1.46931,0.446032,2.361,2.81641
-1.46165,0.446032,2.361,2.81242
-1.45399,0.446032,2.361,2.80844
-1.44632,0.446032,2.361,2.80448
-1.43866,0.446032,2.361,2.80054
-1.431,0.446032,2.361,2.79661
-1.42333,0.446032,2.361,2.79269
-1.41567,0.446032,2.361,2.7888
-1.40801,0.446032,2.361,2.78491
-1.40034,0.446032,2.361,2.78105
-1.39268,0.446032,2.361,2.7772
-1.38502,0.446032,2.361,2.77336
-1.37735,0.446032,2.361,2.76954
-1.37897,0.449054,2.377,2.78448
-1.37126,0.449054,2.377,2.78067
-1.36354,0.449054,2.377,2.77687
-1.35583,0.449054,2.377,2.77309
-1.35775,0.452266,2.394,2.78914
-1.34998,0.452266,2.394,2.78536
-1.35174,0.455477,2.411,2.80136
-1.35339,0.458689,2.428,2.81731
-1.34551,0.458689,2.428,2.81354
-1.347,0.461901,2.445,2.82945
-1.34892,0.465301,2.463,2.84648
-1.36053,0.472102,2.499,2.88425
-1.35241,0.472102,2.499,2.88044
-1.35399,0.475502,2.517,2.89736
-1.36614,0.482681,2.555,2.93723
-1.35784,0.482681,2.555,2.93338
-1.35959,0.486271,2.574,2.95134
-1.35123,0.486271,2.574,2.9475
-1.34288,0.486271,2.574,2.94368
-1.34437,0.48986,2.593,2.96158
-1.34626,0.493638,2.613,2.98058
-1.33778,0.493638,2.613,2.97676
-1.3293,0.493638,2.613,2.97296
-1.32082,0.493638,2.613,2.96918
-1.31234,0.493638,2.613,2.96541
-1.30385,0.493638,2.613,2.96167
-1.30529,0.497417,2.633,2.98059
-1.29674,0.497417,2.633,2.97685
-1.27841,0.493638,2.613,2.95056
-1.26993,0.493638,2.613,2.94689
-1.26145,0.493638,2.613,2.94325
-1.25297,0.493638,2.613,2.93962
-1.24449,0.493638,2.613,2.93602
-1.22654,0.48986,2.593,2.90999
-1.21813,0.48986,2.593,2.90645
-1.20971,0.48986,2.593,2.90293
-1.19249,0.486271,2.574,2.87819
-1.18414,0.486271,2.574,2.87474
-1.16711,0.482681,2.555,2.85011
-1.15881,0.482681,2.555,2.84673
-1.15052,0.482681,2.555,2.84336
-1.13373,0.479092,2.536,2.8189
-1.11707,0.475502,2.517,2.7945
-1.10097,0.472102,2.499,2.77128
-1.09286,0.472102,2.499,2.76807
-1.07693,0.468702,2.481,2.74496
-1.06113,0.465301,2.463,2.72192
-1.05313,0.465301,2.463,2.71882
-1.0375,0.461901,2.445,2.69588
-1.02956,0.461901,2.445,2.69284
-1.02163,0.461901,2.445,2.68981
-1.01369,0.461901,2.445,2.68681
-1.00576,0.461901,2.445,2.68383
-0.997821,0.461901,2.445,2.68086
-0.983002,0.458689,2.428,2.6593
-0.975121,0.458689,2.428,2.6564
-0.967241,0.458689,2.428,2.65351
-0.95936,0.458689,2.428,2.65065
-0.951479,0.458689,2.428,2.64781
-0.943599,0.458689,2.428,2.64499
-0.935718,0.458689,2.428,2.64219
-0.927837,0.458689,2.428,2.63941
-0.926398,0.461901,2.445,2.65511
-0.918462,0.461901,2.445,2.65235
-0.910526,0.461901,2.445,2.64961
-0.90259,0.461901,2.445,2.64689
-0.894654,0.461901,2.445,2.6442
-0.886718,0.461901,2.445,2.64152
-0.878783,0.461901,2.445,2.63887
-0.870847,0.461901,2.445,2.63624
-0.869264,0.465301,2.463,2.65302
-0.861269,0.465301,2.463,2.65041
-0.853275,0.465301,2.463,2.64782
-0.845281,0.465301,2.463,2.64525
-0.837286,0.465301,2.463,2.64271
-0.835353,0.468702,2.481,2.65948
-0.8273,0.468702,2.481,2.65697
-0.819247,0.468702,2.481,2.65447
-0.811195,0.468702,2.481,2.652
-0.803142,0.468702,2.481,2.64954
-0.795089,0.468702,2.481,2.64711
-0.787037,0.468702,2.481,2.64471
-0.778984,0.468702,2.481,2.64232
-0.770931,0.468702,2.481,2.63996
-0.762878,0.468702,2.481,2.63762
-0.754826,0.468702,2.481,2.6353
-0.752191,0.472102,2.499,2.65211
-0.74408,0.472102,2.499,2.64982
-0.735969,0.472102,2.499,2.64755
-0.727858,0.472102,2.499,2.64531
-0.719746,0.472102,2.499,2.64309
-0.711635,0.472102,2.499,2.64089
-0.708592,0.475502,2.517,2.65772
-0.700422,0.475502,2.517,2.65556
-0.692252,0.475502,2.517,2.65341
-0.684083,0.475502,2.517,2.65129
-0.675913,0.475502,2.517,2.6492
-0.667744,0.475502,2.517,2.64713
-0.659574,0.475502,2.517,2.64508
-0.651405,0.475502,2.517,2.64305
-0.643235,0.475502,2.517,2.64105
-0.630524,0.472102,2.499,2.6202
-0.622413,0.472102,2.499,2.61826
-0.614302,0.472102,2.499,2.61634
-0.606191,0.472102,2.499,2.61445
-0.598079,0.472102,2.499,2.61258
-0.589968,0.472102,2.499,2.61074
-0.581857,0.472102,2.499,2.60892
-0.573746,0.472102,2.499,2.60712
-0.565635,0.472102,2.499,2.60535
-0.557524,0.472102,2.499,2.6036
-0.549413,0.472102,2.499,2.60187
-0.541301,0.472102,2.499,2.60017
-0.53319,0.472102,2.499,2.59849
-0.525079,0.472102,2.499,2.59684
-0.516968,0.472102,2.499,2.59521
-0.512522,0.475502,2.517,2.61229
-0.504353,0.475502,2.517,2.6107
-0.496183,0.475502,2.517,2.60914
-0.488013,0.475502,2.517,2.60759
-0.479844,0.475502,2.517,2.60608
-0.471674,0.475502,2.517,2.60459
-0.463505,0.475502,2.517,2.60312
-0.455335,0.475502,2.517,2.60168
-0.447166,0.475502,2.517,2.60026
-0.438996,0.475502,2.517,2.59887
-0.430827,0.475502,2.517,2.5975
-0.422657,0.475502,2.517,2.59616
-0.414487,0.475502,2.517,2.59484
-0.406318,0.475502,2.517,2.59355
-0.398148,0.475502,2.517,2.59228
-0.38719,0.472102,2.499,2.57251
-0.379079,0.472102,2.499,2.5713
-0.370968,0.472102,2.499,2.57012
-0.362857,0.472102,2.499,2.56896
-0.354745,0.472102,2.499,2.56783
-0.346634,0.472102,2.499,2.56672
-0.336085,0.468702,2.481,2.54715
-0.328032,0.468702,2.481,2.5461
-0.319979,0.468702,2.481,2.54508
-0.311927,0.468702,2.481,2.54408
-0.301669,0.465301,2.463,2.52465
-0.293675,0.465301,2.463,2.52371
-0.285681,0.465301,2.463,2.52279
-0.277686,0.465301,2.463,2.5219
-0.269692,0.465301,2.463,2.52103
-0.261698,0.465301,2.463,2.52019
-0.253704,0.465301,2.463,2.51937
-0.247505,0.468702,2.481,2.53699
-0.239452,0.468702,2.481,2.53621
-0.229721,0.465301,2.463,2.51707
-0.221726,0.465301,2.463,2.51635
-0.215294,0.468702,2.481,2.53405
-0.207241,0.468702,2.481,2.53338
-0.199189,0.468702,2.481,2.53273
-0.191136,0.468702,2.481,2.53211
-0.183083,0.468702,2.481,2.53151
-0.1763,0.472102,2.499,2.54931
-0.168189,0.472102,2.499,2.54876
-0.161231,0.475502,2.517,2.56659
-0.153062,0.475502,2.517,2.56609
-0.144892,0.475502,2.517,2.56562
-0.136723,0.475502,2.517,2.56517
-0.128553,0.475502,2.517,2.56475
-0.120383,0.475502,2.517,2.56435
-0.112214,0.475502,2.517,2.56398
-0.104044,0.475502,2.517,2.56363
-0.0958747,0.475502,2.517,2.56332
-0.0877052,0.475502,2.517,2.56302
-0.0795356,0.475502,2.517,2.56276
-0.0713661,0.475502,2.517,2.56252
-0.0631965,0.475502,2.517,2.5623
-0.055027,0.475502,2.517,2.56211
-0.0468574,0.475502,2.517,2.56195
-0.0386878,0.475502,2.517,2.56181
-0.0305183,0.475502,2.517,2.5617
-0.0223487,0.475502,2.517,2.56162
-0.0141792,0.475502,2.517,2.56156
-0.00600962,0.475502,2.517,2.56153
0.00215994,0.475502,2.517,2.56152
0.0103295,0.475502,2.517,2.56154
0.0184991,0.475502,2.517,2.56159
0.0266686,0.475502,2.517,2.56166
0.0348382,0.475502,2.517,2.56176
0.0430077,0.475502,2.517,2.56188
0.0511773,0.475502,2.517,2.56203
0.0589224,0.472102,2.499,2.54389
0.0670336,0.472102,2.499,2.54409
0.0751447,0.472102,2.499,2.54431
0.0832558,0.472102,2.499,2.54457
0.091367,0.472102,2.499,2.54484
0.0994781,0.472102,2.499,2.54515
0.107589,0.472102,2.499,2.54548
0.1157,0.472102,2.499,2.54583
0.123811,0.472102,2.499,2.54622
0.131923,0.472102,2.499,2.54662
0.140034,0.472102,2.499,2.54706
0.148145,0.472102,2.499,2.54751
0.156256,0.472102,2.499,2.548
0.164367,0.472102,2.499,2.54851
0.172478,0.472102,2.499,2.54905
0.180589,0.472102,2.499,2.54961
0.188701,0.472102,2.499,2.55019
0.196812,0.472102,2.499,2.55081
0.204923,0.472102,2.499,2.55145
0.213034,0.472102,2.499,2.55211
0.221145,0.472102,2.499,2.5528
0.229256,0.472102,2.499,2.55352
0.237367,0.472102,2.499,2.55426
0.245479,0.472102,2.499,2.55502
0.251763,0.468702,2.481,2.53741
0.259816,0.468702,2.481,2.53822
0.267868,0.468702,2.481,2.53905
0.275921,0.468702,2.481,2.53992
0.283974,0.468702,2.481,2.5408
0.289908,0.465301,2.463,2.52328
0.297902,0.465301,2.463,2.52421
0.305896,0.465301,2.463,2.52516
0.313891,0.465301,2.463,2.52614
0.319533,0.461901,2.445,2.50868
0.327469,0.461901,2.445,2.5097
0.335404,0.461901,2.445,2.51075
0.34334,0.461901,2.445,2.51182
0.351276,0.461901,2.445,2.51292
0.359212,0.461901,2.445,2.51404
0.367148,0.461901,2.445,2.51519
0.372476,0.458689,2.428,2.49886
0.380356,0.458689,2.428,2.50005
0.388237,0.458689,2.428,2.50126
0.396118,0.458689,2.428,2.5025
0.403999,0.458689,2.428,2.50376
0.411879,0.458689,2.428,2.50504
0.41976,0.458689,2.428,2.50635
0.427641,0.458689,2.428,2.50768
0.435521,0.458689,2.428,2.50904
0.443402,0.458689,2.428,2.51042
0.451283,0.458689,2.428,2.51182
0.459163,0.458689,2.428,2.51325
0.463774,0.455477,2.411,2.49709
0.471599,0.455477,2.411,2.49856
0.479425,0.455477,2.411,2.50005
0.48725,0.455477,2.411,2.50156
0.495076,0.455477,2.411,2.50309
0.502901,0.455477,2.411,2.50465
0.510727,0.455477,2.411,2.50624
0.518552,0.455477,2.411,2.50784
0.526378,0.455477,2.411,2.50947
0.534203,0.455477,2.411,2.51113
0.538207,0.452266,2.394,2.49508
0.545977,0.452266,2.394,2.49677
0.553748,0.452266,2.394,2.49848
0.561518,0.452266,2.394,2.50022
0.569288,0.452266,2.394,2.50197
0.577059,0.452266,2.394,2.50375
0.584829,0.452266,2.394,2.50555
0.588391,0.449054,2.377,2.48957
0.596106,0.449054,2.377,2.49141
0.603822,0.449054,2.377,2.49327
0.611537,0.449054,2.377,2.49515
0.619252,0.449054,2.377,2.49705
0.626967,0.449054,2.377,2.49897
0.634682,0.449054,2.377,2.50092
0.642397,0.449054,2.377,2.50289
0.650113,0.449054,2.377,2.50488
0.657828,0.449054,2.377,2.50689
0.665543,0.449054,2.377,2.50893
0.673258,0.449054,2.377,2.51099
0.680973,0.449054,2.377,2.51307
0.688688,0.449054,2.377,2.51517
0.696403,0.449054,2.377,2.51729
0.704119,0.449054,2.377,2.51944
0.711834,0.449054,2.377,2.5216
0.719549,0.449054,2.377,2.52379
0.727264,0.449054,2.377,2.526
0.730032,0.446032,2.361,2.51122
0.732696,0.443009,2.345,2.49642
0.740307,0.443009,2.345,2.49867
0.742815,0.439986,2.329,2.48387
0.74522,0.436964,2.313,2.46906
0.752727,0.436964,2.313,2.47134
0.755304,0.43413,2.298,2.45759
0.762763,0.43413,2.298,2.45989
0.770222,0.43413,2.298,2.46222
0.772266,0.431107,2.282,2.4474
0.774548,0.428273,2.267,2.43365
0.776732,0.42544,2.252,2.41988
0.784042,0.42544,2.252,2.42224
0.791351,0.42544,2.252,2.42461
0.798661,0.42544,2.252,2.42701
0.80597,0.42544,2.252,2.42942
0.81328,0.42544,2.252,2.43186
0.820589,0.42544,2.252,2.43431
0.833413,0.428273,2.267,2.45302
0.840771,0.428273,2.267,2.45553
0.848129,0.428273,2.267,2.45805
0.855487,0.428273,2.267,2.4606
0.862845,0.428273,2.267,2.46317
0.875961,0.431107,2.282,2.48207
0.889562,0.43413,2.298,2.50212
0.902876,0.436964,2.313,2.52113
0.910383,0.436964,2.313,2.52383
0.917891,0.436964,2.313,2.52655
0.931799,0.439986,2.329,2.54678
0.939359,0.439986,2.329,2.54955
0.946918,0.439986,2.329,2.55235
0.954477,0.439986,2.329,2.55516
0.962037,0.439986,2.329,2.558
0.969596,0.439986,2.329,2.56085
0.977155,0.439986,2.329,2.56372
0.984715,0.439986,2.329,2.56661
0.999091,0.443009,2.345,2.58717
1.0067,0.443009,2.345,2.59012
1.01431,0.443009,2.345,2.59309
1.02192,0.443009,2.345,2.59608
1.02954,0.443009,2.345,2.59908
1.03715,0.443009,2.345,2.60211
1.04476,0.443009,2.345,2.60515
1.05237,0.443009,2.345,2.60821
1.06721,0.446032,2.361,2.62911
1.07488,0.446032,2.361,2.63223
1.08254,0.446032,2.361,2.63537
1.09759,0.449054,2.377,2.6564
1.10531,0.449054,2.377,2.6596
1.11302,0.449054,2.377,2.66282
1.12074,0.449054,2.377,2.66605
1.12845,0.449054,2.377,2.6693
1.13617,0.449054,2.377,2.67257
1.15206,0.452266,2.394,2.695
1.15983,0.452266,2.394,2.69833
1.1676,0.452266,2.394,2.70168
1.17537,0.452266,2.394,2.70505
1.18314,0.452266,2.394,2.70843
1.19091,0.452266,2.394,2.71184
1.19869,0.452266,2.394,2.71526
1.20646,0.452266,2.394,2.7187
1.21423,0.452266,2.394,2.72215
1.222,0.452266,2.394,2.72563
1.22977,0.452266,2.394,2.72912
1.24632,0.455477,2.411,2.75204
1.25415,0.455477,2.411,2.75559
1.26198,0.455477,2.411,2.75916
1.2698,0.455477,2.411,2.76275
1.27763,0.455477,2.411,2.76635
1.28545,0.455477,2.411,2.76998
1.29328,0.455477,2.411,2.77362
1.3011,0.455477,2.411,2.77727
1.31816,0.458689,2.428,2.80056
1.33532,0.461901,2.445,2.82391
1.35315,0.465301,2.463,2.84849
1.36114,0.465301,2.463,2.85229
1.37914,0.468702,2.481,2.87699
1.3872,0.468702,2.481,2.88086
1.39525,0.468702,2.481,2.88475
1.41348,0.472102,2.499,2.90961
1.43183,0.475502,2.517,2.93454
1.44,0.475502,2.517,2.93854
1.4591,0.479092,2.536,2.96476
1.46733,0.479092,2.536,2.96882
1.48662,0.482681,2.555,2.99517
1.49491,0.482681,2.555,2.9993
1.50321,0.482681,2.555,3.00344
1.52274,0.486271,2.574,3.02996
1.53109,0.486271,2.574,3.03417
1.55081,0.48986,2.593,3.06082
1.55923,0.48986,2.593,3.06509
1.56764,0.48986,2.593,3.06938
1.56451,0.486271,2.574,3.05117
1.57287,0.486271,2.574,3.05546
1.58122,0.486271,2.574,3.05977
1.58958,0.486271,2.574,3.0641
1.58614,0.482681,2.555,3.04579
1.59443,0.482681,2.555,3.05012
1.5908,0.479092,2.536,3.03175
1.58705,0.475502,2.517,3.01333
1.59522,0.475502,2.517,3.01764
1.59193,0.472102,2.499,3.00035
1.58851,0.468702,2.481,2.98302
1.59657,0.468702,2.481,2.98732
1.59298,0.465301,2.463,2.96992
1.58927,0.461901,2.445,2.95248
1.59721,0.461901,2.445,2.95676
1.59398,0.458689,2.428,2.94047
1.59065,0.455477,2.411,2.92413
1.59847,0.455477,2.411,2.92839
1.59497,0.452266,2.394,2.912
1.59136,0.449054,2.377,2.89555
1.59908,0.449054,2.377,2.8998
1.59598,0.446032,2.361,2.88451
1.59277,0.443009,2.345,2.86918
-1.6379,0.453693,2.361,2.9091
-1.61919,0.450618,2.345,2.88511
-1.61158,0.450618,2.345,2.88085
-1.60397,0.450618,2.345,2.8766
-1.59636,0.450618,2.345,2.87236
-1.58875,0.450618,2.345,2.86813
-1.58114,0.450618,2.345,2.86393
-1.57352,0.450618,2.345,2.85973
-1.56591,0.450618,2.345,2.85555
-1.56893,0.453693,2.361,2.87084
-1.56127,0.453693,2.361,2.86666
-1.55361,0.453693,2.361,2.86249
-1.54594,0.453693,2.361,2.85834
-1.53828,0.453693,2.361,2.8542
-1.53062,0.453693,2.361,2.85008
-1.52295,0.453693,2.361,2.84597
-1.52556,0.456767,2.377,2.86114
-1.51785,0.456767,2.377,2.85703
-1.51013,0.456767,2.377,2.85294
-1.50241,0.456767,2.377,2.84886
-1.4947,0.456767,2.377,2.8448
-1.48698,0.456767,2.377,2.84075
-1.47927,0.456767,2.377,2.83672
-1.47155,0.456767,2.377,2.83271
-1.46384,0.456767,2.377,2.82871
-1.45612,0.456767,2.377,2.82472
-1.44841,0.456767,2.377,2.82075
-1.44069,0.456767,2.377,2.8168
-1.43298,0.456767,2.377,2.81286
-1.42526,0.456767,2.377,2.80894
-1.41755,0.456767,2.377,2.80503
-1.40983,0.456767,2.377,2.80114
-1.40212,0.456767,2.377,2.79727
-1.3944,0.456767,2.377,2.79341
-1.38669,0.456767,2.377,2.78956
-1.37897,0.456767,2.377,2.78574
-1.37126,0.456767,2.377,2.78193
-1.36354,0.456767,2.377,2.77813
-1.36552,0.460034,2.394,2.79419
-1.35775,0.460034,2.394,2.79041
-1.34998,0.460034,2.394,2.78663
-1.35174,0.463301,2.411,2.80264
-1.35339,0.466567,2.428,2.81861
-1.34551,0.466567,2.428,2.81483
-1.347,0.469834,2.445,2.83076
-1.35878,0.476752,2.481,2.86861
-1.36053,0.480211,2.499,2.88559
-1.35241,0.480211,2.499,2.88178
-1.36421,0.487321,2.536,2.92059
-1.36614,0.490972,2.555,2.93861
-1.35784,0.490972,2.555,2.93476
-1.35959,0.494623,2.574,2.95273
-1.3612,0.498274,2.593,2.97066
-1.35279,0.498274,2.593,2.96681
-1.34437,0.498274,2.593,2.96298
-1.34626,0.502117,2.613,2.982
-1.33778,0.502117,2.613,2.97818
-1.3293,0.502117,2.613,2.97438
-1.32082,0.502117,2.613,2.9706
-1.31234,0.502117,2.613,2.96684
-1.30385,0.502117,2.613,2.96309
-1.30529,0.50596,2.633,2.98202
-1.29674,0.50596,2.633,2.97829
-1.27841,0.502117,2.613,2.95199
-1.26993,0.502117,2.613,2.94832
-1.26145,0.502117,2.613,2.94468
-1.25297,0.502117,2.613,2.94106
-1.24449,0.502117,2.613,2.93745
-1.22654,0.498274,2.593,2.91142
-1.21813,0.498274,2.593,2.90788
-1.20971,0.498274,2.593,2.90436
-1.19249,0.494623,2.574,2.87961
-1.18414,0.494623,2.574,2.87616
-1.17578,0.494623,2.574,2.87273
-1.15881,0.490972,2.555,2.84814
-1.15052,0.490972,2.555,2.84478
-1.13373,0.487321,2.536,2.82031
-1.11707,0.48367,2.517,2.7959
-1.10097,0.480211,2.499,2.77268
-1.09286,0.480211,2.499,2.76947
-1.07693,0.476752,2.481,2.74635
-1.06113,0.473293,2.463,2.7233
-1.05313,0.473293,2.463,2.7202
-1.0375,0.469834,2.445,2.69725
-1.02956,0.469834,2.445,2.69421
-1.02163,0.469834,2.445,2.69119
-1.01369,0.469834,2.445,2.68819
-1.00576,0.469834,2.445,2.6852
-0.997821,0.469834,2.445,2.68224
-0.983002,0.466567,2.428,2.66067
-0.975121,0.466567,2.428,2.65777
-0.967241,0.466567,2.428,2.65489
-0.95936,0.466567,2.428,2.65203
-0.951479,0.466567,2.428,2.64919
-0.943599,0.466567,2.428,2.64637
-0.935718,0.466567,2.428,2.64357
-0.927837,0.466567,2.428,2.64079
-0.926398,0.469834,2.445,2.6565
-0.918462,0.469834,2.445,2.65374
-0.910526,0.469834,2.445,2.65101
-0.90259,0.469834,2.445,2.64829
-0.894654,0.469834,2.445,2.6456
-0.886718,0.469834,2.445,2.64292
-0.878783,0.469834,2.445,2.64027
-0.870847,0.469834,2.445,2.63764
-0.869264,0.473293,2.463,2.65443
-0.861269,0.473293,2.463,2.65182
-0.853275,0.473293,2.463,2.64924
-0.845281,0.473293,2.463,2.64667
-0.837286,0.473293,2.463,2.64413
-0.835353,0.476752,2.481,2.66091
-0.8273,0.476752,2.481,2.6584
-0.819247,0.476752,2.481,2.6559
-0.811195,0.476752,2.481,2.65343
-0.803142,0.476752,2.481,2.65098
-0.795089,0.476752,2.481,2.64855
-0.787037,0.476752,2.481,2.64614
-0.778984,0.476752,2.481,2.64376
-0.770931,0.476752,2.481,2.6414
-0.762878,0.476752,2.481,2.63906
-0.754826,0.476752,2.481,2.63674
-0.752191,0.480211,2.499,2.65356
-0.74408,0.480211,2.499,2.65127
-0.735969,0.480211,2.499,2.64901
-0.727858,0.480211,2.499,2.64677
-0.719746,0.480211,2.499,2.64455
-0.711635,0.480211,2.499,2.64235
-0.708592,0.48367,2.517,2.6592
-0.700422,0.48367,2.517,2.65703
-0.692252,0.48367,2.517,2.65489
-0.684083,0.48367,2.517,2.65277
-0.675913,0.48367,2.517,2.65068
-0.667744,0.48367,2.517,2.6486
-0.659574,0.48367,2.517,2.64656
-0.651405,0.48367,2.517,2.64453
-0.643235,0.48367,2.517,2.64253
-0.635065,0.48367,2.517,2.64056
-0.622413,0.480211,2.499,2.61973
-0.614302,0.480211,2.499,2.61782
-0.606191,0.480211,2.499,2.61593
-0.602387,0.48367,2.517,2.63289
-0.594218,0.48367,2.517,2.63103
-0.581857,0.480211,2.499,2.61039
-0.573746,0.480211,2.499,2.6086
-0.565635,0.480211,2.499,2.60683
-0.557524,0.480211,2.499,2.60508
-0.549413,0.480211,2.499,2.60336
-0.541301,0.480211,2.499,2.60166
-0.537031,0.48367,2.517,2.61871
-0.528861,0.48367,2.517,2.61704
-0.520692,0.48367,2.517,2.61541
-0.512522,0.48367,2.517,2.61379
-0.504353,0.48367,2.517,2.6122
-0.496183,0.48367,2.517,2.61064
-0.488013,0.48367,2.517,2.6091
-0.479844,0.48367,2.517,2.60758
-0.471674,0.48367,2.517,2.60609
-0.463505,0.48367,2.517,2.60462
-0.458772,0.487321,2.536,2.62283
-0.450541,0.487321,2.536,2.62141
-0.44231,0.487321,2.536,2.62
-0.434079,0.487321,2.536,2.61863
-0.425848,0.487321,2.536,2.61727
-0.417616,0.487321,2.536,2.61595
-0.409385,0.487321,2.536,2.61465
-0.398148,0.48367,2.517,2.59379
-0.389979,0.48367,2.517,2.59255
-0.381809,0.48367,2.517,2.59133
-0.37364,0.48367,2.517,2.59014
-0.362857,0.480211,2.499,2.57046
-0.354745,0.480211,2.499,2.56933
-0.346634,0.480211,2.499,2.56822
-0.338523,0.480211,2.499,2.56714
-0.328032,0.476752,2.481,2.5476
-0.319979,0.476752,2.481,2.54657
-0.311927,0.476752,2.481,2.54558
-0.301669,0.473293,2.463,2.52614
-0.293675,0.473293,2.463,2.5252
-0.285681,0.473293,2.463,2.52428
-0.277686,0.473293,2.463,2.52339
-0.269692,0.473293,2.463,2.52252
-0.261698,0.473293,2.463,2.52168
-0.253704,0.473293,2.463,2.52086
-0.245709,0.473293,2.463,2.52007
-0.239452,0.476752,2.481,2.53771
-0.2314,0.476752,2.481,2.53697
-0.223347,0.476752,2.481,2.53624
-0.215294,0.476752,2.481,2.53555
-0.207241,0.476752,2.481,2.53488
-0.200634,0.480211,2.499,2.55262
-0.192523,0.480211,2.499,2.55199
-0.184412,0.480211,2.499,2.55139
-0.1763,0.480211,2.499,2.55082
-0.168189,0.480211,2.499,2.55027
-0.161231,0.48367,2.517,2.56812
-0.153062,0.48367,2.517,2.56762
-0.144892,0.48367,2.517,2.56714
-0.136723,0.48367,2.517,2.56669
-0.128553,0.48367,2.517,2.56627
-0.120383,0.48367,2.517,2.56588
-0.112214,0.48367,2.517,2.56551
-0.104044,0.48367,2.517,2.56516
-0.0958747,0.48367,2.517,2.56484
-0.0877052,0.48367,2.517,2.56455
-0.0795356,0.48367,2.517,2.56428
-0.0713661,0.48367,2.517,2.56404
-0.0631965,0.48367,2.517,2.56383
-0.055027,0.48367,2.517,2.56364
-0.0468574,0.48367,2.517,2.56348
-0.0389799,0.487321,2.536,2.58269
-0.0307487,0.487321,2.536,2.58258
-0.0225174,0.487321,2.536,2.5825
-0.0142862,0.487321,2.536,2.58244
-0.00605498,0.487321,2.536,2.5824
0.00217625,0.487321,2.536,2.5824
0.0104075,0.487321,2.536,2.58242
0.0184991,0.48367,2.517,2.56312
0.0266686,0.48367,2.517,2.56319
0.0348382,0.48367,2.517,2.56329
0.0430077,0.48367,2.517,2.56341
0.0511773,0.48367,2.517,2.56356
0.0589224,0.480211,2.499,2.5454
0.0670336,0.480211,2.499,2.5456
0.0751447,0.480211,2.499,2.54583
0.0832558,0.480211,2.499,2.54608
0.091367,0.480211,2.499,2.54636
0.0994781,0.480211,2.499,2.54666
0.107589,0.480211,2.499,2.54699
0.1157,0.480211,2.499,2.54735
0.123811,0.480211,2.499,2.54773
0.131923,0.480211,2.499,2.54814
0.140034,0.480211,2.499,2.54857
0.148145,0.480211,2.499,2.54903
0.156256,0.480211,2.499,2.54951
0.164367,0.480211,2.499,2.55002
0.172478,0.480211,2.499,2.55056
0.180589,0.480211,2.499,2.55112
0.188701,0.480211,2.499,2.55171
0.196812,0.480211,2.499,2.55232
0.204923,0.480211,2.499,2.55296
0.214568,0.48367,2.517,2.57202
0.222738,0.48367,2.517,2.57271
0.229256,0.480211,2.499,2.55503
0.237367,0.480211,2.499,2.55577
0.245479,0.480211,2.499,2.55653
0.25359,0.480211,2.499,2.55733
0.261701,0.480211,2.499,2.55814
0.267868,0.476752,2.481,2.54055
0.275921,0.476752,2.481,2.54141
0.283974,0.476752,2.481,2.5423
0.292027,0.476752,2.481,2.54321
0.300079,0.476752,2.481,2.54415
0.308132,0.476752,2.481,2.54511
0.313891,0.473293,2.463,2.52763
0.319533,0.469834,2.445,2.51015
0.327469,0.469834,2.445,2.51118
0.335404,0.469834,2.445,2.51222
0.34334,0.469834,2.445,2.5133
0.351276,0.469834,2.445,2.51439
0.359212,0.469834,2.445,2.51551
0.367148,0.469834,2.445,2.51666
0.372476,0.466567,2.428,2.50032
0.380356,0.466567,2.428,2.50151
0.388237,0.466567,2.428,2.50272
0.396118,0.466567,2.428,2.50395
0.403999,0.466567,2.428,2.50521
0.411879,0.466567,2.428,2.50649
0.41976,0.466567,2.428,2.5078
0.427641,0.466567,2.428,2.50913
0.435521,0.466567,2.428,2.51049
0.443402,0.466567,2.428,2.51187
0.451283,0.466567,2.428,2.51327
0.459163,0.466567,2.428,2.5147
0.463774,0.463301,2.411,2.49853
0.471599,0.463301,2.411,2.49999
0.479425,0.463301,2.411,2.50148
0.48725,0.463301,2.411,2.50299
0.495076,0.463301,2.411,2.50453
0.499355,0.460034,2.394,2.48842
0.507126,0.460034,2.394,2.48999
0.514896,0.460034,2.394,2.49158
0.522667,0.460034,2.394,2.4932
0.530437,0.460034,2.394,2.49484
0.538207,0.460034,2.394,2.4965
0.545977,0.460034,2.394,2.49819
0.553748,0.460034,2.394,2.4999
0.561518,0.460034,2.394,2.50163
0.565246,0.456767,2.377,2.48561
0.572961,0.456767,2.377,2.48738
0.580676,0.456767,2.377,2.48917
0.588391,0.456767,2.377,2.49098
0.596106,0.456767,2.377,2.49281
0.603822,0.456767,2.377,2.49467
0.611537,0.456767,2.377,2.49655
0.619252,0.456767,2.377,2.49845
0.626967,0.456767,2.377,2.50037
0.634682,0.456767,2.377,2.50232
0.642397,0.456767,2.377,2.50428
0.650113,0.456767,2.377,2.50627
0.657828,0.456767,2.377,2.50829
0.665543,0.456767,2.377,2.51032
0.673258,0.456767,2.377,2.51238
0.680973,0.456767,2.377,2.51446
0.688688,0.456767,2.377,2.51656
0.696403,0.456767,2.377,2.51868
0.704119,0.456767,2.377,2.52082
0.707042,0.453693,2.361,2.50601
0.714706,0.453693,2.361,2.50818
0.722369,0.453693,2.361,2.51037
0.725085,0.450618,2.345,2.49556
0.732696,0.450618,2.345,2.49778
0.740307,0.450618,2.345,2.50003
0.737712,0.444469,2.313,2.46815
0.74522,0.444469,2.313,2.4704
0.752727,0.444469,2.313,2.47267
0.750046,0.438512,2.282,2.4418
0.757452,0.438512,2.282,2.44408
0.764859,0.438512,2.282,2.44639
0.76719,0.435629,2.267,2.43262
0.769423,0.432747,2.252,2.41884
0.776732,0.432747,2.252,2.42117
0.784042,0.432747,2.252,2.42353
0.78608,0.429865,2.237,2.40975
0.793341,0.429865,2.237,2.41212
0.800602,0.429865,2.237,2.41452
0.807863,0.429865,2.237,2.41694
0.815123,0.429865,2.237,2.41938
0.827898,0.432747,2.252,2.43807
0.835208,0.432747,2.252,2.44056
0.848129,0.435629,2.267,2.45935
0.855487,0.435629,2.267,2.46189
0.862845,0.435629,2.267,2.46446
0.875961,0.438512,2.282,2.48337
0.889562,0.441586,2.298,2.50342
0.897021,0.441586,2.298,2.50608
0.904479,0.441586,2.298,2.50876
0.917891,0.444469,2.313,2.52785
0.925398,0.444469,2.313,2.53059
0.932905,0.444469,2.313,2.53334
0.946918,0.447543,2.329,2.55366
0.954477,0.447543,2.329,2.55647
0.962037,0.447543,2.329,2.55931
0.969596,0.447543,2.329,2.56216
0.977155,0.447543,2.329,2.56503
0.984715,0.447543,2.329,2.56792
0.992274,0.447543,2.329,2.57083
0.999834,0.447543,2.329,2.57375
1.00739,0.447543,2.329,2.5767
1.01495,0.447543,2.329,2.57966
1.02954,0.450618,2.345,2.60039
1.03715,0.450618,2.345,2.60341
1.04476,0.450618,2.345,2.60645
1.05237,0.450618,2.345,2.60951
1.05998,0.450618,2.345,2.61259
1.06759,0.450618,2.345,2.61569
1.08254,0.453693,2.361,2.63667
1.09759,0.456767,2.377,2.65772
1.10531,0.456767,2.377,2.66091
1.11302,0.456767,2.377,2.66413
1.12074,0.456767,2.377,2.66736
1.12845,0.456767,2.377,2.67061
1.13617,0.456767,2.377,2.67388
1.15206,0.460034,2.394,2.69632
1.15983,0.460034,2.394,2.69964
1.1676,0.460034,2.394,2.70299
1.17537,0.460034,2.394,2.70636
1.19155,0.463301,2.411,2.72898
1.19937,0.463301,2.411,2.73241
1.2072,0.463301,2.411,2.73585
1.21502,0.463301,2.411,2.73932
1.22285,0.463301,2.411,2.7428
1.23067,0.463301,2.411,2.74629
1.24723,0.466567,2.428,2.7692
1.25511,0.466567,2.428,2.77276
1.26299,0.466567,2.428,2.77633
1.27087,0.466567,2.428,2.77993
1.27875,0.466567,2.428,2.78354
1.28664,0.466567,2.428,2.78717
1.29452,0.466567,2.428,2.79081
1.3024,0.466567,2.428,2.79448
1.31028,0.466567,2.428,2.79816
1.32739,0.469834,2.445,2.82148
1.33532,0.469834,2.445,2.82522
1.35315,0.473293,2.463,2.8498
1.36114,0.473293,2.463,2.85361
1.37914,0.476752,2.481,2.87831
1.3872,0.476752,2.481,2.88218
1.39525,0.476752,2.481,2.88606
1.41348,0.480211,2.499,2.91093
1.43183,0.48367,2.517,2.93588
1.44,0.48367,2.517,2.93987
1.4591,0.487321,2.536,2.9661
1.46733,0.487321,2.536,2.97016
1.48662,0.490972,2.555,2.99652
1.49491,0.490972,2.555,3.00064
1.50321,0.490972,2.555,3.00478
1.52274,0.494623,2.574,3.03131
1.53109,0.494623,2.574,3.03552
1.55081,0.498274,2.593,3.06218
1.55923,0.498274,2.593,3.06645
1.56764,0.498274,2.593,3.07074
1.56451,0.494623,2.574,3.05251
1.57287,0.494623,2.574,3.0568
1.58122,0.494623,2.574,3.06111
1.58958,0.494623,2.574,3.06543
1.58614,0.490972,2.555,3.04711
1.59443,0.490972,2.555,3.05144
1.5908,0.487321,2.536,3.03306
1.58705,0.48367,2.517,3.01463
1.59522,0.48367,2.517,3.01893
1.59193,0.480211,2.499,3.00164
1.58851,0.476752,2.481,2.9843
1.59657,0.476752,2.481,2.98859
1.59298,0.473293,2.463,2.97119
1.58927,0.469834,2.445,2.95374
1.59721,0.469834,2.445,2.95801
1.59398,0.466567,2.428,2.94171
1.59065,0.463301,2.411,2.92536
1.59847,0.463301,2.411,2.92962
1.59497,0.460034,2.394,2.91321
1.59136,0.456767,2.377,2.89676
1.59908,0.456767,2.377,2.901
1.59598,0.453693,2.361,2.88571
1.59277,0.450618,2.345,2.87037
-1.6379,0.461354,2.361,2.91031
-1.61919,0.458227,2.345,2.88631
-1.61158,0.458227,2.345,2.88205
-1.60397,0.458227,2.345,2.8778
-1.59636,0.458227,2.345,2.87356
-1.58875,0.458227,2.345,2.86934
-1.58114,0.458227,2.345,2.86513
-1.57352,0.458227,2.345,2.86094
-1.56591,0.458227,2.345,2.85676
-1.56893,0.461354,2.361,2.87206
-1.56127,0.461354,2.361,2.86788
-1.55361,0.461354,2.361,2.86372
-1.54594,0.461354,2.361,2.85957
-1.53828,0.461354,2.361,2.85543
-1.53062,0.461354,2.361,2.85131
-1.52295,0.461354,2.361,2.8472
-1.52556,0.46448,2.377,2.86238
-1.51785,0.46448,2.377,2.85827
-1.51013,0.46448,2.377,2.85418
-1.50241,0.46448,2.377,2.85011
-1.4947,0.46448,2.377,2.84605
-1.48698,0.46448,2.377,2.84201
-1.47927,0.46448,2.377,2.83798
-1.47155,0.46448,2.377,2.83396
-1.46384,0.46448,2.377,2.82996
-1.45612,0.46448,2.377,2.82598
-1.45877,0.467802,2.394,2.8422
-1.44069,0.46448,2.377,2.81806
-1.43298,0.46448,2.377,2.81412
-1.42526,0.46448,2.377,2.8102
-1.41755,0.46448,2.377,2.8063
-1.40983,0.46448,2.377,2.80241
-1.40212,0.46448,2.377,2.79854
-1.3944,0.46448,2.377,2.79468
-1.38669,0.46448,2.377,2.79084
-1.37897,0.46448,2.377,2.78701
-1.37126,0.46448,2.377,2.7832
-1.36354,0.46448,2.377,2.77941
-1.36552,0.467802,2.394,2.79548
-1.35775,0.467802,2.394,2.7917
-1.34998,0.467802,2.394,2.78793
-1.35174,0.471124,2.411,2.80394
-1.35339,0.474446,2.428,2.81992
-1.34551,0.474446,2.428,2.81615
-1.347,0.477768,2.445,2.83208
-1.35878,0.484802,2.481,2.86996
-1.36053,0.48832,2.499,2.88695
-1.35241,0.48832,2.499,2.88314
-1.36421,0.49555,2.536,2.92197
-1.36614,0.499262,2.555,2.94
-1.35784,0.499262,2.555,2.93616
-1.35959,0.502975,2.574,2.95414
-1.3612,0.506688,2.593,2.97208
-1.35279,0.506688,2.593,2.96824
-1.34437,0.506688,2.593,2.96441
-1.34626,0.510596,2.613,2.98344
-1.33778,0.510596,2.613,2.97962
-1.3293,0.510596,2.613,2.97582
-1.32082,0.510596,2.613,2.97204
-1.31234,0.510596,2.613,2.96828
-1.30385,0.510596,2.613,2.96454
-1.29537,0.510596,2.613,2.96082
-1.29674,0.514504,2.633,2.97976
-1.27841,0.510596,2.613,2.95344
-1.26993,0.510596,2.613,2.94978
-1.26145,0.510596,2.613,2.94614
-1.25297,0.510596,2.613,2.94252
-1.23496,0.506688,2.593,2.91642
-1.22654,0.506688,2.593,2.91287
-1.21813,0.506688,2.593,2.90933
-1.20971,0.506688,2.593,2.90582
-1.19249,0.502975,2.574,2.88106
-1.18414,0.502975,2.574,2.87761
-1.16711,0.499262,2.555,2.85297
-1.1502,0.49555,2.536,2.82839
-1.14196,0.49555,2.536,2.82506
-1.13373,0.49555,2.536,2.82174
-1.11707,0.491837,2.517,2.79733
-1.10097,0.48832,2.499,2.77409
-1.09286,0.48832,2.499,2.77088
-1.07693,0.484802,2.481,2.74776
-1.06113,0.481285,2.463,2.7247
-1.05313,0.481285,2.463,2.7216
-1.04514,0.481285,2.463,2.71851
-1.02956,0.477768,2.445,2.69561
-1.02163,0.477768,2.445,2.69258
-1.01369,0.477768,2.445,2.68958
-1.00576,0.477768,2.445,2.6866
-0.997821,0.477768,2.445,2.68364
-0.989885,0.477768,2.445,2.6807
-0.981949,0.477768,2.445,2.67778
-0.967241,0.474446,2.428,2.65628
-0.95936,0.474446,2.428,2.65342
-0.951479,0.474446,2.428,2.65058
-0.950205,0.477768,2.445,2.6663
-0.94227,0.477768,2.445,2.66349
-0.934334,0.477768,2.445,2.66069
-0.926398,0.477768,2.445,2.65791
-0.918462,0.477768,2.445,2.65516
-0.910526,0.477768,2.445,2.65242
-0.90259,0.477768,2.445,2.64971
-0.894654,0.477768,2.445,2.64702
-0.886718,0.477768,2.445,2.64434
-0.878783,0.477768,2.445,2.64169
-0.877258,0.481285,2.463,2.65849
-0.869264,0.481285,2.463,2.65587
-0.861269,0.481285,2.463,2.65326
-0.853275,0.481285,2.463,2.65068
-0.851458,0.484802,2.481,2.66747
-0.843405,0.484802,2.481,2.66491
-0.835353,0.484802,2.481,2.66237
-0.833302,0.48832,2.499,2.67915
-0.825191,0.48832,2.499,2.67664
-0.81708,0.48832,2.499,2.67415
-0.808969,0.48832,2.499,2.67168
-0.800858,0.48832,2.499,2.66924
-0.792747,0.48832,2.499,2.66682
-0.784635,0.48832,2.499,2.66442
-0.776524,0.48832,2.499,2.66204
-0.768413,0.48832,2.499,2.65968
-0.760302,0.48832,2.499,2.65735
-0.752191,0.48832,2.499,2.65504
-0.74408,0.48832,2.499,2.65276
-0.735969,0.48832,2.499,2.65049
-0.727858,0.48832,2.499,2.64825
-0.719746,0.48832,2.499,2.64603
-0.711635,0.48832,2.499,2.64384
-0.708592,0.491837,2.517,2.66069
-0.700422,0.491837,2.517,2.65853
-0.692252,0.491837,2.517,2.65639
-0.684083,0.491837,2.517,2.65427
-0.675913,0.491837,2.517,2.65218
-0.667744,0.491837,2.517,2.65011
-0.659574,0.491837,2.517,2.64806
-0.651405,0.491837,2.517,2.64604
-0.643235,0.491837,2.517,2.64404
-0.635065,0.491837,2.517,2.64206
-0.622413,0.48832,2.499,2.62123
-0.614302,0.48832,2.499,2.61932
-0.606191,0.48832,2.499,2.61743
-0.602387,0.491837,2.517,2.6344
-0.594218,0.491837,2.517,2.63254
-0.581857,0.48832,2.499,2.6119
-0.573746,0.48832,2.499,2.6101
-0.569709,0.491837,2.517,2.62712
-0.561539,0.491837,2.517,2.62536
-0.55337,0.491837,2.517,2.62363
-0.5452,0.491837,2.517,2.62191
-0.537031,0.491837,2.517,2.62023
-0.528861,0.491837,2.517,2.61857
-0.520692,0.491837,2.517,2.61693
-0.512522,0.491837,2.517,2.61531
-0.504353,0.491837,2.517,2.61373
-0.496183,0.491837,2.517,2.61216
-0.488013,0.491837,2.517,2.61062
-0.479844,0.491837,2.517,2.60911
-0.475235,0.49555,2.536,2.6273
-0.467004,0.49555,2.536,2.62583
-0.458772,0.49555,2.536,2.62437
-0.450541,0.49555,2.536,2.62295
-0.445624,0.499262,2.555,2.64119
-0.437331,0.499262,2.555,2.6398
-0.425848,0.49555,2.536,2.61882
-0.417616,0.49555,2.536,2.61749
-0.409385,0.49555,2.536,2.61619
-0.401154,0.49555,2.536,2.61492
-0.389979,0.491837,2.517,2.59408
-0.381809,0.491837,2.517,2.59287
-0.37364,0.491837,2.517,2.59168
-0.362857,0.48832,2.499,2.57199
-0.354745,0.48832,2.499,2.57086
-0.346634,0.48832,2.499,2.56975
-0.338523,0.48832,2.499,2.56867
-0.328032,0.484802,2.481,2.54912
-0.319979,0.484802,2.481,2.54809
-0.311927,0.484802,2.481,2.5471
-0.301669,0.481285,2.463,2.52765
-0.293675,0.481285,2.463,2.52671
-0.285681,0.481285,2.463,2.52579
-0.277686,0.481285,2.463,2.5249
-0.269692,0.481285,2.463,2.52403
-0.261698,0.481285,2.463,2.52319
-0.253704,0.481285,2.463,2.52237
-0.245709,0.481285,2.463,2.52158
-0.239452,0.484802,2.481,2.53924
-0.2314,0.484802,2.481,2.53849
-0.223347,0.484802,2.481,2.53777
-0.215294,0.484802,2.481,2.53707
-0.207241,0.484802,2.481,2.5364
-0.200634,0.48832,2.499,2.55416
-0.192523,0.48832,2.499,2.55353
-0.184412,0.48832,2.499,2.55293
-0.1763,0.48832,2.499,2.55236
-0.168189,0.48832,2.499,2.55181
-0.161231,0.491837,2.517,2.56967
-0.153062,0.491837,2.517,2.56917
-0.144892,0.491837,2.517,2.56869
-0.136723,0.491837,2.517,2.56825
-0.128553,0.491837,2.517,2.56782
-0.120383,0.491837,2.517,2.56743
-0.112214,0.491837,2.517,2.56706
-0.104044,0.491837,2.517,2.56671
-0.0958747,0.491837,2.517,2.5664
-0.0877052,0.491837,2.517,2.5661
-0.0795356,0.491837,2.517,2.56584
-0.0713661,0.491837,2.517,2.5656
-0.0631965,0.491837,2.517,2.56538
-0.055027,0.491837,2.517,2.56519
-0.0468574,0.491837,2.517,2.56503
-0.0389799,0.49555,2.536,2.58426
-0.0307487,0.49555,2.536,2.58415
-0.0225174,0.49555,2.536,2.58406
-0.0142862,0.49555,2.536,2.584
-0.00605498,0.49555,2.536,2.58397
0.00217625,0.49555,2.536,2.58396
0.0104075,0.49555,2.536,2.58398
0.0184991,0.491837,2.517,2.56467
0.0266686,0.491837,2.517,2.56474
0.0348382,0.491837,2.517,2.56484
0.0430077,0.491837,2.517,2.56496
0.0511773,0.491837,2.517,2.56511
0.0589224,0.48832,2.499,2.54695
0.0670336,0.48832,2.499,2.54715
0.0751447,0.48832,2.499,2.54737
0.0832558,0.48832,2.499,2.54762
0.091367,0.48832,2.499,2.5479
0.0994781,0.48832,2.499,2.54821
0.107589,0.48832,2.499,2.54854
0.1157,0.48832,2.499,2.54889
0.123811,0.48832,2.499,2.54927
0.131923,0.48832,2.499,2.54968
0.140034,0.48832,2.499,2.55011
0.148145,0.48832,2.499,2.55057
0.156256,0.48832,2.499,2.55105
0.164367,0.48832,2.499,2.55156
0.172478,0.48832,2.499,2.5521
0.180589,0.48832,2.499,2.55266
0.188701,0.48832,2.499,2.55325
0.196812,0.48832,2.499,2.55386
0.204923,0.48832,2.499,2.5545
0.213034,0.48832,2.499,2.55516
0.221145,0.48832,2.499,2.55585
0.229256,0.48832,2.499,2.55656
0.237367,0.48832,2.499,2.5573
0.245479,0.48832,2.499,2.55807
0.25359,0.48832,2.499,2.55886
0.261701,0.48832,2.499,2.55968
0.267868,0.484802,2.481,2.54208
0.275921,0.484802,2.481,2.54294
0.283974,0.484802,2.481,2.54382
0.292027,0.484802,2.481,2.54473
0.300079,0.484802,2.481,2.54567
0.308132,0.484802,2.481,2.54663
0.316185,0.484802,2.481,2.54762
0.321885,0.481285,2.463,2.53014
0.329879,0.481285,2.463,2.53117
0.337874,0.481285,2.463,2.53222
0.345868,0.481285,2.463,2.5333
0.351276,0.477768,2.445,2.51589
0.359212,0.477768,2.445,2.51701
0.367148,0.477768,2.445,2.51815
0.375084,0.477768,2.445,2.51932
0.38302,0.477768,2.445,2.52051
0.390955,0.477768,2.445,2.52173
0.396118,0.474446,2.428,2.50543
0.403999,0.474446,2.428,2.50669
0.411879,0.474446,2.428,2.50797
0.41976,0.474446,2.428,2.50928
0.427641,0.474446,2.428,2.51061
0.435521,0.474446,2.428,2.51196
0.443402,0.474446,2.428,2.51334
0.448123,0.471124,2.411,2.49714
0.455948,0.471124,2.411,2.49855
0.463774,0.471124,2.411,2.49999
0.471599,0.471124,2.411,2.50146
0.479425,0.471124,2.411,2.50294
0.483815,0.467802,2.394,2.4868
0.491585,0.467802,2.394,2.48832
0.499355,0.467802,2.394,2.48987
0.507126,0.467802,2.394,2.49144
0.51124,0.46448,2.377,2.47533
0.518955,0.46448,2.377,2.47693
0.52667,0.46448,2.377,2.47856
0.534385,0.46448,2.377,2.48021
0.5421,0.46448,2.377,2.48188
0.549816,0.46448,2.377,2.48358
0.557531,0.46448,2.377,2.4853
0.565246,0.46448,2.377,2.48704
0.572961,0.46448,2.377,2.48881
0.580676,0.46448,2.377,2.49059
0.588391,0.46448,2.377,2.4924
0.596106,0.46448,2.377,2.49424
0.603822,0.46448,2.377,2.49609
0.611537,0.46448,2.377,2.49797
0.619252,0.46448,2.377,2.49987
0.626967,0.46448,2.377,2.50179
0.634682,0.46448,2.377,2.50374
0.642397,0.46448,2.377,2.5057
0.650113,0.46448,2.377,2.50769
0.657828,0.46448,2.377,2.5097
0.665543,0.46448,2.377,2.51174
0.673258,0.46448,2.377,2.51379
0.680973,0.46448,2.377,2.51587
0.684053,0.461354,2.361,2.50102
0.691716,0.461354,2.361,2.50313
0.699379,0.461354,2.361,2.50525
0.707042,0.461354,2.361,2.5074
0.709862,0.458227,2.345,2.49257
0.717473,0.458227,2.345,2.49475
0.725085,0.458227,2.345,2.49695
0.727697,0.455101,2.329,2.48212
0.735256,0.455101,2.329,2.48434
0.737712,0.451974,2.313,2.46951
0.740387,0.449043,2.298,2.45573
0.747846,0.449043,2.298,2.45799
0.750046,0.445917,2.282,2.44314
0.752474,0.442985,2.267,2.42935
0.759832,0.442985,2.267,2.43164
0.762114,0.440054,2.252,2.41784
0.769423,0.440054,2.252,2.42016
0.776732,0.440054,2.252,2.42249
0.784042,0.440054,2.252,2.42485
0.78608,0.437123,2.237,2.41105
0.793341,0.437123,2.237,2.41343
0.800602,0.437123,2.237,2.41582
0.807863,0.437123,2.237,2.41824
0.815123,0.437123,2.237,2.42068
0.827898,0.440054,2.252,2.43938
0.835208,0.440054,2.252,2.44187
0.848129,0.442985,2.267,2.46066
0.855487,0.442985,2.267,2.46321
0.862845,0.442985,2.267,2.46577
0.875961,0.445917,2.282,2.48469
0.889562,0.449043,2.298,2.50475
0.897021,0.449043,2.298,2.50741
0.904479,0.449043,2.298,2.51009
0.917891,0.451974,2.313,2.52918
0.925398,0.451974,2.313,2.53192
0.932905,0.451974,2.313,2.53467
0.946918,0.455101,2.329,2.555
0.954477,0.455101,2.329,2.55781
0.962037,0.455101,2.329,2.56064
0.969596,0.455101,2.329,2.56349
0.977155,0.455101,2.329,2.56636
0.984715,0.455101,2.329,2.56925
0.992274,0.455101,2.329,2.57215
0.999834,0.455101,2.329,2.57508
1.00739,0.455101,2.329,2.57802
1.01495,0.455101,2.329,2.58099
1.02954,0.458227,2.345,2.60172
1.03715,0.458227,2.345,2.60474
1.04476,0.458227,2.345,2.60778
1.05237,0.458227,2.345,2.61084
1.05998,0.458227,2.345,2.61392
1.06759,0.458227,2.345,2.61701
1.08254,0.461354,2.361,2.638
1.09759,0.46448,2.377,2.65906
1.10531,0.46448,2.377,2.66225
1.11302,0.46448,2.377,2.66546
1.12074,0.46448,2.377,2.66869
1.13652,0.467802,2.394,2.69105
1.14429,0.467802,2.394,2.69434
1.15206,0.467802,2.394,2.69765
1.16807,0.471124,2.411,2.72016
1.1759,0.471124,2.411,2.72353
1.18372,0.471124,2.411,2.72692
1.19155,0.471124,2.411,2.73032
1.19937,0.471124,2.411,2.73375
1.2072,0.471124,2.411,2.73719
1.22359,0.474446,2.428,2.75997
1.23147,0.474446,2.428,2.76348
1.23935,0.474446,2.428,2.767
1.24723,0.474446,2.428,2.77054
1.25511,0.474446,2.428,2.77409
1.26299,0.474446,2.428,2.77767
1.27087,0.474446,2.428,2.78126
1.27875,0.474446,2.428,2.78487
1.28664,0.474446,2.428,2.7885
1.29452,0.474446,2.428,2.79214
1.3024,0.474446,2.428,2.7958
1.31028,0.474446,2.428,2.79948
1.32739,0.477768,2.445,2.82281
1.33532,0.477768,2.445,2.82655
1.35315,0.481285,2.463,2.85114
1.36114,0.481285,2.463,2.85495
1.37914,0.484802,2.481,2.87966
1.3872,0.484802,2.481,2.88352
1.39525,0.484802,2.481,2.88741
1.4033,0.484802,2.481,2.89131
1.42159,0.48832,2.499,2.91623
1.4297,0.48832,2.499,2.92019
1.44817,0.491837,2.517,2.94523
1.45634,0.491837,2.517,2.94926
1.47557,0.49555,2.536,2.97559
1.4838,0.49555,2.536,2.97968
1.49203,0.49555,2.536,2.98379
1.5115,0.499262,2.555,3.0103
1.51979,0.499262,2.555,3.01447
1.52809,0.499262,2.555,3.01866
1.53638,0.499262,2.555,3.02287
1.54467,0.499262,2.555,3.02709
1.55296,0.499262,2.555,3.03133
1.56126,0.499262,2.555,3.03559
1.56955,0.499262,2.555,3.03986
1.57784,0.499262,2.555,3.04415
1.57434,0.49555,2.536,3.02579
1.58257,0.49555,2.536,3.03008
1.57888,0.491837,2.517,3.01166
1.5757,0.48832,2.499,2.99438
1.58382,0.48832,2.499,2.99865
1.58046,0.484802,2.481,2.98132
1.58851,0.484802,2.481,2.98559
1.59657,0.484802,2.481,2.98989
1.58133,0.477768,2.445,2.95075
1.57822,0.474446,2.428,2.93446
1.5861,0.474446,2.428,2.93871
1.58282,0.471124,2.411,2.92236
1.57943,0.467802,2.394,2.90597
1.5872,0.467802,2.394,2.9102
1.58365,0.46448,2.377,2.89375
1.59136,0.46448,2.377,2.89798
1.59908,0.46448,2.377,2.90223
1.58516,0.458227,2.345,2.86736
1.5819,0.455101,2.329,2.85198
-1.6379,0.469015,2.361,2.91153
-1.61919,0.465836,2.345,2.88753
-1.61158,0.465836,2.345,2.88327
-1.60397,0.465836,2.345,2.87902
-1.59636,0.465836,2.345,2.87478
-1.58875,0.465836,2.345,2.87057
-1.58114,0.465836,2.345,2.86636
-1.57352,0.465836,2.345,2.86217
-1.56591,0.465836,2.345,2.85799
-1.56893,0.469015,2.361,2.8733
-1.55069,0.465836,2.345,2.84968
-1.54308,0.465836,2.345,2.84554
-1.54594,0.469015,2.361,2.86081
-1.53828,0.469015,2.361,2.85668
-1.53062,0.469015,2.361,2.85256
-1.52295,0.469015,2.361,2.84845
-1.51529,0.469015,2.361,2.84436
-1.50763,0.469015,2.361,2.84029
-1.51013,0.472193,2.377,2.85545
-1.50241,0.472193,2.377,2.85138
-1.4947,0.472193,2.377,2.84732
-1.48698,0.472193,2.377,2.84328
-1.47927,0.472193,2.377,2.83925
-1.47155,0.472193,2.377,2.83524
-1.46384,0.472193,2.377,2.83124
-1.45612,0.472193,2.377,2.82726
-1.45877,0.47557,2.394,2.84348
-1.451,0.47557,2.394,2.83951
-1.44323,0.47557,2.394,2.83554
-1.43546,0.47557,2.394,2.8316
-1.42769,0.47557,2.394,2.82767
-1.41992,0.47557,2.394,2.82375
-1.41215,0.47557,2.394,2.81985
-1.3944,0.472193,2.377,2.79597
-1.38669,0.472193,2.377,2.79213
-1.37897,0.472193,2.377,2.78831
-1.37126,0.472193,2.377,2.7845
-1.36354,0.472193,2.377,2.78071
-1.36552,0.47557,2.394,2.79679
-1.35775,0.47557,2.394,2.79301
-1.34998,0.47557,2.394,2.78924
-1.35174,0.478947,2.411,2.80527
-1.35339,0.482324,2.428,2.82126
-1.34551,0.482324,2.428,2.81749
-1.347,0.485701,2.445,2.83343
-1.35878,0.492853,2.481,2.87133
-1.36053,0.496429,2.499,2.88833
-1.35241,0.496429,2.499,2.88452
-1.36421,0.503779,2.536,2.92338
-1.37629,0.511327,2.574,2.9633
-1.36794,0.511327,2.574,2.95942
-1.36962,0.515102,2.593,2.97739
-1.3717,0.519075,2.613,2.99646
-1.36322,0.519075,2.613,2.99259
-1.35474,0.519075,2.613,2.98873
-1.35656,0.523048,2.633,3.00775
-1.34802,0.523048,2.633,3.0039
-1.33947,0.523048,2.633,3.00008
-1.33093,0.523048,2.633,2.99627
-1.32238,0.523048,2.633,2.99248
-1.30385,0.519075,2.613,2.96602
-1.29537,0.519075,2.613,2.9623
-1.28689,0.519075,2.613,2.9586
-1.27841,0.519075,2.613,2.95492
-1.26021,0.515102,2.593,2.92867
-1.25179,0.515102,2.593,2.92506
-1.24338,0.515102,2.593,2.92147
-1.23496,0.515102,2.593,2.91789
-1.21756,0.511327,2.574,2.89299
-1.2092,0.511327,2.574,2.88948
-1.20085,0.511327,2.574,2.886
-1.18369,0.507553,2.555,2.86125
-1.1754,0.507553,2.555,2.85783
-1.15843,0.503779,2.536,2.8332
-1.1502,0.503779,2.536,2.82985
-1.13341,0.500004,2.517,2.80534
-1.12524,0.500004,2.517,2.80205
-1.11707,0.500004,2.517,2.79877
-1.10097,0.496429,2.499,2.77553
-1.09286,0.496429,2.499,2.77232
-1.07693,0.492853,2.481,2.74919
-1.06113,0.489277,2.463,2.72612
-1.05313,0.489277,2.463,2.72302
-1.04514,0.489277,2.463,2.71994
-1.02956,0.485701,2.445,2.69702
-1.02163,0.485701,2.445,2.694
-1.01369,0.485701,2.445,2.691
-1.00576,0.485701,2.445,2.68802
-0.997821,0.485701,2.445,2.68507
-0.989885,0.485701,2.445,2.68213
-0.981949,0.485701,2.445,2.67921
-0.974013,0.485701,2.445,2.67631
-0.966077,0.485701,2.445,2.67343
-0.958141,0.485701,2.445,2.67057
-0.950205,0.485701,2.445,2.66774
-0.94227,0.485701,2.445,2.66492
-0.934334,0.485701,2.445,2.66213
-0.926398,0.485701,2.445,2.65935
-0.918462,0.485701,2.445,2.6566
-0.910526,0.485701,2.445,2.65386
-0.90259,0.485701,2.445,2.65115
-0.901241,0.489277,2.463,2.66796
-0.893246,0.489277,2.463,2.66527
-0.885252,0.489277,2.463,2.6626
-0.877258,0.489277,2.463,2.65995
-0.875616,0.492853,2.481,2.67675
-0.867564,0.492853,2.481,2.67412
-0.859511,0.492853,2.481,2.67152
-0.851458,0.492853,2.481,2.66894
-0.843405,0.492853,2.481,2.66638
-0.841413,0.496429,2.499,2.68317
-0.833302,0.496429,2.499,2.68064
-0.825191,0.496429,2.499,2.67813
-0.81708,0.496429,2.499,2.67564
-0.808969,0.496429,2.499,2.67318
-0.800858,0.496429,2.499,2.67073
-0.792747,0.496429,2.499,2.66831
-0.784635,0.496429,2.499,2.66591
-0.776524,0.496429,2.499,2.66354
-0.768413,0.496429,2.499,2.66118
-0.760302,0.496429,2.499,2.65885
-0.752191,0.496429,2.499,2.65655
-0.749439,0.500004,2.517,2.67338
-0.74127,0.500004,2.517,2.6711
-0.727858,0.496429,2.499,2.64976
-0.719746,0.496429,2.499,2.64754
-0.711635,0.496429,2.499,2.64535
-0.708592,0.500004,2.517,2.66222
-0.700422,0.500004,2.517,2.66005
-0.692252,0.500004,2.517,2.65791
-0.684083,0.500004,2.517,2.6558
-0.675913,0.500004,2.517,2.65371
-0.667744,0.500004,2.517,2.65164
-0.659574,0.500004,2.517,2.64959
-0.651405,0.500004,2.517,2.64757
-0.643235,0.500004,2.517,2.64557
-0.635065,0.500004,2.517,2.6436
-0.626896,0.500004,2.517,2.64165
-0.618726,0.500004,2.517,2.63972
-0.610557,0.500004,2.517,2.63782
-0.602387,0.500004,2.517,2.63594
-0.594218,0.500004,2.517,2.63408
-0.586048,0.500004,2.517,2.63225
-0.577879,0.500004,2.517,2.63044
-0.569709,0.500004,2.517,2.62866
-0.561539,0.500004,2.517,2.6269
-0.55337,0.500004,2.517,2.62517
-0.5452,0.500004,2.517,2.62346
-0.537031,0.500004,2.517,2.62177
-0.528861,0.500004,2.517,2.62011
-0.520692,0.500004,2.517,2.61848
-0.512522,0.500004,2.517,2.61686
-0.504353,0.500004,2.517,2.61528
-0.496183,0.500004,2.517,2.61371
-0.488013,0.500004,2.517,2.61217
-0.479844,0.500004,2.517,2.61066
-0.475235,0.503779,2.536,2.62887
-0.467004,0.503779,2.536,2.62739
-0.458772,0.503779,2.536,2.62594
-0.450541,0.503779,2.536,2.62451
-0.445624,0.507553,2.555,2.64277
-0.437331,0.507553,2.555,2.64138
-0.425848,0.503779,2.536,2.62039
-0.417616,0.503779,2.536,2.61906
-0.409385,0.503779,2.536,2.61776
-0.401154,0.503779,2.536,2.61649
-0.389979,0.500004,2.517,2.59565
-0.381809,0.500004,2.517,2.59443
-0.37364,0.500004,2.517,2.59324
-0.362857,0.496429,2.499,2.57354
-0.354745,0.496429,2.499,2.57241
-0.346634,0.496429,2.499,2.5713
-0.338523,0.496429,2.499,2.57022
-0.328032,0.492853,2.481,2.55066
-0.319979,0.492853,2.481,2.54964
-0.309664,0.489277,2.463,2.53015
-0.301669,0.489277,2.463,2.52918
-0.293675,0.489277,2.463,2.52824
-0.285681,0.489277,2.463,2.52733
-0.277686,0.489277,2.463,2.52643
-0.269692,0.489277,2.463,2.52557
-0.261698,0.489277,2.463,2.52473
-0.253704,0.489277,2.463,2.52391
-0.245709,0.489277,2.463,2.52312
-0.237715,0.489277,2.463,2.52235
-0.229721,0.489277,2.463,2.52161
-0.223347,0.492853,2.481,2.53932
-0.215294,0.492853,2.481,2.53863
-0.207241,0.492853,2.481,2.53795
-0.199189,0.492853,2.481,2.53731
-0.192523,0.496429,2.499,2.55509
-0.184412,0.496429,2.499,2.5545
-0.1763,0.496429,2.499,2.55392
-0.168189,0.496429,2.499,2.55338
-0.161231,0.500004,2.517,2.57124
-0.153062,0.500004,2.517,2.57074
-0.144892,0.500004,2.517,2.57027
-0.136723,0.500004,2.517,2.56982
-0.128553,0.500004,2.517,2.5694
-0.120383,0.500004,2.517,2.56901
-0.113061,0.503779,2.536,2.58802
-0.10483,0.503779,2.536,2.58768
-0.0965985,0.503779,2.536,2.58736
-0.0883672,0.503779,2.536,2.58706
-0.080136,0.503779,2.536,2.5868
-0.0719048,0.503779,2.536,2.58655
-0.0636736,0.503779,2.536,2.58634
-0.0554423,0.503779,2.536,2.58615
-0.0472111,0.503779,2.536,2.58598
-0.0389799,0.503779,2.536,2.58585
-0.0307487,0.503779,2.536,2.58574
-0.0225174,0.503779,2.536,2.58565
-0.0142862,0.503779,2.536,2.58559
-0.00605498,0.503779,2.536,2.58556
0.00217625,0.503779,2.536,2.58555
0.0104075,0.503779,2.536,2.58557
0.0186387,0.503779,2.536,2.58562
0.0268699,0.503779,2.536,2.58569
0.0351011,0.503779,2.536,2.58579
0.0430077,0.500004,2.517,2.56654
0.0511773,0.500004,2.517,2.56669
0.0593468,0.500004,2.517,2.56687
0.0670336,0.496429,2.499,2.54871
0.0751447,0.496429,2.499,2.54894
0.0832558,0.496429,2.499,2.54919
0.091367,0.496429,2.499,2.54947
0.0994781,0.496429,2.499,2.54977
0.107589,0.496429,2.499,2.5501
0.1157,0.496429,2.499,2.55046
0.123811,0.496429,2.499,2.55084
0.131923,0.496429,2.499,2.55124
0.140034,0.496429,2.499,2.55168
0.148145,0.496429,2.499,2.55213
0.156256,0.496429,2.499,2.55262
0.164367,0.496429,2.499,2.55313
0.172478,0.496429,2.499,2.55366
0.180589,0.496429,2.499,2.55422
0.188701,0.496429,2.499,2.55481
0.196812,0.496429,2.499,2.55542
0.204923,0.496429,2.499,2.55606
0.213034,0.496429,2.499,2.55672
0.221145,0.496429,2.499,2.55741
0.229256,0.496429,2.499,2.55812
0.237367,0.496429,2.499,2.55886
0.245479,0.496429,2.499,2.55963
0.25359,0.496429,2.499,2.56042
0.261701,0.496429,2.499,2.56124
0.269812,0.496429,2.499,2.56208
0.275921,0.492853,2.481,2.54448
0.283974,0.492853,2.481,2.54537
0.292027,0.492853,2.481,2.54628
0.302256,0.496429,2.499,2.5657
0.308132,0.492853,2.481,2.54818
0.316185,0.492853,2.481,2.54916
0.324237,0.492853,2.481,2.55018
0.329879,0.489277,2.463,2.5327
0.337874,0.489277,2.463,2.53376
0.345868,0.489277,2.463,2.53483
0.353862,0.489277,2.463,2.53594
0.361856,0.489277,2.463,2.53707
0.369851,0.489277,2.463,2.53822
0.377845,0.489277,2.463,2.5394
0.385839,0.489277,2.463,2.5406
0.390955,0.485701,2.445,2.52325
0.398891,0.485701,2.445,2.52449
0.406827,0.485701,2.445,2.52576
0.414763,0.485701,2.445,2.52705
0.422699,0.485701,2.445,2.52836
0.427641,0.482324,2.428,2.51211
0.435521,0.482324,2.428,2.51346
0.443402,0.482324,2.428,2.51484
0.448123,0.478947,2.411,2.49862
0.455948,0.478947,2.411,2.50004
0.463774,0.478947,2.411,2.50148
0.471599,0.478947,2.411,2.50294
0.479425,0.478947,2.411,2.50443
0.483815,0.47557,2.394,2.48827
0.491585,0.47557,2.394,2.48979
0.499355,0.47557,2.394,2.49134
0.507126,0.47557,2.394,2.49291
0.51124,0.472193,2.377,2.47678
0.518955,0.472193,2.377,2.47839
0.52667,0.472193,2.377,2.48002
0.534385,0.472193,2.377,2.48167
0.5421,0.472193,2.377,2.48334
0.549816,0.472193,2.377,2.48503
0.557531,0.472193,2.377,2.48675
0.565246,0.472193,2.377,2.48849
0.572961,0.472193,2.377,2.49026
0.580676,0.472193,2.377,2.49204
0.588391,0.472193,2.377,2.49385
0.596106,0.472193,2.377,2.49568
0.603822,0.472193,2.377,2.49754
0.611537,0.472193,2.377,2.49941
0.619252,0.472193,2.377,2.50131
0.626967,0.472193,2.377,2.50323
0.634682,0.472193,2.377,2.50518
0.642397,0.472193,2.377,2.50714
0.650113,0.472193,2.377,2.50913
0.657828,0.472193,2.377,2.51114
0.665543,0.472193,2.377,2.51317
0.673258,0.472193,2.377,2.51523
0.680973,0.472193,2.377,2.5173
0.684053,0.469015,2.361,2.50244
0.691716,0.469015,2.361,2.50455
0.699379,0.469015,2.361,2.50668
0.707042,0.469015,2.361,2.50883
0.709862,0.465836,2.345,2.49398
0.717473,0.465836,2.345,2.49616
0.725085,0.465836,2.345,2.49835
0.727697,0.462658,2.329,2.48351
0.735256,0.462658,2.329,2.48574
0.737712,0.45948,2.313,2.47089
0.740387,0.4565,2.298,2.45711
0.747846,0.4565,2.298,2.45936
0.750046,0.453321,2.282,2.4445
0.752474,0.450342,2.267,2.4307
0.759832,0.450342,2.267,2.43299
0.762114,0.447362,2.252,2.41918
0.769423,0.447362,2.252,2.4215
0.771559,0.444382,2.237,2.40769
0.77882,0.444382,2.237,2.41002
0.78608,0.444382,2.237,2.41238
0.793341,0.444382,2.237,2.41475
0.800602,0.444382,2.237,2.41715
0.807863,0.444382,2.237,2.41956
0.815123,0.444382,2.237,2.422
0.827898,0.447362,2.252,2.44071
0.835208,0.447362,2.252,2.4432
0.842517,0.447362,2.252,2.4457
0.855487,0.450342,2.267,2.46454
0.862845,0.450342,2.267,2.4671
0.875961,0.453321,2.282,2.48603
0.883368,0.453321,2.282,2.48865
0.897021,0.4565,2.298,2.50875
0.904479,0.4565,2.298,2.51143
0.917891,0.45948,2.313,2.53054
0.925398,0.45948,2.313,2.53327
0.932905,0.45948,2.313,2.53602
0.940413,0.45948,2.313,2.53879
0.94792,0.45948,2.313,2.54158
0.955428,0.45948,2.313,2.54439
0.962935,0.45948,2.313,2.54722
0.977155,0.462658,2.329,2.56771
0.984715,0.462658,2.329,2.57059
0.992274,0.462658,2.329,2.5735
0.999834,0.462658,2.329,2.57642
1.00739,0.462658,2.329,2.57937
1.01495,0.462658,2.329,2.58233
1.02251,0.462658,2.329,2.58531
1.03715,0.465836,2.345,2.60609
1.04476,0.465836,2.345,2.60913
1.05237,0.465836,2.345,2.61219
1.05998,0.465836,2.345,2.61526
1.06759,0.465836,2.345,2.61836
1.08254,0.469015,2.361,2.63935
1.0902,0.469015,2.361,2.64251
1.10531,0.472193,2.377,2.66361
1.11302,0.472193,2.377,2.66682
1.12074,0.472193,2.377,2.67005
1.13652,0.47557,2.394,2.69241
1.14429,0.47557,2.394,2.6957
1.15206,0.47557,2.394,2.69901
1.16807,0.478947,2.411,2.72152
1.1759,0.478947,2.411,2.72489
1.18372,0.478947,2.411,2.72828
1.19155,0.478947,2.411,2.73168
1.19937,0.478947,2.411,2.73511
1.2072,0.478947,2.411,2.73855
1.22359,0.482324,2.428,2.76134
1.23147,0.482324,2.428,2.76484
1.23935,0.482324,2.428,2.76836
1.24723,0.482324,2.428,2.7719
1.25511,0.482324,2.428,2.77545
1.26299,0.482324,2.428,2.77902
1.27087,0.482324,2.428,2.78261
1.27875,0.482324,2.428,2.78622
1.28664,0.482324,2.428,2.78985
1.30358,0.485701,2.445,2.81305
1.31152,0.485701,2.445,2.81674
1.31945,0.485701,2.445,2.82044
1.33716,0.489277,2.463,2.84495
1.34515,0.489277,2.463,2.84872
1.35315,0.489277,2.463,2.8525
1.36114,0.489277,2.463,2.8563
1.37914,0.492853,2.481,2.88102
1.3872,0.492853,2.481,2.88489
1.39525,0.492853,2.481,2.88877
1.4033,0.492853,2.481,2.89267
1.42159,0.496429,2.499,2.9176
1.4297,0.496429,2.499,2.92156
1.43782,0.496429,2.499,2.92553
1.44593,0.496429,2.499,2.92953
1.45404,0.496429,2.499,2.93354
1.46215,0.496429,2.499,2.93757
1.48085,0.500004,2.517,2.9628
1.48902,0.500004,2.517,2.9669
1.49719,0.500004,2.517,2.971
1.51672,0.503779,2.536,2.99759
1.52495,0.503779,2.536,3.00176
1.53318,0.503779,2.536,3.00595
1.54142,0.503779,2.536,3.01016
1.54965,0.503779,2.536,3.01438
1.55788,0.503779,2.536,3.01862
1.55438,0.500004,2.517,3.00023
1.56255,0.500004,2.517,3.00447
1.57071,0.500004,2.517,3.00873
1.57888,0.500004,2.517,3.013
1.5757,0.496429,2.499,2.99571
1.58382,0.496429,2.499,2.99999
1.58046,0.492853,2.481,2.98264
1.57699,0.489277,2.463,2.96524
1.58498,0.489277,2.463,2.9695
1.58133,0.485701,2.445,2.95204
1.57822,0.482324,2.428,2.93575
1.5861,0.482324,2.428,2.93999
1.58282,0.478947,2.411,2.92363
1.56822,0.472193,2.377,2.88659
1.57593,0.472193,2.377,2.89079
1.58365,0.472193,2.377,2.895
1.58065,0.469015,2.361,2.87971
1.58831,0.469015,2.361,2.88393
1.58516,0.465836,2.345,2.86858
1.57104,0.45948,2.313,2.83359
-1.6379,0.476676,2.361,2.91278
-1.61919,0.473445,2.345,2.88876
-1.61158,0.473445,2.345,2.8845
-1.60397,0.473445,2.345,2.88026
-1.59636,0.473445,2.345,2.87603
-1.58875,0.473445,2.345,2.87181
-1.58114,0.473445,2.345,2.86761
-1.57352,0.473445,2.345,2.86342
-1.56591,0.473445,2.345,2.85924
-1.56893,0.476676,2.361,2.87456
-1.55069,0.473445,2.345,2.85093
-1.54308,0.473445,2.345,2.8468
-1.54594,0.476676,2.361,2.86208
-1.53828,0.476676,2.361,2.85794
-1.53062,0.476676,2.361,2.85383
-1.52295,0.476676,2.361,2.84972
-1.51529,0.476676,2.361,2.84564
-1.50763,0.476676,2.361,2.84156
-1.52093,0.483338,2.394,2.87717
-1.51316,0.483338,2.394,2.87307
-1.50539,0.483338,2.394,2.86898
-1.49762,0.483338,2.394,2.86491
-1.48985,0.483338,2.394,2.86086
-1.48208,0.483338,2.394,2.85682
-1.47431,0.483338,2.394,2.85279
-1.46654,0.483338,2.394,2.84879
-1.46913,0.486771,2.411,2.865
-1.4613,0.486771,2.411,2.86099
-1.45348,0.486771,2.411,2.857
-1.44565,0.486771,2.411,2.85303
-1.42769,0.483338,2.394,2.82898
-1.41992,0.483338,2.394,2.82507
-1.41215,0.483338,2.394,2.82117
-1.40438,0.483338,2.394,2.81729
-1.39661,0.483338,2.394,2.81342
-1.38883,0.483338,2.394,2.80958
-1.38106,0.483338,2.394,2.80574
-1.37329,0.483338,2.394,2.80193
-1.36552,0.483338,2.394,2.79813
-1.35775,0.483338,2.394,2.79434
-1.34998,0.483338,2.394,2.79057
-1.35174,0.486771,2.411,2.80661
-1.35339,0.490203,2.428,2.82262
-1.34551,0.490203,2.428,2.81885
-1.35692,0.497269,2.463,2.85567
-1.35878,0.500903,2.481,2.87272
-1.37033,0.508171,2.517,2.91055
-1.36216,0.508171,2.517,2.90672
-1.37443,0.515844,2.555,2.94672
-1.37629,0.51968,2.574,2.96475
-1.36794,0.51968,2.574,2.96088
-1.38019,0.527553,2.613,3.00183
-1.3717,0.527553,2.613,2.99794
-1.37366,0.531591,2.633,3.01699
-1.36511,0.531591,2.633,3.01311
-1.35656,0.531591,2.633,3.00924
-1.34802,0.531591,2.633,3.0054
-1.33947,0.531591,2.633,3.00158
-1.33093,0.531591,2.633,2.99777
-1.32238,0.531591,2.633,2.99399
-1.30385,0.527553,2.613,2.96751
-1.29537,0.527553,2.613,2.96379
-1.28689,0.527553,2.613,2.9601
-1.27841,0.527553,2.613,2.95642
-1.26021,0.523516,2.593,2.93016
-1.25179,0.523516,2.593,2.92655
-1.24338,0.523516,2.593,2.92296
-1.23496,0.523516,2.593,2.91939
-1.21756,0.51968,2.574,2.89448
-1.2092,0.51968,2.574,2.89097
-1.20085,0.51968,2.574,2.88749
-1.18369,0.515844,2.555,2.86273
-1.1754,0.515844,2.555,2.85931
-1.15843,0.512008,2.536,2.83468
-1.1502,0.512008,2.536,2.83132
-1.13341,0.508171,2.517,2.8068
-1.12524,0.508171,2.517,2.80351
-1.11707,0.508171,2.517,2.80025
-1.10097,0.504537,2.499,2.77699
-1.09286,0.504537,2.499,2.77379
-1.07693,0.500903,2.481,2.75065
-1.06888,0.500903,2.481,2.7475
-1.06083,0.500903,2.481,2.74438
-1.04514,0.497269,2.463,2.72139
-1.03714,0.497269,2.463,2.71833
-1.02915,0.497269,2.463,2.71529
-1.01369,0.493635,2.445,2.69245
-1.00576,0.493635,2.445,2.68947
-0.997821,0.493635,2.445,2.68651
-0.989885,0.493635,2.445,2.68357
-0.981949,0.493635,2.445,2.68066
-0.974013,0.493635,2.445,2.67776
-0.966077,0.493635,2.445,2.67488
-0.958141,0.493635,2.445,2.67203
-0.950205,0.493635,2.445,2.66919
-0.94227,0.493635,2.445,2.66638
-0.934334,0.493635,2.445,2.66358
-0.926398,0.493635,2.445,2.66081
-0.918462,0.493635,2.445,2.65806
-0.910526,0.493635,2.445,2.65533
-0.90259,0.493635,2.445,2.65262
-0.901241,0.497269,2.463,2.66943
-0.893246,0.497269,2.463,2.66675
-0.885252,0.497269,2.463,2.66408
-0.877258,0.497269,2.463,2.66143
-0.875616,0.500903,2.481,2.67824
-0.867564,0.500903,2.481,2.67562
-0.859511,0.500903,2.481,2.67302
-0.851458,0.500903,2.481,2.67044
-0.843405,0.500903,2.481,2.66788
-0.841413,0.504537,2.499,2.68469
-0.833302,0.504537,2.499,2.68215
-0.825191,0.504537,2.499,2.67965
-0.81708,0.504537,2.499,2.67716
-0.808969,0.504537,2.499,2.67469
-0.800858,0.504537,2.499,2.67225
-0.792747,0.504537,2.499,2.66983
-0.784635,0.504537,2.499,2.66744
-0.776524,0.504537,2.499,2.66506
-0.768413,0.504537,2.499,2.66271
-0.760302,0.504537,2.499,2.66038
-0.752191,0.504537,2.499,2.65807
-0.749439,0.508171,2.517,2.67492
-0.74127,0.508171,2.517,2.67264
-0.727858,0.504537,2.499,2.65129
-0.719746,0.504537,2.499,2.64907
-0.711635,0.504537,2.499,2.64688
-0.708592,0.508171,2.517,2.66376
-0.700422,0.508171,2.517,2.6616
-0.692252,0.508171,2.517,2.65946
-0.684083,0.508171,2.517,2.65735
-0.675913,0.508171,2.517,2.65526
-0.667744,0.508171,2.517,2.65319
-0.659574,0.508171,2.517,2.65114
-0.651405,0.508171,2.517,2.64912
-0.643235,0.508171,2.517,2.64713
-0.635065,0.508171,2.517,2.64515
-0.626896,0.508171,2.517,2.6432
-0.618726,0.508171,2.517,2.64128
-0.610557,0.508171,2.517,2.63938
-0.602387,0.508171,2.517,2.6375
-0.594218,0.508171,2.517,2.63564
-0.586048,0.508171,2.517,2.63381
-0.577879,0.508171,2.517,2.63201
-0.569709,0.508171,2.517,2.63023
-0.561539,0.508171,2.517,2.62847
-0.55337,0.508171,2.517,2.62674
-0.5452,0.508171,2.517,2.62503
-0.537031,0.508171,2.517,2.62334
-0.528861,0.508171,2.517,2.62168
-0.520692,0.508171,2.517,2.62005
-0.512522,0.508171,2.517,2.61844
-0.504353,0.508171,2.517,2.61685
-0.496183,0.508171,2.517,2.61529
-0.491697,0.512008,2.536,2.63348
-0.483466,0.512008,2.536,2.63195
-0.475235,0.512008,2.536,2.63046
-0.467004,0.512008,2.536,2.62898
-0.46221,0.515844,2.555,2.64722
-0.453917,0.515844,2.555,2.64578
-0.445624,0.515844,2.555,2.64437
-0.437331,0.515844,2.555,2.64299
-0.429038,0.515844,2.555,2.64163
-0.420745,0.515844,2.555,2.64029
-0.412452,0.515844,2.555,2.63898
-0.401154,0.512008,2.536,2.61809
-0.392923,0.512008,2.536,2.61684
-0.381809,0.508171,2.517,2.59602
-0.37364,0.508171,2.517,2.59483
-0.36547,0.508171,2.517,2.59366
-0.354745,0.504537,2.499,2.57399
-0.346634,0.504537,2.499,2.57288
-0.338523,0.504537,2.499,2.5718
-0.328032,0.500903,2.481,2.55223
-0.319979,0.500903,2.481,2.55121
-0.309664,0.497269,2.463,2.53171
-0.301669,0.497269,2.463,2.53074
-0.293675,0.497269,2.463,2.5298
-0.285681,0.497269,2.463,2.52888
-0.277686,0.497269,2.463,2.52799
-0.269692,0.497269,2.463,2.52713
-0.261698,0.497269,2.463,2.52629
-0.253704,0.497269,2.463,2.52547
-0.245709,0.497269,2.463,2.52468
-0.237715,0.497269,2.463,2.52392
-0.229721,0.497269,2.463,2.52318
-0.223347,0.500903,2.481,2.5409
-0.215294,0.500903,2.481,2.5402
-0.207241,0.500903,2.481,2.53953
-0.199189,0.500903,2.481,2.53889
-0.192523,0.504537,2.499,2.55668
-0.184412,0.504537,2.499,2.55608
-0.1763,0.504537,2.499,2.55551
-0.168189,0.504537,2.499,2.55497
-0.160078,0.504537,2.499,2.55444
-0.151967,0.504537,2.499,2.55395
-0.144892,0.508171,2.517,2.57187
-0.136723,0.508171,2.517,2.57142
-0.128553,0.508171,2.517,2.571
-0.120383,0.508171,2.517,2.57061
-0.113061,0.512008,2.536,2.58964
-0.10483,0.512008,2.536,2.58929
-0.0965985,0.512008,2.536,2.58897
-0.0883672,0.512008,2.536,2.58868
-0.080136,0.512008,2.536,2.58841
-0.0719048,0.512008,2.536,2.58817
-0.0636736,0.512008,2.536,2.58795
-0.0554423,0.512008,2.536,2.58776
-0.0472111,0.512008,2.536,2.5876
-0.0389799,0.512008,2.536,2.58746
-0.0307487,0.512008,2.536,2.58735
-0.0225174,0.512008,2.536,2.58727
-0.0142862,0.512008,2.536,2.58721
-0.00605498,0.512008,2.536,2.58718
0.00217625,0.512008,2.536,2.58717
0.0104075,0.512008,2.536,2.58719
0.0186387,0.512008,2.536,2.58724
0.0268699,0.512008,2.536,2.58731
0.0351011,0.512008,2.536,2.58741
0.0433324,0.512008,2.536,2.58753
0.0515636,0.512008,2.536,2.58768
0.0593468,0.508171,2.517,2.56847
0.0675164,0.508171,2.517,2.56867
0.075686,0.508171,2.517,2.5689
0.0832558,0.504537,2.499,2.55078
0.091367,0.504537,2.499,2.55106
0.0994781,0.504537,2.499,2.55136
0.107589,0.504537,2.499,2.55169
0.1157,0.504537,2.499,2.55205
0.123811,0.504537,2.499,2.55243
0.131923,0.504537,2.499,2.55283
0.140034,0.504537,2.499,2.55327
0.148145,0.504537,2.499,2.55372
0.156256,0.504537,2.499,2.55421
0.164367,0.504537,2.499,2.55472
0.172478,0.504537,2.499,2.55525
0.180589,0.504537,2.499,2.55581
0.188701,0.504537,2.499,2.5564
0.196812,0.504537,2.499,2.55701
0.204923,0.504537,2.499,2.55765
0.213034,0.504537,2.499,2.55831
0.221145,0.504537,2.499,2.559
0.229256,0.504537,2.499,2.55971
0.237367,0.504537,2.499,2.56045
0.245479,0.504537,2.499,2.56121
0.25359,0.504537,2.499,2.562
0.261701,0.504537,2.499,2.56282
0.269812,0.504537,2.499,2.56366
0.277923,0.504537,2.499,2.56453
0.286034,0.504537,2.499,2.56542
0.294145,0.504537,2.499,2.56634
0.302256,0.504537,2.499,2.56728
0.308132,0.500903,2.481,2.54975
0.316185,0.500903,2.481,2.55073
0.324237,0.500903,2.481,2.55174
0.33229,0.500903,2.481,2.55278
0.340343,0.500903,2.481,2.55384
0.348396,0.500903,2.481,2.55493
0.356448,0.500903,2.481,2.55604
0.364501,0.500903,2.481,2.55717
0.369851,0.497269,2.463,2.53977
0.377845,0.497269,2.463,2.54095
0.385839,0.497269,2.463,2.54215
0.393834,0.497269,2.463,2.54337
0.401828,0.497269,2.463,2.54462
0.406827,0.493635,2.445,2.52729
0.414763,0.493635,2.445,2.52858
0.422699,0.493635,2.445,2.5299
0.427641,0.490203,2.428,2.51363
0.435521,0.490203,2.428,2.51499
0.443402,0.490203,2.428,2.51636
0.448123,0.486771,2.411,2.50014
0.455948,0.486771,2.411,2.50155
0.463774,0.486771,2.411,2.50299
0.468274,0.483338,2.394,2.48679
0.476045,0.483338,2.394,2.48827
0.483815,0.483338,2.394,2.48976
0.491585,0.483338,2.394,2.49129
0.49581,0.479906,2.377,2.47513
0.503525,0.479906,2.377,2.47669
0.51124,0.479906,2.377,2.47827
0.518955,0.479906,2.377,2.47987
0.52667,0.479906,2.377,2.4815
0.534385,0.479906,2.377,2.48314
0.5421,0.479906,2.377,2.48482
0.549816,0.479906,2.377,2.48651
0.557531,0.479906,2.377,2.48823
0.565246,0.479906,2.377,2.48997
0.572961,0.479906,2.377,2.49173
0.580676,0.479906,2.377,2.49352
0.588391,0.479906,2.377,2.49532
0.596106,0.479906,2.377,2.49715
0.603822,0.479906,2.377,2.49901
0.611537,0.479906,2.377,2.50088
0.619252,0.479906,2.377,2.50278
0.626967,0.479906,2.377,2.5047
0.634682,0.479906,2.377,2.50664
0.638073,0.476676,2.361,2.49172
0.645737,0.476676,2.361,2.4937
0.6534,0.476676,2.361,2.49569
0.661063,0.476676,2.361,2.49771
0.668726,0.476676,2.361,2.49975
0.676389,0.476676,2.361,2.50181
0.679417,0.473445,2.345,2.48692
0.687028,0.473445,2.345,2.48901
0.69464,0.473445,2.345,2.49112
0.702251,0.473445,2.345,2.49326
0.705019,0.470215,2.329,2.47839
0.712578,0.470215,2.329,2.48055
0.720137,0.470215,2.329,2.48273
0.722698,0.466985,2.313,2.46786
0.730205,0.466985,2.313,2.47007
0.732928,0.463956,2.298,2.45627
0.735232,0.460726,2.282,2.44138
0.742639,0.460726,2.282,2.44363
0.745115,0.457698,2.267,2.42981
0.747495,0.454669,2.252,2.41598
0.754804,0.454669,2.252,2.41826
0.762114,0.454669,2.252,2.42055
0.764298,0.451641,2.237,2.40672
0.76673,0.448814,2.223,2.39396
0.773945,0.448814,2.223,2.39628
0.781161,0.448814,2.223,2.39862
0.788376,0.448814,2.223,2.40098
0.795591,0.448814,2.223,2.40336
0.802807,0.448814,2.223,2.40576
0.810022,0.448814,2.223,2.40817
0.822384,0.451641,2.237,2.42579
0.829645,0.451641,2.237,2.42826
0.842517,0.454669,2.252,2.44705
0.855487,0.457698,2.267,2.46589
0.862845,0.457698,2.267,2.46846
0.870203,0.457698,2.267,2.47104
0.883368,0.460726,2.282,2.49001
0.897021,0.463956,2.298,2.51012
0.904479,0.463956,2.298,2.5128
0.917891,0.466985,2.313,2.53191
0.925398,0.466985,2.313,2.53464
0.932905,0.466985,2.313,2.53739
0.940413,0.466985,2.313,2.54016
0.94792,0.466985,2.313,2.54295
0.955428,0.466985,2.313,2.54576
0.962935,0.466985,2.313,2.54859
0.970443,0.466985,2.313,2.55143
0.97795,0.466985,2.313,2.5543
0.985457,0.466985,2.313,2.55718
0.992965,0.466985,2.313,2.56008
1.00047,0.466985,2.313,2.563
1.00798,0.466985,2.313,2.56594
1.02251,0.470215,2.329,2.58667
1.03007,0.470215,2.329,2.58967
1.03763,0.470215,2.329,2.59269
1.05237,0.473445,2.345,2.61355
1.05998,0.473445,2.345,2.61663
1.06759,0.473445,2.345,2.61972
1.0752,0.473445,2.345,2.62283
1.0902,0.476676,2.361,2.64388
1.09787,0.476676,2.361,2.64705
1.10553,0.476676,2.361,2.65023
1.12074,0.479906,2.377,2.67142
1.13652,0.483338,2.394,2.6938
1.14429,0.483338,2.394,2.69708
1.15206,0.483338,2.394,2.70039
1.16807,0.486771,2.411,2.72291
1.1759,0.486771,2.411,2.72628
1.18372,0.486771,2.411,2.72966
1.19995,0.490203,2.428,2.75234
1.20783,0.490203,2.428,2.75578
1.21571,0.490203,2.428,2.75924
1.23216,0.493635,2.445,2.78207
1.24009,0.493635,2.445,2.78559
1.24803,0.493635,2.445,2.78914
1.25596,0.493635,2.445,2.7927
1.2639,0.493635,2.445,2.79627
1.27184,0.493635,2.445,2.79987
1.27977,0.493635,2.445,2.80348
1.28771,0.493635,2.445,2.80711
1.29564,0.493635,2.445,2.81076
1.31318,0.497269,2.463,2.83515
1.32117,0.497269,2.463,2.83886
1.32917,0.497269,2.463,2.84259
1.33716,0.497269,2.463,2.84634
1.34515,0.497269,2.463,2.8501
1.35315,0.497269,2.463,2.85388
1.36114,0.497269,2.463,2.85768
1.36914,0.497269,2.463,2.8615
1.3872,0.500903,2.481,2.88627
1.39525,0.500903,2.481,2.89015
1.4033,0.500903,2.481,2.89405
1.42159,0.504537,2.499,2.91899
1.4297,0.504537,2.499,2.92295
1.43782,0.504537,2.499,2.92692
1.44593,0.504537,2.499,2.93091
1.45404,0.504537,2.499,2.93493
1.46215,0.504537,2.499,2.93895
1.48085,0.508171,2.517,2.96419
1.48902,0.508171,2.517,2.96828
1.49719,0.508171,2.517,2.97239
1.51672,0.512008,2.536,2.99898
1.52495,0.512008,2.536,3.00315
1.53318,0.512008,2.536,3.00734
1.54142,0.512008,2.536,3.01155
1.54965,0.512008,2.536,3.01577
1.55788,0.512008,2.536,3.02001
1.55438,0.508171,2.517,3.0016
1.56255,0.508171,2.517,3.00584
1.57071,0.508171,2.517,3.0101
1.57888,0.508171,2.517,3.01437
1.5757,0.504537,2.499,2.99707
1.58382,0.504537,2.499,3.00134
1.58046,0.500903,2.481,2.98398
1.57699,0.497269,2.463,2.96657
1.58498,0.497269,2.463,2.97083
1.58133,0.493635,2.445,2.95336
1.57822,0.490203,2.428,2.93705
1.5861,0.490203,2.428,2.94129
1.58282,0.486771,2.411,2.92493
1.56822,0.479906,2.377,2.88786
1.57593,0.479906,2.377,2.89206
1.58365,0.479906,2.377,2.89627
1.58065,0.476676,2.361,2.88097
1.58831,0.476676,2.361,2.88518
1.58516,0.473445,2.345,2.86983
1.57104,0.466985,2.313,2.83482
-1.6379,0.484337,2.361,2.91404
-1.63024,0.484337,2.361,2.90974
-1.61158,0.481055,2.345,2.88576
-1.60397,0.481055,2.345,2.88152
-1.59636,0.481055,2.345,2.87729
-1.58875,0.481055,2.345,2.87307
-1.58114,0.481055,2.345,2.86887
-1.57352,0.481055,2.345,2.86468
-1.5766,0.484337,2.361,2.88003
-1.56893,0.484337,2.361,2.87584
-1.56127,0.484337,2.361,2.87167
-1.55361,0.484337,2.361,2.86751
-1.54594,0.484337,2.361,2.86336
-1.54871,0.487619,2.377,2.87861
-1.54099,0.487619,2.377,2.87447
-1.53328,0.487619,2.377,2.87034
-1.52556,0.487619,2.377,2.86622
-1.51785,0.487619,2.377,2.86212
-1.52093,0.491106,2.394,2.87848
-1.51316,0.491106,2.394,2.87438
-1.50539,0.491106,2.394,2.8703
-1.49762,0.491106,2.394,2.86623
-1.50043,0.494594,2.411,2.8825
-1.4926,0.494594,2.411,2.87844
-1.48478,0.494594,2.411,2.87439
-1.48737,0.498081,2.428,2.89059
-1.48984,0.501569,2.445,2.90676
-1.4716,0.498081,2.428,2.88251
-1.46372,0.498081,2.428,2.8785
-1.45584,0.498081,2.428,2.8745
-1.44796,0.498081,2.428,2.87052
-1.44008,0.498081,2.428,2.86655
-1.4322,0.498081,2.428,2.8626
-1.41435,0.494594,2.411,2.83865
-1.40652,0.494594,2.411,2.83476
-1.3987,0.494594,2.411,2.83088
-1.39087,0.494594,2.411,2.82702
-1.38305,0.494594,2.411,2.82318
-1.36552,0.491106,2.394,2.79948
-1.35775,0.491106,2.394,2.7957
-1.34998,0.491106,2.394,2.79193
-1.35174,0.494594,2.411,2.80798
-1.35339,0.498081,2.428,2.82399
-1.34551,0.498081,2.428,2.82023
-1.35692,0.505261,2.463,2.85707
-1.35878,0.508954,2.481,2.87414
-1.37033,0.516339,2.517,2.91199
-1.36216,0.516339,2.517,2.90815
-1.37443,0.524134,2.555,2.94818
-1.37629,0.528032,2.574,2.96622
-1.36794,0.528032,2.574,2.96236
-1.38019,0.536032,2.613,3.00333
-1.3717,0.536032,2.613,2.99945
-1.37366,0.540135,2.633,3.0185
-1.36511,0.540135,2.633,3.01462
-1.35656,0.540135,2.633,3.01076
-1.34802,0.540135,2.633,3.00692
-1.3293,0.536032,2.613,2.98029
-1.32082,0.536032,2.613,2.97652
-1.31234,0.536032,2.613,2.97276
-1.30385,0.536032,2.613,2.96903
-1.28546,0.531929,2.593,2.94262
-1.27704,0.531929,2.593,2.93895
-1.25933,0.528032,2.574,2.9138
-1.25098,0.528032,2.574,2.91019
-1.24262,0.528032,2.574,2.90661
-1.23427,0.528032,2.574,2.90305
-1.22591,0.528032,2.574,2.89951
-1.20857,0.524134,2.555,2.87461
-1.20028,0.524134,2.555,2.87113
-1.19198,0.524134,2.555,2.86768
-1.17489,0.520236,2.536,2.84294
-1.16666,0.520236,2.536,2.83955
-1.15843,0.520236,2.536,2.83618
-1.14158,0.516339,2.517,2.8116
-1.13341,0.516339,2.517,2.80829
-1.12524,0.516339,2.517,2.80501
-1.10908,0.512646,2.499,2.7817
-1.10097,0.512646,2.499,2.77848
-1.09286,0.512646,2.499,2.77527
-1.07693,0.508954,2.481,2.75212
-1.06113,0.505261,2.463,2.72904
-1.05313,0.505261,2.463,2.72594
-1.04514,0.505261,2.463,2.72286
-1.03714,0.505261,2.463,2.7198
-1.02915,0.505261,2.463,2.71676
-1.01369,0.501569,2.445,2.69391
-1.00576,0.501569,2.445,2.69094
-0.997821,0.501569,2.445,2.68798
-0.989885,0.501569,2.445,2.68505
-0.981949,0.501569,2.445,2.68213
-0.974013,0.501569,2.445,2.67923
-0.966077,0.501569,2.445,2.67636
-0.958141,0.501569,2.445,2.67351
-0.950205,0.501569,2.445,2.67067
-0.94227,0.501569,2.445,2.66786
-0.934334,0.501569,2.445,2.66507
-0.926398,0.501569,2.445,2.66229
-0.918462,0.501569,2.445,2.65954
-0.910526,0.501569,2.445,2.65681
-0.909235,0.505261,2.463,2.67364
-0.901241,0.505261,2.463,2.67093
-0.893246,0.505261,2.463,2.66825
-0.885252,0.505261,2.463,2.66558
-0.883669,0.508954,2.481,2.6824
-0.875616,0.508954,2.481,2.67976
-0.867564,0.508954,2.481,2.67714
-0.859511,0.508954,2.481,2.67454
-0.857636,0.512646,2.499,2.69135
-0.849525,0.512646,2.499,2.68877
-0.841413,0.512646,2.499,2.68622
-0.833302,0.512646,2.499,2.68369
-0.825191,0.512646,2.499,2.68118
-0.81708,0.512646,2.499,2.6787
-0.808969,0.512646,2.499,2.67624
-0.800858,0.512646,2.499,2.6738
-0.792747,0.512646,2.499,2.67138
-0.790287,0.516339,2.517,2.68821
-0.782118,0.516339,2.517,2.68582
-0.773948,0.516339,2.517,2.68345
-0.765778,0.516339,2.517,2.6811
-0.757609,0.516339,2.517,2.67878
-0.749439,0.516339,2.517,2.67648
-0.74127,0.516339,2.517,2.67421
-0.7331,0.516339,2.517,2.67195
-0.724931,0.516339,2.517,2.66972
-0.716761,0.516339,2.517,2.66752
-0.708592,0.516339,2.517,2.66533
-0.700422,0.516339,2.517,2.66317
-0.692252,0.516339,2.517,2.66104
-0.684083,0.516339,2.517,2.65892
-0.675913,0.516339,2.517,2.65683
-0.667744,0.516339,2.517,2.65476
-0.659574,0.516339,2.517,2.65272
-0.651405,0.516339,2.517,2.6507
-0.648091,0.520236,2.536,2.6687
-0.635065,0.516339,2.517,2.64673
-0.626896,0.516339,2.517,2.64479
-0.618726,0.516339,2.517,2.64286
-0.610557,0.516339,2.517,2.64096
-0.602387,0.516339,2.517,2.63908
-0.594218,0.516339,2.517,2.63723
-0.586048,0.516339,2.517,2.6354
-0.577879,0.516339,2.517,2.6336
-0.569709,0.516339,2.517,2.63182
-0.561539,0.516339,2.517,2.63006
-0.55337,0.516339,2.517,2.62833
-0.5452,0.516339,2.517,2.62662
-0.537031,0.516339,2.517,2.62494
-0.528861,0.516339,2.517,2.62328
-0.524622,0.520236,2.536,2.64143
-0.516391,0.520236,2.536,2.63981
-0.50816,0.520236,2.536,2.63821
-0.499929,0.520236,2.536,2.63664
-0.491697,0.520236,2.536,2.63509
-0.483466,0.520236,2.536,2.63357
-0.475235,0.520236,2.536,2.63207
-0.470502,0.524134,2.555,2.6503
-0.46221,0.524134,2.555,2.64884
-0.453917,0.524134,2.555,2.64741
-0.445624,0.524134,2.555,2.646
-0.437331,0.524134,2.555,2.64462
-0.429038,0.524134,2.555,2.64326
-0.420745,0.524134,2.555,2.64193
-0.412452,0.524134,2.555,2.64062
-0.401154,0.520236,2.536,2.61971
-0.392923,0.520236,2.536,2.61846
-0.381809,0.516339,2.517,2.59763
-0.37364,0.516339,2.517,2.59644
-0.36547,0.516339,2.517,2.59528
-0.354745,0.512646,2.499,2.57559
-0.346634,0.512646,2.499,2.57448
-0.338523,0.512646,2.499,2.5734
-0.328032,0.508954,2.481,2.55382
-0.319979,0.508954,2.481,2.5528
-0.309664,0.505261,2.463,2.53329
-0.301669,0.505261,2.463,2.53232
-0.293675,0.505261,2.463,2.53138
-0.285681,0.505261,2.463,2.53047
-0.277686,0.505261,2.463,2.52958
-0.269692,0.505261,2.463,2.52871
-0.261698,0.505261,2.463,2.52787
-0.253704,0.505261,2.463,2.52706
-0.245709,0.505261,2.463,2.52627
-0.237715,0.505261,2.463,2.5255
-0.229721,0.505261,2.463,2.52476
-0.223347,0.508954,2.481,2.54249
-0.215294,0.508954,2.481,2.5418
-0.207241,0.508954,2.481,2.54113
-0.199189,0.508954,2.481,2.54049
-0.192523,0.512646,2.499,2.55829
-0.184412,0.512646,2.499,2.5577
-0.1763,0.512646,2.499,2.55713
-0.168189,0.512646,2.499,2.55658
-0.160078,0.512646,2.499,2.55606
-0.151967,0.512646,2.499,2.55556
-0.144892,0.516339,2.517,2.5735
-0.136723,0.516339,2.517,2.57305
-0.128553,0.516339,2.517,2.57263
-0.120383,0.516339,2.517,2.57223
-0.113061,0.520236,2.536,2.59128
-0.10483,0.520236,2.536,2.59093
-0.0965985,0.520236,2.536,2.59061
-0.0883672,0.520236,2.536,2.59032
-0.080136,0.520236,2.536,2.59005
-0.0719048,0.520236,2.536,2.58981
-0.0636736,0.520236,2.536,2.58959
-0.0558577,0.524134,2.555,2.6088
-0.0475648,0.524134,2.555,2.60864
-0.0392719,0.524134,2.555,2.6085
-0.030979,0.524134,2.555,2.60839
-0.0226861,0.524134,2.555,2.60831
-0.0143932,0.524134,2.555,2.60825
-0.00610034,0.524134,2.555,2.60821
0.00217625,0.520236,2.536,2.58881
0.0104075,0.520236,2.536,2.58883
0.0186387,0.520236,2.536,2.58888
0.0268699,0.520236,2.536,2.58895
0.0351011,0.520236,2.536,2.58905
0.0433324,0.520236,2.536,2.58917
0.0515636,0.520236,2.536,2.58932
0.0593468,0.516339,2.517,2.5701
0.0675164,0.516339,2.517,2.5703
0.075686,0.516339,2.517,2.57053
0.0832558,0.512646,2.499,2.5524
0.091367,0.512646,2.499,2.55268
0.0994781,0.512646,2.499,2.55298
0.107589,0.512646,2.499,2.55331
0.1157,0.512646,2.499,2.55366
0.123811,0.512646,2.499,2.55404
0.131923,0.512646,2.499,2.55445
0.140034,0.512646,2.499,2.55488
0.148145,0.512646,2.499,2.55534
0.156256,0.512646,2.499,2.55582
0.163183,0.508954,2.481,2.53792
0.171236,0.508954,2.481,2.53845
0.179289,0.508954,2.481,2.539
0.187341,0.508954,2.481,2.53959
0.195394,0.508954,2.481,2.54019
0.204923,0.512646,2.499,2.55926
0.213034,0.512646,2.499,2.55992
0.221145,0.512646,2.499,2.56061
0.229256,0.512646,2.499,2.56132
0.237367,0.512646,2.499,2.56206
0.245479,0.512646,2.499,2.56282
0.25359,0.512646,2.499,2.56361
0.261701,0.512646,2.499,2.56443
0.269812,0.512646,2.499,2.56527
0.277923,0.512646,2.499,2.56613
0.286034,0.512646,2.499,2.56703
0.294145,0.512646,2.499,2.56794
0.302256,0.512646,2.499,2.56888
0.308132,0.508954,2.481,2.55134
0.316185,0.508954,2.481,2.55233
0.324237,0.508954,2.481,2.55334
0.33229,0.508954,2.481,2.55437
0.340343,0.508954,2.481,2.55543
0.348396,0.508954,2.481,2.55652
0.356448,0.508954,2.481,2.55763
0.364501,0.508954,2.481,2.55876
0.369851,0.505261,2.463,2.54135
0.377845,0.505261,2.463,2.54252
0.385839,0.505261,2.463,2.54372
0.393834,0.505261,2.463,2.54495
0.401828,0.505261,2.463,2.5462
0.406827,0.501569,2.445,2.52885
0.414763,0.501569,2.445,2.53014
0.422699,0.501569,2.445,2.53146
0.427641,0.498081,2.428,2.51518
0.435521,0.498081,2.428,2.51654
0.443402,0.498081,2.428,2.51791
0.448123,0.494594,2.411,2.50167
0.455948,0.494594,2.411,2.50308
0.460504,0.491106,2.394,2.48686
0.468274,0.491106,2.394,2.48831
0.476045,0.491106,2.394,2.48979
0.483815,0.491106,2.394,2.49128
0.488094,0.487619,2.377,2.4751
0.49581,0.487619,2.377,2.47664
0.503525,0.487619,2.377,2.47819
0.51124,0.487619,2.377,2.47977
0.518955,0.487619,2.377,2.48137
0.52667,0.487619,2.377,2.483
0.534385,0.487619,2.377,2.48465
0.5421,0.487619,2.377,2.48632
0.549816,0.487619,2.377,2.48801
0.557531,0.487619,2.377,2.48973
0.565246,0.487619,2.377,2.49147
0.572961,0.487619,2.377,2.49323
0.580676,0.487619,2.377,2.49501
0.588391,0.487619,2.377,2.49682
0.596106,0.487619,2.377,2.49865
0.603822,0.487619,2.377,2.5005
0.611537,0.487619,2.377,2.50237
0.619252,0.487619,2.377,2.50427
0.626967,0.487619,2.377,2.50619
0.63041,0.484337,2.361,2.49125
0.638073,0.484337,2.361,2.4932
0.645737,0.484337,2.361,2.49517
0.6534,0.484337,2.361,2.49717
0.661063,0.484337,2.361,2.49918
0.668726,0.484337,2.361,2.50122
0.671806,0.481055,2.345,2.48631
0.679417,0.481055,2.345,2.48838
0.682341,0.477772,2.329,2.47348
0.6899,0.477772,2.329,2.47557
0.697459,0.477772,2.329,2.47769
0.700175,0.47449,2.313,2.46279
0.707683,0.47449,2.313,2.46494
0.71519,0.47449,2.313,2.46711
0.718011,0.471413,2.298,2.45328
0.72547,0.471413,2.298,2.45547
0.727825,0.468131,2.282,2.44057
0.730399,0.465054,2.267,2.42674
0.737757,0.465054,2.267,2.42896
0.740185,0.461976,2.252,2.41512
0.742516,0.458899,2.237,2.40127
0.749777,0.458899,2.237,2.40352
0.757037,0.458899,2.237,2.4058
0.759515,0.456027,2.223,2.39302
0.76673,0.456027,2.223,2.39532
0.773945,0.456027,2.223,2.39764
0.781161,0.456027,2.223,2.39998
0.788376,0.456027,2.223,2.40234
0.795591,0.456027,2.223,2.40472
0.802807,0.456027,2.223,2.40711
0.810022,0.456027,2.223,2.40953
0.822384,0.458899,2.237,2.42715
0.829645,0.458899,2.237,2.42962
0.842517,0.461976,2.252,2.44842
0.855487,0.465054,2.267,2.46727
0.862845,0.465054,2.267,2.46983
0.870203,0.465054,2.267,2.47241
0.883368,0.468131,2.282,2.49139
0.897021,0.471413,2.298,2.51151
0.904479,0.471413,2.298,2.51418
0.917891,0.47449,2.313,2.5333
0.925398,0.47449,2.313,2.53603
0.932905,0.47449,2.313,2.53878
0.940413,0.47449,2.313,2.54155
0.94792,0.47449,2.313,2.54434
0.955428,0.47449,2.313,2.54715
0.962935,0.47449,2.313,2.54997
0.970443,0.47449,2.313,2.55282
0.97795,0.47449,2.313,2.55568
0.985457,0.47449,2.313,2.55856
0.992965,0.47449,2.313,2.56146
1.00047,0.47449,2.313,2.56438
1.00798,0.47449,2.313,2.56732
1.02251,0.477772,2.329,2.58806
1.03007,0.477772,2.329,2.59105
1.03763,0.477772,2.329,2.59407
1.05237,0.481055,2.345,2.61494
1.05998,0.481055,2.345,2.61801
1.06759,0.481055,2.345,2.62111
1.0752,0.481055,2.345,2.62421
1.0902,0.484337,2.361,2.64527
1.09787,0.484337,2.361,2.64844
1.10553,0.484337,2.361,2.65162
1.12074,0.487619,2.377,2.67282
1.13652,0.491106,2.394,2.6952
1.14429,0.491106,2.394,2.69849
1.15206,0.491106,2.394,2.70179
1.16807,0.494594,2.411,2.72432
1.1759,0.494594,2.411,2.72769
1.19207,0.498081,2.428,2.75033
1.19995,0.498081,2.428,2.75375
1.20783,0.498081,2.428,2.75719
1.22422,0.501569,2.445,2.77998
1.23216,0.501569,2.445,2.78349
1.24922,0.505261,2.463,2.80753
1.25722,0.505261,2.463,2.81109
1.26521,0.505261,2.463,2.81468
1.27321,0.505261,2.463,2.81828
1.2812,0.505261,2.463,2.8219
1.28919,0.505261,2.463,2.82554
1.29719,0.505261,2.463,2.8292
1.30518,0.505261,2.463,2.83287
1.31318,0.505261,2.463,2.83656
1.33083,0.508954,2.481,2.86103
1.33888,0.508954,2.481,2.86478
1.34693,0.508954,2.481,2.86856
1.34515,0.505261,2.463,2.85151
1.35315,0.505261,2.463,2.85529
1.36114,0.505261,2.463,2.85908
1.36914,0.505261,2.463,2.8629
1.3872,0.508954,2.481,2.88768
1.39525,0.508954,2.481,2.89156
1.4033,0.508954,2.481,2.89545
1.41135,0.508954,2.481,2.89936
1.41941,0.508954,2.481,2.90329
1.42746,0.508954,2.481,2.90724
1.43551,0.508954,2.481,2.9112
1.45404,0.512646,2.499,2.93633
1.46215,0.512646,2.499,2.94035
1.47026,0.512646,2.499,2.9444
1.47837,0.512646,2.499,2.94846
1.48648,0.512646,2.499,2.95253
1.49459,0.512646,2.499,2.95662
1.5027,0.512646,2.499,2.96073
1.51082,0.512646,2.499,2.96486
1.51893,0.512646,2.499,2.969
1.53804,0.516339,2.517,2.99457
1.53515,0.512646,2.499,2.97733
1.54326,0.512646,2.499,2.98152
1.55137,0.512646,2.499,2.98573
1.55948,0.512646,2.499,2.98995
1.5563,0.508954,2.481,2.97262
1.56435,0.508954,2.481,2.97684
1.57241,0.508954,2.481,2.98108
1.56899,0.505261,2.463,2.96368
1.56546,0.501569,2.445,2.94623
1.5734,0.501569,2.445,2.95045
1.58133,0.501569,2.445,2.95469
1.56717,0.494594,2.411,2.9178
1.575,0.494594,2.411,2.92201
1.57166,0.491106,2.394,2.9056
1.56822,0.487619,2.377,2.88915
1.57593,0.487619,2.377,2.89335
1.57299,0.484337,2.361,2.87805
1.58065,0.484337,2.361,2.88225
1.58831,0.484337,2.361,2.88646
1.57434,0.477772,2.329,2.8515
1.57104,0.47449,2.313,2.83607
-1.6379,0.491998,2.361,2.91532
-1.63024,0.491998,2.361,2.91102
-1.61158,0.488664,2.345,2.88704
-1.60397,0.488664,2.345,2.8828
-1.59636,0.488664,2.345,2.87857
-1.58875,0.488664,2.345,2.87436
-1.58114,0.488664,2.345,2.87016
-1.57352,0.488664,2.345,2.86597
-1.5766,0.491998,2.361,2.88133
-1.56893,0.491998,2.361,2.87714
-1.56127,0.491998,2.361,2.87297
-1.55361,0.491998,2.361,2.86881
-1.54594,0.491998,2.361,2.86467
-1.54871,0.495332,2.377,2.87993
-1.54099,0.495332,2.377,2.87578
-1.53328,0.495332,2.377,2.87166
-1.52556,0.495332,2.377,2.86755
-1.51785,0.495332,2.377,2.86345
-1.52093,0.498875,2.394,2.87982
-1.51316,0.498875,2.394,2.87572
-1.50539,0.498875,2.394,2.87164
-1.49762,0.498875,2.394,2.86757
-1.50043,0.502417,2.411,2.88386
-1.4926,0.502417,2.411,2.87979
-1.48478,0.502417,2.411,2.87574
-1.48737,0.50596,2.428,2.89196
-1.48984,0.509502,2.445,2.90814
-1.4716,0.50596,2.428,2.88389
-1.46372,0.50596,2.428,2.87987
-1.45584,0.50596,2.428,2.87588
-1.44796,0.50596,2.428,2.87189
-1.44008,0.50596,2.428,2.86793
-1.4322,0.50596,2.428,2.86398
-1.41435,0.502417,2.411,2.84002
-1.40652,0.502417,2.411,2.83613
-1.3987,0.502417,2.411,2.83226
-1.39087,0.502417,2.411,2.8284
-1.38305,0.502417,2.411,2.82456
-1.36552,0.498875,2.394,2.80085
-1.35775,0.498875,2.394,2.79707
-1.34998,0.498875,2.394,2.79331
-1.35174,0.502417,2.411,2.80937
-1.35339,0.50596,2.428,2.82539
-1.34551,0.50596,2.428,2.82163
-1.35692,0.513253,2.463,2.8585
-1.35878,0.517004,2.481,2.87558
-1.37033,0.524506,2.517,2.91345
-1.36216,0.524506,2.517,2.90962
-1.37443,0.532425,2.555,2.94967
-1.38645,0.540343,2.593,2.98963
-1.37804,0.540343,2.593,2.98573
-1.38019,0.544511,2.613,3.00486
-1.3822,0.548679,2.633,3.02394
-1.37366,0.548679,2.633,3.02004
-1.36511,0.548679,2.633,3.01617
-1.35656,0.548679,2.633,3.01231
-1.34802,0.548679,2.633,3.00847
-1.3293,0.544511,2.613,2.98183
-1.31071,0.540343,2.593,2.95526
-1.30229,0.540343,2.593,2.95154
-1.29387,0.540343,2.593,2.94784
-1.27604,0.536384,2.574,2.92258
-1.26769,0.536384,2.574,2.91894
-1.25933,0.536384,2.574,2.91532
-1.25098,0.536384,2.574,2.91172
-1.23345,0.532425,2.555,2.88668
-1.22516,0.532425,2.555,2.88314
-1.21686,0.532425,2.555,2.87963
-1.20857,0.532425,2.555,2.87613
-1.20028,0.532425,2.555,2.87266
-1.18312,0.528465,2.536,2.84787
-1.17489,0.528465,2.536,2.84446
-1.16666,0.528465,2.536,2.84107
-1.15843,0.528465,2.536,2.8377
-1.14158,0.524506,2.517,2.81311
-1.1253,0.520755,2.499,2.78971
-1.11719,0.520755,2.499,2.78645
-1.10908,0.520755,2.499,2.78321
-1.09304,0.517004,2.481,2.75996
-1.08499,0.517004,2.481,2.75678
-1.07693,0.517004,2.481,2.75362
-1.06113,0.513253,2.463,2.73053
-1.05313,0.513253,2.463,2.72743
-1.04514,0.513253,2.463,2.72436
-1.03714,0.513253,2.463,2.7213
-1.02915,0.513253,2.463,2.71826
-1.02116,0.513253,2.463,2.71525
-1.00576,0.509502,2.445,2.69243
-0.997821,0.509502,2.445,2.68947
-0.989885,0.509502,2.445,2.68654
-0.981949,0.509502,2.445,2.68362
-0.981184,0.513253,2.463,2.70047
-0.973189,0.513253,2.463,2.69757
-0.965195,0.513253,2.463,2.6947
-0.957201,0.513253,2.463,2.69185
-0.949206,0.513253,2.463,2.68901
-0.941212,0.513253,2.463,2.6862
-0.933218,0.513253,2.463,2.68341
-0.925224,0.513253,2.463,2.68064
-0.917229,0.513253,2.463,2.67789
-0.909235,0.513253,2.463,2.67516
-0.907827,0.517004,2.481,2.69199
-0.899774,0.517004,2.481,2.68928
-0.891722,0.517004,2.481,2.6866
-0.883669,0.517004,2.481,2.68394
-0.881969,0.520755,2.499,2.70075
-0.873858,0.520755,2.499,2.69811
-0.865747,0.520755,2.499,2.6955
-0.857636,0.520755,2.499,2.6929
-0.849525,0.520755,2.499,2.69033
-0.841413,0.520755,2.499,2.68778
-0.839304,0.524506,2.517,2.70459
-0.831135,0.524506,2.517,2.70207
-0.822965,0.524506,2.517,2.69957
-0.814796,0.524506,2.517,2.69709
-0.806626,0.524506,2.517,2.69463
-0.798457,0.524506,2.517,2.6922
-0.790287,0.524506,2.517,2.68979
-0.782118,0.524506,2.517,2.6874
-0.773948,0.524506,2.517,2.68503
-0.765778,0.524506,2.517,2.68269
-0.757609,0.524506,2.517,2.68037
-0.749439,0.524506,2.517,2.67807
-0.74127,0.524506,2.517,2.67579
-0.7331,0.524506,2.517,2.67354
-0.724931,0.524506,2.517,2.67131
-0.716761,0.524506,2.517,2.66911
-0.708592,0.524506,2.517,2.66693
-0.700422,0.524506,2.517,2.66477
-0.692252,0.524506,2.517,2.66263
-0.684083,0.524506,2.517,2.66052
-0.675913,0.524506,2.517,2.65843
-0.667744,0.524506,2.517,2.65637
-0.659574,0.524506,2.517,2.65432
-0.651405,0.524506,2.517,2.65231
-0.648091,0.528465,2.536,2.67032
-0.639859,0.528465,2.536,2.66833
-0.631628,0.528465,2.536,2.66637
-0.623397,0.528465,2.536,2.66443
-0.615166,0.528465,2.536,2.66252
-0.606935,0.528465,2.536,2.66063
-0.598703,0.528465,2.536,2.65876
-0.586048,0.524506,2.517,2.63702
-0.577879,0.524506,2.517,2.63521
-0.569709,0.524506,2.517,2.63343
-0.561539,0.524506,2.517,2.63168
-0.55337,0.524506,2.517,2.62995
-0.549316,0.528465,2.536,2.64808
-0.541085,0.528465,2.536,2.64638
-0.532853,0.528465,2.536,2.64471
-0.524622,0.528465,2.536,2.64307
-0.516391,0.528465,2.536,2.64144
-0.50816,0.528465,2.536,2.63985
-0.499929,0.528465,2.536,2.63828
-0.491697,0.528465,2.536,2.63673
-0.487088,0.532425,2.555,2.65495
-0.478795,0.532425,2.555,2.65344
-0.470502,0.532425,2.555,2.65196
-0.46221,0.532425,2.555,2.6505
-0.453917,0.532425,2.555,2.64906
-0.445624,0.532425,2.555,2.64766
-0.437331,0.532425,2.555,2.64627
-0.429038,0.532425,2.555,2.64491
-0.420745,0.532425,2.555,2.64358
-0.412452,0.532425,2.555,2.64228
-0.401154,0.528465,2.536,2.62135
-0.392923,0.528465,2.536,2.62011
-0.381809,0.524506,2.517,2.59926
-0.37364,0.524506,2.517,2.59808
-0.36547,0.524506,2.517,2.59691
-0.354745,0.520755,2.499,2.57721
-0.346634,0.520755,2.499,2.57611
-0.338523,0.520755,2.499,2.57503
-0.328032,0.517004,2.481,2.55544
-0.319979,0.517004,2.481,2.55442
-0.309664,0.513253,2.463,2.53489
-0.301669,0.513253,2.463,2.53393
-0.293675,0.513253,2.463,2.53299
-0.285681,0.513253,2.463,2.53208
-0.277686,0.513253,2.463,2.53119
-0.269692,0.513253,2.463,2.53032
-0.261698,0.513253,2.463,2.52948
-0.253704,0.513253,2.463,2.52867
-0.245709,0.513253,2.463,2.52788
-0.237715,0.513253,2.463,2.52711
-0.229721,0.513253,2.463,2.52637
-0.223347,0.517004,2.481,2.54412
-0.215294,0.517004,2.481,2.54342
-0.207241,0.517004,2.481,2.54276
-0.199189,0.517004,2.481,2.54211
-0.192523,0.520755,2.499,2.55993
-0.184412,0.520755,2.499,2.55933
-0.1763,0.520755,2.499,2.55876
-0.168189,0.520755,2.499,2.55822
-0.160078,0.520755,2.499,2.5577
-0.151967,0.520755,2.499,2.5572
-0.144892,0.524506,2.517,2.57515
-0.136723,0.524506,2.517,2.5747
-0.128553,0.524506,2.517,2.57428
-0.120383,0.524506,2.517,2.57389
-0.113061,0.528465,2.536,2.59294
-0.10483,0.528465,2.536,2.5926
-0.0965985,0.528465,2.536,2.59228
-0.0883672,0.528465,2.536,2.59198
-0.080136,0.528465,2.536,2.59172
-0.0719048,0.528465,2.536,2.59147
-0.0636736,0.528465,2.536,2.59126
-0.0558577,0.532425,2.555,2.61048
-0.0475648,0.532425,2.555,2.61032
-0.0392719,0.532425,2.555,2.61018
-0.030979,0.532425,2.555,2.61007
-0.0226861,0.532425,2.555,2.60998
-0.0143932,0.532425,2.555,2.60993
-0.00610034,0.532425,2.555,2.60989
0.00219255,0.532425,2.555,2.60989
0.0104854,0.532425,2.555,2.60991
0.0187783,0.532425,2.555,2.60995
0.0270712,0.532425,2.555,2.61003
0.0351011,0.528465,2.536,2.59071
0.0433324,0.528465,2.536,2.59084
0.0515636,0.528465,2.536,2.59099
0.0593468,0.524506,2.517,2.57175
0.0675164,0.524506,2.517,2.57196
0.075686,0.524506,2.517,2.57218
0.0838555,0.524506,2.517,2.57244
0.091367,0.520755,2.499,2.55432
0.0994781,0.520755,2.499,2.55462
0.107589,0.520755,2.499,2.55495
0.1157,0.520755,2.499,2.5553
0.123811,0.520755,2.499,2.55568
0.131923,0.520755,2.499,2.55609
0.140034,0.520755,2.499,2.55652
0.148145,0.520755,2.499,2.55698
0.156256,0.520755,2.499,2.55746
0.163183,0.517004,2.481,2.53954
0.171236,0.517004,2.481,2.54007
0.179289,0.517004,2.481,2.54063
0.187341,0.517004,2.481,2.54121
0.195394,0.517004,2.481,2.54182
0.204923,0.520755,2.499,2.56089
0.213034,0.520755,2.499,2.56156
0.221145,0.520755,2.499,2.56224
0.229256,0.520755,2.499,2.56296
0.237367,0.520755,2.499,2.56369
0.245479,0.520755,2.499,2.56446
0.25359,0.520755,2.499,2.56525
0.261701,0.520755,2.499,2.56606
0.269812,0.520755,2.499,2.5669
0.277923,0.520755,2.499,2.56777
0.286034,0.520755,2.499,2.56866
0.294145,0.520755,2.499,2.56957
0.302256,0.520755,2.499,2.57051
0.310368,0.520755,2.499,2.57148
0.318479,0.520755,2.499,2.57247
0.324237,0.517004,2.481,2.55495
0.33229,0.517004,2.481,2.55599
0.340343,0.517004,2.481,2.55705
0.348396,0.517004,2.481,2.55813
0.356448,0.517004,2.481,2.55924
0.364501,0.517004,2.481,2.56037
0.372554,0.517004,2.481,2.56153
0.377845,0.513253,2.463,2.54412
0.385839,0.513253,2.463,2.54532
0.393834,0.513253,2.463,2.54655
0.398891,0.509502,2.445,2.52918
0.406827,0.509502,2.445,2.53044
0.414763,0.509502,2.445,2.53173
0.422699,0.509502,2.445,2.53304
0.427641,0.50596,2.428,2.51676
0.435521,0.50596,2.428,2.51811
0.443402,0.50596,2.428,2.51948
0.448123,0.502417,2.411,2.50323
0.455948,0.502417,2.411,2.50464
0.460504,0.498875,2.394,2.48841
0.468274,0.498875,2.394,2.48986
0.476045,0.498875,2.394,2.49133
0.480379,0.495332,2.377,2.47513
0.488094,0.495332,2.377,2.47663
0.49581,0.495332,2.377,2.47817
0.503525,0.495332,2.377,2.47972
0.51124,0.495332,2.377,2.4813
0.518955,0.495332,2.377,2.4829
0.52667,0.495332,2.377,2.48452
0.534385,0.495332,2.377,2.48617
0.5421,0.495332,2.377,2.48784
0.549816,0.495332,2.377,2.48953
0.557531,0.495332,2.377,2.49125
0.565246,0.495332,2.377,2.49299
0.572961,0.495332,2.377,2.49475
0.580676,0.495332,2.377,2.49653
0.588391,0.495332,2.377,2.49834
0.596106,0.495332,2.377,2.50017
0.603822,0.495332,2.377,2.50202
0.611537,0.495332,2.377,2.50389
0.619252,0.495332,2.377,2.50578
0.626967,0.495332,2.377,2.5077
0.63041,0.491998,2.361,2.49275
0.638073,0.491998,2.361,2.4947
0.645737,0.491998,2.361,2.49667
0.6534,0.491998,2.361,2.49866
0.661063,0.491998,2.361,2.50068
0.668726,0.491998,2.361,2.50271
0.671806,0.488664,2.345,2.4878
0.679417,0.488664,2.345,2.48986
0.682341,0.48533,2.329,2.47495
0.6899,0.48533,2.329,2.47704
0.697459,0.48533,2.329,2.47916
0.700175,0.481995,2.313,2.46425
0.707683,0.481995,2.313,2.46639
0.71519,0.481995,2.313,2.46856
0.718011,0.47887,2.298,2.45472
0.72547,0.47887,2.298,2.45691
0.727825,0.475535,2.282,2.442
0.730399,0.47241,2.267,2.42816
0.737757,0.47241,2.267,2.43038
0.740185,0.469284,2.252,2.41653
0.742516,0.466158,2.237,2.40267
0.749777,0.466158,2.237,2.40492
0.757037,0.466158,2.237,2.40719
0.759515,0.463241,2.223,2.39441
0.76673,0.463241,2.223,2.39671
0.773945,0.463241,2.223,2.39902
0.781161,0.463241,2.223,2.40136
0.788376,0.463241,2.223,2.40372
0.795591,0.463241,2.223,2.40609
0.802807,0.463241,2.223,2.40849
0.810022,0.463241,2.223,2.4109
0.822384,0.466158,2.237,2.42854
0.829645,0.466158,2.237,2.431
0.842517,0.469284,2.252,2.44981
0.855487,0.47241,2.267,2.46867
0.862845,0.47241,2.267,2.47123
0.870203,0.47241,2.267,2.47381
0.883368,0.475535,2.282,2.49279
0.897021,0.47887,2.298,2.51292
0.904479,0.47887,2.298,2.51559
0.911938,0.47887,2.298,2.51828
0.919397,0.47887,2.298,2.52099
0.926855,0.47887,2.298,2.52372
0.934314,0.47887,2.298,2.52647
0.94792,0.481995,2.313,2.54575
0.955428,0.481995,2.313,2.54855
0.962935,0.481995,2.313,2.55138
0.970443,0.481995,2.313,2.55422
0.97795,0.481995,2.313,2.55708
0.985457,0.481995,2.313,2.55996
0.992965,0.481995,2.313,2.56286
1.00047,0.481995,2.313,2.56578
1.00798,0.481995,2.313,2.56872
1.01549,0.481995,2.313,2.57167
1.03007,0.48533,2.329,2.59246
1.03763,0.48533,2.329,2.59547
1.04519,0.48533,2.329,2.5985
1.05998,0.488664,2.345,2.61942
1.06759,0.488664,2.345,2.62251
1.0752,0.488664,2.345,2.62562
1.0902,0.491998,2.361,2.64668
1.09787,0.491998,2.361,2.64985
1.10553,0.491998,2.361,2.65303
1.12074,0.495332,2.377,2.67424
1.13652,0.498875,2.394,2.69663
1.14429,0.498875,2.394,2.69991
1.15206,0.498875,2.394,2.70321
1.16807,0.502417,2.411,2.72575
1.1759,0.502417,2.411,2.72912
1.19207,0.50596,2.428,2.75176
1.19995,0.50596,2.428,2.75519
1.20783,0.50596,2.428,2.75863
1.22422,0.509502,2.445,2.78143
1.23216,0.509502,2.445,2.78493
1.24922,0.513253,2.463,2.80898
1.25722,0.513253,2.463,2.81254
1.26521,0.513253,2.463,2.81612
1.27321,0.513253,2.463,2.81973
1.2812,0.513253,2.463,2.82334
1.28919,0.513253,2.463,2.82698
1.29719,0.513253,2.463,2.83064
1.30518,0.513253,2.463,2.83431
1.31318,0.513253,2.463,2.838
1.33083,0.517004,2.481,2.86247
1.33888,0.517004,2.481,2.86623
1.34693,0.517004,2.481,2.87
1.34515,0.513253,2.463,2.85293
1.35315,0.513253,2.463,2.85671
1.36114,0.513253,2.463,2.86051
1.36914,0.513253,2.463,2.86432
1.37713,0.513253,2.463,2.86815
1.38513,0.513253,2.463,2.872
1.39312,0.513253,2.463,2.87586
1.40111,0.513253,2.463,2.87974
1.40911,0.513253,2.463,2.88364
1.4171,0.513253,2.463,2.88756
1.4251,0.513253,2.463,2.89149
1.43309,0.513253,2.463,2.89544
1.44109,0.513253,2.463,2.8994
1.44908,0.513253,2.463,2.90338
1.46772,0.517004,2.481,2.92863
1.47577,0.517004,2.481,2.93267
1.48383,0.517004,2.481,2.93673
1.49188,0.517004,2.481,2.94081
1.48905,0.513253,2.463,2.92354
1.49705,0.513253,2.463,2.92762
1.51604,0.517004,2.481,2.95314
1.51303,0.513253,2.463,2.93583
1.52103,0.513253,2.463,2.93995
1.52902,0.513253,2.463,2.9441
1.53702,0.513253,2.463,2.94826
1.54501,0.513253,2.463,2.95243
1.55301,0.513253,2.463,2.95662
1.561,0.513253,2.463,2.96083
1.55753,0.509502,2.445,2.94338
1.55458,0.50596,2.428,2.9271
1.56246,0.50596,2.428,2.93129
1.57034,0.50596,2.428,2.9355
1.55612,0.498875,2.394,2.89856
1.56389,0.498875,2.394,2.90273
1.57166,0.498875,2.394,2.90693
1.55766,0.491998,2.361,2.87101
1.56532,0.491998,2.361,2.87517
1.57299,0.491998,2.361,2.87935
1.56994,0.488664,2.345,2.864
1.57755,0.488664,2.345,2.86818
1.56353,0.481995,2.313,2.83318
1.56085,0.47887,2.298,2.81893
-1.6379,0.499659,2.361,2.91663
-1.63024,0.499659,2.361,2.91233
-1.61158,0.496273,2.345,2.88834
-1.60397,0.496273,2.345,2.8841
-1.59636,0.496273,2.345,2.87987
-1.59959,0.499659,2.361,2.89528
-1.59192,0.499659,2.361,2.89106
-1.58426,0.499659,2.361,2.88684
-1.5766,0.499659,2.361,2.88264
-1.56893,0.499659,2.361,2.87846
-1.56127,0.499659,2.361,2.87429
-1.55361,0.499659,2.361,2.87014
-1.55642,0.503045,2.377,2.88542
-1.54871,0.503045,2.377,2.88126
-1.54099,0.503045,2.377,2.87712
-1.53328,0.503045,2.377,2.873
-1.53647,0.506643,2.394,2.88941
-1.5287,0.506643,2.394,2.88528
-1.52093,0.506643,2.394,2.88117
-1.51316,0.506643,2.394,2.87708
-1.50539,0.506643,2.394,2.873
-1.50825,0.51024,2.411,2.88931
-1.51101,0.513838,2.428,2.90557
-1.50313,0.513838,2.428,2.90148
-1.49525,0.513838,2.428,2.89741
-1.49778,0.517436,2.445,2.91361
-1.48984,0.517436,2.445,2.90954
-1.48191,0.517436,2.445,2.90548
-1.47397,0.517436,2.445,2.90144
-1.46604,0.517436,2.445,2.89742
-1.4581,0.517436,2.445,2.89341
-1.44008,0.513838,2.428,2.86933
-1.4322,0.513838,2.428,2.86538
-1.42432,0.513838,2.428,2.86145
-1.41644,0.513838,2.428,2.85754
-1.3987,0.51024,2.411,2.83366
-1.39087,0.51024,2.411,2.8298
-1.38305,0.51024,2.411,2.82597
-1.37522,0.51024,2.411,2.82214
-1.36739,0.51024,2.411,2.81834
-1.35957,0.51024,2.411,2.81455
-1.36127,0.513838,2.428,2.8306
-1.35339,0.513838,2.428,2.82682
-1.34551,0.513838,2.428,2.82305
-1.35692,0.521245,2.463,2.85994
-1.35878,0.525055,2.481,2.87703
-1.37033,0.532673,2.517,2.91493
-1.36216,0.532673,2.517,2.9111
-1.37443,0.540715,2.555,2.95118
-1.38645,0.548757,2.593,2.99116
-1.37804,0.548757,2.593,2.98727
-1.38019,0.55299,2.613,3.00641
-1.3822,0.557222,2.633,3.0255
-1.37366,0.557222,2.633,3.02161
-1.36511,0.557222,2.633,3.01773
-1.35656,0.557222,2.633,3.01388
-1.34802,0.557222,2.633,3.01004
-1.3293,0.55299,2.613,2.98339
-1.31071,0.548757,2.593,2.95681
-1.30229,0.548757,2.593,2.95309
-1.29387,0.548757,2.593,2.94939
-1.27604,0.544736,2.574,2.92412
-1.26769,0.544736,2.574,2.92049
-1.25933,0.544736,2.574,2.91687
-1.25098,0.544736,2.574,2.91327
-1.23345,0.540715,2.555,2.88822
-1.22516,0.540715,2.555,2.88468
-1.21686,0.540715,2.555,2.88117
-1.20857,0.540715,2.555,2.87768
-1.20028,0.540715,2.555,2.87421
-1.18312,0.536694,2.536,2.84941
-1.17489,0.536694,2.536,2.846
-1.16666,0.536694,2.536,2.84261
-1.15843,0.536694,2.536,2.83924
-1.14158,0.532673,2.517,2.81465
-1.1253,0.528864,2.499,2.79124
-1.11719,0.528864,2.499,2.78798
-1.10908,0.528864,2.499,2.78474
-1.09304,0.525055,2.481,2.76148
-1.08499,0.525055,2.481,2.7583
-1.07693,0.525055,2.481,2.75515
-1.06888,0.525055,2.481,2.75201
-1.06083,0.525055,2.481,2.74889
-1.04514,0.521245,2.463,2.72587
-1.03714,0.521245,2.463,2.72282
-1.02915,0.521245,2.463,2.71978
-1.02116,0.521245,2.463,2.71677
-1.01316,0.521245,2.463,2.71377
-1.00517,0.521245,2.463,2.7108
-0.997172,0.521245,2.463,2.70784
-0.989178,0.521245,2.463,2.70491
-0.981184,0.521245,2.463,2.702
-0.973189,0.521245,2.463,2.6991
-0.965195,0.521245,2.463,2.69623
-0.957201,0.521245,2.463,2.69338
-0.949206,0.521245,2.463,2.69055
-0.941212,0.521245,2.463,2.68774
-0.933218,0.521245,2.463,2.68495
-0.925224,0.521245,2.463,2.68218
-0.923933,0.525055,2.481,2.69902
-0.91588,0.525055,2.481,2.69627
-0.907827,0.525055,2.481,2.69355
-0.899774,0.525055,2.481,2.69084
-0.891722,0.525055,2.481,2.68816
-0.89008,0.528864,2.499,2.70498
-0.881969,0.528864,2.499,2.70233
-0.873858,0.528864,2.499,2.69969
-0.865747,0.528864,2.499,2.69708
-0.857636,0.528864,2.499,2.69448
-0.849525,0.528864,2.499,2.69191
-0.841413,0.528864,2.499,2.68936
-0.839304,0.532673,2.517,2.70619
-0.831135,0.532673,2.517,2.70367
-0.822965,0.532673,2.517,2.70117
-0.814796,0.532673,2.517,2.69869
-0.806626,0.532673,2.517,2.69623
-0.798457,0.532673,2.517,2.6938
-0.790287,0.532673,2.517,2.69139
-0.782118,0.532673,2.517,2.689
-0.773948,0.532673,2.517,2.68664
-0.765778,0.532673,2.517,2.6843
-0.757609,0.532673,2.517,2.68198
-0.749439,0.532673,2.517,2.67968
-0.74127,0.532673,2.517,2.67741
-0.7331,0.532673,2.517,2.67516
-0.724931,0.532673,2.517,2.67293
-0.716761,0.532673,2.517,2.67073
-0.708592,0.532673,2.517,2.66855
-0.700422,0.532673,2.517,2.66639
-0.692252,0.532673,2.517,2.66425
-0.684083,0.532673,2.517,2.66214
-0.675913,0.532673,2.517,2.66005
-0.667744,0.532673,2.517,2.65799
-0.659574,0.532673,2.517,2.65595
-0.651405,0.532673,2.517,2.65393
-0.643235,0.532673,2.517,2.65194
-0.635065,0.532673,2.517,2.64997
-0.626896,0.532673,2.517,2.64802
-0.618726,0.532673,2.517,2.6461
-0.610557,0.532673,2.517,2.6442
-0.602387,0.532673,2.517,2.64233
-0.598703,0.536694,2.536,2.66041
-0.586048,0.532673,2.517,2.63865
-0.577879,0.532673,2.517,2.63685
-0.569709,0.532673,2.517,2.63507
-0.561539,0.532673,2.517,2.63332
-0.55337,0.532673,2.517,2.63159
-0.549316,0.536694,2.536,2.64973
-0.541085,0.536694,2.536,2.64804
-0.532853,0.536694,2.536,2.64637
-0.524622,0.536694,2.536,2.64472
-0.516391,0.536694,2.536,2.6431
-0.50816,0.536694,2.536,2.64151
-0.499929,0.536694,2.536,2.63994
-0.491697,0.536694,2.536,2.63839
-0.487088,0.540715,2.555,2.65662
-0.478795,0.540715,2.555,2.65512
-0.470502,0.540715,2.555,2.65363
-0.46221,0.540715,2.555,2.65218
-0.453917,0.540715,2.555,2.65074
-0.445624,0.540715,2.555,2.64934
-0.437331,0.540715,2.555,2.64795
-0.429038,0.540715,2.555,2.6466
-0.420745,0.540715,2.555,2.64526
-0.412452,0.540715,2.555,2.64396
-0.404159,0.540715,2.555,2.64268
-0.392923,0.536694,2.536,2.62178
-0.381809,0.532673,2.517,2.60092
-0.37364,0.532673,2.517,2.59974
-0.36547,0.532673,2.517,2.59858
-0.354745,0.528864,2.499,2.57886
-0.346634,0.528864,2.499,2.57776
-0.338523,0.528864,2.499,2.57668
-0.328032,0.525055,2.481,2.55708
-0.319979,0.525055,2.481,2.55606
-0.309664,0.521245,2.463,2.53652
-0.301669,0.521245,2.463,2.53556
-0.293675,0.521245,2.463,2.53462
-0.285681,0.521245,2.463,2.53371
-0.277686,0.521245,2.463,2.53282
-0.269692,0.521245,2.463,2.53196
-0.261698,0.521245,2.463,2.53112
-0.253704,0.521245,2.463,2.5303
-0.245709,0.521245,2.463,2.52951
-0.237715,0.521245,2.463,2.52875
-0.229721,0.521245,2.463,2.52801
-0.221726,0.521245,2.463,2.5273
-0.215294,0.525055,2.481,2.54507
-0.207241,0.525055,2.481,2.5444
-0.199189,0.525055,2.481,2.54376
-0.192523,0.528864,2.499,2.56159
-0.184412,0.528864,2.499,2.561
-0.1763,0.528864,2.499,2.56043
-0.169401,0.532673,2.517,2.57832
-0.161231,0.532673,2.517,2.57779
-0.153062,0.532673,2.517,2.5773
-0.144892,0.532673,2.517,2.57682
-0.136723,0.532673,2.517,2.57638
-0.128553,0.532673,2.517,2.57596
-0.121292,0.536694,2.536,2.595
-0.113061,0.536694,2.536,2.59463
-0.10483,0.536694,2.536,2.59429
-0.0965985,0.536694,2.536,2.59397
-0.0883672,0.536694,2.536,2.59367
-0.0807364,0.540715,2.555,2.61284
-0.0724435,0.540715,2.555,2.61259
-0.0641506,0.540715,2.555,2.61238
-0.0558577,0.540715,2.555,2.61219
-0.0475648,0.540715,2.555,2.61202
-0.039564,0.544736,2.574,2.63131
-0.0312094,0.544736,2.574,2.6312
-0.0228548,0.544736,2.574,2.63111
-0.0145003,0.544736,2.574,2.63105
-0.00614571,0.544736,2.574,2.63102
0.00220886,0.544736,2.574,2.63101
0.0104854,0.540715,2.555,2.61161
0.0187783,0.540715,2.555,2.61166
0.0270712,0.540715,2.555,2.61173
0.0353641,0.540715,2.555,2.61183
0.043657,0.540715,2.555,2.61195
0.0519499,0.540715,2.555,2.61211
0.0597948,0.536694,2.536,2.59286
0.0680261,0.536694,2.536,2.59306
0.0762573,0.536694,2.536,2.59329
0.0838555,0.532673,2.517,2.57411
0.0920251,0.532673,2.517,2.57439
0.0994781,0.528864,2.499,2.55629
0.107589,0.528864,2.499,2.55661
0.1157,0.528864,2.499,2.55697
0.123811,0.528864,2.499,2.55735
0.131923,0.528864,2.499,2.55775
0.140034,0.528864,2.499,2.55818
0.148145,0.528864,2.499,2.55864
0.156256,0.528864,2.499,2.55912
0.164367,0.528864,2.499,2.55963
0.171236,0.525055,2.481,2.54173
0.179289,0.525055,2.481,2.54228
0.187341,0.525055,2.481,2.54286
0.195394,0.525055,2.481,2.54347
0.204923,0.528864,2.499,2.56256
0.213034,0.528864,2.499,2.56322
0.221145,0.528864,2.499,2.5639
0.229256,0.528864,2.499,2.56462
0.237367,0.528864,2.499,2.56535
0.245479,0.528864,2.499,2.56612
0.25359,0.528864,2.499,2.56691
0.261701,0.528864,2.499,2.56772
0.269812,0.528864,2.499,2.56856
0.277923,0.528864,2.499,2.56942
0.286034,0.528864,2.499,2.57031
0.294145,0.528864,2.499,2.57123
0.302256,0.528864,2.499,2.57217
0.310368,0.528864,2.499,2.57314
0.318479,0.528864,2.499,2.57413
0.324237,0.525055,2.481,2.55659
0.33229,0.525055,2.481,2.55763
0.340343,0.525055,2.481,2.55869
0.348396,0.525055,2.481,2.55977
0.356448,0.525055,2.481,2.56088
0.364501,0.525055,2.481,2.56201
0.372554,0.525055,2.481,2.56317
0.380606,0.525055,2.481,2.56435
0.388659,0.525055,2.481,2.56556
0.393834,0.521245,2.463,2.54817
0.398891,0.517436,2.445,2.53079
0.406827,0.517436,2.445,2.53205
0.414763,0.517436,2.445,2.53334
0.422699,0.517436,2.445,2.53465
0.427641,0.513838,2.428,2.51835
0.435521,0.513838,2.428,2.5197
0.443402,0.513838,2.428,2.52108
0.448123,0.51024,2.411,2.50481
0.455948,0.51024,2.411,2.50622
0.460504,0.506643,2.394,2.48998
0.468274,0.506643,2.394,2.49143
0.476045,0.506643,2.394,2.4929
0.480379,0.503045,2.377,2.47668
0.488094,0.503045,2.377,2.47819
0.49581,0.503045,2.377,2.47972
0.503525,0.503045,2.377,2.48127
0.51124,0.503045,2.377,2.48285
0.518955,0.503045,2.377,2.48445
0.52667,0.503045,2.377,2.48607
0.534385,0.503045,2.377,2.48772
0.5421,0.503045,2.377,2.48939
0.549816,0.503045,2.377,2.49108
0.557531,0.503045,2.377,2.49279
0.565246,0.503045,2.377,2.49453
0.572961,0.503045,2.377,2.49629
0.580676,0.503045,2.377,2.49807
0.588391,0.503045,2.377,2.49988
0.596106,0.503045,2.377,2.5017
0.603822,0.503045,2.377,2.50355
0.611537,0.503045,2.377,2.50543
0.619252,0.503045,2.377,2.50732
0.626967,0.503045,2.377,2.50924
0.63041,0.499659,2.361,2.49427
0.638073,0.499659,2.361,2.49622
0.645737,0.499659,2.361,2.49819
0.6534,0.499659,2.361,2.50018
0.656583,0.496273,2.345,2.48524
0.664194,0.496273,2.345,2.48726
0.671806,0.496273,2.345,2.4893
0.674781,0.492887,2.329,2.47437
0.682341,0.492887,2.329,2.47644
0.6899,0.492887,2.329,2.47854
0.692668,0.489501,2.313,2.46361
0.700175,0.489501,2.313,2.46573
0.707683,0.489501,2.313,2.46787
0.710552,0.486326,2.298,2.45402
0.718011,0.486326,2.298,2.45619
0.72547,0.486326,2.298,2.45838
0.727825,0.48294,2.282,2.44346
0.730399,0.479766,2.267,2.4296
0.737757,0.479766,2.267,2.43182
0.740185,0.476591,2.252,2.41796
0.742516,0.473417,2.237,2.40408
0.749777,0.473417,2.237,2.40634
0.757037,0.473417,2.237,2.40861
0.759515,0.470454,2.223,2.39581
0.76673,0.470454,2.223,2.39811
0.773945,0.470454,2.223,2.40043
0.781161,0.470454,2.223,2.40276
0.788376,0.470454,2.223,2.40512
0.795591,0.470454,2.223,2.40749
0.802807,0.470454,2.223,2.40989
0.810022,0.470454,2.223,2.4123
0.822384,0.473417,2.237,2.42994
0.829645,0.473417,2.237,2.43241
0.842517,0.476591,2.252,2.45122
0.855487,0.479766,2.267,2.47009
0.862845,0.479766,2.267,2.47264
0.870203,0.479766,2.267,2.47522
0.883368,0.48294,2.282,2.49421
0.897021,0.486326,2.298,2.51435
0.904479,0.486326,2.298,2.51702
0.911938,0.486326,2.298,2.51971
0.919397,0.486326,2.298,2.52242
0.926855,0.486326,2.298,2.52515
0.934314,0.486326,2.298,2.5279
0.941773,0.486326,2.298,2.53066
0.949232,0.486326,2.298,2.53345
0.962935,0.489501,2.313,2.55281
0.970443,0.489501,2.313,2.55565
0.97795,0.489501,2.313,2.55851
0.985457,0.489501,2.313,2.56139
0.992965,0.489501,2.313,2.56429
1.00047,0.489501,2.313,2.5672
1.00798,0.489501,2.313,2.57014
1.01549,0.489501,2.313,2.57309
1.03007,0.492887,2.329,2.59388
1.03763,0.492887,2.329,2.59689
1.04519,0.492887,2.329,2.59992
1.05998,0.496273,2.345,2.62085
1.06759,0.496273,2.345,2.62394
1.0752,0.496273,2.345,2.62705
1.0902,0.499659,2.361,2.64812
1.09787,0.499659,2.361,2.65128
1.10553,0.499659,2.361,2.65446
1.12074,0.503045,2.377,2.67567
1.12845,0.503045,2.377,2.67892
1.13617,0.503045,2.377,2.68217
1.15206,0.506643,2.394,2.70466
1.16807,0.51024,2.411,2.72721
1.1759,0.51024,2.411,2.73057
1.19207,0.513838,2.428,2.75322
1.19995,0.513838,2.428,2.75664
1.20783,0.513838,2.428,2.76008
1.22422,0.517436,2.445,2.78289
1.24123,0.521245,2.463,2.8069
1.24922,0.521245,2.463,2.81045
1.25722,0.521245,2.463,2.81401
1.26521,0.521245,2.463,2.81759
1.27321,0.521245,2.463,2.82119
1.2812,0.521245,2.463,2.82481
1.29862,0.525055,2.481,2.84911
1.30667,0.525055,2.481,2.85279
1.31472,0.525055,2.481,2.85649
1.32277,0.525055,2.481,2.86021
1.33083,0.525055,2.481,2.86394
1.33888,0.525055,2.481,2.86769
1.34693,0.525055,2.481,2.87146
1.35498,0.525055,2.481,2.87524
1.36304,0.525055,2.481,2.87905
1.36114,0.521245,2.463,2.86195
1.36914,0.521245,2.463,2.86576
1.37713,0.521245,2.463,2.86959
1.38513,0.521245,2.463,2.87344
1.39312,0.521245,2.463,2.8773
1.40111,0.521245,2.463,2.88118
1.40911,0.521245,2.463,2.88507
1.40675,0.517436,2.445,2.86787
1.41468,0.517436,2.445,2.87177
1.42262,0.517436,2.445,2.87569
1.43055,0.517436,2.445,2.87963
1.43849,0.517436,2.445,2.88358
1.44643,0.517436,2.445,2.88754
1.45436,0.517436,2.445,2.89153
1.4623,0.517436,2.445,2.89553
1.47023,0.517436,2.445,2.89954
1.47817,0.517436,2.445,2.90358
1.49705,0.521245,2.463,2.92903
1.51604,0.525055,2.481,2.95456
1.51303,0.521245,2.463,2.93723
1.52103,0.521245,2.463,2.94136
1.52902,0.521245,2.463,2.9455
1.53702,0.521245,2.463,2.94966
1.54501,0.521245,2.463,2.95383
1.55301,0.521245,2.463,2.95802
1.561,0.521245,2.463,2.96223
1.55753,0.517436,2.445,2.94477
1.55458,0.513838,2.428,2.92847
1.56246,0.513838,2.428,2.93266
1.57034,0.513838,2.428,2.93687
1.55612,0.506643,2.394,2.8999
1.56389,0.506643,2.394,2.90408
1.57166,0.506643,2.394,2.90827
1.55766,0.499659,2.361,2.87233
1.56532,0.499659,2.361,2.87649
1.57299,0.499659,2.361,2.88067
1.56994,0.496273,2.345,2.86531
1.57755,0.496273,2.345,2.86949
1.56353,0.489501,2.313,2.83447
1.56085,0.486326,2.298,2.82021
-1.6379,0.50732,2.361,2.91795
-1.63024,0.50732,2.361,2.91365
-1.62258,0.50732,2.361,2.90937
-1.61491,0.50732,2.361,2.90511
-1.60725,0.50732,2.361,2.90085
-1.59959,0.50732,2.361,2.89661
-1.59192,0.50732,2.361,2.89239
-1.58426,0.50732,2.361,2.88818
-1.5766,0.50732,2.361,2.88398
-1.57957,0.510758,2.377,2.89932
-1.56127,0.50732,2.361,2.87563
-1.55361,0.50732,2.361,2.87148
-1.55642,0.510758,2.377,2.88677
-1.54871,0.510758,2.377,2.88262
-1.54099,0.510758,2.377,2.87848
-1.54424,0.514411,2.394,2.89492
-1.53647,0.514411,2.394,2.89078
-1.5287,0.514411,2.394,2.88666
-1.52093,0.514411,2.394,2.88255
-1.53465,0.521717,2.428,2.91934
-1.52677,0.521717,2.428,2.9152
-1.51889,0.521717,2.428,2.91108
-1.51101,0.521717,2.428,2.90698
-1.50313,0.521717,2.428,2.90289
-1.49525,0.521717,2.428,2.89882
-1.49778,0.52537,2.445,2.91503
-1.50081,0.529237,2.463,2.93239
-1.49282,0.529237,2.463,2.9283
-1.48482,0.529237,2.463,2.92424
-1.47683,0.529237,2.463,2.92019
-1.46884,0.529237,2.463,2.91615
-1.45016,0.52537,2.445,2.89085
-1.44223,0.52537,2.445,2.88688
-1.43429,0.52537,2.445,2.88292
-1.41644,0.521717,2.428,2.85896
-1.40856,0.521717,2.428,2.85507
-1.40068,0.521717,2.428,2.85119
-1.3928,0.521717,2.428,2.84732
-1.38492,0.521717,2.428,2.84348
-1.37704,0.521717,2.428,2.83965
-1.36916,0.521717,2.428,2.83584
-1.36127,0.521717,2.428,2.83204
-1.36287,0.52537,2.445,2.84806
-1.36491,0.529237,2.463,2.86521
-1.35692,0.529237,2.463,2.86141
-1.36864,0.536973,2.499,2.8994
-1.38067,0.544923,2.536,2.93845
-1.37244,0.544923,2.536,2.93459
-1.38465,0.553088,2.574,2.97467
-1.39715,0.561469,2.613,3.0158
-1.38867,0.561469,2.613,3.01188
-1.39075,0.565766,2.633,3.031
-1.3822,0.565766,2.633,3.02709
-1.37366,0.565766,2.633,3.0232
-1.36511,0.565766,2.633,3.01932
-1.35656,0.565766,2.633,3.01547
-1.34802,0.565766,2.633,3.01163
-1.3293,0.561469,2.613,2.98497
-1.31071,0.557171,2.593,2.95839
-1.30229,0.557171,2.593,2.95467
-1.28439,0.553088,2.574,2.92934
-1.26662,0.549006,2.555,2.90409
-1.25833,0.549006,2.555,2.90049
-1.25003,0.549006,2.555,2.8969
-1.23251,0.544923,2.536,2.87181
-1.22428,0.544923,2.536,2.86829
-1.21605,0.544923,2.536,2.86479
-1.20781,0.544923,2.536,2.8613
-1.19958,0.544923,2.536,2.85784
-1.19135,0.544923,2.536,2.85439
-1.18312,0.544923,2.536,2.85097
-1.16609,0.540841,2.517,2.82623
-1.15792,0.540841,2.517,2.82287
-1.14975,0.540841,2.517,2.81952
-1.14158,0.540841,2.517,2.8162
-1.1253,0.536973,2.499,2.79278
-1.11719,0.536973,2.499,2.78953
-1.10109,0.533105,2.481,2.76622
-1.09304,0.533105,2.481,2.76302
-1.08499,0.533105,2.481,2.75985
-1.07693,0.533105,2.481,2.75669
-1.06113,0.529237,2.463,2.73358
-1.05313,0.529237,2.463,2.73048
-1.04514,0.529237,2.463,2.72741
-1.03714,0.529237,2.463,2.72436
-1.02915,0.529237,2.463,2.72132
-1.02116,0.529237,2.463,2.71831
-1.01316,0.529237,2.463,2.71532
-1.00517,0.529237,2.463,2.71235
-0.997172,0.529237,2.463,2.70939
-0.989178,0.529237,2.463,2.70646
-0.981184,0.529237,2.463,2.70355
-0.973189,0.529237,2.463,2.70066
-0.965195,0.529237,2.463,2.69779
-0.957201,0.529237,2.463,2.69494
-0.949206,0.529237,2.463,2.69211
-0.941212,0.529237,2.463,2.6893
-0.933218,0.529237,2.463,2.68651
-0.925224,0.529237,2.463,2.68375
-0.923933,0.533105,2.481,2.7006
-0.91588,0.533105,2.481,2.69785
-0.907827,0.533105,2.481,2.69513
-0.899774,0.533105,2.481,2.69243
-0.891722,0.533105,2.481,2.68975
-0.89008,0.536973,2.499,2.70658
-0.881969,0.536973,2.499,2.70393
-0.873858,0.536973,2.499,2.70129
-0.865747,0.536973,2.499,2.69868
-0.857636,0.536973,2.499,2.69609
-0.849525,0.536973,2.499,2.69352
-0.841413,0.536973,2.499,2.69097
-0.839304,0.540841,2.517,2.70781
-0.831135,0.540841,2.517,2.70529
-0.822965,0.540841,2.517,2.70279
-0.814796,0.540841,2.517,2.70031
-0.806626,0.540841,2.517,2.69786
-0.798457,0.540841,2.517,2.69543
-0.790287,0.540841,2.517,2.69302
-0.782118,0.540841,2.517,2.69063
-0.773948,0.540841,2.517,2.68827
-0.765778,0.540841,2.517,2.68593
-0.757609,0.540841,2.517,2.68361
-0.749439,0.540841,2.517,2.68132
-0.74127,0.540841,2.517,2.67904
-0.7331,0.540841,2.517,2.6768
-0.724931,0.540841,2.517,2.67457
-0.716761,0.540841,2.517,2.67237
-0.708592,0.540841,2.517,2.67019
-0.700422,0.540841,2.517,2.66803
-0.692252,0.540841,2.517,2.6659
-0.684083,0.540841,2.517,2.66379
-0.675913,0.540841,2.517,2.6617
-0.667744,0.540841,2.517,2.65964
-0.659574,0.540841,2.517,2.6576
-0.651405,0.540841,2.517,2.65558
-0.643235,0.540841,2.517,2.65359
-0.635065,0.540841,2.517,2.65162
-0.626896,0.540841,2.517,2.64968
-0.618726,0.540841,2.517,2.64776
-0.610557,0.540841,2.517,2.64586
-0.602387,0.540841,2.517,2.64399
-0.598703,0.544923,2.536,2.66208
-0.590472,0.544923,2.536,2.66024
-0.582241,0.544923,2.536,2.65843
-0.57401,0.544923,2.536,2.65664
-0.565778,0.544923,2.536,2.65487
-0.557547,0.544923,2.536,2.65313
-0.549316,0.544923,2.536,2.65141
-0.541085,0.544923,2.536,2.64972
-0.532853,0.544923,2.536,2.64805
-0.524622,0.544923,2.536,2.64641
-0.516391,0.544923,2.536,2.64479
-0.50816,0.544923,2.536,2.64319
-0.499929,0.544923,2.536,2.64162
-0.495381,0.549006,2.555,2.65986
-0.487088,0.549006,2.555,2.65832
-0.478795,0.549006,2.555,2.65682
-0.470502,0.549006,2.555,2.65534
-0.46221,0.549006,2.555,2.65388
-0.453917,0.549006,2.555,2.65245
-0.445624,0.549006,2.555,2.65104
-0.437331,0.549006,2.555,2.64966
-0.429038,0.549006,2.555,2.6483
-0.420745,0.549006,2.555,2.64697
-0.412452,0.549006,2.555,2.64567
-0.404159,0.549006,2.555,2.64439
-0.392923,0.544923,2.536,2.62348
-0.381809,0.540841,2.517,2.60261
-0.37364,0.540841,2.517,2.60142
-0.36547,0.540841,2.517,2.60026
-0.354745,0.536973,2.499,2.58054
-0.346634,0.536973,2.499,2.57944
-0.338523,0.536973,2.499,2.57836
-0.328032,0.533105,2.481,2.55874
-0.319979,0.533105,2.481,2.55772
-0.311927,0.533105,2.481,2.55673
-0.301669,0.529237,2.463,2.53722
-0.293675,0.529237,2.463,2.53628
-0.285681,0.529237,2.463,2.53536
-0.277686,0.529237,2.463,2.53448
-0.269692,0.529237,2.463,2.53361
-0.261698,0.529237,2.463,2.53277
-0.253704,0.529237,2.463,2.53196
-0.245709,0.529237,2.463,2.53117
-0.237715,0.529237,2.463,2.53041
-0.229721,0.529237,2.463,2.52967
-0.221726,0.529237,2.463,2.52896
-0.215294,0.533105,2.481,2.54675
-0.207241,0.533105,2.481,2.54608
-0.200634,0.536973,2.499,2.5639
-0.192523,0.536973,2.499,2.56328
-0.184412,0.536973,2.499,2.56268
-0.1763,0.536973,2.499,2.56211
-0.169401,0.540841,2.517,2.58002
-0.161231,0.540841,2.517,2.57949
-0.153062,0.540841,2.517,2.579
-0.144892,0.540841,2.517,2.57853
-0.136723,0.540841,2.517,2.57808
-0.128553,0.540841,2.517,2.57766
-0.121292,0.544923,2.536,2.59672
-0.113061,0.544923,2.536,2.59635
-0.10483,0.544923,2.536,2.596
-0.0965985,0.544923,2.536,2.59568
-0.0890293,0.549006,2.555,2.61483
-0.0807364,0.549006,2.555,2.61457
-0.0724435,0.549006,2.555,2.61432
-0.0641506,0.549006,2.555,2.61411
-0.0562731,0.553088,2.574,2.63335
-0.0479185,0.553088,2.574,2.63319
-0.039564,0.553088,2.574,2.63305
-0.0312094,0.553088,2.574,2.63294
-0.0228548,0.553088,2.574,2.63285
-0.0145003,0.553088,2.574,2.63279
-0.00614571,0.553088,2.574,2.63276
0.00220886,0.553088,2.574,2.63275
0.0105634,0.553088,2.574,2.63277
0.018918,0.553088,2.574,2.63282
0.0272725,0.553088,2.574,2.63289
0.0356271,0.553088,2.574,2.63299
0.043657,0.549006,2.555,2.61368
0.0519499,0.549006,2.555,2.61383
0.0602428,0.549006,2.555,2.61401
0.0680261,0.544923,2.536,2.59478
0.0762573,0.544923,2.536,2.59501
0.0844885,0.544923,2.536,2.59526
0.0920251,0.540841,2.517,2.5761
0.0994781,0.536973,2.499,2.55798
0.107589,0.536973,2.499,2.5583
0.1157,0.536973,2.499,2.55866
0.123811,0.536973,2.499,2.55904
0.131923,0.536973,2.499,2.55944
0.140034,0.536973,2.499,2.55987
0.148145,0.536973,2.499,2.56033
0.156256,0.536973,2.499,2.56081
0.164367,0.536973,2.499,2.56132
0.171236,0.533105,2.481,2.5434
0.179289,0.533105,2.481,2.54396
0.187341,0.533105,2.481,2.54454
0.195394,0.533105,2.481,2.54514
0.204923,0.536973,2.499,2.56424
0.213034,0.536973,2.499,2.5649
0.221145,0.536973,2.499,2.56559
0.229256,0.536973,2.499,2.5663
0.237367,0.536973,2.499,2.56704
0.245479,0.536973,2.499,2.5678
0.25359,0.536973,2.499,2.56859
0.261701,0.536973,2.499,2.5694
0.269812,0.536973,2.499,2.57024
0.277923,0.536973,2.499,2.57111
0.286034,0.536973,2.499,2.57199
0.294145,0.536973,2.499,2.57291
0.302256,0.536973,2.499,2.57385
0.310368,0.536973,2.499,2.57481
0.318479,0.536973,2.499,2.5758
0.324237,0.533105,2.481,2.55826
0.33229,0.533105,2.481,2.55929
0.340343,0.533105,2.481,2.56035
0.348396,0.533105,2.481,2.56143
0.356448,0.533105,2.481,2.56254
0.364501,0.533105,2.481,2.56367
0.372554,0.533105,2.481,2.56483
0.380606,0.533105,2.481,2.56601
0.388659,0.533105,2.481,2.56722
0.393834,0.529237,2.463,2.54982
0.398891,0.52537,2.445,2.53242
0.406827,0.52537,2.445,2.53368
0.414763,0.52537,2.445,2.53497
0.422699,0.52537,2.445,2.53628
0.427641,0.521717,2.428,2.51997
0.435521,0.521717,2.428,2.52132
0.443402,0.521717,2.428,2.52269
0.448123,0.518064,2.411,2.50642
0.455948,0.518064,2.411,2.50783
0.460504,0.514411,2.394,2.49157
0.468274,0.514411,2.394,2.49302
0.476045,0.514411,2.394,2.49449
0.480379,0.510758,2.377,2.47826
0.488094,0.510758,2.377,2.47977
0.49581,0.510758,2.377,2.4813
0.503525,0.510758,2.377,2.48285
0.51124,0.510758,2.377,2.48443
0.518955,0.510758,2.377,2.48602
0.52667,0.510758,2.377,2.48765
0.534385,0.510758,2.377,2.48929
0.5421,0.510758,2.377,2.49096
0.549816,0.510758,2.377,2.49265
0.557531,0.510758,2.377,2.49436
0.565246,0.510758,2.377,2.4961
0.572961,0.510758,2.377,2.49786
0.580676,0.510758,2.377,2.49964
0.588391,0.510758,2.377,2.50144
0.596106,0.510758,2.377,2.50327
0.603822,0.510758,2.377,2.50512
0.611537,0.510758,2.377,2.50699
0.619252,0.510758,2.377,2.50888
0.626967,0.510758,2.377,2.51079
0.634682,0.510758,2.377,2.51273
0.638073,0.50732,2.361,2.49777
0.645737,0.50732,2.361,2.49973
0.648972,0.503882,2.345,2.48477
0.656583,0.503882,2.345,2.48677
0.664194,0.503882,2.345,2.48879
0.667222,0.500444,2.329,2.47384
0.674781,0.500444,2.329,2.47589
0.677653,0.497006,2.313,2.46093
0.68516,0.497006,2.313,2.46301
0.692668,0.497006,2.313,2.46511
0.695635,0.493783,2.298,2.45123
0.703093,0.493783,2.298,2.45336
0.710552,0.493783,2.298,2.45551
0.713012,0.490345,2.282,2.44056
0.720418,0.490345,2.282,2.44274
0.727825,0.490345,2.282,2.44493
0.730399,0.487122,2.267,2.43106
0.737757,0.487122,2.267,2.43328
0.740185,0.483899,2.252,2.41941
0.742516,0.480676,2.237,2.40552
0.749777,0.480676,2.237,2.40778
0.757037,0.480676,2.237,2.41005
0.759515,0.477667,2.223,2.39724
0.76673,0.477667,2.223,2.39954
0.773945,0.477667,2.223,2.40185
0.781161,0.477667,2.223,2.40419
0.788376,0.477667,2.223,2.40654
0.800602,0.480676,2.237,2.42408
0.807863,0.480676,2.237,2.42649
0.815123,0.480676,2.237,2.42892
0.827898,0.483899,2.252,2.44767
0.835208,0.483899,2.252,2.45015
0.842517,0.483899,2.252,2.45265
0.855487,0.487122,2.267,2.47152
0.862845,0.487122,2.267,2.47408
0.875961,0.490345,2.282,2.49304
0.883368,0.490345,2.282,2.49566
0.897021,0.493783,2.298,2.5158
0.904479,0.493783,2.298,2.51847
0.911938,0.493783,2.298,2.52116
0.919397,0.493783,2.298,2.52387
0.926855,0.493783,2.298,2.5266
0.934314,0.493783,2.298,2.52934
0.941773,0.493783,2.298,2.53211
0.949232,0.493783,2.298,2.53489
0.95669,0.493783,2.298,2.53769
0.970443,0.497006,2.313,2.5571
0.97795,0.497006,2.313,2.55996
0.985457,0.497006,2.313,2.56283
0.992965,0.497006,2.313,2.56573
1.00047,0.497006,2.313,2.56864
1.00798,0.497006,2.313,2.57158
1.01549,0.497006,2.313,2.57453
1.03007,0.500444,2.329,2.59533
1.03763,0.500444,2.329,2.59834
1.04519,0.500444,2.329,2.60137
1.05998,0.503882,2.345,2.6223
1.06759,0.503882,2.345,2.62539
1.0752,0.503882,2.345,2.62849
1.0902,0.50732,2.361,2.64957
1.09787,0.50732,2.361,2.65274
1.10553,0.50732,2.361,2.65592
1.12074,0.510758,2.377,2.67714
1.12845,0.510758,2.377,2.68037
1.13617,0.510758,2.377,2.68363
1.15206,0.514411,2.394,2.70612
1.16807,0.518064,2.411,2.72868
1.1759,0.518064,2.411,2.73204
1.19207,0.521717,2.428,2.7547
1.20835,0.52537,2.445,2.77744
1.21629,0.52537,2.445,2.7809
1.22422,0.52537,2.445,2.78438
1.24123,0.529237,2.463,2.8084
1.24922,0.529237,2.463,2.81194
1.25722,0.529237,2.463,2.8155
1.27446,0.533105,2.481,2.83968
1.28251,0.533105,2.481,2.84331
1.29056,0.533105,2.481,2.84695
1.29862,0.533105,2.481,2.85061
1.30667,0.533105,2.481,2.85429
1.31472,0.533105,2.481,2.85798
1.32277,0.533105,2.481,2.86169
1.33083,0.533105,2.481,2.86543
1.33888,0.533105,2.481,2.86917
1.34693,0.533105,2.481,2.87294
1.35498,0.533105,2.481,2.87672
1.36304,0.533105,2.481,2.88053
1.36114,0.529237,2.463,2.86342
1.36914,0.529237,2.463,2.86723
1.37713,0.529237,2.463,2.87105
1.38513,0.529237,2.463,2.8749
1.39312,0.529237,2.463,2.87876
1.40111,0.529237,2.463,2.88263
1.40911,0.529237,2.463,2.88653
1.40675,0.52537,2.445,2.86932
1.41468,0.52537,2.445,2.87321
1.42262,0.52537,2.445,2.87713
1.43055,0.52537,2.445,2.88106
1.43849,0.52537,2.445,2.88501
1.44643,0.52537,2.445,2.88898
1.45436,0.52537,2.445,2.89296
1.4623,0.52537,2.445,2.89696
1.47023,0.52537,2.445,2.90097
1.47817,0.52537,2.445,2.905
1.4861,0.52537,2.445,2.90905
1.49404,0.52537,2.445,2.91311
1.50198,0.52537,2.445,2.91719
1.50991,0.52537,2.445,2.92128
1.51785,0.52537,2.445,2.92539
1.52578,0.52537,2.445,2.92951
1.53372,0.52537,2.445,2.93366
1.54166,0.52537,2.445,2.93781
1.54959,0.52537,2.445,2.94198
1.5467,0.521717,2.428,2.92569
1.55458,0.521717,2.428,2.92986
1.56246,0.521717,2.428,2.93405
1.55934,0.518064,2.411,2.91768
1.55612,0.514411,2.394,2.90127
1.56389,0.514411,2.394,2.90544
1.5605,0.510758,2.377,2.88897
1.55766,0.50732,2.361,2.87367
1.56532,0.50732,2.361,2.87783
1.56233,0.503882,2.345,2.86248
1.55923,0.500444,2.329,2.84708
1.56679,0.500444,2.329,2.85123
1.56353,0.497006,2.313,2.83577
1.56085,0.493783,2.298,2.8215
-1.649,0.518471,2.377,2.93907
-1.63024,0.514981,2.361,2.915
-1.62258,0.514981,2.361,2.91072
-1.61491,0.514981,2.361,2.90645
-1.60725,0.514981,2.361,2.9022
-1.59959,0.514981,2.361,2.89797
-1.59192,0.514981,2.361,2.89374
-1.58426,0.514981,2.361,2.88953
-1.5766,0.514981,2.361,2.88534
-1.57957,0.518471,2.377,2.90068
-1.56127,0.514981,2.361,2.87699
-1.55361,0.514981,2.361,2.87284
-1.55642,0.518471,2.377,2.88815
-1.54871,0.518471,2.377,2.884
-1.54099,0.518471,2.377,2.87986
-1.54424,0.522179,2.394,2.89631
-1.53647,0.522179,2.394,2.89217
-1.5287,0.522179,2.394,2.88805
-1.52093,0.522179,2.394,2.88394
-1.53465,0.529595,2.428,2.92075
-1.52677,0.529595,2.428,2.91662
-1.51889,0.529595,2.428,2.9125
-1.51101,0.529595,2.428,2.9084
-1.50313,0.529595,2.428,2.90432
-1.49525,0.529595,2.428,2.90024
-1.49778,0.533303,2.445,2.91647
-1.50081,0.537229,2.463,2.93384
-1.49282,0.537229,2.463,2.92976
-1.48482,0.537229,2.463,2.92569
-1.47683,0.537229,2.463,2.92164
-1.46884,0.537229,2.463,2.91761
-1.45016,0.533303,2.445,2.8923
-1.44223,0.533303,2.445,2.88833
-1.43429,0.533303,2.445,2.88438
-1.41644,0.529595,2.428,2.86041
-1.40856,0.529595,2.428,2.85652
-1.40068,0.529595,2.428,2.85264
-1.3928,0.529595,2.428,2.84878
-1.38492,0.529595,2.428,2.84493
-1.37704,0.529595,2.428,2.84111
-1.36916,0.529595,2.428,2.8373
-1.36127,0.529595,2.428,2.8335
-1.36287,0.533303,2.445,2.84954
-1.36491,0.537229,2.463,2.8667
-1.35692,0.537229,2.463,2.8629
-1.36864,0.545082,2.499,2.90091
-1.38067,0.553152,2.536,2.93999
-1.37244,0.553152,2.536,2.93613
-1.37443,0.557296,2.555,2.95426
-1.39715,0.569947,2.613,3.01739
-1.38867,0.569947,2.613,3.01347
-1.39075,0.57431,2.633,3.03261
-1.3822,0.57431,2.633,3.0287
-1.37366,0.57431,2.633,3.02481
-1.36511,0.57431,2.633,3.02094
-1.34626,0.569947,2.613,2.99417
-1.33778,0.569947,2.613,2.99036
-1.31912,0.565585,2.593,2.96372
-1.31071,0.565585,2.593,2.95998
-1.30229,0.565585,2.593,2.95626
-1.28439,0.561441,2.574,2.93093
-1.2572,0.553152,2.536,2.88406
-1.24897,0.553152,2.536,2.88049
-1.23144,0.549008,2.517,2.85537
-1.22327,0.549008,2.517,2.85186
-1.2151,0.549008,2.517,2.84836
-1.20693,0.549008,2.517,2.84489
-1.19876,0.549008,2.517,2.84143
-1.1906,0.549008,2.517,2.838
-1.18243,0.549008,2.517,2.83458
-1.17426,0.549008,2.517,2.83118
-1.16609,0.549008,2.517,2.8278
-1.15792,0.549008,2.517,2.82444
-1.14975,0.549008,2.517,2.8211
-1.13341,0.545082,2.499,2.79763
-1.1253,0.545082,2.499,2.79436
-1.11719,0.545082,2.499,2.7911
-1.10109,0.541155,2.481,2.76778
-1.09304,0.541155,2.481,2.76459
-1.08499,0.541155,2.481,2.76141
-1.07693,0.541155,2.481,2.75826
-1.06113,0.537229,2.463,2.73514
-1.05313,0.537229,2.463,2.73205
-1.04514,0.537229,2.463,2.72897
-1.03714,0.537229,2.463,2.72592
-1.02915,0.537229,2.463,2.72289
-1.02116,0.537229,2.463,2.71988
-1.01316,0.537229,2.463,2.71689
-1.00517,0.537229,2.463,2.71392
-0.997172,0.537229,2.463,2.71097
-0.989178,0.537229,2.463,2.70804
-0.981184,0.537229,2.463,2.70513
-0.973189,0.537229,2.463,2.70224
-0.965195,0.537229,2.463,2.69937
-0.957201,0.537229,2.463,2.69652
-0.949206,0.537229,2.463,2.69369
-0.941212,0.537229,2.463,2.69089
-0.940038,0.541155,2.481,2.70775
-0.931985,0.541155,2.481,2.70496
-0.923933,0.541155,2.481,2.7022
-0.91588,0.541155,2.481,2.69945
-0.907827,0.541155,2.481,2.69673
-0.906302,0.545082,2.499,2.71358
-0.898191,0.545082,2.499,2.71088
-0.89008,0.545082,2.499,2.7082
-0.881969,0.545082,2.499,2.70555
-0.873858,0.545082,2.499,2.70291
-0.865747,0.545082,2.499,2.7003
-0.857636,0.545082,2.499,2.69771
-0.855644,0.549008,2.517,2.71456
-0.847474,0.549008,2.517,2.71199
-0.839304,0.549008,2.517,2.70945
-0.831135,0.549008,2.517,2.70693
-0.822965,0.549008,2.517,2.70444
-0.814796,0.549008,2.517,2.70196
-0.806626,0.549008,2.517,2.69951
-0.798457,0.549008,2.517,2.69708
-0.790287,0.549008,2.517,2.69467
-0.782118,0.549008,2.517,2.69229
-0.773948,0.549008,2.517,2.68992
-0.765778,0.549008,2.517,2.68759
-0.757609,0.549008,2.517,2.68527
-0.749439,0.549008,2.517,2.68298
-0.74127,0.549008,2.517,2.68071
-0.7331,0.549008,2.517,2.67846
-0.724931,0.549008,2.517,2.67623
-0.716761,0.549008,2.517,2.67403
-0.708592,0.549008,2.517,2.67185
-0.700422,0.549008,2.517,2.6697
-0.692252,0.549008,2.517,2.66757
-0.684083,0.549008,2.517,2.66546
-0.675913,0.549008,2.517,2.66337
-0.672784,0.553152,2.536,2.6814
-0.664553,0.553152,2.536,2.67935
-0.656322,0.553152,2.536,2.67732
-0.648091,0.553152,2.536,2.67531
-0.639859,0.553152,2.536,2.67333
-0.631628,0.553152,2.536,2.67137
-0.623397,0.553152,2.536,2.66944
-0.615166,0.553152,2.536,2.66753
-0.606935,0.553152,2.536,2.66564
-0.598703,0.553152,2.536,2.66378
-0.590472,0.553152,2.536,2.66194
-0.582241,0.553152,2.536,2.66013
-0.57401,0.553152,2.536,2.65834
-0.565778,0.553152,2.536,2.65657
-0.557547,0.553152,2.536,2.65483
-0.549316,0.553152,2.536,2.65312
-0.541085,0.553152,2.536,2.65142
-0.532853,0.553152,2.536,2.64976
-0.528553,0.557296,2.555,2.66795
-0.52026,0.557296,2.555,2.66632
-0.511967,0.557296,2.555,2.66472
-0.503674,0.557296,2.555,2.66314
-0.495381,0.557296,2.555,2.66158
-0.487088,0.557296,2.555,2.66005
-0.478795,0.557296,2.555,2.65854
-0.470502,0.557296,2.555,2.65706
-0.46221,0.557296,2.555,2.65561
-0.453917,0.557296,2.555,2.65418
-0.445624,0.557296,2.555,2.65277
-0.437331,0.557296,2.555,2.65139
-0.429038,0.557296,2.555,2.65003
-0.420745,0.557296,2.555,2.6487
-0.412452,0.557296,2.555,2.6474
-0.404159,0.557296,2.555,2.64612
-0.392923,0.553152,2.536,2.6252
-0.384691,0.553152,2.536,2.62398
-0.37646,0.553152,2.536,2.62278
-0.36547,0.549008,2.517,2.60197
-0.357301,0.549008,2.517,2.60084
-0.349131,0.549008,2.517,2.59973
-0.338523,0.545082,2.499,2.58006
-0.328032,0.541155,2.481,2.56043
-0.319979,0.541155,2.481,2.55941
-0.311927,0.541155,2.481,2.55842
-0.301669,0.537229,2.463,2.5389
-0.293675,0.537229,2.463,2.53796
-0.285681,0.537229,2.463,2.53705
-0.277686,0.537229,2.463,2.53616
-0.269692,0.537229,2.463,2.53529
-0.261698,0.537229,2.463,2.53446
-0.253704,0.537229,2.463,2.53364
-0.245709,0.537229,2.463,2.53286
-0.237715,0.537229,2.463,2.53209
-0.229721,0.537229,2.463,2.53135
-0.221726,0.537229,2.463,2.53064
-0.215294,0.541155,2.481,2.54844
-0.207241,0.541155,2.481,2.54778
-0.200634,0.545082,2.499,2.56561
-0.192523,0.545082,2.499,2.56499
-0.184412,0.545082,2.499,2.5644
-0.1763,0.545082,2.499,2.56382
-0.168189,0.545082,2.499,2.56328
-0.161231,0.549008,2.517,2.58122
-0.153062,0.549008,2.517,2.58072
-0.144892,0.549008,2.517,2.58025
-0.136723,0.549008,2.517,2.5798
-0.128553,0.549008,2.517,2.57938
-0.121292,0.553152,2.536,2.59846
-0.113061,0.553152,2.536,2.59809
-0.10483,0.553152,2.536,2.59774
-0.0965985,0.553152,2.536,2.59742
-0.0890293,0.557296,2.555,2.61659
-0.0807364,0.557296,2.555,2.61632
-0.0724435,0.557296,2.555,2.61608
-0.0641506,0.557296,2.555,2.61586
-0.0562731,0.561441,2.574,2.63512
-0.0479185,0.561441,2.574,2.63496
-0.039564,0.561441,2.574,2.63482
-0.0312094,0.561441,2.574,2.6347
-0.0228548,0.561441,2.574,2.63462
-0.0145003,0.561441,2.574,2.63456
-0.00614571,0.561441,2.574,2.63453
0.00220886,0.561441,2.574,2.63452
0.0105634,0.561441,2.574,2.63454
0.018918,0.561441,2.574,2.63459
0.0272725,0.561441,2.574,2.63466
0.0356271,0.561441,2.574,2.63476
0.043657,0.557296,2.555,2.61544
0.0519499,0.557296,2.555,2.61559
0.0602428,0.557296,2.555,2.61577
0.0680261,0.553152,2.536,2.59652
0.0762573,0.553152,2.536,2.59675
0.0844885,0.553152,2.536,2.597
0.0920251,0.549008,2.517,2.57782
0.100195,0.549008,2.517,2.57813
0.108364,0.549008,2.517,2.57846
0.1157,0.545082,2.499,2.56037
0.123811,0.545082,2.499,2.56075
0.131923,0.545082,2.499,2.56116
0.140034,0.545082,2.499,2.56159
0.148145,0.545082,2.499,2.56204
0.156256,0.545082,2.499,2.56252
0.164367,0.545082,2.499,2.56303
0.172478,0.545082,2.499,2.56356
0.180589,0.545082,2.499,2.56412
0.188701,0.545082,2.499,2.56471
0.196812,0.545082,2.499,2.56532
0.204923,0.545082,2.499,2.56595
0.213034,0.545082,2.499,2.56661
0.221145,0.545082,2.499,2.5673
0.229256,0.545082,2.499,2.56801
0.237367,0.545082,2.499,2.56875
0.245479,0.545082,2.499,2.56951
0.25359,0.545082,2.499,2.5703
0.261701,0.545082,2.499,2.57111
0.269812,0.545082,2.499,2.57195
0.277923,0.545082,2.499,2.57281
0.286034,0.545082,2.499,2.5737
0.294145,0.545082,2.499,2.57461
0.302256,0.545082,2.499,2.57555
0.310368,0.545082,2.499,2.57652
0.318479,0.545082,2.499,2.57751
0.324237,0.541155,2.481,2.55995
0.33229,0.541155,2.481,2.56098
0.340343,0.541155,2.481,2.56204
0.348396,0.541155,2.481,2.56312
0.356448,0.541155,2.481,2.56423
0.364501,0.541155,2.481,2.56536
0.372554,0.541155,2.481,2.56652
0.380606,0.541155,2.481,2.5677
0.388659,0.541155,2.481,2.5689
0.393834,0.537229,2.463,2.55149
0.401828,0.537229,2.463,2.55273
0.406827,0.533303,2.445,2.53534
0.414763,0.533303,2.445,2.53662
0.422699,0.533303,2.445,2.53793
0.427641,0.529595,2.428,2.52161
0.435521,0.529595,2.428,2.52296
0.443402,0.529595,2.428,2.52433
0.448123,0.525887,2.411,2.50805
0.455948,0.525887,2.411,2.50946
0.463774,0.525887,2.411,2.51089
0.468274,0.522179,2.394,2.49463
0.476045,0.522179,2.394,2.4961
0.483815,0.522179,2.394,2.4976
0.491585,0.522179,2.394,2.49911
0.49581,0.518471,2.377,2.4829
0.503525,0.518471,2.377,2.48445
0.51124,0.518471,2.377,2.48602
0.518955,0.518471,2.377,2.48762
0.52667,0.518471,2.377,2.48924
0.534385,0.518471,2.377,2.49089
0.5421,0.518471,2.377,2.49255
0.549816,0.518471,2.377,2.49424
0.557531,0.518471,2.377,2.49595
0.565246,0.518471,2.377,2.49769
0.572961,0.518471,2.377,2.49945
0.580676,0.518471,2.377,2.50122
0.588391,0.518471,2.377,2.50303
0.596106,0.518471,2.377,2.50485
0.603822,0.518471,2.377,2.5067
0.611537,0.518471,2.377,2.50857
0.619252,0.518471,2.377,2.51046
0.626967,0.518471,2.377,2.51238
0.634682,0.518471,2.377,2.51431
0.638073,0.514981,2.361,2.49933
0.645737,0.514981,2.361,2.5013
0.648972,0.511491,2.345,2.48633
0.656583,0.511491,2.345,2.48832
0.664194,0.511491,2.345,2.49034
0.667222,0.508001,2.329,2.47538
0.674781,0.508001,2.329,2.47743
0.677653,0.504511,2.313,2.46246
0.68516,0.504511,2.313,2.46454
0.692668,0.504511,2.313,2.46664
0.695635,0.50124,2.298,2.45274
0.703093,0.50124,2.298,2.45487
0.710552,0.50124,2.298,2.45702
0.713012,0.49775,2.282,2.44206
0.720418,0.49775,2.282,2.44423
0.727825,0.49775,2.282,2.44643
0.730399,0.494478,2.267,2.43255
0.737757,0.494478,2.267,2.43477
0.740185,0.491206,2.252,2.42088
0.742516,0.487934,2.237,2.40699
0.749777,0.487934,2.237,2.40924
0.757037,0.487934,2.237,2.4115
0.759515,0.484881,2.223,2.39869
0.76673,0.484881,2.223,2.40098
0.77882,0.487934,2.237,2.41843
0.78608,0.487934,2.237,2.42078
0.793341,0.487934,2.237,2.42315
0.800602,0.487934,2.237,2.42553
0.807863,0.487934,2.237,2.42794
0.820589,0.491206,2.252,2.44666
0.827898,0.491206,2.252,2.44912
0.835208,0.491206,2.252,2.4516
0.848129,0.494478,2.267,2.47045
0.861148,0.49775,2.282,2.48935
0.868555,0.49775,2.282,2.49192
0.875961,0.49775,2.282,2.49451
0.883368,0.49775,2.282,2.49712
0.897021,0.50124,2.298,2.51728
0.904479,0.50124,2.298,2.51995
0.911938,0.50124,2.298,2.52263
0.919397,0.50124,2.298,2.52534
0.926855,0.50124,2.298,2.52806
0.934314,0.50124,2.298,2.53081
0.941773,0.50124,2.298,2.53357
0.949232,0.50124,2.298,2.53635
0.95669,0.50124,2.298,2.53915
0.970443,0.504511,2.313,2.55857
0.97795,0.504511,2.313,2.56142
0.985457,0.504511,2.313,2.5643
0.992965,0.504511,2.313,2.56719
1.00047,0.504511,2.313,2.57011
1.00798,0.504511,2.313,2.57304
1.01549,0.504511,2.313,2.57599
1.03007,0.508001,2.329,2.5968
1.03763,0.508001,2.329,2.5998
1.04519,0.508001,2.329,2.60283
1.05275,0.508001,2.329,2.60588
1.06031,0.508001,2.329,2.60894
1.0752,0.511491,2.345,2.62996
1.08282,0.511491,2.345,2.63309
1.09787,0.514981,2.361,2.65421
1.10553,0.514981,2.361,2.65739
1.12074,0.518471,2.377,2.67862
1.12845,0.518471,2.377,2.68185
1.13617,0.518471,2.377,2.68511
1.15206,0.522179,2.394,2.70761
1.16807,0.525887,2.411,2.73018
1.1759,0.525887,2.411,2.73353
1.19207,0.529595,2.428,2.75621
1.19995,0.529595,2.428,2.75962
1.21629,0.533303,2.445,2.78241
1.22422,0.533303,2.445,2.78589
1.24123,0.537229,2.463,2.80992
1.24922,0.537229,2.463,2.81346
1.25722,0.537229,2.463,2.81702
1.27446,0.541155,2.481,2.84121
1.28251,0.541155,2.481,2.84483
1.29056,0.541155,2.481,2.84847
1.29862,0.541155,2.481,2.85212
1.30667,0.541155,2.481,2.8558
1.31472,0.541155,2.481,2.85949
1.32277,0.541155,2.481,2.8632
1.33083,0.541155,2.481,2.86693
1.33888,0.541155,2.481,2.87068
1.34693,0.541155,2.481,2.87445
1.35498,0.541155,2.481,2.87823
1.36304,0.541155,2.481,2.88203
1.36114,0.537229,2.463,2.86491
1.36914,0.537229,2.463,2.86871
1.37713,0.537229,2.463,2.87254
1.38513,0.537229,2.463,2.87638
1.38294,0.533303,2.445,2.85919
1.39087,0.533303,2.445,2.86303
1.39881,0.533303,2.445,2.8669
1.39696,0.529595,2.428,2.85082
1.40485,0.529595,2.428,2.85469
1.41273,0.529595,2.428,2.85858
1.42061,0.529595,2.428,2.86248
1.42849,0.529595,2.428,2.8664
1.43637,0.529595,2.428,2.87033
1.44425,0.529595,2.428,2.87428
1.45213,0.529595,2.428,2.87825
1.46001,0.529595,2.428,2.88224
1.46789,0.529595,2.428,2.88624
1.47577,0.529595,2.428,2.89025
1.48365,0.529595,2.428,2.89428
1.49153,0.529595,2.428,2.89833
1.49941,0.529595,2.428,2.9024
1.50729,0.529595,2.428,2.90647
1.51518,0.529595,2.428,2.91057
1.52306,0.529595,2.428,2.91468
1.53094,0.529595,2.428,2.9188
1.53882,0.529595,2.428,2.92295
1.5467,0.529595,2.428,2.9271
1.54369,0.525887,2.411,2.91075
1.55152,0.525887,2.411,2.91491
1.54835,0.522179,2.394,2.8985
1.54507,0.518471,2.377,2.88204
1.55279,0.518471,2.377,2.88619
1.55,0.514981,2.361,2.87089
1.5471,0.511491,2.345,2.85555
1.55472,0.511491,2.345,2.85968
1.55167,0.508001,2.329,2.84429
1.54851,0.504511,2.313,2.82885
1.55602,0.504511,2.313,2.83297
1.54257,0.49775,2.282,2.79907
1.53979,0.494478,2.267,2.78474
-1.649,0.526184,2.377,2.94044
-1.63024,0.522642,2.361,2.91636
-1.62258,0.522642,2.361,2.91208
-1.61491,0.522642,2.361,2.90782
-1.60725,0.522642,2.361,2.90357
-1.59959,0.522642,2.361,2.89934
-1.60271,0.526184,2.377,2.91474
-1.595,0.526184,2.377,2.9105
-1.58728,0.526184,2.377,2.90628
-1.57957,0.526184,2.377,2.90207
-1.57185,0.526184,2.377,2.89788
-1.56414,0.526184,2.377,2.8937
-1.56755,0.529947,2.394,2.91021
-1.55978,0.529947,2.394,2.90603
-1.55201,0.529947,2.394,2.90187
-1.54424,0.529947,2.394,2.89772
-1.54738,0.53371,2.411,2.91413
-1.53956,0.53371,2.411,2.90998
-1.54253,0.537474,2.428,2.92634
-1.53465,0.537474,2.428,2.92219
-1.52677,0.537474,2.428,2.91806
-1.51889,0.537474,2.428,2.91395
-1.51101,0.537474,2.428,2.90985
-1.51365,0.541237,2.445,2.92611
-1.50572,0.541237,2.445,2.92201
-1.50881,0.545221,2.463,2.93941
-1.50081,0.545221,2.463,2.93531
-1.49282,0.545221,2.463,2.93124
-1.48482,0.545221,2.463,2.92717
-1.48762,0.549206,2.481,2.94449
-1.46884,0.545221,2.463,2.91909
-1.46084,0.545221,2.463,2.91508
-1.44223,0.541237,2.445,2.88981
-1.43429,0.541237,2.445,2.88585
-1.42636,0.541237,2.445,2.88192
-1.40856,0.537474,2.428,2.85799
-1.40068,0.537474,2.428,2.85411
-1.3928,0.537474,2.428,2.85025
-1.38492,0.537474,2.428,2.84641
-1.37704,0.537474,2.428,2.84259
-1.36916,0.537474,2.428,2.83878
-1.36127,0.537474,2.428,2.83498
-1.36287,0.541237,2.445,2.85103
-1.36491,0.545221,2.463,2.86821
-1.35692,0.545221,2.463,2.86441
-1.36864,0.55319,2.499,2.90245
-1.38067,0.561381,2.536,2.94155
-1.37244,0.561381,2.536,2.93769
-1.37443,0.565587,2.555,2.95584
-1.38645,0.573999,2.593,2.99589
-1.37804,0.573999,2.593,2.99201
-1.38019,0.578426,2.613,3.01119
-1.3717,0.578426,2.613,3.00731
-1.36322,0.578426,2.613,3.00345
-1.35474,0.578426,2.613,2.99961
-1.33596,0.573999,2.593,2.97286
-1.32754,0.573999,2.593,2.96909
-1.30946,0.569793,2.574,2.94361
-1.2915,0.565587,2.555,2.9182
-1.28321,0.565587,2.555,2.91454
-1.26543,0.561381,2.536,2.88925
-1.24778,0.557175,2.517,2.86403
-1.23961,0.557175,2.517,2.86048
-1.23144,0.557175,2.517,2.85695
-1.22327,0.557175,2.517,2.85344
-1.2151,0.557175,2.517,2.84995
-1.20693,0.557175,2.517,2.84648
-1.19876,0.557175,2.517,2.84302
-1.1906,0.557175,2.517,2.83959
-1.18243,0.557175,2.517,2.83617
-1.17426,0.557175,2.517,2.83277
-1.16609,0.557175,2.517,2.8294
-1.15792,0.557175,2.517,2.82604
-1.14975,0.557175,2.517,2.8227
-1.13341,0.55319,2.499,2.79922
-1.1253,0.55319,2.499,2.79595
-1.11719,0.55319,2.499,2.79269
-1.10109,0.549206,2.481,2.76937
-1.09304,0.549206,2.481,2.76618
-1.08499,0.549206,2.481,2.763
-1.07693,0.549206,2.481,2.75985
-1.06888,0.549206,2.481,2.75672
-1.06083,0.549206,2.481,2.75361
-1.05278,0.549206,2.481,2.75051
-1.04472,0.549206,2.481,2.74744
-1.03667,0.549206,2.481,2.74439
-1.02116,0.545221,2.463,2.72147
-1.01316,0.545221,2.463,2.71848
-1.00517,0.545221,2.463,2.71551
-0.997172,0.545221,2.463,2.71256
-0.989178,0.545221,2.463,2.70963
-0.981184,0.545221,2.463,2.70672
-0.973189,0.545221,2.463,2.70384
-0.965195,0.545221,2.463,2.70097
-0.964196,0.549206,2.481,2.71784
-0.956143,0.549206,2.481,2.715
-0.948091,0.549206,2.481,2.71217
-0.940038,0.549206,2.481,2.70937
-0.931985,0.549206,2.481,2.70658
-0.923933,0.549206,2.481,2.70382
-0.91588,0.549206,2.481,2.70108
-0.907827,0.549206,2.481,2.69836
-0.906302,0.55319,2.499,2.71522
-0.898191,0.55319,2.499,2.71252
-0.89008,0.55319,2.499,2.70985
-0.881969,0.55319,2.499,2.70719
-0.873858,0.55319,2.499,2.70456
-0.865747,0.55319,2.499,2.70195
-0.857636,0.55319,2.499,2.69936
-0.855644,0.557175,2.517,2.71622
-0.847474,0.557175,2.517,2.71366
-0.839304,0.557175,2.517,2.71112
-0.831135,0.557175,2.517,2.7086
-0.822965,0.557175,2.517,2.70611
-0.814796,0.557175,2.517,2.70363
-0.806626,0.557175,2.517,2.70118
-0.798457,0.557175,2.517,2.69875
-0.790287,0.557175,2.517,2.69635
-0.782118,0.557175,2.517,2.69396
-0.773948,0.557175,2.517,2.6916
-0.765778,0.557175,2.517,2.68927
-0.757609,0.557175,2.517,2.68695
-0.749439,0.557175,2.517,2.68466
-0.74127,0.557175,2.517,2.68239
-0.7331,0.557175,2.517,2.68014
-0.724931,0.557175,2.517,2.67792
-0.716761,0.557175,2.517,2.67572
-0.708592,0.557175,2.517,2.67354
-0.700422,0.557175,2.517,2.67139
-0.692252,0.557175,2.517,2.66926
-0.684083,0.557175,2.517,2.66715
-0.675913,0.557175,2.517,2.66507
-0.672784,0.561381,2.536,2.68311
-0.664553,0.561381,2.536,2.68106
-0.656322,0.561381,2.536,2.67903
-0.648091,0.561381,2.536,2.67703
-0.639859,0.561381,2.536,2.67504
-0.631628,0.561381,2.536,2.67309
-0.623397,0.561381,2.536,2.67115
-0.615166,0.561381,2.536,2.66925
-0.606935,0.561381,2.536,2.66736
-0.598703,0.561381,2.536,2.6655
-0.590472,0.561381,2.536,2.66366
-0.582241,0.561381,2.536,2.66185
-0.57401,0.561381,2.536,2.66006
-0.565778,0.561381,2.536,2.6583
-0.557547,0.561381,2.536,2.65656
-0.549316,0.561381,2.536,2.65484
-0.541085,0.561381,2.536,2.65315
-0.532853,0.561381,2.536,2.65149
-0.528553,0.565587,2.555,2.6697
-0.52026,0.565587,2.555,2.66807
-0.50816,0.561381,2.536,2.64663
-0.499929,0.561381,2.536,2.64507
-0.491697,0.561381,2.536,2.64352
-0.483466,0.561381,2.536,2.642
-0.475235,0.561381,2.536,2.64051
-0.470502,0.565587,2.555,2.65881
-0.46221,0.565587,2.555,2.65736
-0.453917,0.565587,2.555,2.65593
-0.445624,0.565587,2.555,2.65452
-0.437331,0.565587,2.555,2.65314
-0.429038,0.565587,2.555,2.65179
-0.417616,0.561381,2.536,2.63075
-0.409385,0.561381,2.536,2.62946
-0.401154,0.561381,2.536,2.62819
-0.392923,0.561381,2.536,2.62694
-0.381809,0.557175,2.517,2.60605
-0.37364,0.557175,2.517,2.60487
-0.36547,0.557175,2.517,2.60371
-0.357301,0.557175,2.517,2.60258
-0.349131,0.557175,2.517,2.60147
-0.338523,0.55319,2.499,2.58179
-0.328032,0.549206,2.481,2.56215
-0.319979,0.549206,2.481,2.56113
-0.311927,0.549206,2.481,2.56013
-0.301669,0.545221,2.463,2.5406
-0.293675,0.545221,2.463,2.53966
-0.285681,0.545221,2.463,2.53875
-0.277686,0.545221,2.463,2.53786
-0.269692,0.545221,2.463,2.537
-0.261698,0.545221,2.463,2.53616
-0.253704,0.545221,2.463,2.53535
-0.245709,0.545221,2.463,2.53456
-0.237715,0.545221,2.463,2.5338
-0.229721,0.545221,2.463,2.53306
-0.221726,0.545221,2.463,2.53235
-0.215294,0.549206,2.481,2.55016
-0.207241,0.549206,2.481,2.5495
-0.200634,0.55319,2.499,2.56735
-0.192523,0.55319,2.499,2.56673
-0.184412,0.55319,2.499,2.56613
-0.1763,0.55319,2.499,2.56556
-0.168189,0.55319,2.499,2.56502
-0.161231,0.557175,2.517,2.58297
-0.153062,0.557175,2.517,2.58247
-0.144892,0.557175,2.517,2.582
-0.137755,0.561381,2.536,2.60104
-0.129523,0.561381,2.536,2.60062
-0.121292,0.561381,2.536,2.60022
-0.113061,0.561381,2.536,2.59985
-0.10483,0.561381,2.536,2.59951
-0.0965985,0.561381,2.536,2.59919
-0.0890293,0.565587,2.555,2.61837
-0.0807364,0.565587,2.555,2.6181
-0.0724435,0.565587,2.555,2.61785
-0.0641506,0.565587,2.555,2.61764
-0.0562731,0.569793,2.574,2.63691
-0.0479185,0.569793,2.574,2.63675
-0.039564,0.569793,2.574,2.63661
-0.0312094,0.569793,2.574,2.6365
-0.0228548,0.569793,2.574,2.63641
-0.0145003,0.569793,2.574,2.63635
-0.00614571,0.569793,2.574,2.63632
0.00220886,0.569793,2.574,2.63631
0.0105634,0.569793,2.574,2.63633
0.018918,0.569793,2.574,2.63638
0.0272725,0.569793,2.574,2.63645
0.0356271,0.569793,2.574,2.63655
0.0439817,0.569793,2.574,2.63668
0.0523362,0.569793,2.574,2.63683
0.0602428,0.565587,2.555,2.61755
0.0685357,0.565587,2.555,2.61775
0.0768286,0.565587,2.555,2.61798
0.0844885,0.561381,2.536,2.59877
0.0927197,0.561381,2.536,2.59905
0.100195,0.557175,2.517,2.57988
0.108364,0.557175,2.517,2.58021
0.116534,0.557175,2.517,2.58056
0.124703,0.557175,2.517,2.58095
0.132873,0.557175,2.517,2.58135
0.141042,0.557175,2.517,2.58179
0.149212,0.557175,2.517,2.58225
0.157382,0.557175,2.517,2.58273
0.165551,0.557175,2.517,2.58324
0.172478,0.55319,2.499,2.5653
0.180589,0.55319,2.499,2.56586
0.188701,0.55319,2.499,2.56644
0.196812,0.55319,2.499,2.56705
0.204923,0.55319,2.499,2.56769
0.213034,0.55319,2.499,2.56835
0.221145,0.55319,2.499,2.56903
0.229256,0.55319,2.499,2.56974
0.239077,0.557175,2.517,2.58899
0.245479,0.55319,2.499,2.57124
0.25359,0.55319,2.499,2.57203
0.263586,0.557175,2.517,2.59137
0.271755,0.557175,2.517,2.59222
0.277923,0.55319,2.499,2.57454
0.286034,0.55319,2.499,2.57543
0.294145,0.55319,2.499,2.57634
0.304434,0.557175,2.517,2.59585
0.310368,0.55319,2.499,2.57825
0.318479,0.55319,2.499,2.57923
0.324237,0.549206,2.481,2.56166
0.33229,0.549206,2.481,2.5627
0.340343,0.549206,2.481,2.56375
0.348396,0.549206,2.481,2.56483
0.356448,0.549206,2.481,2.56594
0.364501,0.549206,2.481,2.56707
0.372554,0.549206,2.481,2.56823
0.380606,0.549206,2.481,2.56941
0.388659,0.549206,2.481,2.57061
0.393834,0.545221,2.463,2.55318
0.401828,0.545221,2.463,2.55443
0.406827,0.541237,2.445,2.53702
0.414763,0.541237,2.445,2.5383
0.422699,0.541237,2.445,2.53961
0.427641,0.537474,2.428,2.52328
0.435521,0.537474,2.428,2.52463
0.443402,0.537474,2.428,2.526
0.448123,0.53371,2.411,2.5097
0.455948,0.53371,2.411,2.51111
0.463774,0.53371,2.411,2.51254
0.468274,0.529947,2.394,2.49627
0.476045,0.529947,2.394,2.49774
0.483815,0.529947,2.394,2.49923
0.491585,0.529947,2.394,2.50075
0.49581,0.526184,2.377,2.48452
0.503525,0.526184,2.377,2.48607
0.51124,0.526184,2.377,2.48764
0.518955,0.526184,2.377,2.48924
0.530437,0.529947,2.394,2.50867
0.538207,0.529947,2.394,2.51033
0.545977,0.529947,2.394,2.51201
0.55768,0.53371,2.411,2.53156
0.565506,0.53371,2.411,2.53329
0.573331,0.53371,2.411,2.53505
0.581156,0.53371,2.411,2.53683
0.588982,0.53371,2.411,2.53864
0.596808,0.53371,2.411,2.54046
0.604633,0.53371,2.411,2.54231
0.612459,0.53371,2.411,2.54418
0.611537,0.526184,2.377,2.51017
0.619252,0.526184,2.377,2.51207
0.626967,0.526184,2.377,2.51398
0.634682,0.526184,2.377,2.51591
0.638073,0.522642,2.361,2.50092
0.645737,0.522642,2.361,2.50289
0.648972,0.5191,2.345,2.4879
0.656583,0.5191,2.345,2.4899
0.664194,0.5191,2.345,2.49192
0.667222,0.515558,2.329,2.47694
0.674781,0.515558,2.329,2.47899
0.677653,0.512017,2.313,2.46401
0.68516,0.512017,2.313,2.46609
0.692668,0.512017,2.313,2.46818
0.695635,0.508696,2.298,2.45428
0.703093,0.508696,2.298,2.4564
0.705605,0.505154,2.282,2.44143
0.713012,0.505154,2.282,2.44358
0.720418,0.505154,2.282,2.44575
0.723041,0.501834,2.267,2.43185
0.725566,0.498513,2.252,2.41795
0.732876,0.498513,2.252,2.42015
0.740185,0.498513,2.252,2.42237
0.742516,0.495193,2.237,2.40847
0.749777,0.495193,2.237,2.41072
0.757037,0.495193,2.237,2.41298
0.759515,0.492094,2.223,2.40016
0.76673,0.492094,2.223,2.40245
0.77882,0.495193,2.237,2.41991
0.78608,0.495193,2.237,2.42225
0.793341,0.495193,2.237,2.42462
0.800602,0.495193,2.237,2.427
0.807863,0.495193,2.237,2.42941
0.820589,0.498513,2.252,2.44814
0.827898,0.498513,2.252,2.4506
0.835208,0.498513,2.252,2.45308
0.848129,0.501834,2.267,2.47193
0.861148,0.505154,2.282,2.49084
0.868555,0.505154,2.282,2.49341
0.875961,0.505154,2.282,2.496
0.883368,0.505154,2.282,2.49861
0.897021,0.508696,2.298,2.51877
0.904479,0.508696,2.298,2.52144
0.911938,0.508696,2.298,2.52413
0.919397,0.508696,2.298,2.52683
0.926855,0.508696,2.298,2.52955
0.934314,0.508696,2.298,2.5323
0.941773,0.508696,2.298,2.53506
0.949232,0.508696,2.298,2.53784
0.95669,0.508696,2.298,2.54064
0.970443,0.512017,2.313,2.56006
0.97795,0.512017,2.313,2.56291
0.985457,0.512017,2.313,2.56579
0.992965,0.512017,2.313,2.56868
1.00047,0.512017,2.313,2.57159
1.00798,0.512017,2.313,2.57452
1.01549,0.512017,2.313,2.57747
1.03007,0.515558,2.329,2.59829
1.03763,0.515558,2.329,2.60129
1.04519,0.515558,2.329,2.60432
1.05275,0.515558,2.329,2.60736
1.06031,0.515558,2.329,2.61042
1.0752,0.5191,2.345,2.63145
1.08282,0.5191,2.345,2.63457
1.09787,0.522642,2.361,2.65571
1.10553,0.522642,2.361,2.65889
1.12074,0.526184,2.377,2.68012
1.13652,0.529947,2.394,2.70255
1.14429,0.529947,2.394,2.70582
1.15206,0.529947,2.394,2.70912
1.16807,0.53371,2.411,2.73169
1.1759,0.53371,2.411,2.73505
1.18372,0.53371,2.411,2.73842
1.19995,0.537474,2.428,2.76115
1.21629,0.541237,2.445,2.78394
1.22422,0.541237,2.445,2.78741
1.24123,0.545221,2.463,2.81146
1.25835,0.549206,2.481,2.83557
1.2664,0.549206,2.481,2.83915
1.27446,0.549206,2.481,2.84275
1.28251,0.549206,2.481,2.84637
1.29056,0.549206,2.481,2.85001
1.30804,0.55319,2.499,2.87437
1.31615,0.55319,2.499,2.87807
1.32426,0.55319,2.499,2.88178
1.33237,0.55319,2.499,2.88552
1.33083,0.549206,2.481,2.86846
1.33888,0.549206,2.481,2.87221
1.34693,0.549206,2.481,2.87597
1.34515,0.545221,2.463,2.85886
1.35315,0.545221,2.463,2.86263
1.36114,0.545221,2.463,2.86642
1.35913,0.541237,2.445,2.84925
1.36707,0.541237,2.445,2.85304
1.375,0.541237,2.445,2.85685
1.38294,0.541237,2.445,2.86068
1.39087,0.541237,2.445,2.86452
1.39881,0.541237,2.445,2.86839
1.39696,0.537474,2.428,2.85229
1.40485,0.537474,2.428,2.85616
1.41273,0.537474,2.428,2.86005
1.41066,0.53371,2.411,2.84389
1.41849,0.53371,2.411,2.84778
1.42631,0.53371,2.411,2.85169
1.43414,0.53371,2.411,2.85561
1.44196,0.53371,2.411,2.85955
1.44979,0.53371,2.411,2.8635
1.45761,0.53371,2.411,2.86747
1.46544,0.53371,2.411,2.87146
1.47326,0.53371,2.411,2.87546
1.48109,0.53371,2.411,2.87948
1.48892,0.53371,2.411,2.88351
1.49674,0.53371,2.411,2.88756
1.50457,0.53371,2.411,2.89162
1.51239,0.53371,2.411,2.8957
1.52022,0.53371,2.411,2.8998
1.52804,0.53371,2.411,2.90391
1.53587,0.53371,2.411,2.90803
1.53281,0.529947,2.394,2.89164
1.54058,0.529947,2.394,2.89577
1.54835,0.529947,2.394,2.89991
1.54507,0.526184,2.377,2.88344
1.55279,0.526184,2.377,2.88758
1.55,0.522642,2.361,2.87228
1.5471,0.5191,2.345,2.85693
1.55472,0.5191,2.345,2.86105
1.55167,0.515558,2.329,2.84565
1.54851,0.512017,2.313,2.8302
1.55602,0.512017,2.313,2.83431
1.54257,0.505154,2.282,2.8004
1.53979,0.501834,2.267,2.78605
-1.649,0.533897,2.377,2.94183
-1.64129,0.533897,2.377,2.93752
-1.63357,0.533897,2.377,2.93321
-1.62586,0.533897,2.377,2.92892
-1.61814,0.533897,2.377,2.92465
-1.61043,0.533897,2.377,2.92039
-1.61417,0.537715,2.394,2.93699
-1.6064,0.537715,2.394,2.93273
-1.59863,0.537715,2.394,2.92848
-1.59086,0.537715,2.394,2.92425
-1.58309,0.537715,2.394,2.92003
-1.57532,0.537715,2.394,2.91582
-1.56755,0.537715,2.394,2.91163
-1.57086,0.541534,2.411,2.9281
-1.56303,0.541534,2.411,2.92391
-1.55521,0.541534,2.411,2.91973
-1.55829,0.545352,2.428,2.93613
-1.55041,0.545352,2.428,2.93196
-1.54253,0.545352,2.428,2.9278
-1.53465,0.545352,2.428,2.92365
-1.52677,0.545352,2.428,2.91952
-1.51889,0.545352,2.428,2.91541
-1.52159,0.54917,2.445,2.9317
-1.5248,0.553213,2.463,2.94914
-1.5168,0.553213,2.463,2.94501
-1.50881,0.553213,2.463,2.9409
-1.50081,0.553213,2.463,2.93681
-1.49282,0.553213,2.463,2.93273
-1.48482,0.553213,2.463,2.92867
-1.48762,0.557256,2.481,2.946
-1.47957,0.557256,2.481,2.94194
-1.46084,0.553213,2.463,2.91659
-1.44223,0.54917,2.445,2.8913
-1.43429,0.54917,2.445,2.88735
-1.42636,0.54917,2.445,2.88342
-1.41842,0.54917,2.445,2.8795
-1.41049,0.54917,2.445,2.8756
-1.3928,0.545352,2.428,2.85175
-1.38492,0.545352,2.428,2.84791
-1.37704,0.545352,2.428,2.84409
-1.36916,0.545352,2.428,2.84028
-1.36127,0.545352,2.428,2.83649
-1.36287,0.54917,2.445,2.85255
-1.36491,0.553213,2.463,2.86974
-1.35692,0.553213,2.463,2.86594
-1.36864,0.561299,2.499,2.904
-1.38067,0.56961,2.536,2.94313
-1.37244,0.56961,2.536,2.93928
-1.37443,0.573877,2.555,2.95743
-1.38645,0.582413,2.593,2.99752
-1.37804,0.582413,2.593,2.99363
-1.38019,0.586905,2.613,3.01283
-1.3717,0.586905,2.613,3.00895
-1.36322,0.586905,2.613,3.0051
-1.35474,0.586905,2.613,3.00126
-1.33596,0.582413,2.593,2.9745
-1.32754,0.582413,2.593,2.97073
-1.30946,0.578145,2.574,2.94523
-1.2915,0.573877,2.555,2.91982
-1.28321,0.573877,2.555,2.91616
-1.26543,0.56961,2.536,2.89086
-1.24778,0.565342,2.517,2.86563
-1.23961,0.565342,2.517,2.86209
-1.23144,0.565342,2.517,2.85856
-1.22327,0.565342,2.517,2.85505
-1.2151,0.565342,2.517,2.85156
-1.20693,0.565342,2.517,2.84809
-1.19876,0.565342,2.517,2.84463
-1.1906,0.565342,2.517,2.8412
-1.18243,0.565342,2.517,2.83779
-1.17426,0.565342,2.517,2.83439
-1.16609,0.565342,2.517,2.83102
-1.15792,0.565342,2.517,2.82766
-1.14153,0.561299,2.499,2.80413
-1.13341,0.561299,2.499,2.80084
-1.1172,0.557256,2.481,2.77741
-1.10914,0.557256,2.481,2.77418
-1.10109,0.557256,2.481,2.77097
-1.09304,0.557256,2.481,2.76778
-1.08499,0.557256,2.481,2.76461
-1.07693,0.557256,2.481,2.76146
-1.06888,0.557256,2.481,2.75833
-1.06083,0.557256,2.481,2.75522
-1.05278,0.557256,2.481,2.75213
-1.04472,0.557256,2.481,2.74906
-1.03667,0.557256,2.481,2.74601
-1.02116,0.553213,2.463,2.72308
-1.01316,0.553213,2.463,2.72009
-1.00517,0.553213,2.463,2.71713
-0.997172,0.553213,2.463,2.71418
-0.989178,0.553213,2.463,2.71125
-0.981184,0.553213,2.463,2.70835
-0.973189,0.553213,2.463,2.70546
-0.965195,0.553213,2.463,2.70259
-0.964196,0.557256,2.481,2.71948
-0.956143,0.557256,2.481,2.71664
-0.948091,0.557256,2.481,2.71381
-0.940038,0.557256,2.481,2.71101
-0.931985,0.557256,2.481,2.70823
-0.923933,0.557256,2.481,2.70547
-0.91588,0.557256,2.481,2.70273
-0.907827,0.557256,2.481,2.70001
-0.906302,0.561299,2.499,2.71688
-0.898191,0.561299,2.499,2.71419
-0.89008,0.561299,2.499,2.71151
-0.881969,0.561299,2.499,2.70886
-0.873858,0.561299,2.499,2.70623
-0.865747,0.561299,2.499,2.70362
-0.857636,0.561299,2.499,2.70104
-0.855644,0.565342,2.517,2.71791
-0.847474,0.565342,2.517,2.71535
-0.839304,0.565342,2.517,2.71281
-0.831135,0.565342,2.517,2.71029
-0.822965,0.565342,2.517,2.7078
-0.814796,0.565342,2.517,2.70533
-0.806626,0.565342,2.517,2.70288
-0.798457,0.565342,2.517,2.70045
-0.790287,0.565342,2.517,2.69805
-0.782118,0.565342,2.517,2.69566
-0.773948,0.565342,2.517,2.69331
-0.765778,0.565342,2.517,2.69097
-0.757609,0.565342,2.517,2.68866
-0.749439,0.565342,2.517,2.68637
-0.74127,0.565342,2.517,2.6841
-0.7331,0.565342,2.517,2.68185
-0.730403,0.56961,2.536,2.69986
-0.722172,0.56961,2.536,2.69764
-0.71394,0.56961,2.536,2.69545
-0.705709,0.56961,2.536,2.69328
-0.697478,0.56961,2.536,2.69114
-0.689247,0.56961,2.536,2.68902
-0.681016,0.56961,2.536,2.68692
-0.672784,0.56961,2.536,2.68484
-0.664553,0.56961,2.536,2.68279
-0.656322,0.56961,2.536,2.68077
-0.648091,0.56961,2.536,2.67876
-0.639859,0.56961,2.536,2.67678
-0.631628,0.56961,2.536,2.67483
-0.623397,0.56961,2.536,2.6729
-0.615166,0.56961,2.536,2.67099
-0.606935,0.56961,2.536,2.6691
-0.603189,0.573877,2.555,2.68723
-0.594896,0.573877,2.555,2.68538
-0.582241,0.56961,2.536,2.6636
-0.57401,0.56961,2.536,2.66181
-0.565778,0.56961,2.536,2.66005
-0.557547,0.56961,2.536,2.65831
-0.549316,0.56961,2.536,2.6566
-0.541085,0.56961,2.536,2.65491
-0.532853,0.56961,2.536,2.65324
-0.528553,0.573877,2.555,2.67147
-0.52026,0.573877,2.555,2.66984
-0.50816,0.56961,2.536,2.64839
-0.499929,0.56961,2.536,2.64682
-0.491697,0.56961,2.536,2.64528
-0.483466,0.56961,2.536,2.64376
-0.475235,0.56961,2.536,2.64227
-0.470502,0.573877,2.555,2.66059
-0.46221,0.573877,2.555,2.65913
-0.453917,0.573877,2.555,2.65771
-0.445624,0.573877,2.555,2.6563
-0.437331,0.573877,2.555,2.65492
-0.429038,0.573877,2.555,2.65357
-0.417616,0.56961,2.536,2.63252
-0.409385,0.56961,2.536,2.63123
-0.401154,0.56961,2.536,2.62996
-0.392923,0.56961,2.536,2.62871
-0.381809,0.565342,2.517,2.60781
-0.37364,0.565342,2.517,2.60663
-0.36547,0.565342,2.517,2.60547
-0.357301,0.565342,2.517,2.60434
-0.349131,0.565342,2.517,2.60323
-0.338523,0.561299,2.499,2.58354
-0.330412,0.561299,2.499,2.58249
-0.322301,0.561299,2.499,2.58146
-0.311927,0.557256,2.481,2.56187
-0.303874,0.557256,2.481,2.56091
-0.295821,0.557256,2.481,2.55996
-0.285681,0.553213,2.463,2.54048
-0.277686,0.553213,2.463,2.53959
-0.269692,0.553213,2.463,2.53873
-0.261698,0.553213,2.463,2.53789
-0.253704,0.553213,2.463,2.53708
-0.245709,0.553213,2.463,2.53629
-0.239452,0.557256,2.481,2.55406
-0.2314,0.557256,2.481,2.55332
-0.223347,0.557256,2.481,2.5526
-0.216856,0.561299,2.499,2.57043
-0.208745,0.561299,2.499,2.56975
-0.200634,0.561299,2.499,2.56911
-0.192523,0.561299,2.499,2.56849
-0.18574,0.565342,2.517,2.58639
-0.17757,0.565342,2.517,2.58581
-0.169401,0.565342,2.517,2.58527
-0.161231,0.565342,2.517,2.58474
-0.153062,0.565342,2.517,2.58425
-0.145986,0.56961,2.536,2.60328
-0.137755,0.56961,2.536,2.60283
-0.129523,0.56961,2.536,2.60241
-0.121292,0.56961,2.536,2.60201
-0.113908,0.573877,2.555,2.62113
-0.105615,0.573877,2.555,2.62079
-0.0973222,0.573877,2.555,2.62046
-0.0890293,0.573877,2.555,2.62017
-0.0813368,0.578145,2.574,2.63938
-0.0729822,0.578145,2.574,2.63914
-0.0646277,0.578145,2.574,2.63892
-0.0562731,0.578145,2.574,2.63873
-0.0479185,0.578145,2.574,2.63856
-0.039564,0.578145,2.574,2.63843
-0.0312094,0.578145,2.574,2.63831
-0.0228548,0.578145,2.574,2.63823
-0.0145003,0.578145,2.574,2.63817
-0.00614571,0.578145,2.574,2.63814
0.00220886,0.578145,2.574,2.63813
0.0105634,0.578145,2.574,2.63815
0.018918,0.578145,2.574,2.6382
0.0272725,0.578145,2.574,2.63827
0.0356271,0.578145,2.574,2.63837
0.0439817,0.578145,2.574,2.6385
0.0523362,0.578145,2.574,2.63865
0.0602428,0.573877,2.555,2.61935
0.0685357,0.573877,2.555,2.61955
0.0768286,0.573877,2.555,2.61978
0.0851215,0.573877,2.555,2.62004
0.0927197,0.56961,2.536,2.60084
0.100951,0.56961,2.536,2.60114
0.109182,0.56961,2.536,2.60148
0.117413,0.56961,2.536,2.60183
0.124703,0.565342,2.517,2.58272
0.132873,0.565342,2.517,2.58313
0.141042,0.565342,2.517,2.58356
0.149212,0.565342,2.517,2.58402
0.157382,0.565342,2.517,2.58451
0.165551,0.565342,2.517,2.58502
0.173721,0.565342,2.517,2.58555
0.18189,0.565342,2.517,2.58611
0.188701,0.561299,2.499,2.5682
0.196812,0.561299,2.499,2.56881
0.204923,0.561299,2.499,2.56945
0.213034,0.561299,2.499,2.57011
0.221145,0.561299,2.499,2.57079
0.229256,0.561299,2.499,2.5715
0.237367,0.561299,2.499,2.57224
0.245479,0.561299,2.499,2.573
0.25359,0.561299,2.499,2.57378
0.263586,0.565342,2.517,2.59314
0.269812,0.561299,2.499,2.57543
0.277923,0.561299,2.499,2.5763
0.286034,0.561299,2.499,2.57718
0.294145,0.561299,2.499,2.5781
0.304434,0.565342,2.517,2.59761
0.310368,0.561299,2.499,2.58
0.318479,0.561299,2.499,2.58099
0.324237,0.557256,2.481,2.5634
0.33229,0.557256,2.481,2.56443
0.340343,0.557256,2.481,2.56549
0.348396,0.557256,2.481,2.56657
0.356448,0.557256,2.481,2.56767
0.364501,0.557256,2.481,2.5688
0.372554,0.557256,2.481,2.56996
0.380606,0.557256,2.481,2.57114
0.388659,0.557256,2.481,2.57234
0.393834,0.553213,2.463,2.5549
0.401828,0.553213,2.463,2.55615
0.406827,0.54917,2.445,2.53872
0.414763,0.54917,2.445,2.54001
0.422699,0.54917,2.445,2.54132
0.427641,0.545352,2.428,2.52497
0.435521,0.545352,2.428,2.52632
0.443402,0.545352,2.428,2.52769
0.448123,0.541534,2.411,2.51137
0.455948,0.541534,2.411,2.51278
0.463774,0.541534,2.411,2.51421
0.468274,0.537715,2.394,2.49793
0.476045,0.537715,2.394,2.4994
0.483815,0.537715,2.394,2.50089
0.491585,0.537715,2.394,2.5024
0.49581,0.533897,2.377,2.48616
0.503525,0.533897,2.377,2.48771
0.51124,0.533897,2.377,2.48929
0.518955,0.533897,2.377,2.49088
0.530437,0.537715,2.394,2.51033
0.538207,0.537715,2.394,2.51198
0.545977,0.537715,2.394,2.51366
0.55768,0.541534,2.411,2.53322
0.565506,0.541534,2.411,2.53495
0.573331,0.541534,2.411,2.53671
0.581156,0.541534,2.411,2.53849
0.588982,0.541534,2.411,2.54029
0.596808,0.541534,2.411,2.54212
0.604633,0.541534,2.411,2.54397
0.612459,0.541534,2.411,2.54584
0.61591,0.537715,2.394,2.52977
0.619252,0.533897,2.377,2.51369
0.626967,0.533897,2.377,2.5156
0.634682,0.533897,2.377,2.51754
0.638073,0.530303,2.361,2.50253
0.645737,0.530303,2.361,2.5045
0.6534,0.530303,2.361,2.50649
0.656583,0.526709,2.345,2.4915
0.664194,0.526709,2.345,2.49351
0.667222,0.523116,2.329,2.47852
0.674781,0.523116,2.329,2.48057
0.677653,0.519522,2.313,2.46558
0.68516,0.519522,2.313,2.46765
0.688176,0.516153,2.298,2.45373
0.695635,0.516153,2.298,2.45584
0.703093,0.516153,2.298,2.45796
0.705605,0.512559,2.282,2.44297
0.713012,0.512559,2.282,2.44512
0.720418,0.512559,2.282,2.44729
0.723041,0.50919,2.267,2.43338
0.725566,0.505821,2.252,2.41946
0.732876,0.505821,2.252,2.42167
0.740185,0.505821,2.252,2.42389
0.742516,0.502452,2.237,2.40997
0.749777,0.502452,2.237,2.41222
0.757037,0.502452,2.237,2.41448
0.764298,0.502452,2.237,2.41677
0.771559,0.502452,2.237,2.41908
0.77882,0.502452,2.237,2.4214
0.78608,0.502452,2.237,2.42375
0.793341,0.502452,2.237,2.42611
0.800602,0.502452,2.237,2.4285
0.807863,0.502452,2.237,2.4309
0.820589,0.505821,2.252,2.44964
0.833413,0.50919,2.267,2.46843
0.840771,0.50919,2.267,2.47092
0.853741,0.512559,2.282,2.4898
0.861148,0.512559,2.282,2.49235
0.868555,0.512559,2.282,2.49492
0.875961,0.512559,2.282,2.49751
0.889562,0.516153,2.298,2.51765
0.897021,0.516153,2.298,2.52029
0.904479,0.516153,2.298,2.52295
0.917891,0.519522,2.313,2.54212
0.925398,0.519522,2.313,2.54484
0.932905,0.519522,2.313,2.54758
0.940413,0.519522,2.313,2.55034
0.94792,0.519522,2.313,2.55312
0.955428,0.519522,2.313,2.55592
0.962935,0.519522,2.313,2.55873
0.970443,0.519522,2.313,2.56157
0.97795,0.519522,2.313,2.56442
0.985457,0.519522,2.313,2.56729
0.992965,0.519522,2.313,2.57019
1.00047,0.519522,2.313,2.57309
1.00798,0.519522,2.313,2.57602
1.01549,0.519522,2.313,2.57897
1.03007,0.523116,2.329,2.5998
1.03763,0.523116,2.329,2.6028
1.04519,0.523116,2.329,2.60582
1.05998,0.526709,2.345,2.62679
1.06759,0.526709,2.345,2.62987
1.0752,0.526709,2.345,2.63297
1.0902,0.530303,2.361,2.65407
1.09787,0.530303,2.361,2.65723
1.10553,0.530303,2.361,2.6604
1.12074,0.533897,2.377,2.68165
1.12845,0.533897,2.377,2.68488
1.13617,0.533897,2.377,2.68813
1.15206,0.537715,2.394,2.71065
1.16807,0.541534,2.411,2.73323
1.1759,0.541534,2.411,2.73659
1.18372,0.541534,2.411,2.73996
1.19995,0.545352,2.428,2.76269
1.21629,0.54917,2.445,2.78549
1.22422,0.54917,2.445,2.78897
1.24123,0.553213,2.463,2.81302
1.25835,0.557256,2.481,2.83714
1.2664,0.557256,2.481,2.84072
1.27446,0.557256,2.481,2.84432
1.28251,0.557256,2.481,2.84793
1.29056,0.557256,2.481,2.85157
1.30804,0.561299,2.499,2.87594
1.31615,0.561299,2.499,2.87964
1.32426,0.561299,2.499,2.88335
1.33237,0.561299,2.499,2.88709
1.33083,0.557256,2.481,2.87002
1.33888,0.557256,2.481,2.87376
1.34693,0.557256,2.481,2.87752
1.34515,0.553213,2.463,2.86039
1.35315,0.553213,2.463,2.86416
1.36114,0.553213,2.463,2.86795
1.35913,0.54917,2.445,2.85076
1.36707,0.54917,2.445,2.85456
1.375,0.54917,2.445,2.85836
1.38294,0.54917,2.445,2.86219
1.39087,0.54917,2.445,2.86603
1.39881,0.54917,2.445,2.86989
1.39696,0.545352,2.428,2.85379
1.40485,0.545352,2.428,2.85765
1.41273,0.545352,2.428,2.86154
1.41066,0.541534,2.411,2.84537
1.41849,0.541534,2.411,2.84926
1.42631,0.541534,2.411,2.85316
1.43414,0.541534,2.411,2.85708
1.44196,0.541534,2.411,2.86102
1.44979,0.541534,2.411,2.86497
1.45761,0.541534,2.411,2.86894
1.46544,0.541534,2.411,2.87292
1.47326,0.541534,2.411,2.87692
1.48109,0.541534,2.411,2.88094
1.48892,0.541534,2.411,2.88497
1.49674,0.541534,2.411,2.88902
1.50457,0.541534,2.411,2.89308
1.51239,0.541534,2.411,2.89716
1.52022,0.541534,2.411,2.90125
1.52804,0.541534,2.411,2.90536
1.53587,0.541534,2.411,2.90948
1.53281,0.537715,2.394,2.89307
1.54058,0.537715,2.394,2.8972
1.54835,0.537715,2.394,2.90134
1.53467,0.530303,2.361,2.86544
1.54233,0.530303,2.361,2.86955
1.53949,0.526709,2.345,2.8542
1.53655,0.523116,2.329,2.83881
1.54411,0.523116,2.329,2.84291
1.54101,0.519522,2.313,2.82747
1.53847,0.516153,2.298,2.8132
1.54593,0.516153,2.298,2.81729
1.54257,0.512559,2.282,2.80174
1.53979,0.50919,2.267,2.78739
-1.649,0.54161,2.377,2.94324
-1.64129,0.54161,2.377,2.93893
-1.63357,0.54161,2.377,2.93463
-1.62586,0.54161,2.377,2.93034
-1.61814,0.54161,2.377,2.92606
-1.61043,0.54161,2.377,2.92181
-1.61417,0.545483,2.394,2.93843
-1.6064,0.545483,2.394,2.93416
-1.59863,0.545483,2.394,2.92992
-1.59086,0.545483,2.394,2.92569
-1.58309,0.545483,2.394,2.92147
-1.58651,0.549357,2.411,2.93798
-1.57868,0.549357,2.411,2.93376
-1.57086,0.549357,2.411,2.92956
-1.56303,0.549357,2.411,2.92537
-1.55521,0.549357,2.411,2.9212
-1.55829,0.55323,2.428,2.93761
-1.55041,0.55323,2.428,2.93343
-1.54253,0.55323,2.428,2.92927
-1.53465,0.55323,2.428,2.92513
-1.52677,0.55323,2.428,2.92101
-1.51889,0.55323,2.428,2.91689
-1.52159,0.557104,2.445,2.93319
-1.5248,0.561205,2.463,2.95065
-1.5168,0.561205,2.463,2.94652
-1.50881,0.561205,2.463,2.94242
-1.50081,0.561205,2.463,2.93833
-1.49282,0.561205,2.463,2.93425
-1.48482,0.561205,2.463,2.93019
-1.48762,0.565307,2.481,2.94753
-1.47957,0.565307,2.481,2.94348
-1.46084,0.561205,2.463,2.91811
-1.44223,0.557104,2.445,2.89282
-1.43429,0.557104,2.445,2.88887
-1.42636,0.557104,2.445,2.88494
-1.41842,0.557104,2.445,2.88103
-1.41049,0.557104,2.445,2.87713
-1.3928,0.55323,2.428,2.85327
-1.38492,0.55323,2.428,2.84943
-1.37704,0.55323,2.428,2.84561
-1.36916,0.55323,2.428,2.8418
-1.36127,0.55323,2.428,2.83801
-1.36287,0.557104,2.445,2.85409
-1.36491,0.561205,2.463,2.87129
-1.35692,0.561205,2.463,2.8675
-1.36864,0.569408,2.499,2.90558
-1.38067,0.577839,2.536,2.94473
-1.37244,0.577839,2.536,2.94088
-1.37443,0.582168,2.555,2.95905
-1.38645,0.590826,2.593,2.99916
-1.37804,0.590826,2.593,2.99528
-1.38019,0.595384,2.613,3.01449
-1.3717,0.595384,2.613,3.01062
-1.36322,0.595384,2.613,3.00676
-1.34437,0.590826,2.593,2.97994
-1.32617,0.586497,2.574,2.95435
-1.31781,0.586497,2.574,2.95061
-1.30946,0.586497,2.574,2.94689
-1.2915,0.582168,2.555,2.92146
-1.28321,0.582168,2.555,2.9178
-1.25595,0.57351,2.517,2.87082
-1.23886,0.569408,2.499,2.84675
-1.23075,0.569408,2.499,2.84323
-1.22264,0.569408,2.499,2.83973
-1.21453,0.569408,2.499,2.83625
-1.20641,0.569408,2.499,2.83278
-1.1983,0.569408,2.499,2.82934
-1.19019,0.569408,2.499,2.82591
-1.18208,0.569408,2.499,2.82251
-1.17397,0.569408,2.499,2.81912
-1.16586,0.569408,2.499,2.81575
-1.15775,0.569408,2.499,2.8124
-1.14964,0.569408,2.499,2.80907
-1.14153,0.569408,2.499,2.80576
-1.12525,0.565307,2.481,2.78229
-1.1172,0.565307,2.481,2.77904
-1.10914,0.565307,2.481,2.77581
-1.10109,0.565307,2.481,2.7726
-1.09304,0.565307,2.481,2.76942
-1.08499,0.565307,2.481,2.76625
-1.07693,0.565307,2.481,2.7631
-1.06888,0.565307,2.481,2.75997
-1.06083,0.565307,2.481,2.75686
-1.04514,0.561205,2.463,2.73379
-1.03714,0.561205,2.463,2.73075
-1.03667,0.565307,2.481,2.74766
-1.02862,0.565307,2.481,2.74463
-1.01316,0.561205,2.463,2.72173
-1.00517,0.561205,2.463,2.71876
-0.997172,0.561205,2.463,2.71582
-0.989178,0.561205,2.463,2.71289
-0.981184,0.561205,2.463,2.70999
-0.973189,0.561205,2.463,2.70711
-0.965195,0.561205,2.463,2.70424
-0.964196,0.565307,2.481,2.72114
-0.956143,0.565307,2.481,2.7183
-0.948091,0.565307,2.481,2.71548
-0.940038,0.565307,2.481,2.71267
-0.931985,0.565307,2.481,2.70989
-0.923933,0.565307,2.481,2.70714
-0.91588,0.565307,2.481,2.7044
-0.907827,0.565307,2.481,2.70168
-0.899774,0.565307,2.481,2.69899
-0.891722,0.565307,2.481,2.69631
-0.883669,0.565307,2.481,2.69366
-0.875616,0.565307,2.481,2.69103
-0.867564,0.565307,2.481,2.68842
-0.859511,0.565307,2.481,2.68583
-0.857636,0.569408,2.499,2.70273
-0.849525,0.569408,2.499,2.70017
-0.841413,0.569408,2.499,2.69763
-0.833302,0.569408,2.499,2.69511
-0.825191,0.569408,2.499,2.69261
-0.81708,0.569408,2.499,2.69014
-0.808969,0.569408,2.499,2.68769
-0.800858,0.569408,2.499,2.68526
-0.792747,0.569408,2.499,2.68285
-0.790287,0.57351,2.517,2.69977
-0.782118,0.57351,2.517,2.69739
-0.773948,0.57351,2.517,2.69503
-0.765778,0.57351,2.517,2.6927
-0.757609,0.57351,2.517,2.69039
-0.749439,0.57351,2.517,2.6881
-0.74127,0.57351,2.517,2.68583
-0.7331,0.57351,2.517,2.68359
-0.730403,0.577839,2.536,2.70161
-0.722172,0.577839,2.536,2.69939
-0.71394,0.577839,2.536,2.6972
-0.705709,0.577839,2.536,2.69504
-0.697478,0.577839,2.536,2.69289
-0.689247,0.577839,2.536,2.69077
-0.681016,0.577839,2.536,2.68868
-0.672784,0.577839,2.536,2.6866
-0.664553,0.577839,2.536,2.68455
-0.656322,0.577839,2.536,2.68253
-0.648091,0.577839,2.536,2.68053
-0.639859,0.577839,2.536,2.67855
-0.631628,0.577839,2.536,2.67659
-0.628067,0.582168,2.555,2.6947
-0.619775,0.582168,2.555,2.69278
-0.611482,0.582168,2.555,2.69088
-0.603189,0.582168,2.555,2.68901
-0.594896,0.582168,2.555,2.68716
-0.586603,0.582168,2.555,2.68534
-0.57831,0.582168,2.555,2.68354
-0.570017,0.582168,2.555,2.68177
-0.561724,0.582168,2.555,2.68001
-0.553431,0.582168,2.555,2.67829
-0.545139,0.582168,2.555,2.67659
-0.536846,0.582168,2.555,2.67491
-0.528553,0.582168,2.555,2.67326
-0.52026,0.582168,2.555,2.67163
-0.511967,0.582168,2.555,2.67003
-0.503674,0.582168,2.555,2.66845
-0.495381,0.582168,2.555,2.6669
-0.487088,0.582168,2.555,2.66537
-0.478795,0.582168,2.555,2.66387
-0.470502,0.582168,2.555,2.66239
-0.46221,0.582168,2.555,2.66094
-0.453917,0.582168,2.555,2.65951
-0.445624,0.582168,2.555,2.65811
-0.437331,0.582168,2.555,2.65673
-0.429038,0.582168,2.555,2.65538
-0.420745,0.582168,2.555,2.65405
-0.412452,0.582168,2.555,2.65275
-0.401154,0.577839,2.536,2.63175
-0.392923,0.577839,2.536,2.63051
-0.384691,0.577839,2.536,2.62929
-0.37646,0.577839,2.536,2.6281
-0.368229,0.577839,2.536,2.62693
-0.357301,0.57351,2.517,2.60612
-0.349131,0.57351,2.517,2.60501
-0.338523,0.569408,2.499,2.58531
-0.330412,0.569408,2.499,2.58426
-0.322301,0.569408,2.499,2.58324
-0.31419,0.569408,2.499,2.58224
-0.303874,0.565307,2.481,2.56267
-0.295821,0.565307,2.481,2.56173
-0.287769,0.565307,2.481,2.56081
-0.279716,0.565307,2.481,2.55992
-0.271663,0.565307,2.481,2.55905
-0.26361,0.565307,2.481,2.55821
-0.255558,0.565307,2.481,2.55739
-0.247505,0.565307,2.481,2.5566
-0.239452,0.565307,2.481,2.55583
-0.2314,0.565307,2.481,2.55509
-0.224967,0.569408,2.499,2.5729
-0.216856,0.569408,2.499,2.57221
-0.208745,0.569408,2.499,2.57154
-0.200634,0.569408,2.499,2.57089
-0.192523,0.569408,2.499,2.57027
-0.18574,0.57351,2.517,2.58819
-0.17757,0.57351,2.517,2.58761
-0.169401,0.57351,2.517,2.58706
-0.161231,0.57351,2.517,2.58654
-0.153062,0.57351,2.517,2.58605
-0.145986,0.577839,2.536,2.60509
-0.137755,0.577839,2.536,2.60464
-0.129523,0.577839,2.536,2.60422
-0.121292,0.577839,2.536,2.60383
-0.113908,0.582168,2.555,2.62296
-0.105615,0.582168,2.555,2.62261
-0.0973222,0.582168,2.555,2.62229
-0.0890293,0.582168,2.555,2.622
-0.0807364,0.582168,2.555,2.62173
-0.0724435,0.582168,2.555,2.62149
-0.0641506,0.582168,2.555,2.62127
-0.0562731,0.586497,2.574,2.64057
-0.0479185,0.586497,2.574,2.64041
-0.039564,0.586497,2.574,2.64027
-0.0312094,0.586497,2.574,2.64016
-0.0228548,0.586497,2.574,2.64007
-0.0145003,0.586497,2.574,2.64001
-0.00614571,0.586497,2.574,2.63998
0.00220886,0.586497,2.574,2.63997
0.0105634,0.586497,2.574,2.63999
0.018918,0.586497,2.574,2.64004
0.0272725,0.586497,2.574,2.64011
0.0356271,0.586497,2.574,2.64021
0.043657,0.582168,2.555,2.62085
0.0519499,0.582168,2.555,2.621
0.0602428,0.582168,2.555,2.62118
0.0685357,0.582168,2.555,2.62138
0.0768286,0.582168,2.555,2.62161
0.0851215,0.582168,2.555,2.62187
0.0927197,0.577839,2.536,2.60265
0.100951,0.577839,2.536,2.60296
0.109182,0.577839,2.536,2.60329
0.116534,0.57351,2.517,2.58414
0.124703,0.57351,2.517,2.58452
0.132873,0.57351,2.517,2.58493
0.141042,0.57351,2.517,2.58536
0.149212,0.57351,2.517,2.58582
0.157382,0.57351,2.517,2.5863
0.165551,0.57351,2.517,2.58681
0.172478,0.569408,2.499,2.56885
0.180589,0.569408,2.499,2.5694
0.188701,0.569408,2.499,2.56999
0.196812,0.569408,2.499,2.5706
0.204923,0.569408,2.499,2.57123
0.213034,0.569408,2.499,2.57189
0.221145,0.569408,2.499,2.57257
0.229256,0.569408,2.499,2.57328
0.237367,0.569408,2.499,2.57402
0.245479,0.569408,2.499,2.57478
0.25359,0.569408,2.499,2.57556
0.261701,0.569408,2.499,2.57638
0.269812,0.569408,2.499,2.57721
0.277923,0.569408,2.499,2.57807
0.286034,0.569408,2.499,2.57896
0.294145,0.569408,2.499,2.57987
0.302256,0.569408,2.499,2.58081
0.310368,0.569408,2.499,2.58177
0.318479,0.569408,2.499,2.58276
0.32659,0.569408,2.499,2.58377
0.33229,0.565307,2.481,2.56619
0.340343,0.565307,2.481,2.56725
0.348396,0.565307,2.481,2.56833
0.356448,0.565307,2.481,2.56943
0.364501,0.565307,2.481,2.57056
0.372554,0.565307,2.481,2.57172
0.380606,0.565307,2.481,2.5729
0.388659,0.565307,2.481,2.5741
0.393834,0.561205,2.463,2.55664
0.401828,0.561205,2.463,2.55789
0.406827,0.557104,2.445,2.54045
0.414763,0.557104,2.445,2.54174
0.422699,0.557104,2.445,2.54304
0.427641,0.55323,2.428,2.52668
0.435521,0.55323,2.428,2.52803
0.443402,0.55323,2.428,2.5294
0.448123,0.549357,2.411,2.51307
0.455948,0.549357,2.411,2.51448
0.463774,0.549357,2.411,2.51591
0.468274,0.545483,2.394,2.49961
0.476045,0.545483,2.394,2.50108
0.483815,0.545483,2.394,2.50257
0.491585,0.545483,2.394,2.50409
0.499355,0.545483,2.394,2.50562
0.507126,0.545483,2.394,2.50718
0.514896,0.545483,2.394,2.50877
0.522667,0.545483,2.394,2.51037
0.534203,0.549357,2.411,2.52984
0.542029,0.549357,2.411,2.5315
0.549854,0.549357,2.411,2.53319
0.55768,0.549357,2.411,2.5349
0.565506,0.549357,2.411,2.53663
0.573331,0.549357,2.411,2.53839
0.581156,0.549357,2.411,2.54017
0.588982,0.549357,2.411,2.54197
0.596808,0.549357,2.411,2.5438
0.604633,0.549357,2.411,2.54564
0.612459,0.549357,2.411,2.54751
0.620284,0.549357,2.411,2.54941
0.623681,0.545483,2.394,2.53333
0.631451,0.545483,2.394,2.53526
0.639221,0.545483,2.394,2.5372
0.642397,0.54161,2.377,2.52114
0.650113,0.54161,2.377,2.52312
0.6534,0.537964,2.361,2.50812
0.656583,0.534319,2.345,2.49312
0.664194,0.534319,2.345,2.49513
0.671806,0.534319,2.345,2.49717
0.674781,0.530673,2.329,2.48217
0.677653,0.527027,2.313,2.46717
0.68516,0.527027,2.313,2.46925
0.688176,0.523609,2.298,2.45531
0.695635,0.523609,2.298,2.45741
0.703093,0.523609,2.298,2.45953
0.705605,0.519964,2.282,2.44454
0.713012,0.519964,2.282,2.44669
0.720418,0.519964,2.282,2.44885
0.723041,0.516546,2.267,2.43493
0.730399,0.516546,2.267,2.43713
0.737757,0.516546,2.267,2.43934
0.740185,0.513128,2.252,2.42542
0.742516,0.50971,2.237,2.41149
0.749777,0.50971,2.237,2.41374
0.757037,0.50971,2.237,2.416
0.764298,0.50971,2.237,2.41829
0.771559,0.50971,2.237,2.42059
0.77882,0.50971,2.237,2.42292
0.78608,0.50971,2.237,2.42526
0.798661,0.513128,2.252,2.4439
0.80597,0.513128,2.252,2.4463
0.81328,0.513128,2.252,2.44872
0.826055,0.516546,2.267,2.46748
0.833413,0.516546,2.267,2.46996
0.840771,0.516546,2.267,2.47245
0.853741,0.519964,2.282,2.49134
0.861148,0.519964,2.282,2.49388
0.874644,0.523609,2.298,2.51396
0.882103,0.523609,2.298,2.51656
0.895368,0.527027,2.313,2.53563
0.902876,0.527027,2.313,2.53829
0.910383,0.527027,2.313,2.54097
0.917891,0.527027,2.313,2.54367
0.925398,0.527027,2.313,2.54639
0.932905,0.527027,2.313,2.54913
0.940413,0.527027,2.313,2.55188
0.94792,0.527027,2.313,2.55466
0.955428,0.527027,2.313,2.55745
0.962935,0.527027,2.313,2.56027
0.970443,0.527027,2.313,2.5631
0.97795,0.527027,2.313,2.56595
0.985457,0.527027,2.313,2.56882
0.992965,0.527027,2.313,2.57171
1.00047,0.527027,2.313,2.57462
1.00798,0.527027,2.313,2.57755
1.01549,0.527027,2.313,2.58049
1.03007,0.530673,2.329,2.60133
1.03763,0.530673,2.329,2.60433
1.04519,0.530673,2.329,2.60735
1.05998,0.534319,2.345,2.62832
1.06759,0.534319,2.345,2.6314
1.0752,0.534319,2.345,2.6345
1.0902,0.537964,2.361,2.65561
1.09787,0.537964,2.361,2.65877
1.10553,0.537964,2.361,2.66194
1.12074,0.54161,2.377,2.68319
1.12845,0.54161,2.377,2.68642
1.13617,0.54161,2.377,2.68967
1.15206,0.545483,2.394,2.7122
1.15983,0.545483,2.394,2.71551
1.1676,0.545483,2.394,2.71884
1.18372,0.549357,2.411,2.74152
1.19995,0.55323,2.428,2.76426
1.21629,0.557104,2.445,2.78707
1.22422,0.557104,2.445,2.79054
1.24123,0.561205,2.463,2.8146
1.24922,0.561205,2.463,2.81813
1.25722,0.561205,2.463,2.82169
1.27446,0.565307,2.481,2.84591
1.28251,0.565307,2.481,2.84952
1.29056,0.565307,2.481,2.85315
1.29862,0.565307,2.481,2.85681
1.31615,0.569408,2.499,2.88123
1.32426,0.569408,2.499,2.88494
1.33237,0.569408,2.499,2.88867
1.33083,0.565307,2.481,2.87159
1.33888,0.565307,2.481,2.87533
1.33716,0.561205,2.463,2.8582
1.34515,0.561205,2.463,2.86195
1.35315,0.561205,2.463,2.86572
1.35119,0.557104,2.445,2.84853
1.35913,0.557104,2.445,2.8523
1.36707,0.557104,2.445,2.85609
1.375,0.557104,2.445,2.8599
1.38294,0.557104,2.445,2.86372
1.39087,0.557104,2.445,2.86756
1.38908,0.55323,2.428,2.85146
1.38718,0.549357,2.411,2.83531
1.39501,0.549357,2.411,2.83915
1.40283,0.549357,2.411,2.843
1.41066,0.549357,2.411,2.84687
1.40848,0.545483,2.394,2.83066
1.41625,0.545483,2.394,2.83453
1.42402,0.545483,2.394,2.83842
1.4318,0.545483,2.394,2.84233
1.43957,0.545483,2.394,2.84625
1.43706,0.54161,2.377,2.82995
1.44477,0.54161,2.377,2.83387
1.46288,0.545483,2.394,2.85811
1.47065,0.545483,2.394,2.8621
1.47842,0.545483,2.394,2.8661
1.48619,0.545483,2.394,2.87011
1.49396,0.545483,2.394,2.87414
1.50173,0.545483,2.394,2.87819
1.5095,0.545483,2.394,2.88225
1.51727,0.545483,2.394,2.88633
1.52504,0.545483,2.394,2.89042
1.52192,0.54161,2.377,2.87397
1.52964,0.54161,2.377,2.87807
1.53735,0.54161,2.377,2.88217
1.53467,0.537964,2.361,2.86687
1.54233,0.537964,2.361,2.87098
1.53949,0.534319,2.345,2.85562
1.53655,0.530673,2.329,2.84022
1.54411,0.530673,2.329,2.84431
1.53101,0.523609,2.298,2.81051
1.52776,0.519964,2.282,2.79498
1.53517,0.519964,2.282,2.79904
1.53243,0.516546,2.267,2.78468
1.5296,0.513128,2.252,2.77029
-1.649,0.549323,2.377,2.94467
-1.64129,0.549323,2.377,2.94036
-1.63357,0.549323,2.377,2.93606
-1.62586,0.549323,2.377,2.93177
-1.61814,0.549323,2.377,2.9275
-1.61043,0.549323,2.377,2.92324
-1.61417,0.553252,2.394,2.93988
-1.6064,0.553252,2.394,2.93562
-1.59863,0.553252,2.394,2.93137
-1.59086,0.553252,2.394,2.92714
-1.58309,0.553252,2.394,2.92293
-1.58651,0.55718,2.411,2.93945
-1.57868,0.55718,2.411,2.93524
-1.57086,0.55718,2.411,2.93103
-1.56303,0.55718,2.411,2.92685
-1.55521,0.55718,2.411,2.92268
-1.55829,0.561109,2.428,2.9391
-1.55041,0.561109,2.428,2.93493
-1.54253,0.561109,2.428,2.93077
-1.53465,0.561109,2.428,2.92663
-1.52677,0.561109,2.428,2.92251
-1.52952,0.565038,2.445,2.93883
-1.52159,0.565038,2.445,2.93471
-1.5248,0.569197,2.463,2.95218
-1.5168,0.569197,2.463,2.94806
-1.50881,0.569197,2.463,2.94395
-1.51178,0.573357,2.481,2.96135
-1.50373,0.573357,2.481,2.95725
-1.49568,0.573357,2.481,2.95316
-1.48762,0.573357,2.481,2.94909
-1.47957,0.573357,2.481,2.94503
-1.46084,0.569197,2.463,2.91966
-1.44223,0.565038,2.445,2.89436
-1.43429,0.565038,2.445,2.89041
-1.42636,0.565038,2.445,2.88648
-1.41842,0.565038,2.445,2.88257
-1.41049,0.565038,2.445,2.87867
-1.40255,0.565038,2.445,2.87479
-1.39461,0.565038,2.445,2.87093
-1.38668,0.565038,2.445,2.86708
-1.37874,0.565038,2.445,2.86325
-1.37081,0.565038,2.445,2.85944
-1.36287,0.565038,2.445,2.85565
-1.37488,0.573357,2.481,2.89386
-1.36683,0.573357,2.481,2.89004
-1.36864,0.577517,2.499,2.90718
-1.37033,0.581677,2.517,2.92428
-1.36216,0.581677,2.517,2.92046
-1.37443,0.590459,2.555,2.9607
-1.37629,0.594849,2.574,2.97884
-1.36794,0.594849,2.574,2.97499
-1.36962,0.59924,2.593,2.99309
-1.3612,0.59924,2.593,2.98925
-1.35279,0.59924,2.593,2.98543
-1.34437,0.59924,2.593,2.98162
-1.32617,0.594849,2.574,2.95602
-1.31781,0.594849,2.574,2.95228
-1.29979,0.590459,2.555,2.92679
-1.2819,0.586068,2.536,2.90138
-1.27366,0.586068,2.536,2.89776
-1.25595,0.581677,2.517,2.87246
-1.23886,0.577517,2.499,2.84839
-1.23075,0.577517,2.499,2.84487
-1.22264,0.577517,2.499,2.84137
-1.21453,0.577517,2.499,2.83789
-1.20641,0.577517,2.499,2.83442
-1.1983,0.577517,2.499,2.83098
-1.19019,0.577517,2.499,2.82756
-1.18208,0.577517,2.499,2.82415
-1.17397,0.577517,2.499,2.82077
-1.16586,0.577517,2.499,2.8174
-1.14941,0.573357,2.481,2.79379
-1.14136,0.573357,2.481,2.79048
-1.1333,0.573357,2.481,2.7872
-1.12525,0.573357,2.481,2.78393
-1.1172,0.573357,2.481,2.78069
-1.10914,0.573357,2.481,2.77746
-1.10109,0.573357,2.481,2.77426
-1.09304,0.573357,2.481,2.77107
-1.08499,0.573357,2.481,2.7679
-1.07693,0.573357,2.481,2.76476
-1.06113,0.569197,2.463,2.7416
-1.05313,0.569197,2.463,2.73851
-1.04514,0.569197,2.463,2.73545
-1.03714,0.569197,2.463,2.7324
-1.02915,0.569197,2.463,2.72938
-1.02862,0.573357,2.481,2.7463
-1.01316,0.569197,2.463,2.72339
-1.00517,0.569197,2.463,2.72043
-0.997172,0.569197,2.463,2.71748
-0.989178,0.569197,2.463,2.71456
-0.981184,0.569197,2.463,2.71166
-0.973189,0.569197,2.463,2.70877
-0.965195,0.569197,2.463,2.70591
-0.964196,0.573357,2.481,2.72282
-0.956143,0.573357,2.481,2.71998
-0.948091,0.573357,2.481,2.71716
-0.940038,0.573357,2.481,2.71436
-0.931985,0.573357,2.481,2.71159
-0.923933,0.573357,2.481,2.70883
-0.91588,0.573357,2.481,2.70609
-0.907827,0.573357,2.481,2.70338
-0.899774,0.573357,2.481,2.70068
-0.891722,0.573357,2.481,2.69801
-0.883669,0.573357,2.481,2.69536
-0.875616,0.573357,2.481,2.69273
-0.867564,0.573357,2.481,2.69012
-0.859511,0.573357,2.481,2.68754
-0.857636,0.577517,2.499,2.70445
-0.849525,0.577517,2.499,2.70189
-0.841413,0.577517,2.499,2.69935
-0.833302,0.577517,2.499,2.69684
-0.825191,0.577517,2.499,2.69434
-0.81708,0.577517,2.499,2.69187
-0.808969,0.577517,2.499,2.68942
-0.800858,0.577517,2.499,2.68699
-0.792747,0.577517,2.499,2.68458
-0.790287,0.581677,2.517,2.70152
-0.782118,0.581677,2.517,2.69914
-0.773948,0.581677,2.517,2.69678
-0.765778,0.581677,2.517,2.69445
-0.757609,0.581677,2.517,2.69214
-0.749439,0.581677,2.517,2.68985
-0.74127,0.581677,2.517,2.68759
-0.7331,0.581677,2.517,2.68534
-0.730403,0.586068,2.536,2.70338
-0.722172,0.586068,2.536,2.70117
-0.71394,0.586068,2.536,2.69898
-0.705709,0.586068,2.536,2.69681
-0.697478,0.586068,2.536,2.69467
-0.689247,0.586068,2.536,2.69255
-0.681016,0.586068,2.536,2.69046
-0.677825,0.590459,2.555,2.70853
-0.669532,0.590459,2.555,2.70646
-0.661239,0.590459,2.555,2.70442
-0.652946,0.590459,2.555,2.70241
-0.639859,0.586068,2.536,2.68033
-0.631628,0.586068,2.536,2.67838
-0.628067,0.590459,2.555,2.6965
-0.619775,0.590459,2.555,2.69458
-0.611482,0.590459,2.555,2.69269
-0.603189,0.590459,2.555,2.69082
-0.594896,0.590459,2.555,2.68897
-0.586603,0.590459,2.555,2.68715
-0.57831,0.590459,2.555,2.68535
-0.570017,0.590459,2.555,2.68358
-0.561724,0.590459,2.555,2.68183
-0.553431,0.590459,2.555,2.6801
-0.545139,0.590459,2.555,2.6784
-0.536846,0.590459,2.555,2.67673
-0.528553,0.590459,2.555,2.67508
-0.52026,0.590459,2.555,2.67345
-0.511967,0.590459,2.555,2.67185
-0.503674,0.590459,2.555,2.67027
-0.495381,0.590459,2.555,2.66872
-0.487088,0.590459,2.555,2.66719
-0.478795,0.590459,2.555,2.66569
-0.470502,0.590459,2.555,2.66421
-0.46221,0.590459,2.555,2.66276
-0.453917,0.590459,2.555,2.66134
-0.44231,0.586068,2.536,2.64015
-0.434079,0.586068,2.536,2.63879
-0.425848,0.586068,2.536,2.63745
-0.420745,0.590459,2.555,2.65588
-0.412452,0.590459,2.555,2.65458
-0.401154,0.586068,2.536,2.63357
-0.392923,0.586068,2.536,2.63233
-0.384691,0.586068,2.536,2.63111
-0.37646,0.586068,2.536,2.62992
-0.368229,0.586068,2.536,2.62876
-0.357301,0.581677,2.517,2.60793
-0.349131,0.581677,2.517,2.60682
-0.338523,0.577517,2.499,2.58711
-0.330412,0.577517,2.499,2.58606
-0.322301,0.577517,2.499,2.58503
-0.31419,0.577517,2.499,2.58404
-0.303874,0.573357,2.481,2.56446
-0.295821,0.573357,2.481,2.56352
-0.287769,0.573357,2.481,2.5626
-0.279716,0.573357,2.481,2.56171
-0.271663,0.573357,2.481,2.56084
-0.26361,0.573357,2.481,2.56
-0.255558,0.573357,2.481,2.55918
-0.247505,0.573357,2.481,2.55839
-0.239452,0.573357,2.481,2.55762
-0.2314,0.573357,2.481,2.55688
-0.223347,0.573357,2.481,2.55617
-0.215294,0.573357,2.481,2.55547
-0.207241,0.573357,2.481,2.55481
-0.200634,0.577517,2.499,2.5727
-0.192523,0.577517,2.499,2.57208
-0.18574,0.581677,2.517,2.59001
-0.17757,0.581677,2.517,2.58943
-0.169401,0.581677,2.517,2.58889
-0.161231,0.581677,2.517,2.58836
-0.153062,0.581677,2.517,2.58787
-0.144892,0.581677,2.517,2.5874
-0.137755,0.586068,2.536,2.60648
-0.129523,0.586068,2.536,2.60606
-0.121292,0.586068,2.536,2.60566
-0.113061,0.586068,2.536,2.60529
-0.105615,0.590459,2.555,2.62447
-0.0973222,0.590459,2.555,2.62415
-0.0890293,0.590459,2.555,2.62385
-0.0807364,0.590459,2.555,2.62358
-0.0724435,0.590459,2.555,2.62334
-0.0641506,0.590459,2.555,2.62312
-0.0558577,0.590459,2.555,2.62293
-0.0475648,0.590459,2.555,2.62277
-0.039564,0.594849,2.574,2.64214
-0.0312094,0.594849,2.574,2.64202
-0.0228548,0.594849,2.574,2.64194
-0.0145003,0.594849,2.574,2.64188
-0.00614571,0.594849,2.574,2.64185
0.00220886,0.594849,2.574,2.64184
0.0104854,0.590459,2.555,2.62236
0.0187783,0.590459,2.555,2.62241
0.0270712,0.590459,2.555,2.62248
0.0353641,0.590459,2.555,2.62258
0.043657,0.590459,2.555,2.6227
0.0519499,0.590459,2.555,2.62285
0.0602428,0.590459,2.555,2.62303
0.0680261,0.586068,2.536,2.60373
0.0762573,0.586068,2.536,2.60396
0.0844885,0.586068,2.536,2.60421
0.0927197,0.586068,2.536,2.60449
0.100951,0.586068,2.536,2.6048
0.109182,0.586068,2.536,2.60513
0.116534,0.581677,2.517,2.58597
0.124703,0.581677,2.517,2.58635
0.132873,0.581677,2.517,2.58675
0.141042,0.581677,2.517,2.58719
0.149212,0.581677,2.517,2.58764
0.157382,0.581677,2.517,2.58813
0.165551,0.581677,2.517,2.58864
0.172478,0.577517,2.499,2.57066
0.180589,0.577517,2.499,2.57121
0.188701,0.577517,2.499,2.5718
0.196812,0.577517,2.499,2.5724
0.204923,0.577517,2.499,2.57304
0.213034,0.577517,2.499,2.5737
0.221145,0.577517,2.499,2.57438
0.229256,0.577517,2.499,2.57509
0.237367,0.577517,2.499,2.57582
0.245479,0.577517,2.499,2.57658
0.251763,0.573357,2.481,2.55881
0.259816,0.573357,2.481,2.55961
0.267868,0.573357,2.481,2.56044
0.277923,0.577517,2.499,2.57988
0.286034,0.577517,2.499,2.58076
0.292027,0.573357,2.481,2.56308
0.300079,0.573357,2.481,2.56401
0.310368,0.577517,2.499,2.58357
0.318479,0.577517,2.499,2.58456
0.32659,0.577517,2.499,2.58557
0.334701,0.577517,2.499,2.58661
0.342812,0.577517,2.499,2.58767
0.350923,0.577517,2.499,2.58876
0.359034,0.577517,2.499,2.58987
0.367146,0.577517,2.499,2.59101
0.372554,0.573357,2.481,2.5735
0.380606,0.573357,2.481,2.57468
0.388659,0.573357,2.481,2.57588
0.393834,0.569197,2.463,2.55841
0.401828,0.569197,2.463,2.55965
0.406827,0.565038,2.445,2.5422
0.414763,0.565038,2.445,2.54349
0.422699,0.565038,2.445,2.54479
0.427641,0.561109,2.428,2.52842
0.435521,0.561109,2.428,2.52976
0.443402,0.561109,2.428,2.53113
0.448123,0.55718,2.411,2.51479
0.455948,0.55718,2.411,2.5162
0.463774,0.55718,2.411,2.51763
0.468274,0.553252,2.394,2.50132
0.476045,0.553252,2.394,2.50279
0.483815,0.553252,2.394,2.50428
0.491585,0.553252,2.394,2.50579
0.499355,0.553252,2.394,2.50733
0.507126,0.553252,2.394,2.50888
0.514896,0.553252,2.394,2.51047
0.526378,0.55718,2.411,2.52991
0.534203,0.55718,2.411,2.53155
0.542029,0.55718,2.411,2.53321
0.549854,0.55718,2.411,2.5349
0.561612,0.561109,2.428,2.55449
0.569493,0.561109,2.428,2.55624
0.577374,0.561109,2.428,2.558
0.589352,0.565038,2.445,2.57772
0.597288,0.565038,2.445,2.57954
0.605224,0.565038,2.445,2.58139
0.608896,0.561109,2.428,2.5653
0.616777,0.561109,2.428,2.56719
0.624658,0.561109,2.428,2.56909
0.62811,0.55718,2.411,2.55302
0.635935,0.55718,2.411,2.55495
0.639221,0.553252,2.394,2.53888
0.642397,0.549323,2.377,2.52281
0.650113,0.549323,2.377,2.52478
0.657828,0.549323,2.377,2.52678
0.661063,0.545625,2.361,2.51178
0.668726,0.545625,2.361,2.51381
0.676389,0.545625,2.361,2.51586
0.679417,0.541928,2.345,2.50086
0.682341,0.53823,2.329,2.48586
0.6899,0.53823,2.329,2.48795
0.692668,0.534533,2.313,2.47295
0.695635,0.531066,2.298,2.45901
0.703093,0.531066,2.298,2.46113
0.705605,0.527368,2.282,2.44612
0.713012,0.527368,2.282,2.44827
0.720418,0.527368,2.282,2.45044
0.723041,0.523902,2.267,2.4365
0.730399,0.523902,2.267,2.4387
0.737757,0.523902,2.267,2.44091
0.740185,0.520435,2.252,2.42698
0.742516,0.516969,2.237,2.41304
0.749777,0.516969,2.237,2.41528
0.757037,0.516969,2.237,2.41755
0.764298,0.516969,2.237,2.41983
0.771559,0.516969,2.237,2.42213
0.77882,0.516969,2.237,2.42446
0.78608,0.516969,2.237,2.4268
0.798661,0.520435,2.252,2.44545
0.80597,0.520435,2.252,2.44784
0.81328,0.520435,2.252,2.45026
0.826055,0.523902,2.267,2.46903
0.833413,0.523902,2.267,2.47151
0.840771,0.523902,2.267,2.474
0.853741,0.527368,2.282,2.49289
0.861148,0.527368,2.282,2.49544
0.874644,0.531066,2.298,2.51552
0.882103,0.531066,2.298,2.51812
0.895368,0.534533,2.313,2.5372
0.902876,0.534533,2.313,2.53986
0.910383,0.534533,2.313,2.54254
0.917891,0.534533,2.313,2.54523
0.925398,0.534533,2.313,2.54795
0.932905,0.534533,2.313,2.55069
0.940413,0.534533,2.313,2.55344
0.94792,0.534533,2.313,2.55622
0.955428,0.534533,2.313,2.55901
0.962935,0.534533,2.313,2.56182
0.970443,0.534533,2.313,2.56465
0.97795,0.534533,2.313,2.5675
0.985457,0.534533,2.313,2.57037
0.992965,0.534533,2.313,2.57326
1.00047,0.534533,2.313,2.57617
1.00798,0.534533,2.313,2.57909
1.01549,0.534533,2.313,2.58204
1.03007,0.53823,2.329,2.60288
1.03763,0.53823,2.329,2.60588
1.04519,0.53823,2.329,2.6089
1.05275,0.53823,2.329,2.61194
1.06031,0.53823,2.329,2.61499
1.0752,0.541928,2.345,2.63605
1.08282,0.541928,2.345,2.63917
1.09787,0.545625,2.361,2.66033
1.10553,0.545625,2.361,2.6635
1.11319,0.545625,2.361,2.66669
1.12845,0.549323,2.377,2.68799
1.13617,0.549323,2.377,2.69124
1.14388,0.549323,2.377,2.6945
1.15983,0.553252,2.394,2.71708
1.1676,0.553252,2.394,2.72041
1.18372,0.55718,2.411,2.74309
1.19155,0.55718,2.411,2.74648
1.20783,0.561109,2.428,2.76927
1.21571,0.561109,2.428,2.77272
1.23216,0.565038,2.445,2.79562
1.24922,0.569197,2.463,2.81974
1.25722,0.569197,2.463,2.82329
1.26521,0.569197,2.463,2.82686
1.27321,0.569197,2.463,2.83044
1.2812,0.569197,2.463,2.83405
1.28919,0.569197,2.463,2.83767
1.30667,0.573357,2.481,2.86208
1.31472,0.573357,2.481,2.86576
1.32277,0.573357,2.481,2.86947
1.32117,0.569197,2.463,2.85234
1.32917,0.569197,2.463,2.85605
1.33716,0.569197,2.463,2.85978
1.34515,0.569197,2.463,2.86353
1.35315,0.569197,2.463,2.86729
1.35119,0.565038,2.445,2.85009
1.35913,0.565038,2.445,2.85386
1.36707,0.565038,2.445,2.85765
1.36544,0.561109,2.428,2.84156
1.37332,0.561109,2.428,2.84535
1.3812,0.561109,2.428,2.84917
1.37936,0.55718,2.411,2.83302
1.3774,0.553252,2.394,2.81684
1.38517,0.553252,2.394,2.82064
1.39294,0.553252,2.394,2.82447
1.39077,0.549323,2.377,2.80822
1.39848,0.549323,2.377,2.81205
1.4062,0.549323,2.377,2.8159
1.4044,0.545625,2.361,2.80078
1.41206,0.545625,2.361,2.80463
1.41972,0.545625,2.361,2.80849
1.42738,0.545625,2.361,2.81238
1.43505,0.545625,2.361,2.81627
1.44271,0.545625,2.361,2.82019
1.45037,0.545625,2.361,2.82411
1.45804,0.545625,2.361,2.82806
1.47563,0.549323,2.377,2.85121
1.48335,0.549323,2.377,2.85521
1.49106,0.549323,2.377,2.85922
1.5095,0.553252,2.394,2.88373
1.51727,0.553252,2.394,2.88781
1.51421,0.549323,2.377,2.87136
1.52192,0.549323,2.377,2.87544
1.52964,0.549323,2.377,2.87953
1.52701,0.545625,2.361,2.86422
1.52427,0.541928,2.345,2.84888
1.53188,0.541928,2.345,2.85296
1.52899,0.53823,2.329,2.83756
1.52599,0.534533,2.313,2.82212
1.5335,0.534533,2.313,2.82618
1.53101,0.531066,2.298,2.81191
1.51772,0.523902,2.267,2.77799
1.52508,0.523902,2.267,2.78202
1.52229,0.520435,2.252,2.76762
1.51942,0.516969,2.237,2.75319
-1.6608,0.56102,2.394,2.96719
-1.64129,0.557036,2.377,2.94181
-1.63357,0.557036,2.377,2.93751
-1.63749,0.56102,2.394,2.95421
-1.62971,0.56102,2.394,2.94991
-1.62194,0.56102,2.394,2.94562
-1.61417,0.56102,2.394,2.94135
-1.6064,0.56102,2.394,2.93709
-1.60999,0.565004,2.411,2.95368
-1.60216,0.565004,2.411,2.94942
-1.59433,0.565004,2.411,2.94517
-1.58651,0.565004,2.411,2.94095
-1.57868,0.565004,2.411,2.93673
-1.57086,0.565004,2.411,2.93253
-1.56303,0.565004,2.411,2.92835
-1.56617,0.568987,2.428,2.9448
-1.55829,0.568987,2.428,2.94061
-1.55041,0.568987,2.428,2.93644
-1.54253,0.568987,2.428,2.93229
-1.53465,0.568987,2.428,2.92815
-1.52677,0.568987,2.428,2.92403
-1.52952,0.572971,2.445,2.94037
-1.52159,0.572971,2.445,2.93625
-1.5248,0.577189,2.463,2.95373
-1.5168,0.577189,2.463,2.94961
-1.50881,0.577189,2.463,2.94551
-1.51178,0.581408,2.481,2.96292
-1.50373,0.581408,2.481,2.95882
-1.49568,0.581408,2.481,2.95473
-1.48762,0.581408,2.481,2.95066
-1.47957,0.581408,2.481,2.94661
-1.47152,0.581408,2.481,2.94258
-1.45285,0.577189,2.463,2.91724
-1.44485,0.577189,2.463,2.91327
-1.43686,0.577189,2.463,2.90931
-1.41842,0.572971,2.445,2.88414
-1.41049,0.572971,2.445,2.88024
-1.40255,0.572971,2.445,2.87636
-1.39461,0.572971,2.445,2.8725
-1.38668,0.572971,2.445,2.86866
-1.37874,0.572971,2.445,2.86483
-1.37081,0.572971,2.445,2.86102
-1.36287,0.572971,2.445,2.85723
-1.37488,0.581408,2.481,2.89546
-1.36683,0.581408,2.481,2.89165
-1.36864,0.585626,2.499,2.9088
-1.37033,0.589844,2.517,2.92592
-1.36216,0.589844,2.517,2.9221
-1.37443,0.598749,2.555,2.96236
-1.37629,0.603202,2.574,2.98052
-1.36794,0.603202,2.574,2.97667
-1.36962,0.607654,2.593,2.99479
-1.3612,0.607654,2.593,2.99095
-1.35279,0.607654,2.593,2.98713
-1.34437,0.607654,2.593,2.98333
-1.32617,0.603202,2.574,2.95771
-1.31781,0.603202,2.574,2.95397
-1.29979,0.598749,2.555,2.92848
-1.2819,0.594297,2.536,2.90306
-1.27366,0.594297,2.536,2.89943
-1.25595,0.589844,2.517,2.87413
-1.23886,0.585626,2.499,2.85004
-1.23075,0.585626,2.499,2.84652
-1.22264,0.585626,2.499,2.84303
-1.21453,0.585626,2.499,2.83955
-1.20641,0.585626,2.499,2.83609
-1.1983,0.585626,2.499,2.83265
-1.19019,0.585626,2.499,2.82923
-1.18208,0.585626,2.499,2.82582
-1.17397,0.585626,2.499,2.82244
-1.16586,0.585626,2.499,2.81908
-1.14941,0.581408,2.481,2.79545
-1.14136,0.581408,2.481,2.79215
-1.1333,0.581408,2.481,2.78887
-1.12525,0.581408,2.481,2.7856
-1.1172,0.581408,2.481,2.78236
-1.10914,0.581408,2.481,2.77914
-1.10109,0.581408,2.481,2.77593
-1.09304,0.581408,2.481,2.77275
-1.08499,0.581408,2.481,2.76958
-1.07693,0.581408,2.481,2.76644
-1.06113,0.577189,2.463,2.74327
-1.05313,0.577189,2.463,2.74018
-1.04514,0.577189,2.463,2.73712
-1.03714,0.577189,2.463,2.73408
-1.02915,0.577189,2.463,2.73106
-1.02116,0.577189,2.463,2.72805
-1.01316,0.577189,2.463,2.72507
-1.00517,0.577189,2.463,2.72211
-0.997172,0.577189,2.463,2.71917
-0.989178,0.577189,2.463,2.71625
-0.981184,0.577189,2.463,2.71334
-0.973189,0.577189,2.463,2.71046
-0.965195,0.577189,2.463,2.7076
-0.957201,0.577189,2.463,2.70476
-0.949206,0.577189,2.463,2.70195
-0.941212,0.577189,2.463,2.69915
-0.933218,0.577189,2.463,2.69637
-0.931985,0.581408,2.481,2.7133
-0.923933,0.581408,2.481,2.71054
-0.91588,0.581408,2.481,2.70781
-0.907827,0.581408,2.481,2.7051
-0.899774,0.581408,2.481,2.7024
-0.891722,0.581408,2.481,2.69973
-0.883669,0.581408,2.481,2.69709
-0.875616,0.581408,2.481,2.69446
-0.867564,0.581408,2.481,2.69185
-0.859511,0.581408,2.481,2.68927
-0.857636,0.585626,2.499,2.7062
-0.849525,0.585626,2.499,2.70364
-0.835353,0.581408,2.481,2.68164
-0.8273,0.581408,2.481,2.67915
-0.819247,0.581408,2.481,2.67667
-0.811195,0.581408,2.481,2.67422
-0.808969,0.585626,2.499,2.69117
-0.800858,0.585626,2.499,2.68874
-0.792747,0.585626,2.499,2.68634
-0.784635,0.585626,2.499,2.68395
-0.776524,0.585626,2.499,2.68159
-0.768413,0.585626,2.499,2.67926
-0.760302,0.585626,2.499,2.67694
-0.752191,0.585626,2.499,2.67465
-0.74408,0.585626,2.499,2.67238
-0.735969,0.585626,2.499,2.67013
-0.7331,0.589844,2.517,2.68713
-0.724931,0.589844,2.517,2.68491
-0.716761,0.589844,2.517,2.68271
-0.708592,0.589844,2.517,2.68054
-0.700422,0.589844,2.517,2.67839
-0.692252,0.589844,2.517,2.67627
-0.689247,0.594297,2.536,2.69435
-0.681016,0.594297,2.536,2.69226
-0.672784,0.594297,2.536,2.69019
-0.664553,0.594297,2.536,2.68814
-0.661239,0.598749,2.555,2.70625
-0.652946,0.598749,2.555,2.70423
-0.644653,0.598749,2.555,2.70224
-0.63636,0.598749,2.555,2.70027
-0.628067,0.598749,2.555,2.69833
-0.619775,0.598749,2.555,2.69641
-0.616029,0.603202,2.574,2.71456
-0.607674,0.603202,2.574,2.71267
-0.59932,0.603202,2.574,2.71081
-0.590965,0.603202,2.574,2.70898
-0.582611,0.603202,2.574,2.70717
-0.574256,0.603202,2.574,2.70538
-0.565902,0.603202,2.574,2.70362
-0.557547,0.603202,2.574,2.70189
-0.549192,0.603202,2.574,2.70017
-0.540838,0.603202,2.574,2.69849
-0.532483,0.603202,2.574,2.69683
-0.524129,0.603202,2.574,2.69519
-0.511967,0.598749,2.555,2.67369
-0.503674,0.598749,2.555,2.67212
-0.495381,0.598749,2.555,2.67057
-0.487088,0.598749,2.555,2.66904
-0.478795,0.598749,2.555,2.66754
-0.470502,0.598749,2.555,2.66606
-0.46221,0.598749,2.555,2.66461
-0.453917,0.598749,2.555,2.66319
-0.44231,0.594297,2.536,2.64199
-0.434079,0.594297,2.536,2.64063
-0.425848,0.594297,2.536,2.63929
-0.420745,0.598749,2.555,2.65773
-0.409385,0.594297,2.536,2.63668
-0.401154,0.594297,2.536,2.63541
-0.392923,0.594297,2.536,2.63417
-0.384691,0.594297,2.536,2.63296
-0.37646,0.594297,2.536,2.63177
-0.368229,0.594297,2.536,2.6306
-0.357301,0.589844,2.517,2.60976
-0.349131,0.589844,2.517,2.60866
-0.340961,0.589844,2.517,2.60758
-0.330412,0.585626,2.499,2.58788
-0.322301,0.585626,2.499,2.58686
-0.31419,0.585626,2.499,2.58586
-0.306079,0.585626,2.499,2.58489
-0.295821,0.581408,2.481,2.56533
-0.287769,0.581408,2.481,2.56441
-0.279716,0.581408,2.481,2.56352
-0.271663,0.581408,2.481,2.56265
-0.26361,0.581408,2.481,2.56181
-0.255558,0.581408,2.481,2.561
-0.247505,0.581408,2.481,2.56021
-0.239452,0.581408,2.481,2.55944
-0.2314,0.581408,2.481,2.5587
-0.223347,0.581408,2.481,2.55798
-0.215294,0.581408,2.481,2.55729
-0.207241,0.581408,2.481,2.55663
-0.200634,0.585626,2.499,2.57453
-0.192523,0.585626,2.499,2.57391
-0.18574,0.589844,2.517,2.59185
-0.17757,0.589844,2.517,2.59128
-0.169401,0.589844,2.517,2.59073
-0.161231,0.589844,2.517,2.59021
-0.153062,0.589844,2.517,2.58972
-0.144892,0.589844,2.517,2.58925
-0.137755,0.594297,2.536,2.60834
-0.129523,0.594297,2.536,2.60792
-0.121292,0.594297,2.536,2.60753
-0.113061,0.594297,2.536,2.60716
-0.10483,0.594297,2.536,2.60681
-0.0965985,0.594297,2.536,2.60649
-0.0883672,0.594297,2.536,2.6062
-0.0807364,0.598749,2.555,2.62546
-0.0724435,0.598749,2.555,2.62522
-0.0641506,0.598749,2.555,2.625
-0.0558577,0.598749,2.555,2.62481
-0.0475648,0.598749,2.555,2.62465
-0.039564,0.603202,2.574,2.64403
-0.0312094,0.603202,2.574,2.64392
-0.0228548,0.603202,2.574,2.64383
-0.0145003,0.603202,2.574,2.64377
-0.00614571,0.603202,2.574,2.64374
0.00220886,0.603202,2.574,2.64373
0.0104854,0.598749,2.555,2.62424
0.0187783,0.598749,2.555,2.62429
0.0270712,0.598749,2.555,2.62436
0.0353641,0.598749,2.555,2.62446
0.043657,0.598749,2.555,2.62458
0.0519499,0.598749,2.555,2.62473
0.0602428,0.598749,2.555,2.62491
0.0680261,0.594297,2.536,2.60559
0.0762573,0.594297,2.536,2.60582
0.0844885,0.594297,2.536,2.60607
0.0927197,0.594297,2.536,2.60635
0.100951,0.594297,2.536,2.60666
0.109182,0.594297,2.536,2.60699
0.117413,0.594297,2.536,2.60735
0.124703,0.589844,2.517,2.5882
0.132873,0.589844,2.517,2.5886
0.141042,0.589844,2.517,2.58903
0.149212,0.589844,2.517,2.58949
0.157382,0.589844,2.517,2.58998
0.165551,0.589844,2.517,2.59049
0.172478,0.585626,2.499,2.57249
0.180589,0.585626,2.499,2.57305
0.188701,0.585626,2.499,2.57363
0.196812,0.585626,2.499,2.57424
0.204923,0.585626,2.499,2.57487
0.213034,0.585626,2.499,2.57553
0.221145,0.585626,2.499,2.57621
0.229256,0.585626,2.499,2.57692
0.237367,0.585626,2.499,2.57765
0.245479,0.585626,2.499,2.57841
0.251763,0.581408,2.481,2.56062
0.259816,0.581408,2.481,2.56143
0.267868,0.581408,2.481,2.56225
0.277923,0.585626,2.499,2.5817
0.286034,0.585626,2.499,2.58259
0.292027,0.581408,2.481,2.56489
0.300079,0.581408,2.481,2.56582
0.310368,0.585626,2.499,2.5854
0.318479,0.585626,2.499,2.58639
0.32659,0.585626,2.499,2.5874
0.334701,0.585626,2.499,2.58843
0.342812,0.585626,2.499,2.58949
0.348396,0.581408,2.481,2.57192
0.356448,0.581408,2.481,2.57302
0.364501,0.581408,2.481,2.57415
0.372554,0.581408,2.481,2.5753
0.380606,0.581408,2.481,2.57648
0.385839,0.577189,2.463,2.55898
0.393834,0.577189,2.463,2.5602
0.401828,0.577189,2.463,2.56144
0.406827,0.572971,2.445,2.54398
0.414763,0.572971,2.445,2.54526
0.422699,0.572971,2.445,2.54657
0.427641,0.568987,2.428,2.53018
0.435521,0.568987,2.428,2.53152
0.443402,0.568987,2.428,2.53289
0.448123,0.565004,2.411,2.51654
0.455948,0.565004,2.411,2.51794
0.463774,0.565004,2.411,2.51937
0.468274,0.56102,2.394,2.50305
0.476045,0.56102,2.394,2.50452
0.483815,0.56102,2.394,2.506
0.491585,0.56102,2.394,2.50752
0.499355,0.56102,2.394,2.50905
0.507126,0.56102,2.394,2.51061
0.514896,0.56102,2.394,2.51219
0.526378,0.565004,2.411,2.53164
0.534203,0.565004,2.411,2.53328
0.542029,0.565004,2.411,2.53494
0.549854,0.565004,2.411,2.53663
0.561612,0.568987,2.428,2.55624
0.569493,0.568987,2.428,2.55798
0.577374,0.568987,2.428,2.55974
0.589352,0.572971,2.445,2.57947
0.597288,0.572971,2.445,2.58129
0.605224,0.572971,2.445,2.58314
0.608896,0.568987,2.428,2.56704
0.616777,0.568987,2.428,2.56892
0.624658,0.568987,2.428,2.57082
0.62811,0.565004,2.411,2.55474
0.635935,0.565004,2.411,2.55667
0.639221,0.56102,2.394,2.54059
0.642397,0.557036,2.377,2.5245
0.650113,0.557036,2.377,2.52647
0.6534,0.553286,2.361,2.51145
0.661063,0.553286,2.361,2.51345
0.668726,0.553286,2.361,2.51548
0.676389,0.553286,2.361,2.51753
0.679417,0.549537,2.345,2.50252
0.682341,0.545787,2.329,2.48751
0.6899,0.545787,2.329,2.4896
0.692668,0.542038,2.313,2.47458
0.700175,0.542038,2.313,2.4767
0.707683,0.542038,2.313,2.47883
0.710552,0.538523,2.298,2.46489
0.718011,0.538523,2.298,2.46705
0.72547,0.538523,2.298,2.46923
0.727825,0.534773,2.282,2.45423
0.730399,0.531258,2.267,2.44029
0.737757,0.531258,2.267,2.4425
0.740185,0.527743,2.252,2.42856
0.747495,0.527743,2.252,2.4308
0.754804,0.527743,2.252,2.43305
0.762114,0.527743,2.252,2.43533
0.769423,0.527743,2.252,2.43763
0.776732,0.527743,2.252,2.43994
0.784042,0.527743,2.252,2.44228
0.791351,0.527743,2.252,2.44464
0.798661,0.527743,2.252,2.44701
0.80597,0.527743,2.252,2.44941
0.81328,0.527743,2.252,2.45182
0.826055,0.531258,2.267,2.47061
0.838927,0.534773,2.282,2.48944
0.846334,0.534773,2.282,2.49194
0.859727,0.538523,2.298,2.51196
0.867186,0.538523,2.298,2.51452
0.874644,0.538523,2.298,2.5171
0.882103,0.538523,2.298,2.51971
0.895368,0.542038,2.313,2.53879
0.902876,0.542038,2.313,2.54145
0.910383,0.542038,2.313,2.54413
0.917891,0.542038,2.313,2.54682
0.925398,0.542038,2.313,2.54954
0.932905,0.542038,2.313,2.55227
0.940413,0.542038,2.313,2.55502
0.94792,0.542038,2.313,2.5578
0.955428,0.542038,2.313,2.56059
0.962935,0.542038,2.313,2.5634
0.970443,0.542038,2.313,2.56623
0.97795,0.542038,2.313,2.56908
0.985457,0.542038,2.313,2.57194
0.992965,0.542038,2.313,2.57483
1.00047,0.542038,2.313,2.57774
1.00798,0.542038,2.313,2.58066
1.01549,0.542038,2.313,2.5836
1.03007,0.545787,2.329,2.60445
1.03763,0.545787,2.329,2.60745
1.04519,0.545787,2.329,2.61047
1.05275,0.545787,2.329,2.6135
1.06031,0.545787,2.329,2.61656
1.0752,0.549537,2.345,2.63763
1.08282,0.549537,2.345,2.64074
1.09043,0.549537,2.345,2.64387
1.09804,0.549537,2.345,2.64702
1.11319,0.553286,2.361,2.66827
1.12086,0.553286,2.361,2.67147
1.12852,0.553286,2.361,2.6747
1.14388,0.557036,2.377,2.69609
1.1516,0.557036,2.377,2.69937
1.15931,0.557036,2.377,2.70267
1.17537,0.56102,2.394,2.72534
1.18314,0.56102,2.394,2.7287
1.19937,0.565004,2.411,2.75148
1.2072,0.565004,2.411,2.7549
1.21502,0.565004,2.411,2.75834
1.23147,0.568987,2.428,2.78127
1.23935,0.568987,2.428,2.78477
1.24723,0.568987,2.428,2.78828
1.2639,0.572971,2.445,2.81136
1.27184,0.572971,2.445,2.81494
1.28919,0.577189,2.463,2.83928
1.30667,0.581408,2.481,2.8637
1.31472,0.581408,2.481,2.86738
1.32277,0.581408,2.481,2.87108
1.32117,0.577189,2.463,2.85395
1.32917,0.577189,2.463,2.85766
1.33716,0.577189,2.463,2.86138
1.34515,0.577189,2.463,2.86513
1.35315,0.577189,2.463,2.86889
1.35119,0.572971,2.445,2.85167
1.35913,0.572971,2.445,2.85544
1.36707,0.572971,2.445,2.85923
1.36544,0.568987,2.428,2.84313
1.37332,0.568987,2.428,2.84692
1.3812,0.568987,2.428,2.85073
1.37936,0.565004,2.411,2.83457
1.3774,0.56102,2.394,2.81837
1.38517,0.56102,2.394,2.82218
1.39294,0.56102,2.394,2.826
1.39077,0.557036,2.377,2.80974
1.39848,0.557036,2.377,2.81357
1.4062,0.557036,2.377,2.81741
1.4044,0.553286,2.361,2.80228
1.41206,0.553286,2.361,2.80613
1.41972,0.553286,2.361,2.80999
1.42738,0.553286,2.361,2.81387
1.43505,0.553286,2.361,2.81777
1.44271,0.553286,2.361,2.82168
1.45037,0.553286,2.361,2.8256
1.45804,0.553286,2.361,2.82954
1.47563,0.557036,2.377,2.8527
1.48335,0.557036,2.377,2.8567
1.49106,0.557036,2.377,2.86071
1.5095,0.56102,2.394,2.88523
1.51727,0.56102,2.394,2.88931
1.51421,0.557036,2.377,2.87285
1.52192,0.557036,2.377,2.87692
1.52964,0.557036,2.377,2.88101
1.52701,0.553286,2.361,2.86569
1.52427,0.549537,2.345,2.85034
1.53188,0.549537,2.345,2.85441
1.52899,0.545787,2.329,2.839
1.52599,0.542038,2.313,2.82355
1.5335,0.542038,2.313,2.82761
1.53101,0.538523,2.298,2.81333
1.51772,0.531258,2.267,2.77939
1.52508,0.531258,2.267,2.78341
1.52229,0.527743,2.252,2.76901
1.51942,0.524228,2.237,2.75456
-1.6608,0.568788,2.394,2.96867
-1.65303,0.568788,2.394,2.96433
-1.64526,0.568788,2.394,2.96
-1.63749,0.568788,2.394,2.95569
-1.62971,0.568788,2.394,2.95139
-1.63346,0.572827,2.411,2.96804
-1.62564,0.572827,2.411,2.96374
-1.61781,0.572827,2.411,2.95945
-1.62134,0.576866,2.428,2.97602
-1.61346,0.576866,2.428,2.97173
-1.60558,0.576866,2.428,2.96746
-1.5977,0.576866,2.428,2.96321
-1.58981,0.576866,2.428,2.95896
-1.58193,0.576866,2.428,2.95474
-1.57405,0.576866,2.428,2.95053
-1.57714,0.580905,2.445,2.96696
-1.5692,0.580905,2.445,2.96275
-1.56127,0.580905,2.445,2.95855
-1.55333,0.580905,2.445,2.95437
-1.5454,0.580905,2.445,2.95021
-1.54878,0.585181,2.463,2.96775
-1.54078,0.585181,2.463,2.96358
-1.53279,0.585181,2.463,2.95943
-1.5248,0.585181,2.463,2.9553
-1.5168,0.585181,2.463,2.95118
-1.50881,0.585181,2.463,2.94708
-1.51178,0.589458,2.481,2.96451
-1.50373,0.589458,2.481,2.96041
-1.49568,0.589458,2.481,2.95633
-1.48762,0.589458,2.481,2.95226
-1.47957,0.589458,2.481,2.94821
-1.47152,0.589458,2.481,2.94418
-1.45285,0.585181,2.463,2.91883
-1.44485,0.585181,2.463,2.91486
-1.43686,0.585181,2.463,2.9109
-1.41842,0.580905,2.445,2.88572
-1.41049,0.580905,2.445,2.88183
-1.40255,0.580905,2.445,2.87795
-1.39461,0.580905,2.445,2.8741
-1.38668,0.580905,2.445,2.87025
-1.37874,0.580905,2.445,2.86643
-1.37081,0.580905,2.445,2.86262
-1.36287,0.580905,2.445,2.85883
-1.36491,0.585181,2.463,2.87607
-1.35692,0.585181,2.463,2.87229
-1.35878,0.589458,2.481,2.88948
-1.37033,0.598011,2.517,2.92758
-1.36216,0.598011,2.517,2.92376
-1.36421,0.602525,2.536,2.94201
-1.36614,0.60704,2.555,2.96021
-1.35784,0.60704,2.555,2.95639
-1.35959,0.611554,2.574,2.97455
-1.35123,0.611554,2.574,2.97074
-1.34288,0.611554,2.574,2.96695
-1.32467,0.60704,2.555,2.9413
-1.30659,0.602525,2.536,2.91573
-1.29836,0.602525,2.536,2.91206
-1.28046,0.598011,2.517,2.8866
-1.26319,0.593735,2.499,2.86237
-1.25508,0.593735,2.499,2.8588
-1.24697,0.593735,2.499,2.85525
-1.22994,0.589458,2.481,2.83118
-1.22188,0.589458,2.481,2.82769
-1.21383,0.589458,2.481,2.82422
-1.20578,0.589458,2.481,2.82077
-1.19772,0.589458,2.481,2.81733
-1.18967,0.589458,2.481,2.81392
-1.18162,0.589458,2.481,2.81052
-1.17357,0.589458,2.481,2.80715
-1.16551,0.589458,2.481,2.80379
-1.15746,0.589458,2.481,2.80045
-1.14941,0.589458,2.481,2.79713
-1.14136,0.589458,2.481,2.79384
-1.1333,0.589458,2.481,2.79056
-1.12525,0.589458,2.481,2.78729
-1.10909,0.585181,2.463,2.76385
-1.1011,0.585181,2.463,2.76066
-1.0931,0.585181,2.463,2.75748
-1.08511,0.585181,2.463,2.75432
-1.07712,0.585181,2.463,2.75118
-1.06912,0.585181,2.463,2.74806
-1.06113,0.585181,2.463,2.74496
-1.05313,0.585181,2.463,2.74188
-1.04514,0.585181,2.463,2.73882
-1.02956,0.580905,2.445,2.71578
-1.02163,0.580905,2.445,2.71278
-1.01369,0.580905,2.445,2.70981
-1.00576,0.580905,2.445,2.70685
-0.997821,0.580905,2.445,2.70391
-0.989885,0.580905,2.445,2.70099
-0.981949,0.580905,2.445,2.69809
-0.981184,0.585181,2.463,2.71506
-0.973189,0.585181,2.463,2.71218
-0.965195,0.585181,2.463,2.70932
-0.957201,0.585181,2.463,2.70648
-0.949206,0.585181,2.463,2.70366
-0.941212,0.585181,2.463,2.70087
-0.933218,0.585181,2.463,2.69809
-0.925224,0.585181,2.463,2.69534
-0.917229,0.585181,2.463,2.6926
-0.909235,0.585181,2.463,2.68989
-0.907827,0.589458,2.481,2.70684
-0.899774,0.589458,2.481,2.70415
-0.891722,0.589458,2.481,2.70148
-0.883669,0.589458,2.481,2.69883
-0.875616,0.589458,2.481,2.69621
-0.861269,0.585181,2.463,2.67406
-0.853275,0.585181,2.463,2.67149
-0.851458,0.589458,2.481,2.68846
-0.843405,0.589458,2.481,2.68592
-0.835353,0.589458,2.481,2.6834
-0.8273,0.589458,2.481,2.6809
-0.819247,0.589458,2.481,2.67843
-0.811195,0.589458,2.481,2.67598
-0.803142,0.589458,2.481,2.67355
-0.795089,0.589458,2.481,2.67114
-0.787037,0.589458,2.481,2.66875
-0.778984,0.589458,2.481,2.66639
-0.770931,0.589458,2.481,2.66405
-0.762878,0.589458,2.481,2.66173
-0.754826,0.589458,2.481,2.65943
-0.752191,0.593735,2.499,2.67644
-0.74408,0.593735,2.499,2.67417
-0.735969,0.593735,2.499,2.67192
-0.7331,0.598011,2.517,2.68893
-0.724931,0.598011,2.517,2.68671
-0.716761,0.598011,2.517,2.68452
-0.708592,0.598011,2.517,2.68235
-0.700422,0.598011,2.517,2.6802
-0.692252,0.598011,2.517,2.67808
-0.689247,0.602525,2.536,2.69618
-0.681016,0.602525,2.536,2.69409
-0.672784,0.602525,2.536,2.69202
-0.664553,0.602525,2.536,2.68997
-0.661239,0.60704,2.555,2.70809
-0.652946,0.60704,2.555,2.70608
-0.644653,0.60704,2.555,2.70409
-0.63636,0.60704,2.555,2.70212
-0.632738,0.611554,2.574,2.72026
-0.624384,0.611554,2.574,2.71833
-0.616029,0.611554,2.574,2.71643
-0.607674,0.611554,2.574,2.71454
-0.59932,0.611554,2.574,2.71268
-0.590965,0.611554,2.574,2.71085
-0.582611,0.611554,2.574,2.70904
-0.578495,0.616068,2.593,2.72724
-0.570079,0.616068,2.593,2.72547
-0.561663,0.616068,2.593,2.72372
-0.553246,0.616068,2.593,2.722
-0.540838,0.611554,2.574,2.70037
-0.532483,0.611554,2.574,2.69871
-0.524129,0.611554,2.574,2.69707
-0.511967,0.60704,2.555,2.67556
-0.503674,0.60704,2.555,2.67399
-0.495381,0.60704,2.555,2.67244
-0.487088,0.60704,2.555,2.67091
-0.478795,0.60704,2.555,2.66941
-0.470502,0.60704,2.555,2.66794
-0.46221,0.60704,2.555,2.66649
-0.453917,0.60704,2.555,2.66506
-0.445624,0.60704,2.555,2.66366
-0.437331,0.60704,2.555,2.66229
-0.429038,0.60704,2.555,2.66094
-0.420745,0.60704,2.555,2.65961
-0.409385,0.602525,2.536,2.63855
-0.401154,0.602525,2.536,2.63728
-0.392923,0.602525,2.536,2.63604
-0.384691,0.602525,2.536,2.63483
-0.37646,0.602525,2.536,2.63364
-0.368229,0.602525,2.536,2.63248
-0.357301,0.598011,2.517,2.61162
-0.349131,0.598011,2.517,2.61052
-0.340961,0.598011,2.517,2.60944
-0.330412,0.593735,2.499,2.58973
-0.322301,0.593735,2.499,2.58871
-0.31419,0.593735,2.499,2.58771
-0.306079,0.593735,2.499,2.58674
-0.297967,0.593735,2.499,2.58579
-0.289856,0.593735,2.499,2.58487
-0.281745,0.593735,2.499,2.58397
-0.273634,0.593735,2.499,2.5831
-0.265523,0.593735,2.499,2.58225
-0.257412,0.593735,2.499,2.58143
-0.249301,0.593735,2.499,2.58063
-0.24119,0.593735,2.499,2.57986
-0.233078,0.593735,2.499,2.57912
-0.224967,0.593735,2.499,2.5784
-0.216856,0.593735,2.499,2.5777
-0.208745,0.593735,2.499,2.57703
-0.202079,0.598011,2.517,2.59495
-0.193909,0.598011,2.517,2.59432
-0.18574,0.598011,2.517,2.59372
-0.17757,0.598011,2.517,2.59315
-0.169401,0.598011,2.517,2.59261
-0.161231,0.598011,2.517,2.59208
-0.153062,0.598011,2.517,2.59159
-0.145986,0.602525,2.536,2.61068
-0.137755,0.602525,2.536,2.61023
-0.129523,0.602525,2.536,2.60981
-0.121292,0.602525,2.536,2.60941
-0.113061,0.602525,2.536,2.60905
-0.10483,0.602525,2.536,2.6087
-0.0965985,0.602525,2.536,2.60838
-0.0883672,0.602525,2.536,2.60809
-0.080136,0.602525,2.536,2.60783
-0.0719048,0.602525,2.536,2.60759
-0.0636736,0.602525,2.536,2.60737
-0.0554423,0.602525,2.536,2.60718
-0.0472111,0.602525,2.536,2.60702
-0.0389799,0.602525,2.536,2.60689
-0.0307487,0.602525,2.536,2.60678
-0.0225174,0.602525,2.536,2.60669
-0.0142862,0.602525,2.536,2.60663
-0.00605498,0.602525,2.536,2.6066
0.00217625,0.602525,2.536,2.6066
0.0104075,0.602525,2.536,2.60661
0.0184991,0.598011,2.517,2.58713
0.0266686,0.598011,2.517,2.5872
0.0348382,0.598011,2.517,2.5873
0.0430077,0.598011,2.517,2.58742
0.0511773,0.598011,2.517,2.58757
0.0593468,0.598011,2.517,2.58775
0.0675164,0.598011,2.517,2.58795
0.075686,0.598011,2.517,2.58817
0.0838555,0.598011,2.517,2.58842
0.0920251,0.598011,2.517,2.5887
0.100195,0.598011,2.517,2.589
0.108364,0.598011,2.517,2.58933
0.1157,0.593735,2.499,2.57117
0.123811,0.593735,2.499,2.57155
0.131923,0.593735,2.499,2.57195
0.140034,0.593735,2.499,2.57238
0.148145,0.593735,2.499,2.57283
0.156256,0.593735,2.499,2.57331
0.164367,0.593735,2.499,2.57382
0.172478,0.593735,2.499,2.57435
0.180589,0.593735,2.499,2.5749
0.188701,0.593735,2.499,2.57549
0.195394,0.589458,2.481,2.55754
0.203447,0.589458,2.481,2.55817
0.2115,0.589458,2.481,2.55882
0.219552,0.589458,2.481,2.5595
0.227605,0.589458,2.481,2.5602
0.235658,0.589458,2.481,2.56093
0.24371,0.589458,2.481,2.56168
0.251763,0.589458,2.481,2.56246
0.259816,0.589458,2.481,2.56326
0.267868,0.589458,2.481,2.56409
0.275921,0.589458,2.481,2.56495
0.283974,0.589458,2.481,2.56583
0.292027,0.589458,2.481,2.56673
0.300079,0.589458,2.481,2.56766
0.308132,0.589458,2.481,2.56861
0.316185,0.589458,2.481,2.56959
0.324237,0.589458,2.481,2.57059
0.33229,0.589458,2.481,2.57162
0.340343,0.589458,2.481,2.57267
0.348396,0.589458,2.481,2.57375
0.356448,0.589458,2.481,2.57486
0.364501,0.589458,2.481,2.57598
0.369851,0.585181,2.463,2.55844
0.377845,0.585181,2.463,2.5596
0.385839,0.585181,2.463,2.5608
0.393834,0.585181,2.463,2.56201
0.398891,0.580905,2.445,2.54452
0.406827,0.580905,2.445,2.54578
0.414763,0.580905,2.445,2.54706
0.41976,0.576866,2.428,2.53064
0.427641,0.576866,2.428,2.53196
0.435521,0.576866,2.428,2.53331
0.443402,0.576866,2.428,2.53467
0.448123,0.572827,2.411,2.51831
0.455948,0.572827,2.411,2.51971
0.463774,0.572827,2.411,2.52114
0.471599,0.572827,2.411,2.52259
0.479425,0.572827,2.411,2.52406
0.483815,0.568788,2.394,2.50775
0.491585,0.568788,2.394,2.50927
0.499355,0.568788,2.394,2.5108
0.507126,0.568788,2.394,2.51236
0.514896,0.568788,2.394,2.51394
0.526378,0.572827,2.411,2.5334
0.534203,0.572827,2.411,2.53504
0.542029,0.572827,2.411,2.5367
0.553732,0.576866,2.428,2.55628
0.565544,0.580905,2.445,2.57591
0.57348,0.580905,2.445,2.57766
0.581416,0.580905,2.445,2.57944
0.589352,0.580905,2.445,2.58124
0.597288,0.580905,2.445,2.58307
0.605224,0.580905,2.445,2.58491
0.61316,0.580905,2.445,2.58678
0.621095,0.580905,2.445,2.58867
0.624658,0.576866,2.428,2.57258
0.62811,0.572827,2.411,2.55648
0.635935,0.572827,2.411,2.55841
0.643761,0.572827,2.411,2.56037
0.642397,0.564749,2.377,2.52621
0.650113,0.564749,2.377,2.52818
0.6534,0.560947,2.361,2.51315
0.661063,0.560947,2.361,2.51515
0.668726,0.560947,2.361,2.51718
0.671806,0.557146,2.345,2.50215
0.679417,0.557146,2.345,2.50421
0.682341,0.553345,2.329,2.48918
0.6899,0.553345,2.329,2.49126
0.692668,0.549543,2.313,2.47624
0.700175,0.549543,2.313,2.47835
0.707683,0.549543,2.313,2.48048
0.710552,0.545979,2.298,2.46653
0.718011,0.545979,2.298,2.46869
0.72547,0.545979,2.298,2.47087
0.727825,0.542178,2.282,2.45585
0.735232,0.542178,2.282,2.45806
0.742639,0.542178,2.282,2.46028
0.745115,0.538614,2.267,2.44634
0.752474,0.538614,2.267,2.44859
0.754804,0.53505,2.252,2.43465
0.762114,0.53505,2.252,2.43692
0.769423,0.53505,2.252,2.43922
0.776732,0.53505,2.252,2.44154
0.789264,0.538614,2.267,2.46015
0.796622,0.538614,2.267,2.46252
0.80398,0.538614,2.267,2.46491
0.816707,0.542178,2.282,2.48364
0.824114,0.542178,2.282,2.48609
0.83152,0.542178,2.282,2.48856
0.844809,0.545979,2.298,2.50851
0.852268,0.545979,2.298,2.51103
0.859727,0.545979,2.298,2.51357
0.872846,0.549543,2.313,2.53255
0.880353,0.549543,2.313,2.53515
0.887861,0.549543,2.313,2.53777
0.895368,0.549543,2.313,2.5404
0.902876,0.549543,2.313,2.54306
0.910383,0.549543,2.313,2.54573
0.917891,0.549543,2.313,2.54843
0.925398,0.549543,2.313,2.55114
0.932905,0.549543,2.313,2.55388
0.940413,0.549543,2.313,2.55663
0.94792,0.549543,2.313,2.5594
0.955428,0.549543,2.313,2.56219
0.962935,0.549543,2.313,2.565
0.970443,0.549543,2.313,2.56783
0.97795,0.549543,2.313,2.57067
0.985457,0.549543,2.313,2.57354
0.992965,0.549543,2.313,2.57642
1.00047,0.549543,2.313,2.57932
1.00798,0.549543,2.313,2.58225
1.01549,0.549543,2.313,2.58519
1.03007,0.553345,2.329,2.60605
1.03763,0.553345,2.329,2.60904
1.04519,0.553345,2.329,2.61206
1.05275,0.553345,2.329,2.61509
1.06031,0.553345,2.329,2.61815
1.0752,0.557146,2.345,2.63922
1.08282,0.557146,2.345,2.64233
1.09043,0.557146,2.345,2.64546
1.09804,0.557146,2.345,2.64861
1.11319,0.560947,2.361,2.66987
1.12086,0.560947,2.361,2.67307
1.12852,0.560947,2.361,2.67629
1.14388,0.564749,2.377,2.69769
1.1516,0.564749,2.377,2.70097
1.15931,0.564749,2.377,2.70427
1.17537,0.568788,2.394,2.72695
1.18314,0.568788,2.394,2.73031
1.19937,0.572827,2.411,2.7531
1.2072,0.572827,2.411,2.75652
1.21502,0.572827,2.411,2.75995
1.23147,0.576866,2.428,2.78289
1.23935,0.576866,2.428,2.78639
1.24723,0.576866,2.428,2.7899
1.2639,0.580905,2.445,2.81299
1.27184,0.580905,2.445,2.81657
1.27977,0.580905,2.445,2.82016
1.28771,0.580905,2.445,2.82377
1.29564,0.580905,2.445,2.8274
1.31318,0.585181,2.463,2.85188
1.31152,0.580905,2.445,2.8347
1.31945,0.580905,2.445,2.83838
1.32739,0.580905,2.445,2.84208
1.33532,0.580905,2.445,2.8458
1.34326,0.580905,2.445,2.84953
1.3418,0.576866,2.428,2.83344
1.34968,0.576866,2.428,2.83718
1.35756,0.576866,2.428,2.84094
1.35588,0.572827,2.411,2.8248
1.35409,0.568788,2.394,2.80862
1.36186,0.568788,2.394,2.81237
1.36963,0.568788,2.394,2.81614
1.36762,0.564749,2.377,2.7999
1.37534,0.564749,2.377,2.80368
1.37374,0.560947,2.361,2.78858
1.37204,0.557146,2.345,2.77344
1.37966,0.557146,2.345,2.77721
1.38727,0.557146,2.345,2.781
1.38536,0.553345,2.329,2.7658
1.39292,0.553345,2.329,2.7696
1.40048,0.553345,2.329,2.7734
1.40804,0.553345,2.329,2.77723
1.4156,0.553345,2.329,2.78107
1.42316,0.553345,2.329,2.78493
1.43072,0.553345,2.329,2.7888
1.44816,0.557146,2.345,2.81187
1.45577,0.557146,2.345,2.81579
1.46338,0.557146,2.345,2.81974
1.48103,0.560947,2.361,2.84296
1.48869,0.560947,2.361,2.84696
1.49635,0.560947,2.361,2.85098
1.50402,0.560947,2.361,2.855
1.51168,0.560947,2.361,2.85905
1.51934,0.560947,2.361,2.86311
1.51666,0.557146,2.345,2.84775
1.51387,0.553345,2.329,2.83235
1.52143,0.553345,2.329,2.8364
1.51848,0.549543,2.313,2.82095
1.5161,0.545979,2.298,2.80668
1.52355,0.545979,2.298,2.81071
1.52035,0.542178,2.282,2.79517
1.50768,0.53505,2.252,2.7624
1.51499,0.53505,2.252,2.7664
1.51215,0.531486,2.237,2.75196
1.50991,0.52816,2.223,2.7387
-1.6608,0.576556,2.394,2.97017
-1.65303,0.576556,2.394,2.96583
-1.64526,0.576556,2.394,2.96151
-1.63749,0.576556,2.394,2.9572
-1.62971,0.576556,2.394,2.9529
-1.63346,0.58065,2.411,2.96956
-1.62564,0.58065,2.411,2.96526
-1.61781,0.58065,2.411,2.96098
-1.62134,0.584744,2.428,2.97756
-1.61346,0.584744,2.428,2.97327
-1.60558,0.584744,2.428,2.969
-1.5977,0.584744,2.428,2.96475
-1.58981,0.584744,2.428,2.96051
-1.58193,0.584744,2.428,2.95629
-1.57405,0.584744,2.428,2.95208
-1.57714,0.588839,2.445,2.96852
-1.5692,0.588839,2.445,2.96431
-1.56127,0.588839,2.445,2.96012
-1.55333,0.588839,2.445,2.95594
-1.5454,0.588839,2.445,2.95178
-1.54878,0.593174,2.463,2.96933
-1.54078,0.593174,2.463,2.96517
-1.53279,0.593174,2.463,2.96102
-1.5248,0.593174,2.463,2.95689
-1.5168,0.593174,2.463,2.95278
-1.50881,0.593174,2.463,2.94868
-1.51178,0.597509,2.481,2.96612
-1.50373,0.597509,2.481,2.96202
-1.49568,0.597509,2.481,2.95794
-1.48762,0.597509,2.481,2.95388
-1.47957,0.597509,2.481,2.94983
-1.46084,0.593174,2.463,2.92443
-1.45285,0.593174,2.463,2.92044
-1.44485,0.593174,2.463,2.91647
-1.42636,0.588839,2.445,2.89124
-1.40856,0.584744,2.428,2.86725
-1.40068,0.584744,2.428,2.86339
-1.3928,0.584744,2.428,2.85954
-1.38492,0.584744,2.428,2.85571
-1.37704,0.584744,2.428,2.8519
-1.36916,0.584744,2.428,2.8481
-1.36127,0.584744,2.428,2.84432
-1.36287,0.588839,2.445,2.86045
-1.35493,0.588839,2.445,2.85668
-1.347,0.588839,2.445,2.85292
-1.35878,0.597509,2.481,2.89113
-1.36053,0.601844,2.499,2.90831
-1.35241,0.601844,2.499,2.90452
-1.35399,0.606179,2.517,2.92165
-1.35598,0.610754,2.536,2.9399
-1.34774,0.610754,2.536,2.93611
-1.33951,0.610754,2.536,2.93234
-1.33128,0.610754,2.536,2.92859
-1.32305,0.610754,2.536,2.92486
-1.31482,0.610754,2.536,2.92114
-1.2968,0.606179,2.517,2.89559
-1.28863,0.606179,2.517,2.89194
-1.2713,0.601844,2.499,2.86765
-1.25409,0.597509,2.481,2.84344
-1.24604,0.597509,2.481,2.83989
-1.23799,0.597509,2.481,2.83637
-1.22101,0.593174,2.463,2.81231
-1.21302,0.593174,2.463,2.80885
-1.20502,0.593174,2.463,2.80541
-1.19703,0.593174,2.463,2.80198
-1.18904,0.593174,2.463,2.79858
-1.18104,0.593174,2.463,2.79519
-1.17305,0.593174,2.463,2.79182
-1.16505,0.593174,2.463,2.78847
-1.15706,0.593174,2.463,2.78514
-1.14906,0.593174,2.463,2.78183
-1.14107,0.593174,2.463,2.77854
-1.13308,0.593174,2.463,2.77526
-1.12508,0.593174,2.463,2.77201
-1.11709,0.593174,2.463,2.76877
-1.10909,0.593174,2.463,2.76556
-1.1011,0.593174,2.463,2.76236
-1.0931,0.593174,2.463,2.75918
-1.07718,0.588839,2.445,2.73589
-1.06924,0.588839,2.445,2.73277
-1.06131,0.588839,2.445,2.72968
-1.05337,0.588839,2.445,2.7266
-1.04544,0.588839,2.445,2.72354
-1.0375,0.588839,2.445,2.72051
-1.02956,0.588839,2.445,2.71749
-1.02163,0.588839,2.445,2.71449
-1.01369,0.588839,2.445,2.71152
-1.00576,0.588839,2.445,2.70856
-0.997821,0.588839,2.445,2.70562
-0.989885,0.588839,2.445,2.70271
-0.981949,0.588839,2.445,2.69981
-0.974013,0.588839,2.445,2.69693
-0.966077,0.588839,2.445,2.69408
-0.958141,0.588839,2.445,2.69124
-0.950205,0.588839,2.445,2.68843
-0.949206,0.593174,2.463,2.7054
-0.941212,0.593174,2.463,2.70261
-0.933218,0.593174,2.463,2.69984
-0.925224,0.593174,2.463,2.69708
-0.917229,0.593174,2.463,2.69435
-0.909235,0.593174,2.463,2.69164
-0.907827,0.597509,2.481,2.7086
-0.899774,0.597509,2.481,2.70591
-0.891722,0.597509,2.481,2.70325
-0.883669,0.597509,2.481,2.7006
-0.875616,0.597509,2.481,2.69798
-0.861269,0.593174,2.463,2.67582
-0.853275,0.593174,2.463,2.67326
-0.851458,0.597509,2.481,2.69023
-0.843405,0.597509,2.481,2.6877
-0.835353,0.597509,2.481,2.68518
-0.8273,0.597509,2.481,2.68269
-0.819247,0.597509,2.481,2.68021
-0.811195,0.597509,2.481,2.67776
-0.803142,0.597509,2.481,2.67533
-0.795089,0.597509,2.481,2.67293
-0.787037,0.597509,2.481,2.67054
-0.778984,0.597509,2.481,2.66818
-0.770931,0.597509,2.481,2.66584
-0.762878,0.597509,2.481,2.66352
-0.754826,0.597509,2.481,2.66123
-0.752191,0.601844,2.499,2.67825
-0.74408,0.601844,2.499,2.67598
-0.735969,0.601844,2.499,2.67374
-0.7331,0.606179,2.517,2.69076
-0.724931,0.606179,2.517,2.68854
-0.716761,0.606179,2.517,2.68635
-0.708592,0.606179,2.517,2.68418
-0.700422,0.606179,2.517,2.68204
-0.692252,0.606179,2.517,2.67992
-0.689247,0.610754,2.536,2.69803
-0.681016,0.610754,2.536,2.69594
-0.677825,0.61533,2.555,2.71406
-0.669532,0.61533,2.555,2.712
-0.661239,0.61533,2.555,2.70996
-0.652946,0.61533,2.555,2.70795
-0.644653,0.61533,2.555,2.70596
-0.63636,0.61533,2.555,2.704
-0.632738,0.619906,2.574,2.72215
-0.624384,0.619906,2.574,2.72022
-0.616029,0.619906,2.574,2.71832
-0.607674,0.619906,2.574,2.71644
-0.59932,0.619906,2.574,2.71458
-0.590965,0.619906,2.574,2.71275
-0.586911,0.624482,2.593,2.73095
-0.578495,0.624482,2.593,2.72915
-0.570079,0.624482,2.593,2.72738
-0.561663,0.624482,2.593,2.72564
-0.553246,0.624482,2.593,2.72391
-0.540838,0.619906,2.574,2.70227
-0.532483,0.619906,2.574,2.70061
-0.524129,0.619906,2.574,2.69898
-0.511967,0.61533,2.555,2.67746
-0.503674,0.61533,2.555,2.67588
-0.491697,0.610754,2.536,2.65445
-0.483466,0.610754,2.536,2.65293
-0.475235,0.610754,2.536,2.65145
-0.467004,0.610754,2.536,2.64998
-0.458772,0.610754,2.536,2.64854
-0.450541,0.610754,2.536,2.64713
-0.44231,0.610754,2.536,2.64574
-0.434079,0.610754,2.536,2.64438
-0.425848,0.610754,2.536,2.64304
-0.417616,0.610754,2.536,2.64173
-0.409385,0.610754,2.536,2.64044
-0.401154,0.610754,2.536,2.63917
-0.392923,0.610754,2.536,2.63794
-0.384691,0.610754,2.536,2.63672
-0.37646,0.610754,2.536,2.63553
-0.36547,0.606179,2.517,2.61463
-0.357301,0.606179,2.517,2.6135
-0.349131,0.606179,2.517,2.6124
-0.340961,0.606179,2.517,2.61132
-0.330412,0.601844,2.499,2.5916
-0.322301,0.601844,2.499,2.59058
-0.31419,0.601844,2.499,2.58958
-0.306079,0.601844,2.499,2.58861
-0.297967,0.601844,2.499,2.58766
-0.289856,0.601844,2.499,2.58674
-0.281745,0.601844,2.499,2.58585
-0.273634,0.601844,2.499,2.58497
-0.265523,0.601844,2.499,2.58413
-0.257412,0.601844,2.499,2.58331
-0.249301,0.601844,2.499,2.58251
-0.24119,0.601844,2.499,2.58174
-0.233078,0.601844,2.499,2.581
-0.224967,0.601844,2.499,2.58028
-0.216856,0.601844,2.499,2.57958
-0.208745,0.601844,2.499,2.57891
-0.202079,0.606179,2.517,2.59684
-0.193909,0.606179,2.517,2.59622
-0.18574,0.606179,2.517,2.59562
-0.17757,0.606179,2.517,2.59505
-0.169401,0.606179,2.517,2.5945
-0.161231,0.606179,2.517,2.59398
-0.153062,0.606179,2.517,2.59349
-0.145986,0.610754,2.536,2.61259
-0.137755,0.610754,2.536,2.61214
-0.128553,0.606179,2.517,2.59216
-0.120383,0.606179,2.517,2.59176
-0.112214,0.606179,2.517,2.5914
-0.104044,0.606179,2.517,2.59106
-0.0958747,0.606179,2.517,2.59074
-0.0877052,0.606179,2.517,2.59045
-0.0795356,0.606179,2.517,2.59019
-0.0713661,0.606179,2.517,2.58995
-0.0631965,0.606179,2.517,2.58974
-0.055027,0.606179,2.517,2.58955
-0.0468574,0.606179,2.517,2.58939
-0.0384112,0.601844,2.499,2.57074
-0.0303,0.601844,2.499,2.57063
-0.0221889,0.601844,2.499,2.57055
-0.0140778,0.601844,2.499,2.57049
-0.00596664,0.601844,2.499,2.57046
0.00214449,0.601844,2.499,2.57045
0.0101818,0.597509,2.481,2.55196
0.0182345,0.597509,2.481,2.552
0.0262872,0.597509,2.481,2.55207
0.0343399,0.597509,2.481,2.55217
0.0423926,0.597509,2.481,2.55229
0.0504453,0.597509,2.481,2.55243
0.058498,0.597509,2.481,2.55261
0.0665507,0.597509,2.481,2.5528
0.0746034,0.597509,2.481,2.55303
0.0826561,0.597509,2.481,2.55327
0.0907089,0.597509,2.481,2.55355
0.0987616,0.597509,2.481,2.55385
0.106814,0.597509,2.481,2.55417
0.114867,0.597509,2.481,2.55452
0.12292,0.597509,2.481,2.55489
0.130972,0.597509,2.481,2.55529
0.139025,0.597509,2.481,2.55572
0.147078,0.597509,2.481,2.55617
0.155131,0.597509,2.481,2.55665
0.161999,0.593174,2.463,2.5386
0.169994,0.593174,2.463,2.53912
0.177988,0.593174,2.463,2.53967
0.185982,0.593174,2.463,2.54024
0.193976,0.593174,2.463,2.54084
0.201971,0.593174,2.463,2.54146
0.209965,0.593174,2.463,2.54211
0.217959,0.593174,2.463,2.54278
0.225954,0.593174,2.463,2.54348
0.233948,0.593174,2.463,2.5442
0.241942,0.593174,2.463,2.54495
0.24811,0.588839,2.445,2.52712
0.256046,0.588839,2.445,2.52791
0.263982,0.588839,2.445,2.52872
0.273919,0.593174,2.463,2.54819
0.281914,0.593174,2.463,2.54906
0.289908,0.593174,2.463,2.54996
0.297902,0.593174,2.463,2.55088
0.305896,0.593174,2.463,2.55182
0.313891,0.593174,2.463,2.55279
0.321885,0.593174,2.463,2.55379
0.329879,0.593174,2.463,2.55481
0.337874,0.593174,2.463,2.55585
0.345868,0.593174,2.463,2.55692
0.353862,0.593174,2.463,2.55802
0.361856,0.593174,2.463,2.55913
0.367148,0.588839,2.445,2.54157
0.375084,0.588839,2.445,2.54272
0.38302,0.588839,2.445,2.54391
0.390955,0.588839,2.445,2.54511
0.396118,0.584744,2.428,2.52864
0.403999,0.584744,2.428,2.52989
0.411879,0.584744,2.428,2.53116
0.41976,0.584744,2.428,2.53245
0.424646,0.58065,2.411,2.51603
0.432472,0.58065,2.411,2.51736
0.440297,0.58065,2.411,2.51872
0.451283,0.584744,2.428,2.53787
0.459163,0.584744,2.428,2.53928
0.463774,0.58065,2.411,2.52293
0.471599,0.58065,2.411,2.52438
0.479425,0.58065,2.411,2.52585
0.48725,0.58065,2.411,2.52735
0.495076,0.58065,2.411,2.52887
0.502901,0.58065,2.411,2.53041
0.510727,0.58065,2.411,2.53198
0.518552,0.58065,2.411,2.53357
0.526378,0.58065,2.411,2.53518
0.53797,0.584744,2.428,2.55471
0.545851,0.584744,2.428,2.55638
0.557609,0.588839,2.445,2.57598
0.565544,0.588839,2.445,2.57771
0.57348,0.588839,2.445,2.57946
0.581416,0.588839,2.445,2.58124
0.589352,0.588839,2.445,2.58304
0.601685,0.593174,2.463,2.60389
0.605224,0.588839,2.445,2.58671
0.61316,0.588839,2.445,2.58858
0.621095,0.588839,2.445,2.59047
0.624658,0.584744,2.428,2.57436
0.632538,0.584744,2.428,2.57628
0.640419,0.584744,2.428,2.57823
0.643761,0.58065,2.411,2.56213
0.642397,0.572462,2.377,2.52795
0.650113,0.572462,2.377,2.52992
0.657828,0.572462,2.377,2.53191
0.661063,0.568608,2.361,2.51687
0.668726,0.568608,2.361,2.51889
0.671806,0.564755,2.345,2.50386
0.679417,0.564755,2.345,2.50591
0.682341,0.560902,2.329,2.49087
0.6899,0.560902,2.329,2.49295
0.697459,0.560902,2.329,2.49506
0.700175,0.557048,2.313,2.48002
0.707683,0.557048,2.313,2.48215
0.71519,0.557048,2.313,2.4843
0.722698,0.557048,2.313,2.48648
0.730205,0.557048,2.313,2.48867
0.732928,0.553436,2.298,2.47473
0.735232,0.549583,2.282,2.4597
0.742639,0.549583,2.282,2.46193
0.750046,0.549583,2.282,2.46417
0.752474,0.54597,2.267,2.45022
0.754804,0.542358,2.252,2.43626
0.762114,0.542358,2.252,2.43854
0.769423,0.542358,2.252,2.44083
0.781906,0.54597,2.267,2.45942
0.789264,0.54597,2.267,2.46177
0.796622,0.54597,2.267,2.46414
0.80398,0.54597,2.267,2.46653
0.816707,0.549583,2.282,2.48527
0.824114,0.549583,2.282,2.48772
0.83152,0.549583,2.282,2.49018
0.844809,0.553436,2.298,2.51014
0.852268,0.553436,2.298,2.51266
0.859727,0.553436,2.298,2.5152
0.872846,0.557048,2.313,2.53419
0.880353,0.557048,2.313,2.53679
0.887861,0.557048,2.313,2.5394
0.895368,0.557048,2.313,2.54204
0.902876,0.557048,2.313,2.54469
0.910383,0.557048,2.313,2.54737
0.917891,0.557048,2.313,2.55006
0.925398,0.557048,2.313,2.55277
0.932905,0.557048,2.313,2.5555
0.940413,0.557048,2.313,2.55825
0.94792,0.557048,2.313,2.56102
0.955428,0.557048,2.313,2.56381
0.962935,0.557048,2.313,2.56662
0.970443,0.557048,2.313,2.56944
0.97795,0.557048,2.313,2.57229
0.985457,0.557048,2.313,2.57515
0.992965,0.557048,2.313,2.57803
1.00047,0.557048,2.313,2.58093
1.00798,0.557048,2.313,2.58385
1.01549,0.557048,2.313,2.58679
1.02299,0.557048,2.313,2.58975
1.0305,0.557048,2.313,2.59272
1.03801,0.557048,2.313,2.59572
1.05275,0.560902,2.329,2.6167
1.06031,0.560902,2.329,2.61975
1.06787,0.560902,2.329,2.62282
1.07543,0.560902,2.329,2.62591
1.09043,0.564755,2.345,2.64707
1.09804,0.564755,2.345,2.65022
1.10565,0.564755,2.345,2.65338
1.11326,0.564755,2.345,2.65656
1.12087,0.564755,2.345,2.65976
1.12848,0.564755,2.345,2.66298
1.14385,0.568608,2.361,2.6844
1.15151,0.568608,2.361,2.68768
1.15917,0.568608,2.361,2.69097
1.17474,0.572462,2.377,2.71254
1.18246,0.572462,2.377,2.71589
1.19017,0.572462,2.377,2.71926
1.20646,0.576556,2.394,2.74211
1.22285,0.58065,2.411,2.76504
1.23067,0.58065,2.411,2.76851
1.2385,0.58065,2.411,2.772
1.24632,0.58065,2.411,2.7755
1.25415,0.58065,2.411,2.77902
1.27087,0.584744,2.428,2.80218
1.27875,0.584744,2.428,2.80577
1.28664,0.584744,2.428,2.80937
1.29452,0.584744,2.428,2.81298
1.3024,0.584744,2.428,2.81662
1.31028,0.584744,2.428,2.82027
1.30893,0.58065,2.411,2.80417
1.31675,0.58065,2.411,2.80783
1.32458,0.58065,2.411,2.81151
1.33241,0.58065,2.411,2.81521
1.33078,0.576556,2.394,2.79904
1.33855,0.576556,2.394,2.80274
1.34632,0.576556,2.394,2.80646
1.34448,0.572462,2.377,2.79024
1.35219,0.572462,2.377,2.79397
1.35075,0.568608,2.361,2.77888
1.34921,0.564755,2.345,2.76376
1.35682,0.564755,2.345,2.76748
1.35512,0.560902,2.329,2.75231
1.36268,0.560902,2.329,2.75604
1.36083,0.557048,2.313,2.74083
1.36834,0.557048,2.313,2.74456
1.37584,0.557048,2.313,2.74831
1.38335,0.557048,2.313,2.75208
1.39086,0.557048,2.313,2.75586
1.39837,0.557048,2.313,2.75966
1.40587,0.557048,2.313,2.76347
1.41338,0.557048,2.313,2.76729
1.42089,0.557048,2.313,2.77114
1.4284,0.557048,2.313,2.77499
1.4359,0.557048,2.313,2.77886
1.44341,0.557048,2.313,2.78275
1.46095,0.560902,2.329,2.80593
1.4786,0.564755,2.345,2.82918
1.49635,0.568608,2.361,2.85249
1.49382,0.564755,2.345,2.83716
1.49119,0.560902,2.329,2.82179
1.49875,0.560902,2.329,2.82579
1.50631,0.560902,2.329,2.82981
1.51387,0.560902,2.329,2.83384
1.52143,0.560902,2.329,2.83789
1.51848,0.557048,2.313,2.82242
1.50554,0.549583,2.282,2.78859
1.51295,0.549583,2.282,2.79259
1.51036,0.54597,2.267,2.77823
1.50768,0.542358,2.252,2.76383
1.51499,0.542358,2.252,2.76782
1.50269,0.535373,2.223,2.73614
1.5004,0.532002,2.209,2.72285
-1.6608,0.584324,2.394,2.97169
-1.65303,0.584324,2.394,2.96735
-1.64526,0.584324,2.394,2.96303
-1.63749,0.584324,2.394,2.95872
-1.62971,0.584324,2.394,2.95443
-1.63346,0.588473,2.411,2.9711
-1.6371,0.592623,2.428,2.98772
-1.62922,0.592623,2.428,2.98341
-1.62134,0.592623,2.428,2.97911
-1.61346,0.592623,2.428,2.97483
-1.61682,0.596772,2.445,2.99136
-1.60888,0.596772,2.445,2.98708
-1.60095,0.596772,2.445,2.98282
-1.59301,0.596772,2.445,2.97856
-1.58507,0.596772,2.445,2.97433
-1.57714,0.596772,2.445,2.97011
-1.58076,0.601166,2.463,2.98773
-1.57276,0.601166,2.463,2.98351
-1.56477,0.601166,2.463,2.97931
-1.55677,0.601166,2.463,2.97511
-1.54878,0.601166,2.463,2.97094
-1.54078,0.601166,2.463,2.96678
-1.53279,0.601166,2.463,2.96264
-1.5248,0.601166,2.463,2.95851
-1.5168,0.601166,2.463,2.9544
-1.50881,0.601166,2.463,2.9503
-1.50081,0.601166,2.463,2.94622
-1.49282,0.601166,2.463,2.94215
-1.48482,0.601166,2.463,2.93811
-1.47683,0.601166,2.463,2.93407
-1.46884,0.601166,2.463,2.93006
-1.46084,0.601166,2.463,2.92606
-1.44223,0.596772,2.445,2.90072
-1.43429,0.596772,2.445,2.89678
-1.42636,0.596772,2.445,2.89286
-1.40856,0.592623,2.428,2.86887
-1.40068,0.592623,2.428,2.86501
-1.3928,0.592623,2.428,2.86117
-1.38492,0.592623,2.428,2.85734
-1.37704,0.592623,2.428,2.85353
-1.36916,0.592623,2.428,2.84973
-1.36127,0.592623,2.428,2.84595
-1.36287,0.596772,2.445,2.86209
-1.35493,0.596772,2.445,2.85832
-1.347,0.596772,2.445,2.85457
-1.34892,0.601166,2.463,2.87182
-1.35073,0.605559,2.481,2.88904
-1.34267,0.605559,2.481,2.88528
-1.3443,0.609952,2.499,2.90245
-1.35598,0.618983,2.536,2.94162
-1.34774,0.618983,2.536,2.93783
-1.33951,0.618983,2.536,2.93406
-1.33128,0.618983,2.536,2.93032
-1.32305,0.618983,2.536,2.92659
-1.31482,0.618983,2.536,2.92287
-1.2968,0.614346,2.517,2.89731
-1.28863,0.614346,2.517,2.89366
-1.2713,0.609952,2.499,2.86936
-1.25409,0.605559,2.481,2.84514
-1.24604,0.605559,2.481,2.8416
-1.23799,0.605559,2.481,2.83808
-1.22101,0.601166,2.463,2.81401
-1.21302,0.601166,2.463,2.81055
-1.20502,0.601166,2.463,2.80711
-1.19703,0.601166,2.463,2.80368
-1.18904,0.601166,2.463,2.80028
-1.18104,0.601166,2.463,2.7969
-1.17305,0.601166,2.463,2.79353
-1.16505,0.601166,2.463,2.79018
-1.15706,0.601166,2.463,2.78685
-1.14906,0.601166,2.463,2.78354
-1.14107,0.601166,2.463,2.78025
-1.13308,0.601166,2.463,2.77698
-1.12508,0.601166,2.463,2.77373
-1.11709,0.601166,2.463,2.7705
-1.10909,0.601166,2.463,2.76728
-1.1011,0.601166,2.463,2.76409
-1.0931,0.601166,2.463,2.76091
-1.07718,0.596772,2.445,2.7376
-1.06924,0.596772,2.445,2.73449
-1.06131,0.596772,2.445,2.7314
-1.05337,0.596772,2.445,2.72832
-1.04544,0.596772,2.445,2.72527
-1.0375,0.596772,2.445,2.72224
-1.02956,0.596772,2.445,2.71922
-1.02163,0.596772,2.445,2.71623
-1.01369,0.596772,2.445,2.71325
-1.00576,0.596772,2.445,2.7103
-0.997821,0.596772,2.445,2.70736
-0.989885,0.596772,2.445,2.70445
-0.981949,0.596772,2.445,2.70155
-0.974013,0.596772,2.445,2.69868
-0.966077,0.596772,2.445,2.69582
-0.958141,0.596772,2.445,2.69299
-0.950205,0.596772,2.445,2.69018
-0.949206,0.601166,2.463,2.70717
-0.941212,0.601166,2.463,2.70438
-0.933218,0.601166,2.463,2.7016
-0.925224,0.601166,2.463,2.69885
-0.917229,0.601166,2.463,2.69612
-0.909235,0.601166,2.463,2.69341
-0.901241,0.601166,2.463,2.69073
-0.893246,0.601166,2.463,2.68806
-0.885252,0.601166,2.463,2.68541
-0.877258,0.601166,2.463,2.68279
-0.869264,0.601166,2.463,2.68018
-0.861269,0.601166,2.463,2.6776
-0.853275,0.601166,2.463,2.67504
-0.845281,0.601166,2.463,2.6725
-0.837286,0.601166,2.463,2.66998
-0.829292,0.601166,2.463,2.66749
-0.815296,0.596772,2.445,2.64554
-0.80736,0.596772,2.445,2.6431
-0.799424,0.596772,2.445,2.64069
-0.797315,0.601166,2.463,2.65772
-0.789321,0.601166,2.463,2.65533
-0.781326,0.601166,2.463,2.65297
-0.773332,0.601166,2.463,2.65062
-0.765338,0.601166,2.463,2.6483
-0.757344,0.601166,2.463,2.646
-0.749349,0.601166,2.463,2.64373
-0.746773,0.605559,2.481,2.66078
-0.73872,0.605559,2.481,2.65853
-0.730668,0.605559,2.481,2.6563
-0.727858,0.609952,2.499,2.67335
-0.719746,0.609952,2.499,2.67116
-0.711635,0.609952,2.499,2.66898
-0.703524,0.609952,2.499,2.66683
-0.695413,0.609952,2.499,2.6647
-0.687302,0.609952,2.499,2.6626
-0.684083,0.614346,2.517,2.67968
-0.681016,0.618983,2.536,2.69782
-0.677825,0.623621,2.555,2.71595
-0.669532,0.623621,2.555,2.71389
-0.661239,0.623621,2.555,2.71186
-0.652946,0.623621,2.555,2.70985
-0.644653,0.623621,2.555,2.70786
-0.63636,0.623621,2.555,2.7059
-0.632738,0.628258,2.574,2.72407
-0.624384,0.628258,2.574,2.72214
-0.616029,0.628258,2.574,2.72023
-0.607674,0.628258,2.574,2.71835
-0.59932,0.628258,2.574,2.7165
-0.590965,0.628258,2.574,2.71467
-0.582611,0.628258,2.574,2.71286
-0.574256,0.628258,2.574,2.71108
-0.565902,0.628258,2.574,2.70932
-0.557547,0.628258,2.574,2.70759
-0.549192,0.628258,2.574,2.70588
-0.540838,0.628258,2.574,2.7042
-0.532483,0.628258,2.574,2.70254
-0.524129,0.628258,2.574,2.70091
-0.511967,0.623621,2.555,2.67937
-0.503674,0.623621,2.555,2.6778
-0.491697,0.618983,2.536,2.65635
-0.483466,0.618983,2.536,2.65484
-0.475235,0.618983,2.536,2.65335
-0.467004,0.618983,2.536,2.65189
-0.458772,0.618983,2.536,2.65045
-0.450541,0.618983,2.536,2.64904
-0.44231,0.618983,2.536,2.64765
-0.434079,0.618983,2.536,2.64629
-0.425848,0.618983,2.536,2.64495
-0.417616,0.618983,2.536,2.64364
-0.409385,0.618983,2.536,2.64235
-0.401154,0.618983,2.536,2.64109
-0.392923,0.618983,2.536,2.63985
-0.381809,0.614346,2.517,2.61887
-0.37364,0.614346,2.517,2.61769
-0.36547,0.614346,2.517,2.61654
-0.357301,0.614346,2.517,2.61541
-0.349131,0.614346,2.517,2.61431
-0.340961,0.614346,2.517,2.61323
-0.332792,0.614346,2.517,2.61218
-0.324622,0.614346,2.517,2.61115
-0.31419,0.609952,2.499,2.59148
-0.306079,0.609952,2.499,2.59051
-0.297967,0.609952,2.499,2.58956
-0.289856,0.609952,2.499,2.58864
-0.281745,0.609952,2.499,2.58774
-0.273634,0.609952,2.499,2.58687
-0.265523,0.609952,2.499,2.58603
-0.257412,0.609952,2.499,2.58521
-0.249301,0.609952,2.499,2.58441
-0.24119,0.609952,2.499,2.58364
-0.233078,0.609952,2.499,2.5829
-0.226588,0.614346,2.517,2.60078
-0.220067,0.618983,2.536,2.61971
-0.211836,0.618983,2.536,2.61903
-0.203604,0.618983,2.536,2.61838
-0.195373,0.618983,2.536,2.61775
-0.187142,0.618983,2.536,2.61715
-0.178911,0.618983,2.536,2.61657
-0.170679,0.618983,2.536,2.61602
-0.162448,0.618983,2.536,2.6155
-0.153062,0.614346,2.517,2.59541
-0.144892,0.614346,2.517,2.59494
-0.136723,0.614346,2.517,2.59449
-0.128553,0.614346,2.517,2.59408
-0.120383,0.614346,2.517,2.59369
-0.111411,0.609952,2.499,2.57477
-0.1033,0.609952,2.499,2.57443
-0.0951891,0.609952,2.499,2.57412
-0.087078,0.609952,2.499,2.57383
-0.0789668,0.609952,2.499,2.57357
-0.0708557,0.609952,2.499,2.57334
-0.0622926,0.605559,2.481,2.55459
-0.0542399,0.605559,2.481,2.55441
-0.0461872,0.605559,2.481,2.55425
-0.0381345,0.605559,2.481,2.55412
-0.0300818,0.605559,2.481,2.55401
-0.0218693,0.601166,2.463,2.5354
-0.013875,0.601166,2.463,2.53534
-0.00583771,0.596772,2.445,2.51678
0.00209816,0.596772,2.445,2.51678
0.010034,0.596772,2.445,2.5168
0.0179699,0.596772,2.445,2.51684
0.0259057,0.596772,2.445,2.51691
0.0338416,0.596772,2.445,2.517
0.0423926,0.605559,2.481,2.55418
0.0504453,0.605559,2.481,2.55433
0.058498,0.605559,2.481,2.5545
0.0665507,0.605559,2.481,2.5547
0.0746034,0.605559,2.481,2.55492
0.0826561,0.605559,2.481,2.55517
0.0907089,0.605559,2.481,2.55544
0.0987616,0.605559,2.481,2.55574
0.106814,0.605559,2.481,2.55607
0.114867,0.605559,2.481,2.55642
0.12292,0.605559,2.481,2.55679
0.130972,0.605559,2.481,2.55719
0.139025,0.605559,2.481,2.55761
0.147078,0.605559,2.481,2.55806
0.155131,0.605559,2.481,2.55854
0.161999,0.601166,2.463,2.54047
0.169994,0.601166,2.463,2.541
0.177988,0.601166,2.463,2.54154
0.185982,0.601166,2.463,2.54212
0.193976,0.601166,2.463,2.54271
0.201971,0.601166,2.463,2.54334
0.209965,0.601166,2.463,2.54398
0.217959,0.601166,2.463,2.54466
0.225954,0.601166,2.463,2.54535
0.233948,0.601166,2.463,2.54608
0.241942,0.601166,2.463,2.54682
0.24811,0.596772,2.445,2.52898
0.256046,0.596772,2.445,2.52977
0.263982,0.596772,2.445,2.53058
0.273919,0.601166,2.463,2.55006
0.281914,0.601166,2.463,2.55093
0.289908,0.601166,2.463,2.55183
0.297902,0.601166,2.463,2.55275
0.305896,0.601166,2.463,2.55369
0.313891,0.601166,2.463,2.55466
0.321885,0.601166,2.463,2.55566
0.329879,0.601166,2.463,2.55668
0.337874,0.601166,2.463,2.55772
0.345868,0.601166,2.463,2.55879
0.353862,0.601166,2.463,2.55988
0.361856,0.601166,2.463,2.561
0.367148,0.596772,2.445,2.54342
0.375084,0.596772,2.445,2.54457
0.38302,0.596772,2.445,2.54575
0.390955,0.596772,2.445,2.54696
0.396118,0.592623,2.428,2.53047
0.403999,0.592623,2.428,2.53172
0.411879,0.592623,2.428,2.53299
0.41976,0.592623,2.428,2.53428
0.424646,0.588473,2.411,2.51785
0.432472,0.588473,2.411,2.51918
0.440297,0.588473,2.411,2.52053
0.448123,0.588473,2.411,2.52191
0.455948,0.588473,2.411,2.52331
0.463774,0.588473,2.411,2.52474
0.471599,0.588473,2.411,2.52619
0.479425,0.588473,2.411,2.52766
0.48725,0.588473,2.411,2.52916
0.495076,0.588473,2.411,2.53068
0.502901,0.588473,2.411,2.53222
0.510727,0.588473,2.411,2.53378
0.518552,0.588473,2.411,2.53537
0.526378,0.588473,2.411,2.53699
0.534203,0.588473,2.411,2.53862
0.542029,0.588473,2.411,2.54028
0.553732,0.592623,2.428,2.55988
0.561612,0.592623,2.428,2.5616
0.569493,0.592623,2.428,2.56334
0.581416,0.596772,2.445,2.58306
0.585254,0.592623,2.428,2.56689
0.593135,0.592623,2.428,2.5687
0.601016,0.592623,2.428,2.57053
0.608896,0.592623,2.428,2.57238
0.616777,0.592623,2.428,2.57426
0.624658,0.592623,2.428,2.57616
0.62811,0.588473,2.411,2.56003
0.635935,0.588473,2.411,2.56196
0.639221,0.584324,2.394,2.54583
0.642397,0.580175,2.377,2.5297
0.650113,0.580175,2.377,2.53168
0.6534,0.57627,2.361,2.51661
0.656583,0.572364,2.345,2.50154
0.664194,0.572364,2.345,2.50355
0.667222,0.568459,2.329,2.48849
0.674781,0.568459,2.329,2.49053
0.682341,0.568459,2.329,2.49258
0.6899,0.568459,2.329,2.49466
0.692668,0.564554,2.313,2.47961
0.700175,0.564554,2.313,2.48172
0.707683,0.564554,2.313,2.48385
0.71519,0.564554,2.313,2.486
0.722698,0.564554,2.313,2.48817
0.730205,0.564554,2.313,2.49036
0.732928,0.560893,2.298,2.47641
0.735232,0.556987,2.282,2.46137
0.742639,0.556987,2.282,2.46359
0.750046,0.556987,2.282,2.46583
0.752474,0.553326,2.267,2.45187
0.754804,0.549665,2.252,2.4379
0.762114,0.549665,2.252,2.44017
0.769423,0.549665,2.252,2.44247
0.781906,0.553326,2.267,2.46106
0.789264,0.553326,2.267,2.46341
0.796622,0.553326,2.267,2.46578
0.8093,0.556987,2.282,2.4845
0.816707,0.556987,2.282,2.48692
0.824114,0.556987,2.282,2.48936
0.837351,0.560893,2.298,2.50929
0.844809,0.560893,2.298,2.51179
0.852268,0.560893,2.298,2.51431
0.865339,0.564554,2.313,2.53328
0.878884,0.568459,2.329,2.55339
0.886443,0.568459,2.329,2.55601
0.894003,0.568459,2.329,2.55864
0.901562,0.568459,2.329,2.56129
0.909121,0.568459,2.329,2.56396
0.916681,0.568459,2.329,2.56665
0.917891,0.564554,2.313,2.55171
0.925398,0.564554,2.313,2.55442
0.932905,0.564554,2.313,2.55715
0.940413,0.564554,2.313,2.5599
0.94792,0.564554,2.313,2.56266
0.955428,0.564554,2.313,2.56545
0.962935,0.564554,2.313,2.56826
0.964149,0.560893,2.298,2.55441
0.971608,0.560893,2.298,2.55723
0.979067,0.560893,2.298,2.56007
0.986525,0.560893,2.298,2.56294
0.993984,0.560893,2.298,2.56582
1.00144,0.560893,2.298,2.56871
1.0089,0.560893,2.298,2.57163
1.01636,0.560893,2.298,2.57457
1.02382,0.560893,2.298,2.57752
1.03801,0.564554,2.313,2.59734
1.04552,0.564554,2.313,2.60035
1.05302,0.564554,2.313,2.60337
1.06053,0.564554,2.313,2.60642
1.06804,0.564554,2.313,2.60948
1.07555,0.564554,2.313,2.61256
1.08305,0.564554,2.313,2.61566
1.09811,0.568459,2.329,2.6369
1.10566,0.568459,2.329,2.64005
1.11322,0.568459,2.329,2.64323
1.12078,0.568459,2.329,2.64642
1.12834,0.568459,2.329,2.64963
1.1359,0.568459,2.329,2.65286
1.14346,0.568459,2.329,2.6561
1.15893,0.572364,2.345,2.67764
1.16654,0.572364,2.345,2.68094
1.18216,0.57627,2.361,2.70258
1.18983,0.57627,2.361,2.70594
1.2056,0.580175,2.377,2.72768
1.21332,0.580175,2.377,2.73109
1.22103,0.580175,2.377,2.73453
1.23754,0.584324,2.394,2.75757
1.24531,0.584324,2.394,2.76106
1.25308,0.584324,2.394,2.76457
1.26085,0.584324,2.394,2.76811
1.26862,0.584324,2.394,2.77165
1.28545,0.588473,2.411,2.79493
1.29328,0.588473,2.411,2.79853
1.3011,0.588473,2.411,2.80216
1.2997,0.584324,2.394,2.78602
1.30747,0.584324,2.394,2.78965
1.31524,0.584324,2.394,2.7933
1.31362,0.580175,2.377,2.77711
1.32133,0.580175,2.377,2.78076
1.32905,0.580175,2.377,2.78444
1.33676,0.580175,2.377,2.78813
1.34448,0.580175,2.377,2.79184
1.35219,0.580175,2.377,2.79556
1.35075,0.57627,2.361,2.78046
1.34921,0.572364,2.345,2.76532
1.35682,0.572364,2.345,2.76904
1.35512,0.568459,2.329,2.75386
1.36268,0.568459,2.329,2.75759
1.36083,0.564554,2.313,2.74236
1.36834,0.564554,2.313,2.74609
1.37584,0.564554,2.313,2.74984
1.38335,0.564554,2.313,2.75361
1.39086,0.564554,2.313,2.75739
1.39837,0.564554,2.313,2.76118
1.40587,0.564554,2.313,2.76499
1.41338,0.564554,2.313,2.76881
1.42089,0.564554,2.313,2.77265
1.4284,0.564554,2.313,2.77651
1.4359,0.564554,2.313,2.78038
1.44341,0.564554,2.313,2.78426
1.46095,0.568459,2.329,2.80745
1.4786,0.572364,2.345,2.8307
1.49635,0.57627,2.361,2.85403
1.49382,0.572364,2.345,2.83869
1.49119,0.568459,2.329,2.8233
1.49875,0.568459,2.329,2.8273
1.50631,0.568459,2.329,2.83132
1.51387,0.568459,2.329,2.83535
1.52143,0.568459,2.329,2.83939
1.51848,0.564554,2.313,2.82391
1.50554,0.556987,2.282,2.79006
1.51295,0.556987,2.282,2.79406
1.51036,0.553326,2.267,2.77968
1.50768,0.549665,2.252,2.76527
1.51499,0.549665,2.252,2.76926
1.50269,0.542587,2.223,2.73756
1.5004,0.53917,2.209,2.72426
-1.6608,0.592092,2.394,2.97322
-1.65303,0.592092,2.394,2.96889
-1.65694,0.596297,2.411,2.98562
-1.64911,0.596297,2.411,2.98129
-1.64129,0.596297,2.411,2.97696
-1.63346,0.596297,2.411,2.97266
-1.6371,0.600501,2.428,2.98929
-1.62922,0.600501,2.428,2.98499
-1.63269,0.604706,2.445,3.00156
-1.62475,0.604706,2.445,2.99725
-1.62872,0.609158,2.463,3.01499
-1.62073,0.609158,2.463,3.01068
-1.62452,0.613609,2.481,3.02836
-1.61647,0.613609,2.481,3.02404
-1.60841,0.613609,2.481,3.01975
-1.60036,0.613609,2.481,3.01547
-1.59231,0.613609,2.481,3.0112
-1.58425,0.613609,2.481,3.00695
-1.5762,0.613609,2.481,3.00271
-1.56815,0.613609,2.481,2.99849
-1.5601,0.613609,2.481,2.99429
-1.55204,0.613609,2.481,2.9901
-1.53279,0.609158,2.463,2.96427
-1.5248,0.609158,2.463,2.96014
-1.5168,0.609158,2.463,2.95603
-1.50881,0.609158,2.463,2.95194
-1.50081,0.609158,2.463,2.94786
-1.49282,0.609158,2.463,2.9438
-1.48482,0.609158,2.463,2.93975
-1.47683,0.609158,2.463,2.93572
-1.46884,0.609158,2.463,2.93171
-1.46084,0.609158,2.463,2.92771
-1.44223,0.604706,2.445,2.90236
-1.43429,0.604706,2.445,2.89843
-1.42636,0.604706,2.445,2.89451
-1.40856,0.600501,2.428,2.87051
-1.40068,0.600501,2.428,2.86665
-1.3928,0.600501,2.428,2.86281
-1.38492,0.600501,2.428,2.85898
-1.37704,0.600501,2.428,2.85517
-1.36916,0.600501,2.428,2.85138
-1.36127,0.600501,2.428,2.84761
-1.36287,0.604706,2.445,2.86376
-1.36491,0.609158,2.463,2.88104
-1.35692,0.609158,2.463,2.87727
-1.34892,0.609158,2.463,2.8735
-1.35073,0.613609,2.481,2.89073
-1.34267,0.613609,2.481,2.88698
-1.3443,0.618061,2.499,2.90416
-1.34582,0.622513,2.517,2.92131
-1.33765,0.622513,2.517,2.91755
-1.32948,0.622513,2.517,2.91382
-1.32131,0.622513,2.517,2.9101
-1.31314,0.622513,2.517,2.9064
-1.29564,0.618061,2.499,2.88196
-1.28753,0.618061,2.499,2.87832
-1.27941,0.618061,2.499,2.8747
-1.26215,0.613609,2.481,2.85042
-1.245,0.609158,2.463,2.82621
-1.237,0.609158,2.463,2.8227
-1.22901,0.609158,2.463,2.8192
-1.22101,0.609158,2.463,2.81573
-1.21302,0.609158,2.463,2.81227
-1.20502,0.609158,2.463,2.80883
-1.19703,0.609158,2.463,2.80541
-1.18904,0.609158,2.463,2.80201
-1.18104,0.609158,2.463,2.79862
-1.17305,0.609158,2.463,2.79526
-1.16505,0.609158,2.463,2.79191
-1.15706,0.609158,2.463,2.78859
-1.14906,0.609158,2.463,2.78528
-1.14107,0.609158,2.463,2.78199
-1.13308,0.609158,2.463,2.77872
-1.12508,0.609158,2.463,2.77547
-1.10892,0.604706,2.445,2.75198
-1.10099,0.604706,2.445,2.74879
-1.09305,0.604706,2.445,2.74562
-1.08512,0.604706,2.445,2.74248
-1.07718,0.604706,2.445,2.73934
-1.06924,0.604706,2.445,2.73623
-1.05393,0.600501,2.428,2.71414
-1.04605,0.600501,2.428,2.71109
-1.03817,0.600501,2.428,2.70806
-1.03029,0.600501,2.428,2.70505
-1.02241,0.600501,2.428,2.70205
-1.01452,0.600501,2.428,2.69908
-1.00664,0.600501,2.428,2.69613
-0.998763,0.600501,2.428,2.6932
-0.990883,0.600501,2.428,2.69029
-0.983002,0.600501,2.428,2.68739
-0.975121,0.600501,2.428,2.68452
-0.974013,0.604706,2.445,2.70044
-0.966077,0.604706,2.445,2.69759
-0.958141,0.604706,2.445,2.69476
-0.950205,0.604706,2.445,2.69195
-0.94227,0.604706,2.445,2.68916
-0.934334,0.604706,2.445,2.68639
-0.933218,0.609158,2.463,2.70339
-0.925224,0.609158,2.463,2.70064
-0.917229,0.609158,2.463,2.69792
-0.909235,0.609158,2.463,2.69521
-0.901241,0.609158,2.463,2.69252
-0.893246,0.609158,2.463,2.68986
-0.885252,0.609158,2.463,2.68721
-0.877258,0.609158,2.463,2.68459
-0.869264,0.609158,2.463,2.68199
-0.854975,0.604706,2.445,2.65983
-0.847039,0.604706,2.445,2.65729
-0.839103,0.604706,2.445,2.65477
-0.831167,0.604706,2.445,2.65227
-0.823232,0.604706,2.445,2.64979
-0.815296,0.604706,2.445,2.64734
-0.80736,0.604706,2.445,2.64491
-0.799424,0.604706,2.445,2.64249
-0.791488,0.604706,2.445,2.6401
-0.783552,0.604706,2.445,2.63774
-0.775616,0.604706,2.445,2.63539
-0.767681,0.604706,2.445,2.63306
-0.765338,0.609158,2.463,2.65013
-0.751809,0.604706,2.445,2.62848
-0.743873,0.604706,2.445,2.62622
-0.741355,0.609158,2.463,2.6433
-0.733361,0.609158,2.463,2.64107
-0.725366,0.609158,2.463,2.63886
-0.722615,0.613609,2.481,2.65595
-0.714562,0.613609,2.481,2.65377
-0.706509,0.613609,2.481,2.65161
-0.703524,0.618061,2.499,2.6687
-0.695413,0.618061,2.499,2.66657
-0.687302,0.618061,2.499,2.66447
-0.684083,0.622513,2.517,2.68156
-0.675913,0.622513,2.517,2.67949
-0.672784,0.627212,2.536,2.69765
-0.664553,0.627212,2.536,2.69561
-0.661239,0.631911,2.555,2.71377
-0.652946,0.631911,2.555,2.71177
-0.644653,0.631911,2.555,2.70978
-0.63636,0.631911,2.555,2.70782
-0.628067,0.631911,2.555,2.70588
-0.619775,0.631911,2.555,2.70397
-0.611482,0.631911,2.555,2.70208
-0.607674,0.636611,2.574,2.7203
-0.59932,0.636611,2.574,2.71844
-0.590965,0.636611,2.574,2.71661
-0.582611,0.636611,2.574,2.71481
-0.574256,0.636611,2.574,2.71303
-0.565902,0.636611,2.574,2.71127
-0.557547,0.636611,2.574,2.70954
-0.549192,0.636611,2.574,2.70783
-0.540838,0.636611,2.574,2.70615
-0.528553,0.631911,2.555,2.68453
-0.52026,0.631911,2.555,2.68291
-0.511967,0.631911,2.555,2.68131
-0.499929,0.627212,2.536,2.65982
-0.491697,0.627212,2.536,2.65828
-0.483466,0.627212,2.536,2.65677
-0.475235,0.627212,2.536,2.65529
-0.467004,0.627212,2.536,2.65382
-0.458772,0.627212,2.536,2.65239
-0.450541,0.627212,2.536,2.65098
-0.44231,0.627212,2.536,2.64959
-0.434079,0.627212,2.536,2.64823
-0.425848,0.627212,2.536,2.64689
-0.417616,0.627212,2.536,2.64558
-0.409385,0.627212,2.536,2.64429
-0.401154,0.627212,2.536,2.64303
-0.392923,0.627212,2.536,2.64179
-0.381809,0.622513,2.517,2.6208
-0.37364,0.622513,2.517,2.61962
-0.36547,0.622513,2.517,2.61847
-0.357301,0.622513,2.517,2.61734
-0.349131,0.622513,2.517,2.61624
-0.340961,0.622513,2.517,2.61516
-0.332792,0.622513,2.517,2.61411
-0.324622,0.622513,2.517,2.61308
-0.31419,0.618061,2.499,2.5934
-0.306079,0.618061,2.499,2.59243
-0.297967,0.618061,2.499,2.59148
-0.289856,0.618061,2.499,2.59056
-0.281745,0.618061,2.499,2.58967
-0.273634,0.618061,2.499,2.5888
-0.267435,0.622513,2.517,2.60659
-0.259266,0.622513,2.517,2.60577
-0.251096,0.622513,2.517,2.60497
-0.242927,0.622513,2.517,2.60419
-0.234757,0.622513,2.517,2.60344
-0.228298,0.627212,2.536,2.62237
-0.220067,0.627212,2.536,2.62166
-0.211836,0.627212,2.536,2.62099
-0.203604,0.627212,2.536,2.62033
-0.195373,0.627212,2.536,2.61971
-0.187142,0.627212,2.536,2.61911
-0.178911,0.627212,2.536,2.61853
-0.170679,0.627212,2.536,2.61798
-0.162448,0.627212,2.536,2.61746
-0.153062,0.622513,2.517,2.59735
-0.144892,0.622513,2.517,2.59688
-0.136723,0.622513,2.517,2.59644
-0.128553,0.622513,2.517,2.59602
-0.120383,0.622513,2.517,2.59563
-0.111411,0.618061,2.499,2.57671
-0.1033,0.618061,2.499,2.57637
-0.0951891,0.618061,2.499,2.57606
-0.087078,0.618061,2.499,2.57577
-0.0789668,0.618061,2.499,2.57551
-0.0708557,0.618061,2.499,2.57527
-0.0622926,0.613609,2.481,2.55651
-0.0542399,0.613609,2.481,2.55633
-0.0461872,0.613609,2.481,2.55617
-0.0381345,0.613609,2.481,2.55604
-0.0300818,0.613609,2.481,2.55593
-0.0218693,0.609158,2.463,2.53731
-0.013875,0.609158,2.463,2.53725
-0.00583771,0.604706,2.445,2.51868
0.00209816,0.604706,2.445,2.51867
0.010034,0.604706,2.445,2.51869
0.0179699,0.604706,2.445,2.51873
0.0259057,0.604706,2.445,2.5188
0.0338416,0.604706,2.445,2.5189
0.0417775,0.604706,2.445,2.51902
0.0500793,0.609158,2.463,2.53771
0.0576492,0.604706,2.445,2.51933
0.0655851,0.604706,2.445,2.51952
0.0735209,0.604706,2.445,2.51974
0.0814568,0.604706,2.445,2.51999
0.0893926,0.604706,2.445,2.52026
0.0973285,0.604706,2.445,2.52055
0.106039,0.609158,2.463,2.53943
0.114034,0.609158,2.463,2.53977
0.122028,0.609158,2.463,2.54014
0.130022,0.609158,2.463,2.54054
0.138016,0.609158,2.463,2.54096
0.144944,0.604706,2.445,2.52284
0.15288,0.604706,2.445,2.5233
0.160815,0.604706,2.445,2.5238
0.168751,0.604706,2.445,2.52432
0.176687,0.604706,2.445,2.52486
0.184623,0.604706,2.445,2.52543
0.192559,0.604706,2.445,2.52602
0.200495,0.604706,2.445,2.52664
0.208431,0.604706,2.445,2.52728
0.216366,0.604706,2.445,2.52795
0.224302,0.604706,2.445,2.52864
0.232238,0.604706,2.445,2.52935
0.238504,0.600501,2.428,2.5125
0.246385,0.600501,2.428,2.51326
0.254265,0.600501,2.428,2.51405
0.262146,0.600501,2.428,2.51486
0.270027,0.600501,2.428,2.51569
0.277908,0.600501,2.428,2.51655
0.285788,0.600501,2.428,2.51743
0.293669,0.600501,2.428,2.51834
0.303661,0.604706,2.445,2.53691
0.311597,0.604706,2.445,2.53787
0.319533,0.604706,2.445,2.53886
0.325192,0.600501,2.428,2.52221
0.333072,0.600501,2.428,2.52324
0.340953,0.600501,2.428,2.52429
0.351276,0.604706,2.445,2.54305
0.359212,0.604706,2.445,2.54416
0.364595,0.600501,2.428,2.52759
0.372476,0.600501,2.428,2.52874
0.380356,0.600501,2.428,2.52991
0.388237,0.600501,2.428,2.53111
0.393344,0.596297,2.411,2.5146
0.40117,0.596297,2.411,2.51584
0.408995,0.596297,2.411,2.5171
0.416821,0.596297,2.411,2.51838
0.424646,0.596297,2.411,2.51969
0.432472,0.596297,2.411,2.52102
0.440297,0.596297,2.411,2.52237
0.448123,0.596297,2.411,2.52375
0.455948,0.596297,2.411,2.52515
0.460504,0.592092,2.394,2.50876
0.468274,0.592092,2.394,2.5102
0.476045,0.592092,2.394,2.51166
0.48725,0.596297,2.411,2.53099
0.491585,0.592092,2.394,2.51465
0.499355,0.592092,2.394,2.51618
0.507126,0.592092,2.394,2.51773
0.514896,0.592092,2.394,2.51931
0.526378,0.596297,2.411,2.53881
0.534203,0.596297,2.411,2.54045
0.542029,0.596297,2.411,2.5421
0.549854,0.596297,2.411,2.54378
0.55768,0.596297,2.411,2.54549
0.565506,0.596297,2.411,2.54721
0.573331,0.596297,2.411,2.54896
0.577059,0.592092,2.394,2.53275
0.584829,0.592092,2.394,2.53453
0.592599,0.592092,2.394,2.53633
0.60037,0.592092,2.394,2.53816
0.60814,0.592092,2.394,2.54001
0.61591,0.592092,2.394,2.54188
0.619252,0.587888,2.377,2.52571
0.626967,0.587888,2.377,2.52761
0.63041,0.583931,2.361,2.51251
0.633749,0.579973,2.345,2.49741
0.641361,0.579973,2.345,2.49935
0.644544,0.576016,2.329,2.48424
0.652103,0.576016,2.329,2.48622
0.659663,0.576016,2.329,2.48821
0.667222,0.576016,2.329,2.49023
0.670146,0.572059,2.313,2.47514
0.677653,0.572059,2.313,2.47718
0.68516,0.572059,2.313,2.47925
0.692668,0.572059,2.313,2.48133
0.700175,0.572059,2.313,2.48344
0.707683,0.572059,2.313,2.48557
0.71519,0.572059,2.313,2.48771
0.722698,0.572059,2.313,2.48988
0.730205,0.572059,2.313,2.49207
0.732928,0.568349,2.298,2.47811
0.740387,0.568349,2.298,2.48032
0.747846,0.568349,2.298,2.48256
0.750046,0.564392,2.282,2.46752
0.752474,0.560682,2.267,2.45354
0.759832,0.560682,2.267,2.45581
0.76719,0.560682,2.267,2.4581
0.774548,0.560682,2.267,2.4604
0.781906,0.560682,2.267,2.46273
0.794486,0.564392,2.282,2.48138
0.801893,0.564392,2.282,2.48377
0.8093,0.564392,2.282,2.48617
0.816707,0.564392,2.282,2.48859
0.824114,0.564392,2.282,2.49103
0.837351,0.568349,2.298,2.51097
0.844809,0.568349,2.298,2.51347
0.852268,0.568349,2.298,2.51599
0.865339,0.572059,2.313,2.53496
0.878884,0.576016,2.329,2.55509
0.886443,0.576016,2.329,2.5577
0.894003,0.576016,2.329,2.56033
0.901562,0.576016,2.329,2.56298
0.909121,0.576016,2.329,2.56565
0.916681,0.576016,2.329,2.56833
0.917891,0.572059,2.313,2.55338
0.925398,0.572059,2.313,2.55609
0.932905,0.572059,2.313,2.55882
0.940413,0.572059,2.313,2.56156
0.94792,0.572059,2.313,2.56433
0.955428,0.572059,2.313,2.56711
0.962935,0.572059,2.313,2.56992
0.964149,0.568349,2.298,2.55605
0.971608,0.568349,2.298,2.55888
0.979067,0.568349,2.298,2.56172
0.986525,0.568349,2.298,2.56458
0.993984,0.568349,2.298,2.56746
1.00144,0.568349,2.298,2.57035
1.0089,0.568349,2.298,2.57327
1.01636,0.568349,2.298,2.5762
1.02382,0.568349,2.298,2.57915
1.03801,0.572059,2.313,2.59898
1.04552,0.572059,2.313,2.60199
1.05302,0.572059,2.313,2.60501
1.06053,0.572059,2.313,2.60805
1.06804,0.572059,2.313,2.61112
1.07555,0.572059,2.313,2.6142
1.08305,0.572059,2.313,2.61729
1.09811,0.576016,2.329,2.63854
1.10566,0.576016,2.329,2.64169
1.11322,0.576016,2.329,2.64486
1.12078,0.576016,2.329,2.64805
1.12834,0.576016,2.329,2.65126
1.1359,0.576016,2.329,2.65449
1.14346,0.576016,2.329,2.65773
1.15893,0.579973,2.345,2.67927
1.16654,0.579973,2.345,2.68257
1.18216,0.583931,2.361,2.70422
1.18983,0.583931,2.361,2.70758
1.2056,0.587888,2.377,2.72933
1.21332,0.587888,2.377,2.73274
1.22103,0.587888,2.377,2.73618
1.23754,0.592092,2.394,2.75922
1.24531,0.592092,2.394,2.76272
1.25308,0.592092,2.394,2.76623
1.26085,0.592092,2.394,2.76976
1.26862,0.592092,2.394,2.7733
1.28545,0.596297,2.411,2.79658
1.29328,0.596297,2.411,2.80019
1.3011,0.596297,2.411,2.80381
1.2997,0.592092,2.394,2.78766
1.30747,0.592092,2.394,2.79129
1.31524,0.592092,2.394,2.79494
1.31362,0.587888,2.377,2.77873
1.32133,0.587888,2.377,2.78238
1.32905,0.587888,2.377,2.78606
1.32776,0.583931,2.361,2.77097
1.32638,0.579973,2.345,2.75584
1.33399,0.579973,2.345,2.75951
1.3416,0.579973,2.345,2.7632
1.34,0.576016,2.329,2.74803
1.34756,0.576016,2.329,2.75172
1.34581,0.572059,2.313,2.7365
1.35332,0.572059,2.313,2.7402
1.352,0.568349,2.298,2.72612
1.35946,0.568349,2.298,2.72983
1.36692,0.568349,2.298,2.73355
1.36481,0.564392,2.282,2.71823
1.37222,0.564392,2.282,2.72196
1.37962,0.564392,2.282,2.7257
1.38703,0.564392,2.282,2.72945
1.39444,0.564392,2.282,2.73323
1.40184,0.564392,2.282,2.73701
1.41913,0.568349,2.298,2.76003
1.42659,0.568349,2.298,2.76387
1.43405,0.568349,2.298,2.76773
1.44151,0.568349,2.298,2.7716
1.45843,0.572059,2.313,2.7936
1.47607,0.576016,2.329,2.81688
1.47344,0.572059,2.313,2.80147
1.48095,0.572059,2.313,2.80543
1.48845,0.572059,2.313,2.8094
1.49596,0.572059,2.313,2.81338
1.49372,0.568349,2.298,2.79911
1.50118,0.568349,2.298,2.8031
1.49813,0.564392,2.282,2.78756
1.49564,0.560682,2.267,2.77319
1.503,0.560682,2.267,2.77717
1.50037,0.556972,2.252,2.76276
1.49763,0.553263,2.237,2.7483
1.50489,0.553263,2.237,2.75227
1.50269,0.5498,2.223,2.73899
1.49021,0.542628,2.194,2.70718
-1.6608,0.59986,2.394,2.97478
-1.65303,0.59986,2.394,2.97045
-1.64526,0.59986,2.394,2.96613
-1.64911,0.60412,2.411,2.98286
-1.64129,0.60412,2.411,2.97854
-1.63346,0.60412,2.411,2.97424
-1.6371,0.60838,2.428,2.99089
-1.62922,0.60838,2.428,2.98658
-1.63269,0.612639,2.445,3.00317
-1.62475,0.612639,2.445,2.99886
-1.62872,0.61715,2.463,3.01662
-1.62073,0.61715,2.463,3.01231
-1.62452,0.62166,2.481,3.03
-1.61647,0.62166,2.481,3.02569
-1.60841,0.62166,2.481,3.02139
-1.60036,0.62166,2.481,3.01711
-1.59231,0.62166,2.481,3.01285
-1.58425,0.62166,2.481,3.0086
-1.5762,0.62166,2.481,3.00437
-1.56815,0.62166,2.481,3.00015
-1.5601,0.62166,2.481,2.99595
-1.55204,0.62166,2.481,2.99177
-1.53279,0.61715,2.463,2.96592
-1.5248,0.61715,2.463,2.9618
-1.5168,0.61715,2.463,2.95769
-1.50881,0.61715,2.463,2.9536
-1.50081,0.61715,2.463,2.94952
-1.49282,0.61715,2.463,2.94546
-1.48482,0.61715,2.463,2.94142
-1.47683,0.61715,2.463,2.93739
-1.46884,0.61715,2.463,2.93338
-1.45016,0.612639,2.445,2.90798
-1.44223,0.612639,2.445,2.90403
-1.43429,0.612639,2.445,2.90009
-1.41644,0.60838,2.428,2.87604
-1.40856,0.60838,2.428,2.87217
-1.40068,0.60838,2.428,2.86831
-1.3928,0.60838,2.428,2.86447
-1.38492,0.60838,2.428,2.86065
-1.37704,0.60838,2.428,2.85684
-1.36916,0.60838,2.428,2.85305
-1.36127,0.60838,2.428,2.84928
-1.35339,0.60838,2.428,2.84552
-1.35493,0.612639,2.445,2.86168
-1.347,0.612639,2.445,2.85793
-1.34892,0.61715,2.463,2.87521
-1.35073,0.62166,2.481,2.89245
-1.34267,0.62166,2.481,2.8887
-1.33462,0.62166,2.481,2.88497
-1.33619,0.62617,2.499,2.90215
-1.32808,0.62617,2.499,2.89843
-1.31997,0.62617,2.499,2.89472
-1.30241,0.62166,2.481,2.87021
-1.29436,0.62166,2.481,2.86656
-1.2863,0.62166,2.481,2.86294
-1.26898,0.61715,2.463,2.83858
-1.26098,0.61715,2.463,2.83502
-1.25299,0.61715,2.463,2.83147
-1.245,0.61715,2.463,2.82794
-1.237,0.61715,2.463,2.82443
-1.22901,0.61715,2.463,2.82094
-1.22101,0.61715,2.463,2.81747
-1.21302,0.61715,2.463,2.81401
-1.20502,0.61715,2.463,2.81057
-1.19703,0.61715,2.463,2.80716
-1.18904,0.61715,2.463,2.80376
-1.18104,0.61715,2.463,2.80037
-1.17305,0.61715,2.463,2.79701
-1.16505,0.61715,2.463,2.79367
-1.15706,0.61715,2.463,2.79035
-1.14906,0.61715,2.463,2.78704
-1.13273,0.612639,2.445,2.76341
-1.12479,0.612639,2.445,2.76017
-1.11686,0.612639,2.445,2.75694
-1.10892,0.612639,2.445,2.75374
-1.09333,0.60838,2.428,2.73143
-1.08545,0.60838,2.428,2.72828
-1.07757,0.60838,2.428,2.72515
-1.0622,0.60412,2.411,2.70299
-1.05437,0.60412,2.411,2.69992
-1.04655,0.60412,2.411,2.69688
-1.03872,0.60412,2.411,2.69385
-1.0309,0.60412,2.411,2.69084
-1.02307,0.60412,2.411,2.68785
-1.01525,0.60412,2.411,2.68489
-1.00742,0.60412,2.411,2.68194
-0.999596,0.60412,2.411,2.67901
-0.99177,0.60412,2.411,2.6761
-0.983945,0.60412,2.411,2.67321
-0.976119,0.60412,2.411,2.67034
-0.968294,0.60412,2.411,2.66748
-0.960468,0.60412,2.411,2.66465
-0.95936,0.60838,2.428,2.68061
-0.951479,0.60838,2.428,2.6778
-0.950205,0.612639,2.445,2.69374
-0.94227,0.612639,2.445,2.69095
-0.934334,0.612639,2.445,2.68818
-0.926398,0.612639,2.445,2.68544
-0.925224,0.61715,2.463,2.70246
-0.917229,0.61715,2.463,2.69973
-0.909235,0.61715,2.463,2.69703
-0.901241,0.61715,2.463,2.69434
-0.893246,0.61715,2.463,2.69168
-0.885252,0.61715,2.463,2.68904
-0.877258,0.61715,2.463,2.68641
-0.869264,0.61715,2.463,2.68381
-0.854975,0.612639,2.445,2.66164
-0.847039,0.612639,2.445,2.6591
-0.833269,0.60838,2.428,2.63811
-0.825388,0.60838,2.428,2.63564
-0.817508,0.60838,2.428,2.63318
-0.809627,0.60838,2.428,2.63074
-0.801746,0.60838,2.428,2.62833
-0.793866,0.60838,2.428,2.62593
-0.785985,0.60838,2.428,2.62356
-0.783552,0.612639,2.445,2.63957
-0.775616,0.612639,2.445,2.63722
-0.767681,0.612639,2.445,2.6349
-0.765338,0.61715,2.463,2.65198
-0.751809,0.612639,2.445,2.63032
-0.743873,0.612639,2.445,2.62806
-0.741355,0.61715,2.463,2.64516
-0.733361,0.61715,2.463,2.64293
-0.725366,0.61715,2.463,2.64072
-0.722615,0.62166,2.481,2.65782
-0.714562,0.62166,2.481,2.65564
-0.706509,0.62166,2.481,2.65348
-0.703524,0.62617,2.499,2.67059
-0.695413,0.62617,2.499,2.66846
-0.687302,0.62617,2.499,2.66636
-0.684083,0.63068,2.517,2.68347
-0.675913,0.63068,2.517,2.6814
-0.672784,0.635441,2.536,2.69958
-0.664553,0.635441,2.536,2.69754
-0.661239,0.640202,2.555,2.71572
-0.652946,0.640202,2.555,2.71371
-0.644653,0.640202,2.555,2.71173
-0.63636,0.640202,2.555,2.70977
-0.628067,0.640202,2.555,2.70783
-0.619775,0.640202,2.555,2.70592
-0.611482,0.640202,2.555,2.70403
-0.607674,0.644963,2.574,2.72226
-0.59932,0.644963,2.574,2.72041
-0.590965,0.644963,2.574,2.71858
-0.582611,0.644963,2.574,2.71678
-0.574256,0.644963,2.574,2.715
-0.565902,0.644963,2.574,2.71324
-0.557547,0.644963,2.574,2.71151
-0.549192,0.644963,2.574,2.70981
-0.540838,0.644963,2.574,2.70813
-0.528553,0.640202,2.555,2.68649
-0.52026,0.640202,2.555,2.68488
-0.511967,0.640202,2.555,2.68328
-0.499929,0.635441,2.536,2.66177
-0.491697,0.635441,2.536,2.66023
-0.483466,0.635441,2.536,2.65873
-0.475235,0.635441,2.536,2.65724
-0.467004,0.635441,2.536,2.65578
-0.458772,0.635441,2.536,2.65435
-0.450541,0.635441,2.536,2.65294
-0.44231,0.635441,2.536,2.65155
-0.434079,0.635441,2.536,2.65019
-0.425848,0.635441,2.536,2.64885
-0.417616,0.635441,2.536,2.64754
-0.409385,0.635441,2.536,2.64626
-0.401154,0.635441,2.536,2.645
-0.392923,0.635441,2.536,2.64376
-0.381809,0.63068,2.517,2.62275
-0.37364,0.63068,2.517,2.62157
-0.36547,0.63068,2.517,2.62042
-0.357301,0.63068,2.517,2.6193
-0.349131,0.63068,2.517,2.61819
-0.340961,0.63068,2.517,2.61712
-0.330412,0.62617,2.499,2.59736
-0.322301,0.62617,2.499,2.59634
-0.31419,0.62617,2.499,2.59534
-0.306079,0.62617,2.499,2.59437
-0.297967,0.62617,2.499,2.59343
-0.289856,0.62617,2.499,2.59251
-0.281745,0.62617,2.499,2.59162
-0.273634,0.62617,2.499,2.59075
-0.267435,0.63068,2.517,2.60856
-0.259266,0.63068,2.517,2.60773
-0.251096,0.63068,2.517,2.60693
-0.242927,0.63068,2.517,2.60616
-0.234757,0.63068,2.517,2.60541
-0.228298,0.635441,2.536,2.62435
-0.220067,0.635441,2.536,2.62364
-0.211836,0.635441,2.536,2.62297
-0.203604,0.635441,2.536,2.62231
-0.195373,0.635441,2.536,2.62169
-0.187142,0.635441,2.536,2.62109
-0.178911,0.635441,2.536,2.62051
-0.169401,0.63068,2.517,2.60034
-0.161231,0.63068,2.517,2.59982
-0.153062,0.63068,2.517,2.59932
-0.143856,0.62617,2.499,2.58027
-0.135745,0.62617,2.499,2.57983
-0.127634,0.62617,2.499,2.57941
-0.119523,0.62617,2.499,2.57903
-0.110609,0.62166,2.481,2.56009
-0.102556,0.62166,2.481,2.55975
-0.0945035,0.62166,2.481,2.55944
-0.0864508,0.62166,2.481,2.55916
-0.078398,0.62166,2.481,2.5589
-0.069835,0.61715,2.463,2.5401
-0.0613887,0.612639,2.445,2.52133
-0.0534529,0.612639,2.445,2.52115
-0.045517,0.612639,2.445,2.521
-0.0373199,0.60838,2.428,2.50334
-0.0294392,0.60838,2.428,2.50323
-0.0215585,0.60838,2.428,2.50315
-0.013582,0.60412,2.411,2.48557
-0.00575653,0.60412,2.411,2.48554
0.00206898,0.60412,2.411,2.48554
0.00982472,0.59986,2.394,2.46803
0.017595,0.59986,2.394,2.46807
0.0253654,0.59986,2.394,2.46814
0.0331357,0.59986,2.394,2.46823
0.040906,0.59986,2.394,2.46835
0.0486764,0.59986,2.394,2.46849
0.0564467,0.59986,2.394,2.46865
0.064673,0.60412,2.411,2.48638
0.0724985,0.60412,2.411,2.48659
0.0803241,0.60412,2.411,2.48683
0.0881496,0.60412,2.411,2.4871
0.0959751,0.60412,2.411,2.48739
0.104532,0.60838,2.428,2.50524
0.112413,0.60838,2.428,2.50558
0.120294,0.60838,2.428,2.50595
0.128175,0.60838,2.428,2.50634
0.136055,0.60838,2.428,2.50676
0.143936,0.60838,2.428,2.5072
0.151817,0.60838,2.428,2.50766
0.159697,0.60838,2.428,2.50815
0.167578,0.60838,2.428,2.50866
0.175459,0.60838,2.428,2.5092
0.183339,0.60838,2.428,2.50977
0.19122,0.60838,2.428,2.51035
0.199101,0.60838,2.428,2.51097
0.206981,0.60838,2.428,2.5116
0.214862,0.60838,2.428,2.51227
0.222743,0.60838,2.428,2.51295
0.230623,0.60838,2.428,2.51366
0.236834,0.60412,2.411,2.49679
0.24466,0.60412,2.411,2.49755
0.252485,0.60412,2.411,2.49833
0.260311,0.60412,2.411,2.49913
0.270027,0.60838,2.428,2.51758
0.277908,0.60838,2.428,2.51844
0.283787,0.60412,2.411,2.50168
0.291613,0.60412,2.411,2.50258
0.30155,0.60838,2.428,2.52116
0.30943,0.60838,2.428,2.52211
0.317311,0.60838,2.428,2.52309
0.322915,0.60412,2.411,2.50642
0.33074,0.60412,2.411,2.50744
0.338566,0.60412,2.411,2.50849
0.346391,0.60412,2.411,2.50956
0.356714,0.60838,2.428,2.52835
0.362042,0.60412,2.411,2.51176
0.369868,0.60412,2.411,2.5129
0.377693,0.60412,2.411,2.51407
0.385519,0.60412,2.411,2.51525
0.393344,0.60412,2.411,2.51647
0.398341,0.59986,2.394,2.49995
0.406112,0.59986,2.394,2.5012
0.413882,0.59986,2.394,2.50247
0.421652,0.59986,2.394,2.50377
0.429423,0.59986,2.394,2.50509
0.437193,0.59986,2.394,2.50643
0.444963,0.59986,2.394,2.5078
0.452734,0.59986,2.394,2.50919
0.460504,0.59986,2.394,2.5106
0.464949,0.595601,2.377,2.4942
0.472664,0.595601,2.377,2.49565
0.480379,0.595601,2.377,2.49713
0.488094,0.595601,2.377,2.49862
0.499355,0.59986,2.394,2.51802
0.507126,0.59986,2.394,2.51957
0.514896,0.59986,2.394,2.52115
0.522667,0.59986,2.394,2.52275
0.530437,0.59986,2.394,2.52437
0.538207,0.59986,2.394,2.52601
0.549854,0.60412,2.411,2.54563
0.55768,0.60412,2.411,2.54733
0.565506,0.60412,2.411,2.54905
0.573331,0.60412,2.411,2.5508
0.577059,0.59986,2.394,2.53457
0.584829,0.59986,2.394,2.53635
0.592599,0.59986,2.394,2.53816
0.60037,0.59986,2.394,2.53998
0.60814,0.59986,2.394,2.54183
0.61591,0.59986,2.394,2.5437
0.619252,0.595601,2.377,2.52752
0.626967,0.595601,2.377,2.52942
0.63041,0.591592,2.361,2.5143
0.633749,0.587583,2.345,2.49918
0.641361,0.587583,2.345,2.50112
0.644544,0.583573,2.329,2.48601
0.652103,0.583573,2.329,2.48798
0.659663,0.583573,2.329,2.48997
0.667222,0.583573,2.329,2.49198
0.670146,0.579564,2.313,2.47689
0.677653,0.579564,2.313,2.47893
0.68516,0.579564,2.313,2.48099
0.692668,0.579564,2.313,2.48307
0.700175,0.579564,2.313,2.48518
0.707683,0.579564,2.313,2.4873
0.71519,0.579564,2.313,2.48945
0.722698,0.579564,2.313,2.49162
0.730205,0.579564,2.313,2.49381
0.732928,0.575806,2.298,2.47983
0.740387,0.575806,2.298,2.48204
0.747846,0.575806,2.298,2.48428
0.755304,0.575806,2.298,2.48653
0.752474,0.568038,2.267,2.45523
0.759832,0.568038,2.267,2.4575
0.76719,0.568038,2.267,2.45978
0.774548,0.568038,2.267,2.46209
0.78708,0.571797,2.282,2.48072
0.794486,0.571797,2.282,2.48308
0.801893,0.571797,2.282,2.48546
0.8093,0.571797,2.282,2.48786
0.816707,0.571797,2.282,2.49028
0.824114,0.571797,2.282,2.49272
0.837351,0.575806,2.298,2.51267
0.850324,0.579564,2.313,2.53158
0.857831,0.579564,2.313,2.53412
0.865339,0.579564,2.313,2.53667
0.878884,0.583573,2.329,2.5568
0.886443,0.583573,2.329,2.55941
0.894003,0.583573,2.329,2.56204
0.901562,0.583573,2.329,2.56469
0.909121,0.583573,2.329,2.56735
0.916681,0.583573,2.329,2.57004
0.917891,0.579564,2.313,2.55507
0.925398,0.579564,2.313,2.55778
0.932905,0.579564,2.313,2.5605
0.940413,0.579564,2.313,2.56325
0.94792,0.579564,2.313,2.56601
0.955428,0.579564,2.313,2.56879
0.95669,0.575806,2.298,2.55492
0.964149,0.575806,2.298,2.55772
0.971608,0.575806,2.298,2.56054
0.979067,0.575806,2.298,2.56338
0.986525,0.575806,2.298,2.56624
0.993984,0.575806,2.298,2.56912
0.99447,0.571797,2.282,2.5541
1.00188,0.571797,2.282,2.557
1.01636,0.575806,2.298,2.57786
1.01669,0.571797,2.282,2.56284
1.0241,0.571797,2.282,2.56578
1.03874,0.575806,2.298,2.58676
1.0462,0.575806,2.298,2.58976
1.05365,0.575806,2.298,2.59279
1.06111,0.575806,2.298,2.59583
1.06857,0.575806,2.298,2.59888
1.07603,0.575806,2.298,2.60196
1.08349,0.575806,2.298,2.60505
1.09095,0.575806,2.298,2.60816
1.09841,0.575806,2.298,2.61129
1.11308,0.579564,2.313,2.63151
1.12059,0.579564,2.313,2.63469
1.1281,0.579564,2.313,2.63789
1.13561,0.579564,2.313,2.64111
1.15102,0.583573,2.329,2.66264
1.15858,0.583573,2.329,2.66592
1.16614,0.583573,2.329,2.66921
1.18176,0.587583,2.345,2.69088
1.18937,0.587583,2.345,2.69423
1.19698,0.587583,2.345,2.6976
1.2046,0.587583,2.345,2.70099
1.22048,0.591592,2.361,2.72284
1.22814,0.591592,2.361,2.72629
1.2358,0.591592,2.361,2.72975
1.24347,0.591592,2.361,2.73322
1.25113,0.591592,2.361,2.73672
1.26732,0.595601,2.377,2.7588
1.27504,0.595601,2.377,2.76235
1.28275,0.595601,2.377,2.76592
1.29047,0.595601,2.377,2.76951
1.28945,0.591592,2.361,2.75445
1.29711,0.591592,2.361,2.75804
1.29593,0.587583,2.345,2.74294
1.30354,0.587583,2.345,2.74654
1.31115,0.587583,2.345,2.75016
1.31877,0.587583,2.345,2.7538
1.32638,0.587583,2.345,2.75745
1.33399,0.587583,2.345,2.76112
1.33245,0.583573,2.329,2.74594
1.3308,0.579564,2.313,2.73073
1.33831,0.579564,2.313,2.7344
1.34581,0.579564,2.313,2.73808
1.34454,0.575806,2.298,2.724
1.34259,0.571797,2.282,2.70869
1.35,0.571797,2.282,2.71237
1.3574,0.571797,2.282,2.71607
1.35584,0.568038,2.267,2.7019
1.3632,0.568038,2.267,2.7056
1.37056,0.568038,2.267,2.70931
1.37791,0.568038,2.267,2.71304
1.38527,0.568038,2.267,2.71679
1.39263,0.568038,2.267,2.72055
1.39999,0.568038,2.267,2.72432
1.41666,0.571797,2.282,2.74616
1.42406,0.571797,2.282,2.74999
1.43147,0.571797,2.282,2.75383
1.44897,0.575806,2.298,2.77702
1.46593,0.579564,2.313,2.79908
1.46388,0.575806,2.298,2.78484
1.47134,0.575806,2.298,2.78876
1.4788,0.575806,2.298,2.79271
1.48626,0.575806,2.298,2.79666
1.48332,0.571797,2.282,2.78114
1.49073,0.571797,2.282,2.78509
1.49813,0.571797,2.282,2.78906
1.48575,0.56428,2.252,2.75633
1.49306,0.56428,2.252,2.76028
1.49037,0.560521,2.237,2.74583
1.48826,0.557013,2.223,2.73257
1.49548,0.557013,2.223,2.7365
1.48309,0.549747,2.194,2.7047
1.49021,0.549747,2.194,2.70861
-1.6608,0.607629,2.394,2.97636
-1.65303,0.607629,2.394,2.97203
-1.64526,0.607629,2.394,2.96771
-1.64911,0.611943,2.411,2.98445
-1.64129,0.611943,2.411,2.98014
-1.64498,0.616258,2.428,2.99682
-1.6371,0.616258,2.428,2.9925
-1.62922,0.616258,2.428,2.9882
-1.64471,0.625142,2.463,3.02692
-1.63672,0.625142,2.463,3.02258
-1.64062,0.62971,2.481,3.04032
-1.63257,0.62971,2.481,3.03598
-1.62452,0.62971,2.481,3.03166
-1.62819,0.634279,2.499,3.04932
-1.62008,0.634279,2.499,3.04499
-1.61197,0.634279,2.499,3.04068
-1.60386,0.634279,2.499,3.03639
-1.59575,0.634279,2.499,3.03212
-1.58764,0.634279,2.499,3.02785
-1.56815,0.62971,2.481,3.00183
-1.5601,0.62971,2.481,2.99763
-1.55204,0.62971,2.481,2.99345
-1.54399,0.62971,2.481,2.98928
-1.53594,0.62971,2.481,2.98513
-1.5168,0.625142,2.463,2.95937
-1.50881,0.625142,2.463,2.95528
-1.50081,0.625142,2.463,2.9512
-1.49282,0.625142,2.463,2.94715
-1.47397,0.620573,2.445,2.9216
-1.46604,0.620573,2.445,2.9176
-1.4581,0.620573,2.445,2.91362
-1.45016,0.620573,2.445,2.90966
-1.4322,0.616258,2.428,2.88551
-1.42432,0.616258,2.428,2.88161
-1.40652,0.611943,2.411,2.85757
-1.38883,0.607629,2.394,2.8336
-1.38106,0.607629,2.394,2.8298
-1.37329,0.607629,2.394,2.82602
-1.36552,0.607629,2.394,2.82225
-1.35775,0.607629,2.394,2.8185
-1.34998,0.607629,2.394,2.81477
-1.35174,0.611943,2.411,2.83101
-1.35339,0.616258,2.428,2.84722
-1.34551,0.616258,2.428,2.84348
-1.33763,0.616258,2.428,2.83976
-1.32975,0.616258,2.428,2.83605
-1.33113,0.620573,2.445,2.8522
-1.32319,0.620573,2.445,2.8485
-1.31526,0.620573,2.445,2.84483
-1.31694,0.625142,2.463,2.86208
-1.30895,0.625142,2.463,2.85841
-1.30096,0.625142,2.463,2.85476
-1.29296,0.625142,2.463,2.85113
-1.28497,0.625142,2.463,2.84751
-1.26764,0.620573,2.445,2.82313
-1.2597,0.620573,2.445,2.81957
-1.25177,0.620573,2.445,2.81604
-1.24383,0.620573,2.445,2.81252
-1.2273,0.616258,2.428,2.78949
-1.21942,0.616258,2.428,2.78603
-1.21154,0.616258,2.428,2.78259
-1.21209,0.620573,2.445,2.79862
-1.20415,0.620573,2.445,2.7952
-1.20502,0.625142,2.463,2.81234
-1.19703,0.625142,2.463,2.80892
-1.18904,0.625142,2.463,2.80553
-1.18104,0.625142,2.463,2.80215
-1.17305,0.625142,2.463,2.79879
-1.16505,0.625142,2.463,2.79545
-1.15706,0.625142,2.463,2.79212
-1.14906,0.625142,2.463,2.78882
-1.13273,0.620573,2.445,2.76518
-1.12479,0.620573,2.445,2.76194
-1.11686,0.620573,2.445,2.75872
-1.10892,0.620573,2.445,2.75551
-1.09333,0.616258,2.428,2.73319
-1.08545,0.616258,2.428,2.73005
-1.07757,0.616258,2.428,2.72692
-1.0622,0.611943,2.411,2.70475
-1.05437,0.611943,2.411,2.70168
-1.04655,0.611943,2.411,2.69864
-1.03872,0.611943,2.411,2.69562
-1.0309,0.611943,2.411,2.69261
-1.02307,0.611943,2.411,2.68962
-1.01525,0.611943,2.411,2.68666
-1.00742,0.611943,2.411,2.68371
-0.999596,0.611943,2.411,2.68078
-0.99177,0.611943,2.411,2.67787
-0.983945,0.611943,2.411,2.67498
-0.976119,0.611943,2.411,2.67212
-0.968294,0.611943,2.411,2.66927
-0.960468,0.611943,2.411,2.66644
-0.95936,0.616258,2.428,2.68241
-0.951479,0.616258,2.428,2.6796
-0.950205,0.620573,2.445,2.69556
-0.94227,0.620573,2.445,2.69277
-0.934334,0.620573,2.445,2.69
-0.926398,0.620573,2.445,2.68726
-0.925224,0.625142,2.463,2.70429
-0.917229,0.625142,2.463,2.70157
-0.909235,0.625142,2.463,2.69887
-0.901241,0.625142,2.463,2.69618
-0.893246,0.625142,2.463,2.69352
-0.885252,0.625142,2.463,2.69088
-0.877258,0.625142,2.463,2.68826
-0.869264,0.625142,2.463,2.68566
-0.854975,0.620573,2.445,2.66348
-0.847039,0.620573,2.445,2.66094
-0.833269,0.616258,2.428,2.63994
-0.825388,0.616258,2.428,2.63747
-0.817508,0.616258,2.428,2.63501
-0.809627,0.616258,2.428,2.63258
-0.801746,0.616258,2.428,2.63016
-0.793866,0.616258,2.428,2.62777
-0.785985,0.616258,2.428,2.6254
-0.778104,0.616258,2.428,2.62305
-0.770224,0.616258,2.428,2.62073
-0.762343,0.616258,2.428,2.61842
-0.754462,0.616258,2.428,2.61614
-0.746581,0.616258,2.428,2.61388
-0.738701,0.616258,2.428,2.61164
-0.735937,0.620573,2.445,2.62769
-0.728001,0.620573,2.445,2.62548
-0.720065,0.620573,2.445,2.62329
-0.717372,0.625142,2.463,2.64042
-0.714562,0.62971,2.481,2.65754
-0.706509,0.62971,2.481,2.65538
-0.698457,0.62971,2.481,2.65325
-0.695413,0.634279,2.499,2.67038
-0.687302,0.634279,2.499,2.66828
-0.679191,0.634279,2.499,2.6662
-0.675913,0.638848,2.517,2.68333
-0.672784,0.64367,2.536,2.70153
-0.664553,0.64367,2.536,2.69949
-0.656322,0.64367,2.536,2.69747
-0.648091,0.64367,2.536,2.69548
-0.639859,0.64367,2.536,2.69352
-0.63636,0.648492,2.555,2.71174
-0.628067,0.648492,2.555,2.7098
-0.619775,0.648492,2.555,2.70789
-0.611482,0.648492,2.555,2.70601
-0.603189,0.648492,2.555,2.70415
-0.59932,0.653315,2.574,2.7224
-0.586603,0.648492,2.555,2.70049
-0.57831,0.648492,2.555,2.69871
-0.570017,0.648492,2.555,2.69694
-0.561724,0.648492,2.555,2.6952
-0.553431,0.648492,2.555,2.69348
-0.545139,0.648492,2.555,2.69179
-0.536846,0.648492,2.555,2.69012
-0.524622,0.64367,2.536,2.66849
-0.516391,0.64367,2.536,2.66688
-0.50816,0.64367,2.536,2.6653
-0.499929,0.64367,2.536,2.66374
-0.488013,0.638848,2.517,2.64227
-0.479844,0.638848,2.517,2.64077
-0.471674,0.638848,2.517,2.6393
-0.463505,0.638848,2.517,2.63785
-0.455335,0.638848,2.517,2.63643
-0.447166,0.638848,2.517,2.63503
-0.438996,0.638848,2.517,2.63365
-0.430827,0.638848,2.517,2.6323
-0.422657,0.638848,2.517,2.63098
-0.414487,0.638848,2.517,2.62968
-0.406318,0.638848,2.517,2.6284
-0.398148,0.638848,2.517,2.62715
-0.389979,0.638848,2.517,2.62593
-0.379079,0.634279,2.499,2.60596
-0.370968,0.634279,2.499,2.60479
-0.362857,0.634279,2.499,2.60365
-0.354745,0.634279,2.499,2.60253
-0.346634,0.634279,2.499,2.60144
-0.338523,0.634279,2.499,2.60037
-0.330412,0.634279,2.499,2.59932
-0.322301,0.634279,2.499,2.5983
-0.311927,0.62971,2.481,2.5786
-0.303874,0.62971,2.481,2.57764
-0.295821,0.62971,2.481,2.5767
-0.289856,0.634279,2.499,2.59448
-0.281745,0.634279,2.499,2.59359
-0.273634,0.634279,2.499,2.59272
-0.265523,0.634279,2.499,2.59187
-0.257412,0.634279,2.499,2.59106
-0.251096,0.638848,2.517,2.60892
-0.242927,0.638848,2.517,2.60815
-0.234757,0.638848,2.517,2.6074
-0.226588,0.638848,2.517,2.60668
-0.218418,0.638848,2.517,2.60598
-0.210249,0.638848,2.517,2.60531
-0.202079,0.638848,2.517,2.60466
-0.193909,0.638848,2.517,2.60404
-0.18574,0.638848,2.517,2.60344
-0.17757,0.638848,2.517,2.60287
-0.169401,0.638848,2.517,2.60233
-0.161231,0.638848,2.517,2.60181
-0.151967,0.634279,2.499,2.58271
-0.143856,0.634279,2.499,2.58225
-0.135745,0.634279,2.499,2.58181
-0.126714,0.62971,2.481,2.5628
-0.118662,0.62971,2.481,2.56242
-0.109806,0.625142,2.463,2.54347
-0.101812,0.625142,2.463,2.54314
-0.0931322,0.620573,2.445,2.52424
-0.0851963,0.620573,2.445,2.52396
-0.0772605,0.620573,2.445,2.52371
-0.0688426,0.616258,2.428,2.50593
-0.0605351,0.611943,2.411,2.48818
-0.0527096,0.611943,2.411,2.48801
-0.0448841,0.611943,2.411,2.48785
-0.0367973,0.607629,2.394,2.47018
-0.0290269,0.607629,2.394,2.47008
-0.0211057,0.603314,2.377,2.45246
-0.0133905,0.603314,2.377,2.45241
-0.00567535,0.603314,2.377,2.45238
0.00202607,0.599253,2.361,2.43586
0.00968929,0.599253,2.361,2.43588
0.0173525,0.599253,2.361,2.43592
0.0250157,0.599253,2.361,2.43599
0.032679,0.599253,2.361,2.43608
0.0403422,0.599253,2.361,2.4362
0.0483307,0.603314,2.377,2.45285
0.0560459,0.603314,2.377,2.45301
0.063761,0.603314,2.377,2.4532
0.0714762,0.603314,2.377,2.45341
0.0791913,0.603314,2.377,2.45365
0.0869065,0.603314,2.377,2.45391
0.0946216,0.603314,2.377,2.45419
0.102337,0.603314,2.377,2.4545
0.110052,0.603314,2.377,2.45484
0.118609,0.607629,2.394,2.47275
0.12638,0.607629,2.394,2.47314
0.13415,0.607629,2.394,2.47355
0.143936,0.616258,2.428,2.50912
0.151817,0.616258,2.428,2.50958
0.159697,0.616258,2.428,2.51007
0.167578,0.616258,2.428,2.51059
0.175459,0.616258,2.428,2.51112
0.183339,0.616258,2.428,2.51169
0.19122,0.616258,2.428,2.51227
0.199101,0.616258,2.428,2.51289
0.206981,0.616258,2.428,2.51352
0.214862,0.616258,2.428,2.51418
0.222743,0.616258,2.428,2.51487
0.230623,0.616258,2.428,2.51558
0.236834,0.611943,2.411,2.4987
0.24466,0.611943,2.411,2.49945
0.252485,0.611943,2.411,2.50023
0.260311,0.611943,2.411,2.50103
0.270027,0.616258,2.428,2.5195
0.277908,0.616258,2.428,2.52036
0.283787,0.611943,2.411,2.50358
0.291613,0.611943,2.411,2.50448
0.30155,0.616258,2.428,2.52307
0.30943,0.616258,2.428,2.52403
0.317311,0.616258,2.428,2.525
0.322915,0.611943,2.411,2.50832
0.33074,0.611943,2.411,2.50934
0.338566,0.611943,2.411,2.51038
0.346391,0.611943,2.411,2.51145
0.356714,0.616258,2.428,2.53026
0.362042,0.611943,2.411,2.51366
0.369868,0.611943,2.411,2.5148
0.377693,0.611943,2.411,2.51596
0.385519,0.611943,2.411,2.51715
0.393344,0.611943,2.411,2.51836
0.398341,0.607629,2.394,2.50182
0.406112,0.607629,2.394,2.50307
0.413882,0.607629,2.394,2.50435
0.421652,0.607629,2.394,2.50564
0.429423,0.607629,2.394,2.50696
0.437193,0.607629,2.394,2.5083
0.444963,0.607629,2.394,2.50967
0.452734,0.607629,2.394,2.51106
0.460504,0.607629,2.394,2.51247
0.464949,0.603314,2.377,2.49606
0.472664,0.603314,2.377,2.4975
0.480379,0.603314,2.377,2.49898
0.488094,0.603314,2.377,2.50047
0.499355,0.607629,2.394,2.51988
0.507126,0.607629,2.394,2.52143
0.514896,0.607629,2.394,2.52301
0.522667,0.607629,2.394,2.5246
0.530437,0.607629,2.394,2.52622
0.538207,0.607629,2.394,2.52787
0.545977,0.607629,2.394,2.52953
0.553748,0.607629,2.394,2.53122
0.561518,0.607629,2.394,2.53293
0.565246,0.603314,2.377,2.51667
0.572961,0.603314,2.377,2.51841
0.580676,0.603314,2.377,2.52018
0.584431,0.599253,2.361,2.50499
0.592094,0.599253,2.361,2.50679
0.599757,0.599253,2.361,2.50861
0.60742,0.599253,2.361,2.51046
0.610915,0.595192,2.345,2.49529
0.618527,0.595192,2.345,2.49717
0.621866,0.591131,2.329,2.48201
0.629425,0.591131,2.329,2.48392
0.636985,0.591131,2.329,2.48585
0.640116,0.58707,2.313,2.4707
0.647623,0.58707,2.313,2.47266
0.655131,0.58707,2.313,2.47463
0.662638,0.58707,2.313,2.47663
0.670146,0.58707,2.313,2.47865
0.677653,0.58707,2.313,2.48069
0.68516,0.58707,2.313,2.48275
0.688176,0.583263,2.298,2.46872
0.695635,0.583263,2.298,2.47081
0.703093,0.583263,2.298,2.47292
0.710552,0.583263,2.298,2.47505
0.718011,0.583263,2.298,2.4772
0.72547,0.583263,2.298,2.47938
0.732928,0.583263,2.298,2.48157
0.740387,0.583263,2.298,2.48378
0.747846,0.583263,2.298,2.48602
0.750046,0.579202,2.282,2.47094
0.747495,0.571587,2.252,2.44069
0.754804,0.571587,2.252,2.44294
0.762114,0.571587,2.252,2.44521
0.769423,0.571587,2.252,2.44749
0.781906,0.575394,2.267,2.46612
0.789264,0.575394,2.267,2.46846
0.796622,0.575394,2.267,2.47082
0.8093,0.579202,2.282,2.48957
0.816707,0.579202,2.282,2.49199
0.824114,0.579202,2.282,2.49443
0.83152,0.579202,2.282,2.49688
0.844809,0.583263,2.298,2.51688
0.852268,0.583263,2.298,2.5194
0.865339,0.58707,2.313,2.53839
0.878884,0.591131,2.329,2.55854
0.886443,0.591131,2.329,2.56114
0.894003,0.591131,2.329,2.56377
0.901562,0.591131,2.329,2.56642
0.909121,0.591131,2.329,2.56908
0.910383,0.58707,2.313,2.5541
0.917891,0.58707,2.313,2.55678
0.925398,0.58707,2.313,2.55949
0.932905,0.58707,2.313,2.56221
0.934314,0.583263,2.298,2.54832
0.941773,0.583263,2.298,2.55107
0.949232,0.583263,2.298,2.55383
0.950029,0.579202,2.282,2.53881
0.957436,0.579202,2.282,2.54159
0.964843,0.579202,2.282,2.54439
0.97225,0.579202,2.282,2.54721
0.973217,0.575394,2.267,2.53328
0.980575,0.575394,2.267,2.53612
0.987933,0.575394,2.267,2.53897
0.995292,0.575394,2.267,2.54184
1.00265,0.575394,2.267,2.54473
1.01001,0.575394,2.267,2.54764
1.01737,0.575394,2.267,2.55057
1.02472,0.575394,2.267,2.55351
1.03208,0.575394,2.267,2.55647
1.03944,0.575394,2.267,2.55945
1.0468,0.575394,2.267,2.56245
1.05416,0.575394,2.267,2.56547
1.06151,0.575394,2.267,2.5685
1.07595,0.579202,2.282,2.58856
1.08335,0.579202,2.282,2.59165
1.09076,0.579202,2.282,2.59475
1.09817,0.579202,2.282,2.59788
1.10557,0.579202,2.282,2.60102
1.11298,0.579202,2.282,2.60417
1.12039,0.579202,2.282,2.60735
1.1357,0.583263,2.298,2.62884
1.14316,0.583263,2.298,2.63207
1.15062,0.583263,2.298,2.63532
1.16564,0.58707,2.313,2.65581
1.17314,0.58707,2.313,2.65911
1.18065,0.58707,2.313,2.66243
1.18816,0.58707,2.313,2.66577
1.20394,0.591131,2.329,2.68759
1.2115,0.591131,2.329,2.69098
1.21905,0.591131,2.329,2.6944
1.22661,0.591131,2.329,2.69782
1.23417,0.591131,2.329,2.70127
1.24173,0.591131,2.329,2.70473
1.25787,0.595192,2.345,2.72682
1.26549,0.595192,2.345,2.73034
1.2731,0.595192,2.345,2.73387
1.28071,0.595192,2.345,2.73742
1.28832,0.595192,2.345,2.74099
1.28709,0.591131,2.329,2.72585
1.28575,0.58707,2.313,2.71068
1.29326,0.58707,2.313,2.71425
1.30077,0.58707,2.313,2.71783
1.30828,0.58707,2.313,2.72144
1.31578,0.58707,2.313,2.72505
1.31471,0.583263,2.298,2.71099
1.31296,0.579202,2.282,2.69571
1.32037,0.579202,2.282,2.69933
1.32778,0.579202,2.282,2.70296
1.32641,0.575394,2.267,2.68881
1.33377,0.575394,2.267,2.69245
1.34112,0.575394,2.267,2.6961
1.34848,0.575394,2.267,2.69977
1.34687,0.571587,2.252,2.68557
1.35418,0.571587,2.252,2.68924
1.36149,0.571587,2.252,2.69293
1.37791,0.575394,2.267,2.71459
1.38527,0.575394,2.267,2.71834
1.39263,0.575394,2.267,2.72209
1.39999,0.575394,2.267,2.72586
1.41666,0.579202,2.282,2.74771
1.42406,0.579202,2.282,2.75154
1.43147,0.579202,2.282,2.75538
1.44897,0.583263,2.298,2.77858
1.46593,0.58707,2.313,2.80064
1.46388,0.583263,2.298,2.78639
1.47134,0.583263,2.298,2.79031
1.4788,0.583263,2.298,2.79425
1.48626,0.583263,2.298,2.79821
1.48332,0.579202,2.282,2.78267
1.49073,0.579202,2.282,2.78662
1.49813,0.579202,2.282,2.79059
1.48575,0.571587,2.252,2.75784
1.49306,0.571587,2.252,2.76178
1.49037,0.56778,2.237,2.74732
1.48826,0.564227,2.223,2.73404
1.49548,0.564227,2.223,2.73798
1.48309,0.556866,2.194,2.70616
1.49021,0.556866,2.194,2.71007
-1.6608,0.615397,2.394,2.97795
-1.65303,0.615397,2.394,2.97362
-1.65694,0.619767,2.411,2.9904
-1.66074,0.624137,2.428,3.00712
-1.65286,0.624137,2.428,3.00278
-1.64498,0.624137,2.428,2.99845
-1.64856,0.628507,2.445,3.0151
-1.64063,0.628507,2.445,3.01076
-1.64471,0.633134,2.463,3.02858
-1.64868,0.637761,2.481,3.04635
-1.65253,0.642388,2.499,3.06407
-1.64442,0.642388,2.499,3.0597
-1.6363,0.642388,2.499,3.05535
-1.62819,0.642388,2.499,3.05101
-1.62008,0.642388,2.499,3.04669
-1.61197,0.642388,2.499,3.04239
-1.60386,0.642388,2.499,3.0381
-1.59575,0.642388,2.499,3.03382
-1.58764,0.642388,2.499,3.02956
-1.56815,0.637761,2.481,3.00353
-1.5601,0.637761,2.481,2.99933
-1.55204,0.637761,2.481,2.99515
-1.54399,0.637761,2.481,2.99099
-1.53594,0.637761,2.481,2.98684
-1.5168,0.633134,2.463,2.96107
-1.50881,0.633134,2.463,2.95698
-1.50081,0.633134,2.463,2.95291
-1.49282,0.633134,2.463,2.94885
-1.47397,0.628507,2.445,2.92329
-1.46604,0.628507,2.445,2.9193
-1.4581,0.628507,2.445,2.91532
-1.45016,0.628507,2.445,2.91136
-1.4322,0.624137,2.428,2.8872
-1.42432,0.624137,2.428,2.8833
-1.40652,0.619767,2.411,2.85925
-1.38883,0.615397,2.394,2.83528
-1.38106,0.615397,2.394,2.83148
-1.37329,0.615397,2.394,2.8277
-1.36552,0.615397,2.394,2.82393
-1.35775,0.615397,2.394,2.82018
-1.34998,0.615397,2.394,2.81645
-1.35174,0.619767,2.411,2.83271
-1.35339,0.624137,2.428,2.84893
-1.34551,0.624137,2.428,2.8452
-1.33763,0.624137,2.428,2.84148
-1.32975,0.624137,2.428,2.83778
-1.33113,0.628507,2.445,2.85394
-1.32319,0.628507,2.445,2.85024
-1.31526,0.628507,2.445,2.84657
-1.31694,0.633134,2.463,2.86384
-1.30895,0.633134,2.463,2.86017
-1.30096,0.633134,2.463,2.85652
-1.29296,0.633134,2.463,2.85289
-1.28497,0.633134,2.463,2.84927
-1.26764,0.628507,2.445,2.82488
-1.2597,0.628507,2.445,2.82133
-1.25177,0.628507,2.445,2.8178
-1.24383,0.628507,2.445,2.81428
-1.2273,0.624137,2.428,2.79124
-1.21942,0.624137,2.428,2.78778
-1.21154,0.624137,2.428,2.78434
-1.21209,0.628507,2.445,2.80039
-1.20415,0.628507,2.445,2.79697
-1.19622,0.628507,2.445,2.79356
-1.18828,0.628507,2.445,2.79017
-1.18035,0.628507,2.445,2.7868
-1.17241,0.628507,2.445,2.78345
-1.16447,0.628507,2.445,2.78012
-1.15654,0.628507,2.445,2.7768
-1.1486,0.628507,2.445,2.77351
-1.14067,0.628507,2.445,2.77023
-1.13273,0.628507,2.445,2.76697
-1.12479,0.628507,2.445,2.76373
-1.10909,0.624137,2.428,2.74132
-1.0935,0.619767,2.411,2.71897
-1.08568,0.619767,2.411,2.71583
-1.07785,0.619767,2.411,2.71271
-1.07003,0.619767,2.411,2.70961
-1.05471,0.615397,2.394,2.68745
-1.04694,0.615397,2.394,2.68441
-1.03917,0.615397,2.394,2.68138
-1.0314,0.615397,2.394,2.67838
-1.02363,0.615397,2.394,2.6754
-1.01586,0.615397,2.394,2.67244
-1.00809,0.615397,2.394,2.66949
-1.00032,0.615397,2.394,2.66657
-0.992548,0.615397,2.394,2.66366
-0.984778,0.615397,2.394,2.66078
-0.977007,0.615397,2.394,2.65791
-0.969237,0.615397,2.394,2.65506
-0.961466,0.615397,2.394,2.65224
-0.960468,0.619767,2.411,2.66825
-0.952643,0.619767,2.411,2.66544
-0.944817,0.619767,2.411,2.66265
-0.943599,0.624137,2.428,2.67864
-0.935718,0.624137,2.428,2.67587
-0.934334,0.628507,2.445,2.69184
-0.926398,0.628507,2.445,2.6891
-0.918462,0.628507,2.445,2.68638
-0.910526,0.628507,2.445,2.68367
-0.90259,0.628507,2.445,2.68099
-0.894654,0.628507,2.445,2.67833
-0.886718,0.628507,2.445,2.67569
-0.878783,0.628507,2.445,2.67307
-0.870847,0.628507,2.445,2.67047
-0.862911,0.628507,2.445,2.66789
-0.84903,0.624137,2.428,2.64681
-0.84115,0.624137,2.428,2.64429
-0.833269,0.624137,2.428,2.64179
-0.825388,0.624137,2.428,2.63932
-0.817508,0.624137,2.428,2.63686
-0.803958,0.619767,2.411,2.61599
-0.796133,0.619767,2.411,2.61359
-0.788307,0.619767,2.411,2.61122
-0.780482,0.619767,2.411,2.60887
-0.772656,0.619767,2.411,2.60654
-0.764831,0.619767,2.411,2.60423
-0.757005,0.619767,2.411,2.60194
-0.74918,0.619767,2.411,2.59967
-0.741354,0.619767,2.411,2.59743
-0.733529,0.619767,2.411,2.59521
-0.73082,0.624137,2.428,2.61129
-0.722939,0.624137,2.428,2.60909
-0.715059,0.624137,2.428,2.60692
-0.712129,0.628507,2.445,2.62301
-0.704194,0.628507,2.445,2.62087
-0.696258,0.628507,2.445,2.61874
-0.693389,0.633134,2.463,2.63591
-0.690404,0.637761,2.481,2.65307
-0.682351,0.637761,2.481,2.65098
-0.674299,0.637761,2.481,2.64892
-0.67108,0.642388,2.499,2.66609
-0.667744,0.647015,2.517,2.68324
-0.659574,0.647015,2.517,2.68122
-0.656322,0.651899,2.536,2.69945
-0.648091,0.651899,2.536,2.69746
-0.639859,0.651899,2.536,2.69549
-0.63636,0.656783,2.555,2.71373
-0.628067,0.656783,2.555,2.7118
-0.619775,0.656783,2.555,2.70989
-0.611482,0.656783,2.555,2.70801
-0.603189,0.656783,2.555,2.70615
-0.594896,0.656783,2.555,2.70431
-0.586603,0.656783,2.555,2.7025
-0.57831,0.656783,2.555,2.70071
-0.570017,0.656783,2.555,2.69895
-0.561724,0.656783,2.555,2.69721
-0.553431,0.656783,2.555,2.69549
-0.545139,0.656783,2.555,2.6938
-0.532853,0.651899,2.536,2.67212
-0.524622,0.651899,2.536,2.67049
-0.516391,0.651899,2.536,2.66888
-0.50816,0.651899,2.536,2.6673
-0.496183,0.647015,2.517,2.64577
-0.488013,0.647015,2.517,2.64425
-0.479844,0.647015,2.517,2.64276
-0.471674,0.647015,2.517,2.64129
-0.463505,0.647015,2.517,2.63984
-0.455335,0.647015,2.517,2.63842
-0.447166,0.647015,2.517,2.63702
-0.438996,0.647015,2.517,2.63565
-0.430827,0.647015,2.517,2.6343
-0.422657,0.647015,2.517,2.63297
-0.414487,0.647015,2.517,2.63168
-0.403412,0.642388,2.499,2.61159
-0.395301,0.642388,2.499,2.61035
-0.38719,0.642388,2.499,2.60913
-0.379079,0.642388,2.499,2.60794
-0.370968,0.642388,2.499,2.60678
-0.362857,0.642388,2.499,2.60563
-0.354745,0.642388,2.499,2.60452
-0.346634,0.642388,2.499,2.60342
-0.338523,0.642388,2.499,2.60236
-0.328032,0.637761,2.481,2.58258
-0.319979,0.637761,2.481,2.58157
-0.311927,0.637761,2.481,2.58058
-0.301669,0.633134,2.463,2.5609
-0.293675,0.633134,2.463,2.55998
-0.287769,0.637761,2.481,2.57777
-0.279716,0.637761,2.481,2.57689
-0.273634,0.642388,2.499,2.59471
-0.265523,0.642388,2.499,2.59387
-0.257412,0.642388,2.499,2.59305
-0.251096,0.647015,2.517,2.61093
-0.242927,0.647015,2.517,2.61016
-0.234757,0.647015,2.517,2.60941
-0.226588,0.647015,2.517,2.60869
-0.218418,0.647015,2.517,2.60799
-0.210249,0.647015,2.517,2.60732
-0.202079,0.647015,2.517,2.60667
-0.193909,0.647015,2.517,2.60605
-0.18574,0.647015,2.517,2.60546
-0.17757,0.647015,2.517,2.60489
-0.169401,0.647015,2.517,2.60435
-0.161231,0.647015,2.517,2.60383
-0.151967,0.642388,2.499,2.58472
-0.143856,0.642388,2.499,2.58425
-0.135745,0.642388,2.499,2.58381
-0.126714,0.637761,2.481,2.56479
-0.118662,0.637761,2.481,2.56441
-0.109806,0.633134,2.463,2.54544
-0.101812,0.633134,2.463,2.54511
-0.0931322,0.628507,2.445,2.52621
-0.0851963,0.628507,2.445,2.52593
-0.0772605,0.628507,2.445,2.52567
-0.0688426,0.624137,2.428,2.50788
-0.0605351,0.619767,2.411,2.49012
-0.0527096,0.619767,2.411,2.48994
-0.0448841,0.619767,2.411,2.48979
-0.0367973,0.615397,2.394,2.47211
-0.0290269,0.615397,2.394,2.472
-0.0211057,0.611027,2.377,2.45437
-0.0133905,0.611027,2.377,2.45431
-0.00567535,0.611027,2.377,2.45429
0.00202607,0.606914,2.361,2.43776
0.00968929,0.606914,2.361,2.43778
0.0173525,0.606914,2.361,2.43782
0.0250157,0.606914,2.361,2.43789
0.032679,0.606914,2.361,2.43798
0.0403422,0.606914,2.361,2.43809
0.0483307,0.611027,2.377,2.45475
0.0560459,0.611027,2.377,2.45492
0.063761,0.611027,2.377,2.45511
0.0714762,0.611027,2.377,2.45532
0.0791913,0.611027,2.377,2.45556
0.0869065,0.611027,2.377,2.45582
0.0946216,0.611027,2.377,2.4561
0.102337,0.611027,2.377,2.45641
0.110052,0.611027,2.377,2.45674
0.118609,0.615397,2.394,2.47468
0.12638,0.615397,2.394,2.47506
0.13415,0.615397,2.394,2.47547
0.14192,0.615397,2.394,2.4759
0.150754,0.619767,2.411,2.49394
0.158579,0.619767,2.411,2.49443
0.166405,0.619767,2.411,2.49494
0.17423,0.619767,2.411,2.49547
0.182056,0.619767,2.411,2.49603
0.189881,0.619767,2.411,2.49661
0.197707,0.619767,2.411,2.49722
0.205532,0.619767,2.411,2.49785
0.213358,0.619767,2.411,2.49851
0.221183,0.619767,2.411,2.49919
0.229009,0.619767,2.411,2.4999
0.235164,0.615397,2.394,2.48299
0.242935,0.615397,2.394,2.48374
0.252485,0.619767,2.411,2.50216
0.260311,0.619767,2.411,2.50296
0.268136,0.619767,2.411,2.50378
0.275962,0.619767,2.411,2.50463
0.283787,0.619767,2.411,2.50551
0.291613,0.619767,2.411,2.50641
0.299438,0.619767,2.411,2.50733
0.307264,0.619767,2.411,2.50827
0.315089,0.619767,2.411,2.50925
0.320638,0.615397,2.394,2.49254
0.328408,0.615397,2.394,2.49355
0.336179,0.615397,2.394,2.49459
0.343949,0.615397,2.394,2.49565
0.354217,0.619767,2.411,2.51446
0.35949,0.615397,2.394,2.49784
0.36726,0.615397,2.394,2.49897
0.37503,0.615397,2.394,2.50012
0.382801,0.615397,2.394,2.5013
0.390571,0.615397,2.394,2.5025
0.395513,0.611027,2.377,2.48594
0.403228,0.611027,2.377,2.48718
0.410943,0.611027,2.377,2.48844
0.418658,0.611027,2.377,2.48973
0.426373,0.611027,2.377,2.49104
0.434088,0.611027,2.377,2.49237
0.441803,0.611027,2.377,2.49373
0.452734,0.615397,2.394,2.51295
0.457234,0.611027,2.377,2.49651
0.464949,0.611027,2.377,2.49793
0.472664,0.611027,2.377,2.49938
0.480379,0.611027,2.377,2.50085
0.488094,0.611027,2.377,2.50234
0.492472,0.606914,2.361,2.48701
0.500135,0.606914,2.361,2.48853
0.507799,0.606914,2.361,2.49009
0.515462,0.606914,2.361,2.49166
0.523125,0.606914,2.361,2.49326
0.530788,0.606914,2.361,2.49487
0.538451,0.606914,2.361,2.49652
0.546115,0.606914,2.361,2.49818
0.553778,0.606914,2.361,2.49987
0.557636,0.602801,2.345,2.48462
0.565248,0.602801,2.345,2.48634
0.572859,0.602801,2.345,2.48808
0.57651,0.598688,2.329,2.47286
0.580056,0.594575,2.313,2.45763
0.587564,0.594575,2.313,2.45941
0.595071,0.594575,2.313,2.46122
0.602579,0.594575,2.313,2.46304
0.610086,0.594575,2.313,2.46489
0.613588,0.590719,2.298,2.45076
0.621047,0.590719,2.298,2.45264
0.628506,0.590719,2.298,2.45454
0.631537,0.586606,2.282,2.43936
0.638943,0.586606,2.282,2.44129
0.64635,0.586606,2.282,2.44324
0.653757,0.586606,2.282,2.44521
0.661164,0.586606,2.282,2.4472
0.673258,0.590719,2.298,2.46638
0.680717,0.590719,2.298,2.46843
0.683384,0.586606,2.282,2.45329
0.690791,0.586606,2.282,2.45537
0.703093,0.590719,2.298,2.47469
0.710552,0.590719,2.298,2.47682
0.718011,0.590719,2.298,2.47897
0.72547,0.590719,2.298,2.48114
0.732928,0.590719,2.298,2.48333
0.735232,0.586606,2.282,2.46824
0.742639,0.586606,2.282,2.47045
0.745115,0.58275,2.267,2.45644
0.747495,0.578894,2.252,2.44241
0.754804,0.578894,2.252,2.44466
0.762114,0.578894,2.252,2.44692
0.769423,0.578894,2.252,2.44921
0.776732,0.578894,2.252,2.45152
0.789264,0.58275,2.267,2.47019
0.796622,0.58275,2.267,2.47255
0.80398,0.58275,2.267,2.47493
0.811339,0.58275,2.267,2.47733
0.818697,0.58275,2.267,2.47975
0.826055,0.58275,2.267,2.48219
0.838927,0.586606,2.282,2.50109
0.846334,0.586606,2.282,2.50358
0.859727,0.590719,2.298,2.52366
0.872846,0.594575,2.313,2.54271
0.880353,0.594575,2.313,2.54529
0.887861,0.594575,2.313,2.5479
0.895368,0.594575,2.313,2.55052
0.902876,0.594575,2.313,2.55317
0.910383,0.594575,2.313,2.55583
0.917891,0.594575,2.313,2.55852
0.925398,0.594575,2.313,2.56122
0.926855,0.590719,2.298,2.54732
0.927809,0.586606,2.282,2.53228
0.935216,0.586606,2.282,2.53501
0.942623,0.586606,2.282,2.53775
0.943785,0.58275,2.267,2.52381
0.951143,0.58275,2.267,2.52657
0.958501,0.58275,2.267,2.52935
0.959468,0.578894,2.252,2.51539
0.966778,0.578894,2.252,2.51819
0.974087,0.578894,2.252,2.52101
0.981397,0.578894,2.252,2.52384
0.995292,0.58275,2.267,2.54352
1.00265,0.58275,2.267,2.54641
1.01001,0.58275,2.267,2.54931
1.01737,0.58275,2.267,2.55224
1.02472,0.58275,2.267,2.55518
1.03208,0.58275,2.267,2.55814
1.03944,0.58275,2.267,2.56112
1.0468,0.58275,2.267,2.56411
1.05416,0.58275,2.267,2.56713
1.06151,0.58275,2.267,2.57016
1.07595,0.586606,2.282,2.59023
1.08335,0.586606,2.282,2.59331
1.09076,0.586606,2.282,2.59642
1.09817,0.586606,2.282,2.59954
1.10557,0.586606,2.282,2.60268
1.11298,0.586606,2.282,2.60583
1.12039,0.586606,2.282,2.609
1.1357,0.590719,2.298,2.63051
1.14316,0.590719,2.298,2.63374
1.15062,0.590719,2.298,2.63698
1.16564,0.594575,2.313,2.65748
1.17314,0.594575,2.313,2.66078
1.18065,0.594575,2.313,2.6641
1.18816,0.594575,2.313,2.66743
1.20394,0.598688,2.329,2.68926
1.2115,0.598688,2.329,2.69265
1.21905,0.598688,2.329,2.69606
1.22661,0.598688,2.329,2.69949
1.23417,0.598688,2.329,2.70293
1.24173,0.598688,2.329,2.70639
1.25787,0.602801,2.345,2.72849
1.26549,0.602801,2.345,2.732
1.2731,0.602801,2.345,2.73554
1.28071,0.602801,2.345,2.73909
1.28832,0.602801,2.345,2.74266
1.28709,0.598688,2.329,2.7275
1.28575,0.594575,2.313,2.71232
1.29326,0.594575,2.313,2.71588
1.30077,0.594575,2.313,2.71947
1.30828,0.594575,2.313,2.72306
1.31578,0.594575,2.313,2.72668
1.31471,0.590719,2.298,2.7126
1.31296,0.586606,2.282,2.69731
1.32037,0.586606,2.282,2.70093
1.32778,0.586606,2.282,2.70456
1.32641,0.58275,2.267,2.6904
1.33377,0.58275,2.267,2.69403
1.34112,0.58275,2.267,2.69768
1.34848,0.58275,2.267,2.70135
1.34687,0.578894,2.252,2.68713
1.35418,0.578894,2.252,2.6908
1.36149,0.578894,2.252,2.69449
1.3688,0.578894,2.252,2.69819
1.37611,0.578894,2.252,2.70191
1.38342,0.578894,2.252,2.70564
1.39072,0.578894,2.252,2.70938
1.39803,0.578894,2.252,2.71314
1.40534,0.578894,2.252,2.71691
1.42206,0.58275,2.267,2.73882
1.42942,0.58275,2.267,2.74265
1.44629,0.586606,2.282,2.76466
1.45369,0.586606,2.282,2.76855
1.4611,0.586606,2.282,2.77244
1.46851,0.586606,2.282,2.77635
1.46621,0.58275,2.267,2.762
1.47357,0.58275,2.267,2.76592
1.48093,0.58275,2.267,2.76984
1.47844,0.578894,2.252,2.75543
1.47585,0.575039,2.237,2.74098
1.48311,0.575039,2.237,2.7449
1.48105,0.57144,2.223,2.73162
1.47889,0.567841,2.209,2.71831
1.48606,0.567841,2.209,2.72222
1.48309,0.563985,2.194,2.70763
1.4807,0.560386,2.18,2.69424
-1.67259,0.62759,2.411,3.00072
-1.66476,0.62759,2.411,2.99637
-1.65694,0.62759,2.411,2.99203
-1.66074,0.632015,2.428,3.00877
-1.65286,0.632015,2.428,3.00443
-1.6565,0.63644,2.445,3.0211
-1.6607,0.641126,2.463,3.03897
-1.66478,0.645811,2.481,3.05678
-1.65673,0.645811,2.481,3.05241
-1.64868,0.645811,2.481,3.04804
-1.65253,0.650497,2.499,3.06578
-1.64442,0.650497,2.499,3.06141
-1.6363,0.650497,2.499,3.05706
-1.62819,0.650497,2.499,3.05273
-1.62008,0.650497,2.499,3.04841
-1.61197,0.650497,2.499,3.04411
-1.60386,0.650497,2.499,3.03982
-1.59575,0.650497,2.499,3.03555
-1.5762,0.645811,2.481,3.00946
-1.56815,0.645811,2.481,3.00525
-1.5601,0.645811,2.481,3.00106
-1.55204,0.645811,2.481,2.99688
-1.53279,0.641126,2.463,2.971
-1.5248,0.641126,2.463,2.96689
-1.5168,0.641126,2.463,2.96279
-1.49778,0.63644,2.445,2.93708
-1.48984,0.63644,2.445,2.93304
-1.48191,0.63644,2.445,2.92902
-1.47397,0.63644,2.445,2.92501
-1.45584,0.632015,2.428,2.90071
-1.44796,0.632015,2.428,2.89676
-1.44008,0.632015,2.428,2.89283
-1.4322,0.632015,2.428,2.88891
-1.42432,0.632015,2.428,2.88502
-1.39661,0.623165,2.394,2.84079
-1.38883,0.623165,2.394,2.83698
-1.38106,0.623165,2.394,2.83318
-1.37329,0.623165,2.394,2.8294
-1.36552,0.623165,2.394,2.82564
-1.35775,0.623165,2.394,2.82189
-1.34998,0.623165,2.394,2.81816
-1.34221,0.623165,2.394,2.81445
-1.33444,0.623165,2.394,2.81075
-1.33609,0.62759,2.411,2.827
-1.32827,0.62759,2.411,2.82331
-1.32044,0.62759,2.411,2.81964
-1.31262,0.62759,2.411,2.81598
-1.30479,0.62759,2.411,2.81234
-1.30611,0.632015,2.428,2.82852
-1.29823,0.632015,2.428,2.82489
-1.29035,0.632015,2.428,2.82128
-1.28247,0.632015,2.428,2.81769
-1.27459,0.632015,2.428,2.81411
-1.26671,0.632015,2.428,2.81055
-1.25883,0.632015,2.428,2.807
-1.24219,0.62759,2.411,2.78385
-1.23436,0.62759,2.411,2.78037
-1.22654,0.62759,2.411,2.7769
-1.21871,0.62759,2.411,2.77345
-1.21088,0.62759,2.411,2.77002
-1.20306,0.62759,2.411,2.76661
-1.19523,0.62759,2.411,2.76322
-1.19578,0.632015,2.428,2.7793
-1.1879,0.632015,2.428,2.77592
-1.18002,0.632015,2.428,2.77256
-1.17214,0.632015,2.428,2.76921
-1.16426,0.632015,2.428,2.76589
-1.15638,0.632015,2.428,2.76258
-1.1485,0.632015,2.428,2.75929
-1.14062,0.632015,2.428,2.75602
-1.13274,0.632015,2.428,2.75277
-1.12485,0.632015,2.428,2.74953
-1.11697,0.632015,2.428,2.74632
-1.10133,0.62759,2.411,2.72391
-1.08579,0.623165,2.394,2.70158
-1.07802,0.623165,2.394,2.69846
-1.07025,0.623165,2.394,2.69537
-1.05494,0.61874,2.377,2.67317
-1.04722,0.61874,2.377,2.67014
-1.03951,0.61874,2.377,2.66712
-1.03179,0.61874,2.377,2.66412
-1.02408,0.61874,2.377,2.66115
-1.01636,0.61874,2.377,2.65819
-1.00865,0.61874,2.377,2.65525
-1.00093,0.61874,2.377,2.65233
-0.993215,0.61874,2.377,2.64942
-0.9855,0.61874,2.377,2.64654
-0.977785,0.61874,2.377,2.64368
-0.970069,0.61874,2.377,2.64083
-0.969237,0.623165,2.394,2.65688
-0.961466,0.623165,2.394,2.65405
-0.953696,0.623165,2.394,2.65125
-0.952643,0.62759,2.411,2.66727
-0.944817,0.62759,2.411,2.66448
-0.936992,0.62759,2.411,2.66172
-0.935718,0.632015,2.428,2.67772
-0.927837,0.632015,2.428,2.67498
-0.919957,0.632015,2.428,2.67226
-0.912076,0.632015,2.428,2.66955
-0.904195,0.632015,2.428,2.66687
-0.896315,0.632015,2.428,2.66421
-0.888434,0.632015,2.428,2.66157
-0.886718,0.63644,2.445,2.67756
-0.872672,0.632015,2.428,2.65635
-0.864792,0.632015,2.428,2.65377
-0.856911,0.632015,2.428,2.65121
-0.84903,0.632015,2.428,2.64868
-0.83526,0.62759,2.411,2.62763
-0.827435,0.62759,2.411,2.62515
-0.819609,0.62759,2.411,2.6227
-0.811784,0.62759,2.411,2.62026
-0.803958,0.62759,2.411,2.61785
-0.796133,0.62759,2.411,2.61546
-0.788307,0.62759,2.411,2.61309
-0.774979,0.623165,2.394,2.59233
-0.767208,0.623165,2.394,2.59002
-0.759438,0.623165,2.394,2.58772
-0.751668,0.623165,2.394,2.58545
-0.743897,0.623165,2.394,2.58321
-0.736127,0.623165,2.394,2.58098
-0.728357,0.623165,2.394,2.57877
-0.720586,0.623165,2.394,2.57659
-0.717878,0.62759,2.411,2.59271
-0.710052,0.62759,2.411,2.59055
-0.707178,0.632015,2.428,2.60667
-0.699297,0.632015,2.428,2.60454
-0.691417,0.632015,2.428,2.60244
-0.688322,0.63644,2.445,2.61856
-0.685395,0.641126,2.463,2.63575
-0.677401,0.641126,2.463,2.63368
-0.674299,0.645811,2.481,2.65087
-0.67108,0.650497,2.499,2.66805
-0.667744,0.655182,2.517,2.68523
-0.659574,0.655182,2.517,2.68321
-0.656322,0.660128,2.536,2.70145
-0.648091,0.660128,2.536,2.69946
-0.639859,0.660128,2.536,2.6975
-0.63636,0.665074,2.555,2.71575
-0.628067,0.665074,2.555,2.71382
-0.619775,0.665074,2.555,2.71191
-0.611482,0.665074,2.555,2.71003
-0.603189,0.665074,2.555,2.70817
-0.594896,0.665074,2.555,2.70634
-0.586603,0.665074,2.555,2.70452
-0.57831,0.665074,2.555,2.70274
-0.570017,0.665074,2.555,2.70098
-0.561724,0.665074,2.555,2.69924
-0.553431,0.665074,2.555,2.69752
-0.545139,0.665074,2.555,2.69583
-0.532853,0.660128,2.536,2.67413
-0.524622,0.660128,2.536,2.67251
-0.516391,0.660128,2.536,2.6709
-0.50816,0.660128,2.536,2.66932
-0.496183,0.655182,2.517,2.64778
-0.488013,0.655182,2.517,2.64626
-0.479844,0.655182,2.517,2.64477
-0.471674,0.655182,2.517,2.6433
-0.463505,0.655182,2.517,2.64185
-0.455335,0.655182,2.517,2.64043
-0.447166,0.655182,2.517,2.63904
-0.438996,0.655182,2.517,2.63766
-0.430827,0.655182,2.517,2.63632
-0.422657,0.655182,2.517,2.63499
-0.414487,0.655182,2.517,2.6337
-0.403412,0.650497,2.499,2.6136
-0.395301,0.650497,2.499,2.61236
-0.38719,0.650497,2.499,2.61114
-0.379079,0.650497,2.499,2.60995
-0.370968,0.650497,2.499,2.60879
-0.362857,0.650497,2.499,2.60765
-0.354745,0.650497,2.499,2.60653
-0.346634,0.650497,2.499,2.60544
-0.338523,0.650497,2.499,2.60437
-0.328032,0.645811,2.481,2.58458
-0.319979,0.645811,2.481,2.58357
-0.311927,0.645811,2.481,2.58258
-0.301669,0.641126,2.463,2.56289
-0.293675,0.641126,2.463,2.56196
-0.287769,0.645811,2.481,2.57978
-0.279716,0.645811,2.481,2.57889
-0.271663,0.645811,2.481,2.57803
-0.265523,0.650497,2.499,2.59589
-0.257412,0.650497,2.499,2.59507
-0.249301,0.650497,2.499,2.59428
-0.242927,0.655182,2.517,2.6122
-0.234757,0.655182,2.517,2.61145
-0.226588,0.655182,2.517,2.61073
-0.218418,0.655182,2.517,2.61003
-0.210249,0.655182,2.517,2.60936
-0.202079,0.655182,2.517,2.60871
-0.192523,0.650497,2.499,2.58944
-0.184412,0.650497,2.499,2.58885
-0.1763,0.650497,2.499,2.58829
-0.168189,0.650497,2.499,2.58775
-0.160078,0.650497,2.499,2.58723
-0.150872,0.645811,2.481,2.56811
-0.141784,0.641126,2.463,2.54902
-0.133789,0.641126,2.463,2.54859
-0.124876,0.63644,2.445,2.52956
-0.11694,0.63644,2.445,2.52918
-0.108246,0.632015,2.428,2.51124
-0.100365,0.632015,2.428,2.51092
-0.0924847,0.632015,2.428,2.51061
-0.0840116,0.62759,2.411,2.49276
-0.0761861,0.62759,2.411,2.49251
-0.0678786,0.623165,2.394,2.47471
-0.0601082,0.623165,2.394,2.47451
-0.0523379,0.623165,2.394,2.47433
-0.0442511,0.61874,2.377,2.45661
-0.03629,0.614575,2.361,2.43995
-0.0286268,0.614575,2.361,2.43984
-0.0209636,0.614575,2.361,2.43977
-0.0132102,0.61041,2.345,2.42318
-0.00559895,0.61041,2.345,2.42315
0.00199861,0.606245,2.329,2.40661
0.00955797,0.606245,2.329,2.40663
0.0171173,0.606245,2.329,2.40667
0.0246767,0.606245,2.329,2.40674
0.032236,0.606245,2.329,2.40683
0.0397954,0.606245,2.329,2.40694
0.0473547,0.606245,2.329,2.40708
0.0549141,0.606245,2.329,2.40724
0.0624735,0.606245,2.329,2.40742
0.0705139,0.61041,2.345,2.42417
0.0781252,0.61041,2.345,2.4244
0.0857365,0.61041,2.345,2.42466
0.0933478,0.61041,2.345,2.42494
0.101648,0.614575,2.361,2.44179
0.109311,0.614575,2.361,2.44212
0.116974,0.614575,2.361,2.44248
0.125482,0.61874,2.377,2.45941
0.133197,0.61874,2.377,2.45982
0.14192,0.623165,2.394,2.47784
0.149691,0.623165,2.394,2.4783
0.157461,0.623165,2.394,2.47878
0.165231,0.623165,2.394,2.47929
0.173002,0.623165,2.394,2.47982
0.180772,0.623165,2.394,2.48037
0.188542,0.623165,2.394,2.48095
0.196313,0.623165,2.394,2.48155
0.204083,0.623165,2.394,2.48218
0.211853,0.623165,2.394,2.48283
0.219624,0.623165,2.394,2.48351
0.227394,0.623165,2.394,2.48421
0.235164,0.623165,2.394,2.48493
0.242935,0.623165,2.394,2.48568
0.250705,0.623165,2.394,2.48645
0.258475,0.623165,2.394,2.48724
0.266246,0.623165,2.394,2.48806
0.274016,0.623165,2.394,2.48891
0.281786,0.623165,2.394,2.48977
0.289557,0.623165,2.394,2.49067
0.297327,0.623165,2.394,2.49158
0.305097,0.623165,2.394,2.49252
0.310646,0.61874,2.377,2.47578
0.318361,0.61874,2.377,2.47676
0.326076,0.61874,2.377,2.47776
0.333791,0.61874,2.377,2.47879
0.341506,0.61874,2.377,2.47984
0.349222,0.61874,2.377,2.48091
0.356937,0.61874,2.377,2.48201
0.364652,0.61874,2.377,2.48313
0.372367,0.61874,2.377,2.48428
0.380082,0.61874,2.377,2.48544
0.385187,0.614575,2.361,2.4699
0.39285,0.614575,2.361,2.4711
0.400513,0.614575,2.361,2.47233
0.408177,0.614575,2.361,2.47359
0.41584,0.614575,2.361,2.47486
0.423503,0.614575,2.361,2.47616
0.431166,0.614575,2.361,2.47748
0.43883,0.614575,2.361,2.47883
0.446493,0.614575,2.361,2.4802
0.451078,0.61041,2.345,2.46477
0.45869,0.61041,2.345,2.46618
0.466301,0.61041,2.345,2.4676
0.477146,0.614575,2.361,2.4859
0.481523,0.61041,2.345,2.47052
0.489135,0.61041,2.345,2.47202
0.496746,0.61041,2.345,2.47354
0.504357,0.61041,2.345,2.47508
0.511969,0.61041,2.345,2.47664
0.51958,0.61041,2.345,2.47822
0.527191,0.61041,2.345,2.47983
0.531154,0.606245,2.329,2.46453
0.538713,0.606245,2.329,2.46617
0.542519,0.60208,2.313,2.45088
0.550027,0.60208,2.313,2.45255
0.557534,0.60208,2.313,2.45424
0.561377,0.598176,2.298,2.44003
0.564875,0.594011,2.282,2.42476
0.572282,0.594011,2.282,2.4265
0.579689,0.594011,2.282,2.42825
0.583237,0.590106,2.267,2.41406
0.590595,0.590106,2.267,2.41585
0.597953,0.590106,2.267,2.41766
0.605311,0.590106,2.267,2.41949
0.621047,0.598176,2.298,2.45445
0.628506,0.598176,2.298,2.45635
0.631537,0.594011,2.282,2.44115
0.638943,0.594011,2.282,2.44308
0.64635,0.594011,2.282,2.44502
0.653757,0.594011,2.282,2.44699
0.661164,0.594011,2.282,2.44898
0.673258,0.598176,2.298,2.46818
0.680717,0.598176,2.298,2.47022
0.683384,0.594011,2.282,2.45507
0.690791,0.594011,2.282,2.45715
0.703093,0.598176,2.298,2.47648
0.710552,0.598176,2.298,2.47861
0.718011,0.598176,2.298,2.48076
0.72547,0.598176,2.298,2.48293
0.732928,0.598176,2.298,2.48512
0.735232,0.594011,2.282,2.47001
0.742639,0.594011,2.282,2.47222
0.745115,0.590106,2.267,2.45819
0.747495,0.586202,2.252,2.44415
0.754804,0.586202,2.252,2.4464
0.762114,0.586202,2.252,2.44866
0.769423,0.586202,2.252,2.45095
0.776732,0.586202,2.252,2.45325
0.789264,0.590106,2.267,2.47193
0.796622,0.590106,2.267,2.47429
0.80398,0.590106,2.267,2.47667
0.811339,0.590106,2.267,2.47907
0.818697,0.590106,2.267,2.48149
0.826055,0.590106,2.267,2.48392
0.838927,0.594011,2.282,2.50283
0.846334,0.594011,2.282,2.50533
0.859727,0.598176,2.298,2.52542
0.872846,0.60208,2.313,2.54447
0.880353,0.60208,2.313,2.54706
0.887861,0.60208,2.313,2.54966
0.895368,0.60208,2.313,2.55228
0.902876,0.60208,2.313,2.55493
0.910383,0.60208,2.313,2.55759
0.917891,0.60208,2.313,2.56027
0.925398,0.60208,2.313,2.56297
0.926855,0.598176,2.298,2.54905
0.927809,0.594011,2.282,2.53401
0.935216,0.594011,2.282,2.53673
0.942623,0.594011,2.282,2.53947
0.943785,0.590106,2.267,2.52552
0.951143,0.590106,2.267,2.52828
0.958501,0.590106,2.267,2.53105
0.959468,0.586202,2.252,2.51708
0.966778,0.586202,2.252,2.51988
0.974087,0.586202,2.252,2.52269
0.981397,0.586202,2.252,2.52552
0.988706,0.586202,2.252,2.52837
0.996015,0.586202,2.252,2.53124
1.00332,0.586202,2.252,2.53413
1.0039,0.582297,2.237,2.52013
1.01116,0.582297,2.237,2.52303
1.01842,0.582297,2.237,2.52595
1.02568,0.582297,2.237,2.52889
1.03295,0.582297,2.237,2.53184
1.04718,0.586202,2.252,2.55181
1.05449,0.586202,2.252,2.55482
1.0618,0.586202,2.252,2.55784
1.06911,0.586202,2.252,2.56089
1.07642,0.586202,2.252,2.56395
1.08373,0.586202,2.252,2.56702
1.09831,0.590106,2.267,2.58724
1.10566,0.590106,2.267,2.59037
1.11302,0.590106,2.267,2.59352
1.12038,0.590106,2.267,2.59668
1.12774,0.590106,2.267,2.59987
1.1351,0.590106,2.267,2.60307
1.15001,0.594011,2.282,2.62353
1.16554,0.598176,2.298,2.6452
1.17299,0.598176,2.298,2.6485
1.18045,0.598176,2.298,2.65181
1.18791,0.598176,2.298,2.65514
1.19537,0.598176,2.298,2.65848
1.20283,0.598176,2.298,2.66184
1.21029,0.598176,2.298,2.66522
1.21775,0.598176,2.298,2.66862
1.2332,0.60208,2.313,2.68947
1.24071,0.60208,2.313,2.69292
1.24822,0.60208,2.313,2.69639
1.25572,0.60208,2.313,2.69987
1.26323,0.60208,2.313,2.70337
1.27074,0.60208,2.313,2.70689
1.26996,0.598176,2.298,2.69284
1.26852,0.594011,2.282,2.6776
1.27593,0.594011,2.282,2.68111
1.28334,0.594011,2.282,2.68465
1.29074,0.594011,2.282,2.68819
1.29815,0.594011,2.282,2.69176
1.29697,0.590106,2.267,2.67762
1.2957,0.586202,2.252,2.66345
1.30301,0.586202,2.252,2.66702
1.31032,0.586202,2.252,2.6706
1.30885,0.582297,2.237,2.65638
1.31611,0.582297,2.237,2.65996
1.32338,0.582297,2.237,2.66356
1.33064,0.582297,2.237,2.66718
1.3379,0.582297,2.237,2.67081
1.34516,0.582297,2.237,2.67445
1.35242,0.582297,2.237,2.67811
1.35117,0.578653,2.223,2.665
1.35839,0.578653,2.223,2.66867
1.3656,0.578653,2.223,2.67235
1.38146,0.582297,2.237,2.69289
1.38872,0.582297,2.237,2.69663
1.39598,0.582297,2.237,2.70037
1.40324,0.582297,2.237,2.70413
1.41996,0.586202,2.252,2.72607
1.42727,0.586202,2.252,2.72988
1.43458,0.586202,2.252,2.73371
1.44189,0.586202,2.252,2.73755
1.4492,0.586202,2.252,2.74141
1.45651,0.586202,2.252,2.74528
1.45407,0.582297,2.237,2.73085
1.46133,0.582297,2.237,2.73473
1.46859,0.582297,2.237,2.73861
1.46661,0.578653,2.223,2.72535
1.47383,0.578653,2.223,2.72924
1.47172,0.575009,2.209,2.71593
1.46885,0.571104,2.194,2.70135
1.47597,0.571104,2.194,2.70523
1.47362,0.56746,2.18,2.69184
1.47187,0.564076,2.167,2.67964
-1.67259,0.635413,2.411,3.00237
-1.66476,0.635413,2.411,2.99802
-1.65694,0.635413,2.411,2.99368
-1.66074,0.639894,2.428,3.01043
-1.65286,0.639894,2.428,3.00609
-1.6565,0.644374,2.445,3.02278
-1.6607,0.649118,2.463,3.04066
-1.66478,0.653862,2.481,3.0585
-1.65673,0.653862,2.481,3.05412
-1.64868,0.653862,2.481,3.04976
-1.65253,0.658605,2.499,3.06751
-1.64442,0.658605,2.499,3.06315
-1.6363,0.658605,2.499,3.0588
-1.62819,0.658605,2.499,3.05447
-1.62008,0.658605,2.499,3.05015
-1.61197,0.658605,2.499,3.04585
-1.60386,0.658605,2.499,3.04157
-1.59575,0.658605,2.499,3.0373
-1.5762,0.653862,2.481,3.0112
-1.56815,0.653862,2.481,3.00699
-1.5601,0.653862,2.481,3.0028
-1.55204,0.653862,2.481,2.99862
-1.53279,0.649118,2.463,2.97274
-1.5248,0.649118,2.463,2.96862
-1.5168,0.649118,2.463,2.96452
-1.49778,0.644374,2.445,2.93881
-1.48984,0.644374,2.445,2.93477
-1.48191,0.644374,2.445,2.93075
-1.46372,0.639894,2.428,2.9064
-1.45584,0.639894,2.428,2.90243
-1.44796,0.639894,2.428,2.89849
-1.44008,0.639894,2.428,2.89456
-1.42217,0.635413,2.411,2.87041
-1.41435,0.635413,2.411,2.86654
-1.39661,0.630933,2.394,2.8425
-1.38883,0.630933,2.394,2.83869
-1.38106,0.630933,2.394,2.8349
-1.36354,0.626453,2.377,2.81102
-1.35583,0.626453,2.377,2.80728
-1.34811,0.626453,2.377,2.80357
-1.3404,0.626453,2.377,2.79986
-1.33268,0.626453,2.377,2.79618
-1.33444,0.630933,2.394,2.81248
-1.32667,0.630933,2.394,2.8088
-1.3189,0.630933,2.394,2.80514
-1.31113,0.630933,2.394,2.8015
-1.30336,0.630933,2.394,2.79787
-1.29559,0.630933,2.394,2.79426
-1.28782,0.630933,2.394,2.79066
-1.28005,0.630933,2.394,2.78708
-1.27228,0.630933,2.394,2.78352
-1.26451,0.630933,2.394,2.77998
-1.25674,0.630933,2.394,2.77646
-1.24897,0.630933,2.394,2.77295
-1.2412,0.630933,2.394,2.76946
-1.23343,0.630933,2.394,2.76598
-1.22566,0.630933,2.394,2.76253
-1.21789,0.630933,2.394,2.75909
-1.21012,0.630933,2.394,2.75567
-1.20235,0.630933,2.394,2.75226
-1.19458,0.630933,2.394,2.74888
-1.18681,0.630933,2.394,2.74551
-1.18741,0.635413,2.411,2.76163
-1.17958,0.635413,2.411,2.75828
-1.17176,0.635413,2.411,2.75494
-1.16393,0.635413,2.411,2.75162
-1.15611,0.635413,2.411,2.74832
-1.14828,0.635413,2.411,2.74504
-1.14046,0.635413,2.411,2.74177
-1.13263,0.635413,2.411,2.73853
-1.11687,0.630933,2.394,2.71601
-1.1091,0.630933,2.394,2.71283
-1.10133,0.630933,2.394,2.70966
-1.09356,0.630933,2.394,2.70651
-1.07808,0.626453,2.377,2.68418
-1.06316,0.622236,2.361,2.66305
-1.0555,0.622236,2.361,2.66
-1.04784,0.622236,2.361,2.65696
-1.04722,0.626453,2.377,2.67194
-1.03951,0.626453,2.377,2.66892
-1.03179,0.626453,2.377,2.66593
-1.02408,0.626453,2.377,2.66295
-1.01636,0.626453,2.377,2.65999
-1.00865,0.626453,2.377,2.65705
-1.00093,0.626453,2.377,2.65413
-0.993215,0.626453,2.377,2.65124
-0.9855,0.626453,2.377,2.64835
-0.977785,0.626453,2.377,2.64549
-0.970069,0.626453,2.377,2.64265
-0.969237,0.630933,2.394,2.65871
-0.961466,0.630933,2.394,2.65589
-0.953696,0.630933,2.394,2.65308
-0.952643,0.635413,2.411,2.66912
-0.944817,0.635413,2.411,2.66634
-0.936992,0.635413,2.411,2.66357
-0.935718,0.639894,2.428,2.67959
-0.927837,0.639894,2.428,2.67685
-0.919957,0.639894,2.428,2.67413
-0.912076,0.639894,2.428,2.67143
-0.904195,0.639894,2.428,2.66875
-0.896315,0.639894,2.428,2.66609
-0.888434,0.639894,2.428,2.66345
-0.886718,0.644374,2.445,2.67946
-0.872672,0.639894,2.428,2.65823
-0.864792,0.639894,2.428,2.65566
-0.856911,0.639894,2.428,2.6531
-0.84903,0.639894,2.428,2.65057
-0.83526,0.635413,2.411,2.62951
-0.827435,0.635413,2.411,2.62704
-0.819609,0.635413,2.411,2.62458
-0.811784,0.635413,2.411,2.62215
-0.803958,0.635413,2.411,2.61974
-0.796133,0.635413,2.411,2.61735
-0.788307,0.635413,2.411,2.61498
-0.774979,0.630933,2.394,2.59421
-0.767208,0.630933,2.394,2.5919
-0.759438,0.630933,2.394,2.58961
-0.751668,0.630933,2.394,2.58734
-0.743897,0.630933,2.394,2.58509
-0.736127,0.630933,2.394,2.58287
-0.728357,0.630933,2.394,2.58066
-0.720586,0.630933,2.394,2.57848
-0.717878,0.635413,2.411,2.59461
-0.710052,0.635413,2.411,2.59246
-0.707178,0.639894,2.428,2.60859
-0.699297,0.639894,2.428,2.60647
-0.691417,0.639894,2.428,2.60436
-0.688322,0.644374,2.445,2.6205
-0.685395,0.649118,2.463,2.63771
-0.677401,0.649118,2.463,2.63564
-0.674299,0.653862,2.481,2.65284
-0.666246,0.653862,2.481,2.65081
-0.662968,0.658605,2.499,2.66801
-0.654857,0.658605,2.499,2.66601
-0.646746,0.658605,2.499,2.66403
-0.643235,0.663349,2.517,2.68124
-0.635065,0.663349,2.517,2.6793
-0.626896,0.663349,2.517,2.67737
-0.623397,0.668357,2.536,2.69567
-0.615166,0.668357,2.536,2.69378
-0.606935,0.668357,2.536,2.69191
-0.598703,0.668357,2.536,2.69006
-0.594896,0.673364,2.555,2.70838
-0.586603,0.673364,2.555,2.70657
-0.57831,0.673364,2.555,2.70479
-0.570017,0.673364,2.555,2.70303
-0.557547,0.668357,2.536,2.6812
-0.549316,0.668357,2.536,2.6795
-0.541085,0.668357,2.536,2.67783
-0.532853,0.668357,2.536,2.67618
-0.524622,0.668357,2.536,2.67455
-0.516391,0.668357,2.536,2.67295
-0.50816,0.668357,2.536,2.67137
-0.496183,0.663349,2.517,2.64982
-0.488013,0.663349,2.517,2.6483
-0.479844,0.663349,2.517,2.6468
-0.468301,0.658605,2.499,2.62642
-0.46019,0.658605,2.499,2.62498
-0.452079,0.658605,2.499,2.62357
-0.443968,0.658605,2.499,2.62219
-0.435857,0.658605,2.499,2.62083
-0.427746,0.658605,2.499,2.61949
-0.419634,0.658605,2.499,2.61818
-0.411523,0.658605,2.499,2.61689
-0.400506,0.653862,2.481,2.59679
-0.392454,0.653862,2.481,2.59556
-0.384401,0.653862,2.481,2.59435
-0.376348,0.653862,2.481,2.59317
-0.368296,0.653862,2.481,2.59201
-0.360243,0.653862,2.481,2.59088
-0.35219,0.653862,2.481,2.58978
-0.344137,0.653862,2.481,2.58869
-0.336085,0.653862,2.481,2.58763
-0.325652,0.649118,2.463,2.56783
-0.317658,0.649118,2.463,2.56683
-0.309664,0.649118,2.463,2.56586
-0.301669,0.649118,2.463,2.5649
-0.293675,0.649118,2.463,2.56398
-0.285681,0.649118,2.463,2.56307
-0.277686,0.649118,2.463,2.56219
-0.271663,0.653862,2.481,2.58006
-0.26361,0.653862,2.481,2.57922
-0.255558,0.653862,2.481,2.57841
-0.249301,0.658605,2.499,2.59633
-0.24119,0.658605,2.499,2.59556
-0.233078,0.658605,2.499,2.59482
-0.226588,0.663349,2.517,2.61279
-0.218418,0.663349,2.517,2.61209
-0.210249,0.663349,2.517,2.61142
-0.202079,0.663349,2.517,2.61078
-0.192523,0.658605,2.499,2.59149
-0.184412,0.658605,2.499,2.5909
-0.1763,0.658605,2.499,2.59034
-0.165766,0.649118,2.463,2.55249
-0.157772,0.649118,2.463,2.55198
-0.149778,0.649118,2.463,2.5515
-0.140747,0.644374,2.445,2.5324
-0.132812,0.644374,2.445,2.53197
-0.124007,0.639894,2.428,2.51397
-0.116127,0.639894,2.428,2.51359
-0.108246,0.639894,2.428,2.51324
-0.0989599,0.630933,2.394,2.47772
-0.0911896,0.630933,2.394,2.47742
-0.0834192,0.630933,2.394,2.47715
-0.0756489,0.630933,2.394,2.4769
-0.0673966,0.626453,2.377,2.45909
-0.0596814,0.626453,2.377,2.45889
-0.0519663,0.626453,2.377,2.45871
-0.0436554,0.618019,2.345,2.42546
-0.0360441,0.618019,2.345,2.42534
-0.0284328,0.618019,2.345,2.42524
-0.0208215,0.618019,2.345,2.42516
-0.0131201,0.613802,2.329,2.40856
-0.00556075,0.613802,2.329,2.40853
0.00199861,0.613802,2.329,2.40853
0.0094923,0.609586,2.313,2.392
0.0169997,0.609586,2.313,2.39204
0.0245072,0.609586,2.313,2.3921
0.031807,0.605632,2.298,2.37668
0.0392657,0.605632,2.298,2.37679
0.0467244,0.605632,2.298,2.37693
0.0541832,0.605632,2.298,2.37708
0.0620443,0.609586,2.313,2.39278
0.0700328,0.613802,2.329,2.40954
0.0775922,0.613802,2.329,2.40977
0.0851515,0.613802,2.329,2.41003
0.0927109,0.613802,2.329,2.41031
0.100959,0.618019,2.345,2.42717
0.10857,0.618019,2.345,2.4275
0.116182,0.618019,2.345,2.42785
0.124638,0.622236,2.361,2.4448
0.132301,0.622236,2.361,2.4452
0.139964,0.622236,2.361,2.44563
0.147627,0.622236,2.361,2.44608
0.15529,0.622236,2.361,2.44655
0.162954,0.622236,2.361,2.44705
0.171773,0.626453,2.377,2.46416
0.179488,0.626453,2.377,2.46471
0.187203,0.626453,2.377,2.46528
0.194919,0.626453,2.377,2.46588
0.202634,0.626453,2.377,2.4665
0.210349,0.626453,2.377,2.46715
0.218064,0.626453,2.377,2.46782
0.225779,0.626453,2.377,2.46851
0.233494,0.626453,2.377,2.46923
0.242935,0.630933,2.394,2.48764
0.250705,0.630933,2.394,2.48841
0.258475,0.630933,2.394,2.4892
0.266246,0.630933,2.394,2.49002
0.274016,0.630933,2.394,2.49086
0.281786,0.630933,2.394,2.49173
0.289557,0.630933,2.394,2.49262
0.297327,0.630933,2.394,2.49353
0.305097,0.630933,2.394,2.49447
0.310646,0.626453,2.377,2.47772
0.318361,0.626453,2.377,2.47869
0.326076,0.626453,2.377,2.4797
0.333791,0.626453,2.377,2.48072
0.341506,0.626453,2.377,2.48177
0.349222,0.626453,2.377,2.48285
0.356937,0.626453,2.377,2.48394
0.364652,0.626453,2.377,2.48506
0.372367,0.626453,2.377,2.48621
0.380082,0.626453,2.377,2.48738
0.385187,0.622236,2.361,2.47181
0.39285,0.622236,2.361,2.47302
0.400513,0.622236,2.361,2.47425
0.408177,0.622236,2.361,2.4755
0.41584,0.622236,2.361,2.47678
0.423503,0.622236,2.361,2.47807
0.431166,0.622236,2.361,2.4794
0.43883,0.622236,2.361,2.48074
0.446493,0.622236,2.361,2.48211
0.451078,0.618019,2.345,2.46667
0.45869,0.618019,2.345,2.46807
0.466301,0.618019,2.345,2.4695
0.477146,0.622236,2.361,2.4878
0.481523,0.618019,2.345,2.47242
0.489135,0.618019,2.345,2.47391
0.496746,0.618019,2.345,2.47543
0.504357,0.618019,2.345,2.47696
0.511969,0.618019,2.345,2.47852
0.51958,0.618019,2.345,2.48011
0.527191,0.618019,2.345,2.48171
0.531154,0.613802,2.329,2.4664
0.538713,0.613802,2.329,2.46804
0.542519,0.609586,2.313,2.45273
0.550027,0.609586,2.313,2.4544
0.557534,0.609586,2.313,2.4561
0.561377,0.605632,2.298,2.44187
0.564875,0.601416,2.282,2.42658
0.572282,0.601416,2.282,2.42832
0.579689,0.601416,2.282,2.43007
0.583237,0.597462,2.267,2.41587
0.590595,0.597462,2.267,2.41765
0.597953,0.597462,2.267,2.41946
0.601306,0.593509,2.252,2.40527
0.608615,0.593509,2.252,2.40711
0.615925,0.593509,2.252,2.40897
0.619083,0.589556,2.237,2.39479
0.626344,0.589556,2.237,2.39668
0.637853,0.593509,2.252,2.41467
0.645163,0.593509,2.252,2.41661
0.656818,0.597462,2.267,2.43468
0.664176,0.597462,2.267,2.43667
0.671534,0.597462,2.267,2.43869
0.678892,0.597462,2.267,2.44073
0.686251,0.597462,2.267,2.44278
0.693609,0.597462,2.267,2.44486
0.700967,0.597462,2.267,2.44696
0.713012,0.601416,2.282,2.46528
0.72547,0.605632,2.298,2.48473
0.732928,0.605632,2.298,2.48692
0.730399,0.597462,2.267,2.45555
0.737757,0.597462,2.267,2.45775
0.740185,0.593509,2.252,2.44369
0.742516,0.589556,2.237,2.42962
0.745084,0.585866,2.223,2.41663
0.752299,0.585866,2.223,2.41887
0.759515,0.585866,2.223,2.42112
0.771559,0.589556,2.237,2.43866
0.77882,0.589556,2.237,2.44096
0.78608,0.589556,2.237,2.44329
0.798661,0.593509,2.252,2.46204
0.80597,0.593509,2.252,2.46442
0.81328,0.593509,2.252,2.46682
0.820589,0.593509,2.252,2.46924
0.833413,0.597462,2.267,2.48814
0.840771,0.597462,2.267,2.49061
0.848129,0.597462,2.267,2.49311
0.867186,0.605632,2.298,2.52974
0.874644,0.605632,2.298,2.53231
0.882103,0.605632,2.298,2.5349
0.889562,0.605632,2.298,2.5375
0.897021,0.605632,2.298,2.54013
0.898182,0.601416,2.282,2.52507
0.905589,0.601416,2.282,2.52771
0.912995,0.601416,2.282,2.53037
0.920402,0.601416,2.282,2.53305
0.92171,0.597462,2.267,2.51909
0.929068,0.597462,2.267,2.52179
0.936427,0.597462,2.267,2.52451
0.93754,0.593509,2.252,2.51053
0.944849,0.593509,2.252,2.51326
0.952159,0.593509,2.252,2.51602
0.953077,0.589556,2.237,2.50202
0.960338,0.589556,2.237,2.50479
0.967599,0.589556,2.237,2.50759
0.968759,0.585866,2.223,2.49469
0.975974,0.585866,2.223,2.4975
0.983189,0.585866,2.223,2.50033
0.990405,0.585866,2.223,2.50317
0.99762,0.585866,2.223,2.50604
1.00484,0.585866,2.223,2.50892
1.01205,0.585866,2.223,2.51182
1.01285,0.582177,2.209,2.49889
1.02002,0.582177,2.209,2.50181
1.0337,0.585866,2.223,2.52061
1.04091,0.585866,2.223,2.52358
1.04813,0.585866,2.223,2.52657
1.05534,0.585866,2.223,2.52957
1.06256,0.585866,2.223,2.53259
1.07651,0.589556,2.237,2.55159
1.08377,0.589556,2.237,2.55466
1.09103,0.589556,2.237,2.55775
1.09829,0.589556,2.237,2.56086
1.10555,0.589556,2.237,2.56398
1.11281,0.589556,2.237,2.56712
1.12007,0.589556,2.237,2.57027
1.13489,0.593509,2.252,2.5907
1.1422,0.593509,2.252,2.59391
1.14951,0.593509,2.252,2.59714
1.15682,0.593509,2.252,2.60038
1.16413,0.593509,2.252,2.60364
1.17144,0.593509,2.252,2.60692
1.1866,0.597462,2.267,2.6276
1.19396,0.597462,2.267,2.63093
1.20132,0.597462,2.267,2.63428
1.21667,0.601416,2.282,2.65509
1.22408,0.601416,2.282,2.6585
1.23149,0.601416,2.282,2.66191
1.23889,0.601416,2.282,2.66535
1.23811,0.597462,2.267,2.65126
1.24547,0.597462,2.267,2.6547
1.25283,0.597462,2.267,2.65816
1.26018,0.597462,2.267,2.66164
1.26754,0.597462,2.267,2.66513
1.26646,0.593509,2.252,2.65098
1.27377,0.593509,2.252,2.65448
1.28108,0.593509,2.252,2.65799
1.27981,0.589556,2.237,2.6438
1.28707,0.589556,2.237,2.64732
1.29433,0.589556,2.237,2.65086
1.29345,0.585866,2.223,2.6378
1.29247,0.582177,2.209,2.62471
1.29964,0.582177,2.209,2.62825
1.30681,0.582177,2.209,2.6318
1.31398,0.582177,2.209,2.63537
1.32115,0.582177,2.209,2.63895
1.32832,0.582177,2.209,2.64255
1.33549,0.582177,2.209,2.64616
1.34266,0.582177,2.209,2.64978
1.34983,0.582177,2.209,2.65342
1.357,0.582177,2.209,2.65708
1.36417,0.582177,2.209,2.66075
1.37134,0.582177,2.209,2.66443
1.37851,0.582177,2.209,2.66813
1.38568,0.582177,2.209,2.67184
1.40168,0.585866,2.223,2.69252
1.40889,0.585866,2.223,2.69628
1.41611,0.585866,2.223,2.70006
1.42332,0.585866,2.223,2.70385
1.43054,0.585866,2.223,2.70766
1.43775,0.585866,2.223,2.71148
1.45407,0.589556,2.237,2.73241
1.46133,0.589556,2.237,2.73628
1.46859,0.589556,2.237,2.74016
1.46661,0.585866,2.223,2.72689
1.47383,0.585866,2.223,2.73078
1.47172,0.582177,2.209,2.71746
1.46885,0.578223,2.194,2.70287
1.47597,0.578223,2.194,2.70674
1.47362,0.574534,2.18,2.69334
1.47187,0.571108,2.167,2.68113
-1.68438,0.647772,2.428,3.02522
-1.6765,0.647772,2.428,3.02084
-1.66862,0.647772,2.428,3.01647
-1.67237,0.652308,2.445,3.03321
-1.66443,0.652308,2.445,3.02884
-1.66869,0.65711,2.463,3.04675
-1.6607,0.65711,2.463,3.04238
-1.66478,0.661912,2.481,3.06023
-1.65673,0.661912,2.481,3.05585
-1.64868,0.661912,2.481,3.0515
-1.65253,0.666714,2.499,3.06926
-1.64442,0.666714,2.499,3.0649
-1.6363,0.666714,2.499,3.06056
-1.62819,0.666714,2.499,3.05623
-1.62008,0.666714,2.499,3.05191
-1.61197,0.666714,2.499,3.04762
-1.60386,0.666714,2.499,3.04333
-1.59575,0.666714,2.499,3.03907
-1.5762,0.661912,2.481,3.01296
-1.56815,0.661912,2.481,3.00875
-1.5601,0.661912,2.481,3.00456
-1.55204,0.661912,2.481,3.00039
-1.53279,0.65711,2.463,2.97449
-1.5248,0.65711,2.463,2.97038
-1.50572,0.652308,2.445,2.94461
-1.49778,0.652308,2.445,2.94056
-1.48984,0.652308,2.445,2.93652
-1.48191,0.652308,2.445,2.9325
-1.46372,0.647772,2.428,2.90814
-1.45584,0.647772,2.428,2.90418
-1.44796,0.647772,2.428,2.90024
-1.44008,0.647772,2.428,2.89631
-1.42217,0.643237,2.411,2.87215
-1.41435,0.643237,2.411,2.86828
-1.40652,0.643237,2.411,2.86443
-1.38883,0.638701,2.394,2.84043
-1.38106,0.638701,2.394,2.83664
-1.36354,0.634166,2.377,2.81275
-1.35583,0.634166,2.377,2.80901
-1.34811,0.634166,2.377,2.8053
-1.3404,0.634166,2.377,2.8016
-1.33268,0.634166,2.377,2.79792
-1.33444,0.638701,2.394,2.81423
-1.32667,0.638701,2.394,2.81056
-1.3189,0.638701,2.394,2.8069
-1.31113,0.638701,2.394,2.80326
-1.30336,0.638701,2.394,2.79963
-1.29559,0.638701,2.394,2.79602
-1.28782,0.638701,2.394,2.79243
-1.28005,0.638701,2.394,2.78885
-1.27228,0.638701,2.394,2.7853
-1.26451,0.638701,2.394,2.78175
-1.25674,0.638701,2.394,2.77823
-1.24897,0.638701,2.394,2.77472
-1.2412,0.638701,2.394,2.77124
-1.23343,0.638701,2.394,2.76776
-1.22566,0.638701,2.394,2.76431
-1.21789,0.638701,2.394,2.76087
-1.21012,0.638701,2.394,2.75746
-1.20235,0.638701,2.394,2.75405
-1.19458,0.638701,2.394,2.75067
-1.18681,0.638701,2.394,2.7473
-1.18741,0.643237,2.411,2.76344
-1.17958,0.643237,2.411,2.76009
-1.17176,0.643237,2.411,2.75675
-1.16393,0.643237,2.411,2.75344
-1.15611,0.643237,2.411,2.75014
-1.14828,0.643237,2.411,2.74686
-1.14046,0.643237,2.411,2.74359
-1.13263,0.643237,2.411,2.74035
-1.11687,0.638701,2.394,2.71783
-1.1091,0.638701,2.394,2.71464
-1.10133,0.638701,2.394,2.71148
-1.09356,0.638701,2.394,2.70833
-1.07808,0.634166,2.377,2.68599
-1.06316,0.629897,2.361,2.66485
-1.0555,0.629897,2.361,2.6618
-1.04784,0.629897,2.361,2.65877
-1.04017,0.629897,2.361,2.65576
-1.03251,0.629897,2.361,2.65277
-1.02485,0.629897,2.361,2.64979
-1.01718,0.629897,2.361,2.64684
-1.00952,0.629897,2.361,2.6439
-1.00186,0.629897,2.361,2.64099
-0.994193,0.629897,2.361,2.63809
-0.986529,0.629897,2.361,2.63521
-0.9855,0.634166,2.377,2.65019
-0.977785,0.634166,2.377,2.64733
-0.970069,0.634166,2.377,2.64449
-0.962354,0.634166,2.377,2.64167
-0.954639,0.634166,2.377,2.63887
-0.946924,0.634166,2.377,2.63609
-0.952643,0.643237,2.411,2.67099
-0.944817,0.643237,2.411,2.66821
-0.936992,0.643237,2.411,2.66545
-0.929166,0.643237,2.411,2.66271
-0.927837,0.647772,2.428,2.67875
-0.919957,0.647772,2.428,2.67603
-0.912076,0.647772,2.428,2.67333
-0.904195,0.647772,2.428,2.67065
-0.896315,0.647772,2.428,2.66799
-0.888434,0.647772,2.428,2.66535
-0.880553,0.647772,2.428,2.66274
-0.872672,0.647772,2.428,2.66014
-0.864792,0.647772,2.428,2.65757
-0.856911,0.647772,2.428,2.65501
-0.843086,0.643237,2.411,2.63391
-0.83526,0.643237,2.411,2.63141
-0.821601,0.638701,2.394,2.6104
-0.81383,0.638701,2.394,2.60797
-0.800336,0.634166,2.377,2.58705
-0.792621,0.634166,2.377,2.58467
-0.784906,0.634166,2.377,2.58232
-0.777191,0.634166,2.377,2.57998
-0.769475,0.634166,2.377,2.57767
-0.76176,0.634166,2.377,2.57538
-0.754045,0.634166,2.377,2.57311
-0.74633,0.634166,2.377,2.57086
-0.738615,0.634166,2.377,2.56863
-0.7309,0.634166,2.377,2.56642
-0.723184,0.634166,2.377,2.56423
-0.720586,0.638701,2.394,2.58039
-0.712816,0.638701,2.394,2.57823
-0.705046,0.638701,2.394,2.57609
-0.702227,0.643237,2.411,2.59226
-0.694401,0.643237,2.411,2.59015
-0.686576,0.643237,2.411,2.58806
-0.683536,0.647772,2.428,2.60423
-0.680386,0.652308,2.445,2.62039
-0.67245,0.652308,2.445,2.61834
-0.669406,0.65711,2.463,2.63558
-0.661412,0.65711,2.463,2.63356
-0.658193,0.661912,2.481,2.65079
-0.65014,0.661912,2.481,2.64881
-0.642088,0.661912,2.481,2.64684
-0.638635,0.666714,2.499,2.66409
-0.630524,0.666714,2.499,2.66216
-0.622413,0.666714,2.499,2.66025
-0.618726,0.671517,2.517,2.67751
-0.610557,0.671517,2.517,2.67563
-0.602387,0.671517,2.517,2.67378
-0.594218,0.671517,2.517,2.67195
-0.586048,0.671517,2.517,2.67015
-0.577879,0.671517,2.517,2.66836
-0.569709,0.671517,2.517,2.66661
-0.561539,0.671517,2.517,2.66487
-0.55337,0.671517,2.517,2.66316
-0.5452,0.671517,2.517,2.66148
-0.537031,0.671517,2.517,2.65982
-0.525079,0.666714,2.499,2.63917
-0.516968,0.666714,2.499,2.63757
-0.508857,0.666714,2.499,2.63599
-0.500746,0.666714,2.499,2.63444
-0.492635,0.666714,2.499,2.63291
-0.481034,0.661912,2.481,2.61245
-0.472981,0.661912,2.481,2.61098
-0.464928,0.661912,2.481,2.60953
-0.456875,0.661912,2.481,2.60811
-0.448823,0.661912,2.481,2.60671
-0.44077,0.661912,2.481,2.60533
-0.432717,0.661912,2.481,2.60398
-0.424665,0.661912,2.481,2.60266
-0.416612,0.661912,2.481,2.60136
-0.408559,0.661912,2.481,2.60008
-0.400506,0.661912,2.481,2.59883
-0.392454,0.661912,2.481,2.5976
-0.384401,0.661912,2.481,2.59639
-0.376348,0.661912,2.481,2.59521
-0.368296,0.661912,2.481,2.59406
-0.357629,0.65711,2.463,2.57411
-0.349635,0.65711,2.463,2.57302
-0.341641,0.65711,2.463,2.57194
-0.333646,0.65711,2.463,2.57089
-0.323272,0.652308,2.445,2.55109
-0.315336,0.652308,2.445,2.55009
-0.3074,0.652308,2.445,2.54912
-0.299465,0.652308,2.445,2.54818
-0.291529,0.652308,2.445,2.54726
-0.285681,0.65711,2.463,2.56511
-0.277686,0.65711,2.463,2.56423
-0.269692,0.65711,2.463,2.56338
-0.26361,0.661912,2.481,2.58127
-0.255558,0.661912,2.481,2.58047
-0.247505,0.661912,2.481,2.57968
-0.24119,0.666714,2.499,2.59763
-0.233078,0.666714,2.499,2.59689
-0.224967,0.666714,2.499,2.59617
-0.216856,0.666714,2.499,2.59548
-0.210249,0.671517,2.517,2.61351
-0.200634,0.666714,2.499,2.59418
-0.192523,0.666714,2.499,2.59356
-0.184412,0.666714,2.499,2.59297
-0.175031,0.661912,2.481,2.57374
-0.165766,0.65711,2.463,2.55453
-0.157772,0.65711,2.463,2.55403
-0.149778,0.65711,2.463,2.55355
-0.140747,0.652308,2.445,2.53443
-0.132812,0.652308,2.445,2.534
-0.124007,0.647772,2.428,2.51598
-0.116127,0.647772,2.428,2.51561
-0.108246,0.647772,2.428,2.51526
-0.0989599,0.638701,2.394,2.47971
-0.0911896,0.638701,2.394,2.47941
-0.0834192,0.638701,2.394,2.47914
-0.0756489,0.638701,2.394,2.47889
-0.0673966,0.634166,2.377,2.46106
-0.0596814,0.634166,2.377,2.46087
-0.0519663,0.634166,2.377,2.46069
-0.0436554,0.625628,2.345,2.42741
-0.0360441,0.625628,2.345,2.42729
-0.0284328,0.625628,2.345,2.42719
-0.0208215,0.625628,2.345,2.42711
-0.0131201,0.62136,2.329,2.4105
-0.00556075,0.62136,2.329,2.41047
0.00199861,0.62136,2.329,2.41046
0.0094923,0.617091,2.313,2.39392
0.0169997,0.617091,2.313,2.39396
0.0245072,0.617091,2.313,2.39403
0.031807,0.613089,2.298,2.37859
0.0392657,0.613089,2.298,2.3787
0.0467244,0.613089,2.298,2.37884
0.0541832,0.613089,2.298,2.379
0.0620443,0.617091,2.313,2.39471
0.0700328,0.62136,2.329,2.41148
0.0775922,0.62136,2.329,2.41171
0.0851515,0.62136,2.329,2.41197
0.0927109,0.62136,2.329,2.41224
0.100959,0.625628,2.345,2.42912
0.10857,0.625628,2.345,2.42945
0.116182,0.625628,2.345,2.4298
0.124638,0.629897,2.361,2.44676
0.132301,0.629897,2.361,2.44716
0.139964,0.629897,2.361,2.44759
0.147627,0.629897,2.361,2.44804
0.15529,0.629897,2.361,2.44851
0.162954,0.629897,2.361,2.44901
0.171773,0.634166,2.377,2.46613
0.179488,0.634166,2.377,2.46668
0.187203,0.634166,2.377,2.46725
0.194919,0.634166,2.377,2.46785
0.202634,0.634166,2.377,2.46847
0.210349,0.634166,2.377,2.46912
0.218064,0.634166,2.377,2.46979
0.225779,0.634166,2.377,2.47048
0.233494,0.634166,2.377,2.4712
0.24121,0.634166,2.377,2.47194
0.248925,0.634166,2.377,2.4727
0.25664,0.634166,2.377,2.47349
0.264355,0.634166,2.377,2.4743
0.27207,0.634166,2.377,2.47514
0.279785,0.634166,2.377,2.476
0.2875,0.634166,2.377,2.47688
0.293228,0.629897,2.361,2.46111
0.300892,0.629897,2.361,2.46204
0.308555,0.629897,2.361,2.46299
0.316218,0.629897,2.361,2.46396
0.323881,0.629897,2.361,2.46495
0.329298,0.625628,2.345,2.44926
0.336909,0.625628,2.345,2.45029
0.34452,0.625628,2.345,2.45135
0.352132,0.625628,2.345,2.45243
0.359743,0.625628,2.345,2.45354
0.367354,0.625628,2.345,2.45467
0.374965,0.625628,2.345,2.45582
0.382577,0.625628,2.345,2.45699
0.390188,0.625628,2.345,2.45819
0.397799,0.625628,2.345,2.45941
0.405411,0.625628,2.345,2.46065
0.413022,0.625628,2.345,2.46191
0.420633,0.625628,2.345,2.4632
0.428244,0.625628,2.345,2.46451
0.435856,0.625628,2.345,2.46585
0.446493,0.629897,2.361,2.48404
0.451078,0.625628,2.345,2.46858
0.45869,0.625628,2.345,2.46999
0.466301,0.625628,2.345,2.47141
0.473912,0.625628,2.345,2.47286
0.481523,0.625628,2.345,2.47433
0.485797,0.62136,2.329,2.45893
0.493357,0.62136,2.329,2.46043
0.500916,0.62136,2.329,2.46196
0.504982,0.617091,2.313,2.44658
0.51249,0.617091,2.313,2.44815
0.519997,0.617091,2.313,2.44973
0.524084,0.613089,2.298,2.43544
0.531542,0.613089,2.298,2.43705
0.539001,0.613089,2.298,2.43869
0.542655,0.60882,2.282,2.42336
0.550062,0.60882,2.282,2.42503
0.553804,0.604818,2.267,2.41077
0.557449,0.600817,2.252,2.3965
0.560997,0.596815,2.237,2.38224
0.568258,0.596815,2.237,2.38396
0.575519,0.596815,2.237,2.3857
0.582779,0.596815,2.237,2.38747
0.59004,0.596815,2.237,2.38925
0.593563,0.59308,2.223,2.37609
0.596994,0.589345,2.209,2.36292
0.604164,0.589345,2.209,2.36475
0.611334,0.589345,2.209,2.36659
0.618504,0.589345,2.209,2.36845
0.629639,0.59308,2.223,2.38535
0.636855,0.59308,2.223,2.38727
0.648126,0.596815,2.237,2.40425
0.659782,0.600817,2.252,2.42235
0.667091,0.600817,2.252,2.42435
0.6744,0.600817,2.252,2.42638
0.68171,0.600817,2.252,2.42842
0.689019,0.600817,2.252,2.43048
0.696329,0.600817,2.252,2.43256
0.703638,0.600817,2.252,2.43466
0.715683,0.604818,2.267,2.45302
0.723041,0.604818,2.267,2.45517
0.725566,0.600817,2.252,2.44109
0.732876,0.600817,2.252,2.44327
0.730654,0.59308,2.223,2.41399
0.733222,0.589345,2.209,2.40096
0.740392,0.589345,2.209,2.40316
0.752299,0.59308,2.223,2.42063
0.759515,0.59308,2.223,2.42288
0.76673,0.59308,2.223,2.42515
0.773945,0.59308,2.223,2.42744
0.781161,0.59308,2.223,2.42975
0.788376,0.59308,2.223,2.43208
0.795591,0.59308,2.223,2.43443
0.802807,0.59308,2.223,2.4368
0.815123,0.596815,2.237,2.45454
0.822384,0.596815,2.237,2.45696
0.829645,0.596815,2.237,2.4594
0.842517,0.600817,2.252,2.47837
0.855487,0.604818,2.267,2.49739
0.862845,0.604818,2.267,2.49992
0.870203,0.604818,2.267,2.50247
0.877562,0.604818,2.267,2.50504
0.88492,0.604818,2.267,2.50762
0.892278,0.604818,2.267,2.51023
0.893683,0.600817,2.252,2.49623
0.900993,0.600817,2.252,2.49885
0.908302,0.600817,2.252,2.5015
0.915612,0.600817,2.252,2.50416
0.922921,0.600817,2.252,2.50684
0.924034,0.596815,2.237,2.49283
0.931295,0.596815,2.237,2.49553
0.932682,0.59308,2.223,2.48261
0.939897,0.59308,2.223,2.48533
0.941148,0.589345,2.209,2.4724
0.948318,0.589345,2.209,2.47514
0.955488,0.589345,2.209,2.4779
0.962658,0.589345,2.209,2.48067
0.963242,0.585343,2.194,2.4666
0.970363,0.585343,2.194,2.46939
0.977484,0.585343,2.194,2.47219
0.984605,0.585343,2.194,2.47502
0.991727,0.585343,2.194,2.47786
0.998848,0.585343,2.194,2.48072
1.00597,0.585343,2.194,2.48359
1.01309,0.585343,2.194,2.48649
1.02021,0.585343,2.194,2.4894
1.02733,0.585343,2.194,2.49232
1.03445,0.585343,2.194,2.49527
1.04157,0.585343,2.194,2.49823
1.0487,0.585343,2.194,2.5012
1.07651,0.596815,2.237,2.55328
1.08377,0.596815,2.237,2.55635
1.09103,0.596815,2.237,2.55943
1.09829,0.596815,2.237,2.56254
1.10555,0.596815,2.237,2.56566
1.11281,0.596815,2.237,2.5688
1.12007,0.596815,2.237,2.57195
1.13489,0.600817,2.252,2.59239
1.1422,0.600817,2.252,2.5956
1.14951,0.600817,2.252,2.59882
1.15682,0.600817,2.252,2.60206
1.16413,0.600817,2.252,2.60532
1.17144,0.600817,2.252,2.60859
1.1866,0.604818,2.267,2.62928
1.19396,0.604818,2.267,2.63261
1.20132,0.604818,2.267,2.63596
1.21667,0.60882,2.282,2.65678
1.22408,0.60882,2.282,2.66018
1.23149,0.60882,2.282,2.6636
1.23889,0.60882,2.282,2.66703
1.23811,0.604818,2.267,2.65293
1.24547,0.604818,2.267,2.65637
1.25283,0.604818,2.267,2.65982
1.26018,0.604818,2.267,2.6633
1.26754,0.604818,2.267,2.66679
1.26646,0.600817,2.252,2.65262
1.27377,0.600817,2.252,2.65612
1.28108,0.600817,2.252,2.65964
1.27981,0.596815,2.237,2.64542
1.28707,0.596815,2.237,2.64895
1.29433,0.596815,2.237,2.65248
1.29345,0.59308,2.223,2.63941
1.29247,0.589345,2.209,2.62631
1.29964,0.589345,2.209,2.62984
1.30681,0.589345,2.209,2.63339
1.31398,0.589345,2.209,2.63696
1.32115,0.589345,2.209,2.64054
1.32832,0.589345,2.209,2.64413
1.33549,0.589345,2.209,2.64774
1.34266,0.589345,2.209,2.65137
1.34983,0.589345,2.209,2.655
1.357,0.589345,2.209,2.65866
1.36417,0.589345,2.209,2.66232
1.37134,0.589345,2.209,2.666
1.37851,0.589345,2.209,2.6697
1.38568,0.589345,2.209,2.67341
1.40168,0.59308,2.223,2.6941
1.40889,0.59308,2.223,2.69786
1.41611,0.59308,2.223,2.70164
1.42332,0.59308,2.223,2.70542
1.43054,0.59308,2.223,2.70923
1.43775,0.59308,2.223,2.71304
1.43587,0.589345,2.209,2.69976
1.44304,0.589345,2.209,2.70358
1.45021,0.589345,2.209,2.70742
1.45738,0.589345,2.209,2.71127
1.46455,0.589345,2.209,2.71513
1.46172,0.585343,2.194,2.70054
1.45947,0.581608,2.18,2.68714
1.46655,0.581608,2.18,2.69099
1.46484,0.578139,2.167,2.67878
1.47187,0.578139,2.167,2.68264
-1.69618,0.660241,2.445,3.04811
-1.68824,0.660241,2.445,3.0437
-1.6803,0.660241,2.445,3.0393
-1.68468,0.665102,2.463,3.05727
-1.67669,0.665102,2.463,3.05287
-1.66869,0.665102,2.463,3.04849
-1.6607,0.665102,2.463,3.04412
-1.66478,0.669963,2.481,3.06198
-1.65673,0.669963,2.481,3.05761
-1.66064,0.674823,2.499,3.0754
-1.65253,0.674823,2.499,3.07103
-1.64442,0.674823,2.499,3.06667
-1.6363,0.674823,2.499,3.06233
-1.62819,0.674823,2.499,3.05801
-1.62008,0.674823,2.499,3.0537
-1.61197,0.674823,2.499,3.0494
-1.60386,0.674823,2.499,3.04512
-1.59575,0.674823,2.499,3.04086
-1.58764,0.674823,2.499,3.03661
-1.56815,0.669963,2.481,3.01053
-1.5601,0.669963,2.481,3.00635
-1.55204,0.669963,2.481,3.00217
-1.53279,0.665102,2.463,2.97627
-1.5248,0.665102,2.463,2.97216
-1.50572,0.660241,2.445,2.94637
-1.49778,0.660241,2.445,2.94233
-1.48984,0.660241,2.445,2.9383
-1.4716,0.65565,2.428,2.91388
-1.46372,0.65565,2.428,2.90991
-1.45584,0.65565,2.428,2.90595
-1.44796,0.65565,2.428,2.90201
-1.43,0.65106,2.411,2.87779
-1.42217,0.65106,2.411,2.87391
-1.41435,0.65106,2.411,2.87005
-1.39661,0.646469,2.394,2.84599
-1.37897,0.641879,2.377,2.822
-1.37126,0.641879,2.377,2.81824
-1.36354,0.641879,2.377,2.8145
-1.35583,0.641879,2.377,2.81077
-1.34811,0.641879,2.377,2.80705
-1.3404,0.641879,2.377,2.80336
-1.33268,0.641879,2.377,2.79967
-1.32497,0.641879,2.377,2.79601
-1.31725,0.641879,2.377,2.79236
-1.30954,0.641879,2.377,2.78873
-1.30182,0.641879,2.377,2.78512
-1.29411,0.641879,2.377,2.78152
-1.28639,0.641879,2.377,2.77794
-1.27868,0.641879,2.377,2.77437
-1.27096,0.641879,2.377,2.77083
-1.26325,0.641879,2.377,2.7673
-1.25553,0.641879,2.377,2.76378
-1.24781,0.641879,2.377,2.76029
-1.2401,0.641879,2.377,2.75681
-1.23238,0.641879,2.377,2.75335
-1.22467,0.641879,2.377,2.7499
-1.21695,0.641879,2.377,2.74647
-1.20924,0.641879,2.377,2.74306
-1.20152,0.641879,2.377,2.73967
-1.19381,0.641879,2.377,2.7363
-1.18609,0.641879,2.377,2.73294
-1.17838,0.641879,2.377,2.7296
-1.17904,0.646469,2.394,2.74578
-1.17127,0.646469,2.394,2.74245
-1.1635,0.646469,2.394,2.73914
-1.16393,0.65106,2.411,2.75527
-1.15611,0.65106,2.411,2.75198
-1.14828,0.65106,2.411,2.7487
-1.14046,0.65106,2.411,2.74544
-1.13263,0.65106,2.411,2.7422
-1.11687,0.646469,2.394,2.71966
-1.1091,0.646469,2.394,2.71648
-1.10133,0.646469,2.394,2.71332
-1.09356,0.646469,2.394,2.71017
-1.07808,0.641879,2.377,2.68782
-1.06316,0.637558,2.361,2.66667
-1.0555,0.637558,2.361,2.66362
-1.04784,0.637558,2.361,2.66059
-1.04017,0.637558,2.361,2.65759
-1.03251,0.637558,2.361,2.6546
-1.02485,0.637558,2.361,2.65162
-1.01718,0.637558,2.361,2.64867
-1.00952,0.637558,2.361,2.64574
-1.00186,0.637558,2.361,2.64282
-0.994193,0.637558,2.361,2.63993
-0.986529,0.637558,2.361,2.63705
-0.978866,0.637558,2.361,2.63419
-0.971203,0.637558,2.361,2.63136
-0.96354,0.637558,2.361,2.62854
-0.955876,0.637558,2.361,2.62574
-0.948213,0.637558,2.361,2.62296
-0.946924,0.641879,2.377,2.63795
-0.945926,0.646469,2.394,2.65404
-0.938156,0.646469,2.394,2.65128
-0.930385,0.646469,2.394,2.64854
-0.922615,0.646469,2.394,2.64582
-0.921341,0.65106,2.411,2.66189
-0.913515,0.65106,2.411,2.65919
-0.90569,0.65106,2.411,2.65652
-0.897864,0.65106,2.411,2.65386
-0.890039,0.65106,2.411,2.65122
-0.882213,0.65106,2.411,2.6486
-0.874388,0.65106,2.411,2.64601
-0.866562,0.65106,2.411,2.64343
-0.858737,0.65106,2.411,2.64088
-0.850911,0.65106,2.411,2.63834
-0.837141,0.646469,2.394,2.61724
-0.829371,0.646469,2.394,2.61477
-0.815766,0.641879,2.377,2.59376
-0.808051,0.641879,2.377,2.59135
-0.800336,0.641879,2.377,2.58895
-0.787286,0.637558,2.361,2.56917
-0.779622,0.637558,2.361,2.56683
-0.771959,0.637558,2.361,2.56451
-0.764296,0.637558,2.361,2.56222
-0.756633,0.637558,2.361,2.55994
-0.748969,0.637558,2.361,2.55769
-0.741306,0.637558,2.361,2.55545
-0.733643,0.637558,2.361,2.55324
-0.72598,0.637558,2.361,2.55105
-0.718317,0.637558,2.361,2.54888
-0.710653,0.637558,2.361,2.54673
-0.707754,0.641879,2.377,2.56185
-0.700039,0.641879,2.377,2.55973
-0.692324,0.641879,2.377,2.55763
-0.684609,0.641879,2.377,2.55555
-0.676894,0.641879,2.377,2.55349
-0.673964,0.646469,2.394,2.56971
-0.670925,0.65106,2.411,2.58591
-0.663099,0.65106,2.411,2.58389
-0.655274,0.65106,2.411,2.5819
-0.652013,0.65565,2.428,2.59811
-0.644133,0.65565,2.428,2.59615
-0.636252,0.65565,2.428,2.5942
-0.628371,0.65565,2.428,2.59228
-0.624835,0.660241,2.445,2.60852
-0.616899,0.660241,2.445,2.60663
-0.608963,0.660241,2.445,2.60476
-0.601027,0.660241,2.445,2.60292
-0.593092,0.660241,2.445,2.6011
-0.585156,0.660241,2.445,2.5993
-0.57722,0.660241,2.445,2.59752
-0.586048,0.679684,2.517,2.67221
-0.577879,0.679684,2.517,2.67043
-0.569709,0.679684,2.517,2.66868
-0.561539,0.679684,2.517,2.66694
-0.55337,0.679684,2.517,2.66524
-0.5452,0.679684,2.517,2.66355
-0.537031,0.679684,2.517,2.66189
-0.525079,0.674823,2.499,2.64123
-0.516968,0.674823,2.499,2.63963
-0.508857,0.674823,2.499,2.63805
-0.500746,0.674823,2.499,2.6365
-0.492635,0.674823,2.499,2.63497
-0.481034,0.669963,2.481,2.6145
-0.472981,0.669963,2.481,2.61303
-0.464928,0.669963,2.481,2.61158
-0.456875,0.669963,2.481,2.61016
-0.448823,0.669963,2.481,2.60876
-0.44077,0.669963,2.481,2.60739
-0.432717,0.669963,2.481,2.60604
-0.424665,0.669963,2.481,2.60472
-0.416612,0.669963,2.481,2.60342
-0.408559,0.669963,2.481,2.60214
-0.400506,0.669963,2.481,2.60089
-0.392454,0.669963,2.481,2.59966
-0.384401,0.669963,2.481,2.59846
-0.376348,0.669963,2.481,2.59728
-0.368296,0.669963,2.481,2.59612
-0.357629,0.665102,2.463,2.57617
-0.349635,0.665102,2.463,2.57507
-0.341641,0.665102,2.463,2.57399
-0.333646,0.665102,2.463,2.57295
-0.323272,0.660241,2.445,2.55313
-0.315336,0.660241,2.445,2.55213
-0.3074,0.660241,2.445,2.55116
-0.299465,0.660241,2.445,2.55022
-0.291529,0.660241,2.445,2.5493
-0.285681,0.665102,2.463,2.56717
-0.277686,0.665102,2.463,2.56629
-0.269692,0.665102,2.463,2.56544
-0.26361,0.669963,2.481,2.58335
-0.255558,0.669963,2.481,2.58254
-0.247505,0.669963,2.481,2.58176
-0.24119,0.674823,2.499,2.59972
-0.233078,0.674823,2.499,2.59898
-0.224967,0.674823,2.499,2.59827
-0.216856,0.674823,2.499,2.59758
-0.210249,0.679684,2.517,2.61562
-0.200634,0.674823,2.499,2.59627
-0.192523,0.674823,2.499,2.59566
-0.184412,0.674823,2.499,2.59507
-0.175031,0.669963,2.481,2.57582
-0.165766,0.665102,2.463,2.5566
-0.157772,0.665102,2.463,2.55609
-0.148683,0.660241,2.445,2.53694
-0.139769,0.65565,2.428,2.51885
-0.131888,0.65565,2.428,2.51842
-0.123139,0.65106,2.411,2.50039
-0.114501,0.646469,2.394,2.48239
-0.10673,0.646469,2.394,2.48205
-0.0989599,0.646469,2.394,2.48172
-0.090542,0.641879,2.377,2.4638
-0.0822693,0.637558,2.361,2.44695
-0.0746061,0.637558,2.361,2.44671
-0.0669429,0.637558,2.361,2.44648
-0.058878,0.633237,2.345,2.42971
-0.0512667,0.633237,2.345,2.42954
-0.0436554,0.633237,2.345,2.42939
-0.0357982,0.628917,2.329,2.41269
-0.0282388,0.628917,2.329,2.41259
-0.0206795,0.628917,2.329,2.41251
-0.01303,0.624596,2.313,2.39588
-0.00552254,0.624596,2.313,2.39585
0.00197201,0.620546,2.298,2.38031
0.00943075,0.620546,2.298,2.38033
0.0168895,0.620546,2.298,2.38037
0.0243482,0.620546,2.298,2.38044
0.031807,0.620546,2.298,2.38052
0.0392657,0.620546,2.298,2.38064
0.0467244,0.620546,2.298,2.38077
0.0541832,0.620546,2.298,2.38093
0.0616419,0.620546,2.298,2.38111
0.0691006,0.620546,2.298,2.38131
0.0765594,0.620546,2.298,2.38154
0.0840181,0.620546,2.298,2.38179
0.092074,0.624596,2.313,2.39762
0.0995814,0.624596,2.313,2.39792
0.107089,0.624596,2.313,2.39824
0.115389,0.628917,2.329,2.41518
0.123793,0.633237,2.345,2.43215
0.131404,0.633237,2.345,2.43255
0.139016,0.633237,2.345,2.43297
0.146627,0.633237,2.345,2.43342
0.154238,0.633237,2.345,2.43389
0.162954,0.637558,2.361,2.45099
0.170617,0.637558,2.361,2.45151
0.17828,0.637558,2.361,2.45206
0.185943,0.637558,2.361,2.45263
0.194919,0.641879,2.377,2.46984
0.202634,0.641879,2.377,2.47047
0.208933,0.637558,2.361,2.45448
0.216596,0.637558,2.361,2.45514
0.224259,0.637558,2.361,2.45583
0.231923,0.637558,2.361,2.45654
0.237962,0.633237,2.345,2.44062
0.245574,0.633237,2.345,2.44138
0.253185,0.633237,2.345,2.44215
0.260796,0.633237,2.345,2.44296
0.268407,0.633237,2.345,2.44378
0.276019,0.633237,2.345,2.44463
0.281695,0.628917,2.329,2.42881
0.287267,0.624596,2.313,2.41301
0.294774,0.624596,2.313,2.41391
0.302282,0.624596,2.313,2.41484
0.30778,0.620546,2.298,2.40013
0.315239,0.620546,2.298,2.4011
0.322698,0.620546,2.298,2.40209
0.332312,0.624596,2.313,2.41879
0.339819,0.624596,2.313,2.41983
0.347326,0.624596,2.313,2.42089
0.354834,0.624596,2.313,2.42198
0.364848,0.628917,2.329,2.43985
0.372407,0.628917,2.329,2.441
0.379966,0.628917,2.329,2.44216
0.387526,0.628917,2.329,2.44335
0.397799,0.633237,2.345,2.46135
0.402644,0.628917,2.329,2.44579
0.410204,0.628917,2.329,2.44705
0.417763,0.628917,2.329,2.44833
0.425323,0.628917,2.329,2.44963
0.435856,0.633237,2.345,2.46779
0.443467,0.633237,2.345,2.46915
0.451078,0.633237,2.345,2.47052
0.45556,0.628917,2.329,2.45506
0.463119,0.628917,2.329,2.45647
0.470679,0.628917,2.329,2.45791
0.478238,0.628917,2.329,2.45937
0.48246,0.624596,2.313,2.44394
0.489967,0.624596,2.313,2.44544
0.497475,0.624596,2.313,2.44695
0.504982,0.624596,2.313,2.44849
0.51249,0.624596,2.313,2.45005
0.513028,0.616225,2.282,2.41877
0.520435,0.616225,2.282,2.42035
0.527841,0.616225,2.282,2.42196
0.53173,0.612175,2.267,2.40765
0.535521,0.608124,2.252,2.39335
0.542831,0.608124,2.252,2.39499
0.546476,0.604073,2.237,2.3807
0.546805,0.596512,2.209,2.35255
0.550214,0.592462,2.194,2.33824
0.557335,0.592462,2.194,2.33993
0.564456,0.592462,2.194,2.34164
0.56793,0.588681,2.18,2.32841
0.575006,0.588681,2.18,2.33015
0.582081,0.588681,2.18,2.3319
0.589157,0.588681,2.18,2.33368
0.596233,0.588681,2.18,2.33547
0.603309,0.588681,2.18,2.33729
0.610384,0.588681,2.18,2.33913
0.621425,0.592462,2.194,2.35602
0.628547,0.592462,2.194,2.35791
0.640014,0.596512,2.209,2.37595
0.651285,0.600293,2.223,2.39296
0.6585,0.600293,2.223,2.39493
0.665716,0.600293,2.223,2.39693
0.677169,0.604073,2.237,2.41405
0.68443,0.604073,2.237,2.4161
0.691691,0.604073,2.237,2.41816
0.703638,0.608124,2.252,2.43648
0.715683,0.612175,2.267,2.45484
0.723041,0.612175,2.267,2.457
0.725566,0.608124,2.252,2.4429
0.732876,0.608124,2.252,2.44508
0.730654,0.600293,2.223,2.41577
0.733222,0.596512,2.209,2.40273
0.740392,0.596512,2.209,2.40493
0.752299,0.600293,2.223,2.4224
0.759515,0.600293,2.223,2.42465
0.76673,0.600293,2.223,2.42692
0.773945,0.600293,2.223,2.42921
0.781161,0.600293,2.223,2.43152
0.788376,0.600293,2.223,2.43385
0.795591,0.600293,2.223,2.4362
0.802807,0.600293,2.223,2.43856
0.815123,0.604073,2.237,2.45632
0.822384,0.604073,2.237,2.45874
0.829645,0.604073,2.237,2.46118
0.842517,0.608124,2.252,2.48015
0.855487,0.612175,2.267,2.49918
0.862845,0.612175,2.267,2.50171
0.870203,0.612175,2.267,2.50426
0.877562,0.612175,2.267,2.50682
0.88492,0.612175,2.267,2.50941
0.892278,0.612175,2.267,2.51201
0.893683,0.608124,2.252,2.498
0.900993,0.608124,2.252,2.50062
0.908302,0.608124,2.252,2.50326
0.915612,0.608124,2.252,2.50593
0.922921,0.608124,2.252,2.50861
0.924034,0.604073,2.237,2.49458
0.931295,0.604073,2.237,2.49728
0.932682,0.600293,2.223,2.48435
0.939897,0.600293,2.223,2.48706
0.941148,0.596512,2.209,2.47412
0.948318,0.596512,2.209,2.47686
0.955488,0.596512,2.209,2.47961
0.962658,0.596512,2.209,2.48238
0.963242,0.592462,2.194,2.4683
0.970363,0.592462,2.194,2.47108
0.977484,0.592462,2.194,2.47389
0.984605,0.592462,2.194,2.47671
0.991727,0.592462,2.194,2.47955
0.998848,0.592462,2.194,2.48241
1.00597,0.592462,2.194,2.48528
1.01309,0.592462,2.194,2.48817
1.02021,0.592462,2.194,2.49108
1.02733,0.592462,2.194,2.494
1.03445,0.592462,2.194,2.49695
1.04157,0.592462,2.194,2.49991
1.0487,0.592462,2.194,2.50288
1.06304,0.596512,2.209,2.523
1.07021,0.596512,2.209,2.52603
1.07738,0.596512,2.209,2.52908
1.08455,0.596512,2.209,2.53214
1.09172,0.596512,2.209,2.53522
1.09889,0.596512,2.209,2.53832
1.10605,0.596512,2.209,2.54143
1.11322,0.596512,2.209,2.54456
1.1275,0.600293,2.223,2.56385
1.13471,0.600293,2.223,2.56703
1.14193,0.600293,2.223,2.57023
1.14914,0.600293,2.223,2.57344
1.15636,0.600293,2.223,2.57667
1.1709,0.604073,2.237,2.59617
1.17816,0.604073,2.237,2.59945
1.18542,0.604073,2.237,2.60275
1.19268,0.604073,2.237,2.60606
1.19994,0.604073,2.237,2.60939
1.2072,0.604073,2.237,2.61274
1.22261,0.608124,2.252,2.63365
1.22992,0.608124,2.252,2.63705
1.23723,0.608124,2.252,2.64046
1.23625,0.604073,2.237,2.62629
1.23573,0.600293,2.223,2.61325
1.24294,0.600293,2.223,2.61667
1.25016,0.600293,2.223,2.62011
1.25737,0.600293,2.223,2.62356
1.26459,0.600293,2.223,2.62702
1.2718,0.600293,2.223,2.63051
1.27096,0.596512,2.209,2.61741
1.27813,0.596512,2.209,2.6209
1.2853,0.596512,2.209,2.62441
1.28369,0.592462,2.194,2.61008
1.29082,0.592462,2.194,2.61359
1.29794,0.592462,2.194,2.61711
1.29673,0.588681,2.18,2.60393
1.30381,0.588681,2.18,2.60746
1.3193,0.592462,2.194,2.62778
1.32642,0.592462,2.194,2.63136
1.32503,0.588681,2.18,2.61814
1.33211,0.588681,2.18,2.62173
1.33919,0.588681,2.18,2.62533
1.34626,0.588681,2.18,2.62895
1.35334,0.588681,2.18,2.63258
1.36041,0.588681,2.18,2.63622
1.36749,0.588681,2.18,2.63988
1.38339,0.592462,2.194,2.66053
1.39051,0.592462,2.194,2.66424
1.39763,0.592462,2.194,2.66796
1.40475,0.592462,2.194,2.6717
1.41188,0.592462,2.194,2.67545
1.419,0.592462,2.194,2.67922
1.42612,0.592462,2.194,2.68299
1.43324,0.592462,2.194,2.68679
1.44036,0.592462,2.194,2.69059
1.43825,0.588681,2.18,2.67722
1.44532,0.588681,2.18,2.68103
1.4524,0.588681,2.18,2.68485
1.45077,0.585171,2.167,2.67265
1.4578,0.585171,2.167,2.67647
1.46484,0.585171,2.167,2.68031
1.46236,0.58139,2.153,2.66682
-1.69618,0.668175,2.445,3.04984
-1.68824,0.668175,2.445,3.04543
-1.6803,0.668175,2.445,3.04104
-1.68468,0.673094,2.463,3.05902
-1.67669,0.673094,2.463,3.05462
-1.66869,0.673094,2.463,3.05024
-1.6607,0.673094,2.463,3.04587
-1.66478,0.678013,2.481,3.06375
-1.65673,0.678013,2.481,3.05938
-1.66064,0.682932,2.499,3.07719
-1.65253,0.682932,2.499,3.07282
-1.64442,0.682932,2.499,3.06847
-1.6363,0.682932,2.499,3.06413
-1.62819,0.682932,2.499,3.05981
-1.62008,0.682932,2.499,3.0555
-1.61197,0.682932,2.499,3.0512
-1.60386,0.682932,2.499,3.04693
-1.59575,0.682932,2.499,3.04267
-1.5762,0.678013,2.481,3.01653
-1.56815,0.678013,2.481,3.01233
-1.5601,0.678013,2.481,3.00815
-1.54078,0.673094,2.463,2.98219
-1.53279,0.673094,2.463,2.97806
-1.5248,0.673094,2.463,2.97396
-1.50572,0.668175,2.445,2.94816
-1.49778,0.668175,2.445,2.94412
-1.48984,0.668175,2.445,2.94009
-1.4716,0.663529,2.428,2.91566
-1.46372,0.663529,2.428,2.91169
-1.44565,0.658883,2.411,2.88738
-1.43782,0.658883,2.411,2.88347
-1.43,0.658883,2.411,2.87957
-1.41215,0.654237,2.394,2.85542
-1.40438,0.654237,2.394,2.85158
-1.39661,0.654237,2.394,2.84777
-1.37897,0.649592,2.377,2.82377
-1.37126,0.649592,2.377,2.82001
-1.35436,0.645219,2.361,2.79731
-1.3467,0.645219,2.361,2.79361
-1.33904,0.645219,2.361,2.78992
-1.33137,0.645219,2.361,2.78625
-1.32371,0.645219,2.361,2.7826
-1.31605,0.645219,2.361,2.77896
-1.30838,0.645219,2.361,2.77534
-1.30072,0.645219,2.361,2.77173
-1.30182,0.649592,2.377,2.7869
-1.29411,0.649592,2.377,2.78331
-1.27773,0.645219,2.361,2.76102
-1.27007,0.645219,2.361,2.75748
-1.27096,0.649592,2.377,2.77262
-1.25474,0.645219,2.361,2.75046
-1.24708,0.645219,2.361,2.74697
-1.23942,0.645219,2.361,2.7435
-1.23175,0.645219,2.361,2.74004
-1.22409,0.645219,2.361,2.73661
-1.21643,0.645219,2.361,2.73319
-1.20876,0.645219,2.361,2.72979
-1.2011,0.645219,2.361,2.7264
-1.19344,0.645219,2.361,2.72303
-1.18577,0.645219,2.361,2.71969
-1.17811,0.645219,2.361,2.71635
-1.17045,0.645219,2.361,2.71304
-1.17066,0.649592,2.377,2.7281
-1.17127,0.654237,2.394,2.74429
-1.1635,0.654237,2.394,2.74098
-1.15572,0.654237,2.394,2.73769
-1.14795,0.654237,2.394,2.73442
-1.14018,0.654237,2.394,2.73117
-1.13241,0.654237,2.394,2.72793
-1.12464,0.654237,2.394,2.72472
-1.10894,0.649592,2.377,2.70219
-1.10123,0.649592,2.377,2.69904
-1.09351,0.649592,2.377,2.6959
-1.0858,0.649592,2.377,2.69278
-1.07082,0.645219,2.361,2.67157
-1.05596,0.640847,2.345,2.65043
-1.04835,0.640847,2.345,2.6474
-1.04073,0.640847,2.345,2.6444
-1.03312,0.640847,2.345,2.64141
-1.02551,0.640847,2.345,2.63844
-1.0179,0.640847,2.345,2.63549
-1.01029,0.640847,2.345,2.63256
-1.00268,0.640847,2.345,2.62965
-0.995066,0.640847,2.345,2.62676
-0.987455,0.640847,2.345,2.62389
-0.979844,0.640847,2.345,2.62103
-0.972232,0.640847,2.345,2.6182
-0.964621,0.640847,2.345,2.61538
-0.95701,0.640847,2.345,2.61258
-0.955876,0.645219,2.361,2.62761
-0.948213,0.645219,2.361,2.62483
-0.946924,0.649592,2.377,2.63984
-0.945926,0.654237,2.394,2.65594
-0.938156,0.654237,2.394,2.65319
-0.930385,0.654237,2.394,2.65045
-0.922615,0.654237,2.394,2.64773
-0.921341,0.658883,2.411,2.66382
-0.913515,0.658883,2.411,2.66112
-0.90569,0.658883,2.411,2.65844
-0.897864,0.658883,2.411,2.65579
-0.890039,0.658883,2.411,2.65315
-0.882213,0.658883,2.411,2.65054
-0.874388,0.658883,2.411,2.64794
-0.866562,0.658883,2.411,2.64537
-0.858737,0.658883,2.411,2.64282
-0.850911,0.658883,2.411,2.64028
-0.837141,0.654237,2.394,2.61917
-0.829371,0.654237,2.394,2.6167
-0.815766,0.649592,2.377,2.59568
-0.808051,0.649592,2.377,2.59327
-0.800336,0.649592,2.377,2.59088
-0.787286,0.645219,2.361,2.57108
-0.779622,0.645219,2.361,2.56874
-0.771959,0.645219,2.361,2.56643
-0.764296,0.645219,2.361,2.56413
-0.756633,0.645219,2.361,2.56186
-0.748969,0.645219,2.361,2.55961
-0.741306,0.645219,2.361,2.55737
-0.733643,0.645219,2.361,2.55516
-0.72598,0.645219,2.361,2.55297
-0.718317,0.645219,2.361,2.55081
-0.710653,0.645219,2.361,2.54866
-0.707754,0.649592,2.377,2.56379
-0.700039,0.649592,2.377,2.56167
-0.692324,0.649592,2.377,2.55957
-0.684609,0.649592,2.377,2.5575
-0.676894,0.649592,2.377,2.55544
-0.673964,0.654237,2.394,2.57167
-0.670925,0.658883,2.411,2.58789
-0.663099,0.658883,2.411,2.58587
-0.655274,0.658883,2.411,2.58388
-0.652013,0.663529,2.428,2.60011
-0.644133,0.663529,2.428,2.59815
-0.636252,0.663529,2.428,2.5962
-0.628371,0.663529,2.428,2.59428
-0.624835,0.668175,2.445,2.61054
-0.616899,0.668175,2.445,2.60865
-0.608963,0.668175,2.445,2.60678
-0.601027,0.668175,2.445,2.60494
-0.593092,0.668175,2.445,2.60312
-0.585156,0.668175,2.445,2.60132
-0.57722,0.668175,2.445,2.59955
-0.569284,0.668175,2.445,2.5978
-0.561348,0.668175,2.445,2.59607
-0.557486,0.673094,2.463,2.61347
-0.549492,0.673094,2.463,2.61177
-0.541498,0.673094,2.463,2.6101
-0.533504,0.673094,2.463,2.60846
-0.525509,0.673094,2.463,2.60683
-0.517515,0.673094,2.463,2.60523
-0.509521,0.673094,2.463,2.60366
-0.501526,0.673094,2.463,2.60211
-0.493532,0.673094,2.463,2.60058
-0.485538,0.673094,2.463,2.59907
-0.477544,0.673094,2.463,2.59759
-0.469549,0.673094,2.463,2.59613
-0.461555,0.673094,2.463,2.5947
-0.453561,0.673094,2.463,2.59329
-0.445566,0.673094,2.463,2.5919
-0.437572,0.673094,2.463,2.59054
-0.429578,0.673094,2.463,2.5892
-0.421584,0.673094,2.463,2.58789
-0.413589,0.673094,2.463,2.5866
-0.405595,0.673094,2.463,2.58533
-0.397601,0.673094,2.463,2.58409
-0.389606,0.673094,2.463,2.58287
-0.381612,0.673094,2.463,2.58168
-0.373618,0.673094,2.463,2.58051
-0.365624,0.673094,2.463,2.57936
-0.357629,0.673094,2.463,2.57824
-0.349635,0.673094,2.463,2.57714
-0.341641,0.673094,2.463,2.57607
-0.333646,0.673094,2.463,2.57502
-0.321025,0.663529,2.428,2.53742
-0.313144,0.663529,2.428,2.53644
-0.305263,0.663529,2.428,2.53548
-0.297382,0.663529,2.428,2.53454
-0.289502,0.663529,2.428,2.53363
-0.283593,0.668175,2.445,2.55047
-0.275657,0.668175,2.445,2.5496
-0.267721,0.668175,2.445,2.54876
-0.261698,0.673094,2.463,2.56669
-0.253704,0.673094,2.463,2.56589
-0.247505,0.678013,2.481,2.58386
-0.239452,0.678013,2.481,2.5831
-0.2314,0.678013,2.481,2.58237
-0.223347,0.678013,2.481,2.58166
-0.216856,0.682932,2.499,2.5997
-0.208745,0.682932,2.499,2.59903
-0.200634,0.682932,2.499,2.59839
-0.192523,0.682932,2.499,2.59778
-0.184412,0.682932,2.499,2.59719
-0.173761,0.673094,2.463,2.55922
-0.165766,0.673094,2.463,2.55869
-0.157772,0.673094,2.463,2.55819
-0.148683,0.668175,2.445,2.53901
-0.139769,0.663529,2.428,2.52091
-0.131888,0.663529,2.428,2.52049
-0.123139,0.658883,2.411,2.50244
-0.114501,0.654237,2.394,2.48443
-0.105972,0.649592,2.377,2.46644
-0.0982572,0.649592,2.377,2.46612
-0.0899326,0.645219,2.361,2.44923
-0.0817118,0.640847,2.345,2.43236
-0.0741005,0.640847,2.345,2.43212
-0.0664892,0.640847,2.345,2.4319
-0.0584762,0.636474,2.329,2.41511
-0.0509169,0.636474,2.329,2.41494
-0.0433575,0.636474,2.329,2.41479
-0.0357982,0.636474,2.329,2.41467
-0.0282388,0.636474,2.329,2.41457
-0.0205374,0.632102,2.313,2.3979
-0.0129455,0.628002,2.298,2.3823
-0.00548673,0.628002,2.298,2.38227
0.00195828,0.62363,2.282,2.36568
0.00936508,0.62363,2.282,2.3657
0.0167719,0.62363,2.282,2.36574
0.0241787,0.62363,2.282,2.3658
0.0315855,0.62363,2.282,2.36589
0.0389923,0.62363,2.282,2.366
0.0463991,0.62363,2.282,2.36613
0.0538059,0.62363,2.282,2.36629
0.0612127,0.62363,2.282,2.36647
0.0686195,0.62363,2.282,2.36667
0.0760263,0.62363,2.282,2.3669
0.0834331,0.62363,2.282,2.36715
0.0914769,0.628002,2.298,2.38402
0.0995814,0.632102,2.313,2.39988
0.107089,0.632102,2.313,2.40021
0.114596,0.632102,2.313,2.40055
0.122948,0.636474,2.329,2.41753
0.130508,0.636474,2.329,2.41793
0.138067,0.636474,2.329,2.41835
0.145626,0.636474,2.329,2.41879
0.153186,0.636474,2.329,2.41926
0.161849,0.640847,2.345,2.43637
0.170617,0.645219,2.361,2.45352
0.17828,0.645219,2.361,2.45406
0.185943,0.645219,2.361,2.45463
0.193607,0.645219,2.361,2.45522
0.20127,0.645219,2.361,2.45584
0.207517,0.640847,2.345,2.43983
0.215128,0.640847,2.345,2.44049
0.22274,0.640847,2.345,2.44117
0.230351,0.640847,2.345,2.44188
0.236339,0.636474,2.329,2.42594
0.243898,0.636474,2.329,2.42669
0.251457,0.636474,2.329,2.42746
0.257237,0.632102,2.313,2.41157
0.264745,0.632102,2.313,2.41239
0.270487,0.628002,2.298,2.39757
0.27601,0.62363,2.282,2.38173
0.283417,0.62363,2.282,2.3826
0.290824,0.62363,2.282,2.38349
0.29627,0.619531,2.267,2.36873
0.303628,0.619531,2.267,2.36966
0.313044,0.62363,2.282,2.3863
0.320451,0.62363,2.282,2.38728
0.327858,0.62363,2.282,2.38829
0.339819,0.632102,2.313,2.42178
0.347326,0.632102,2.313,2.42284
0.354834,0.632102,2.313,2.42393
0.364848,0.636474,2.329,2.44181
0.372407,0.636474,2.329,2.44295
0.379966,0.636474,2.329,2.44412
0.387526,0.636474,2.329,2.44531
0.397799,0.640847,2.345,2.46332
0.402644,0.636474,2.329,2.44775
0.410204,0.636474,2.329,2.449
0.417763,0.636474,2.329,2.45028
0.425323,0.636474,2.329,2.45158
0.435856,0.640847,2.345,2.46975
0.443467,0.640847,2.345,2.47111
0.451078,0.640847,2.345,2.47248
0.45556,0.636474,2.329,2.45701
0.463119,0.636474,2.329,2.45842
0.470679,0.636474,2.329,2.45985
0.478238,0.636474,2.329,2.46131
0.48246,0.632102,2.313,2.44587
0.489967,0.632102,2.313,2.44736
0.497475,0.632102,2.313,2.44888
0.504982,0.632102,2.313,2.45041
0.51249,0.632102,2.313,2.45197
0.513028,0.62363,2.282,2.42067
0.520435,0.62363,2.282,2.42225
0.527841,0.62363,2.282,2.42385
0.53173,0.619531,2.267,2.40953
0.535521,0.615431,2.252,2.39521
0.542831,0.615431,2.252,2.39686
0.546476,0.611332,2.237,2.38255
0.546805,0.60368,2.209,2.35438
0.550214,0.599581,2.194,2.34006
0.557335,0.599581,2.194,2.34174
0.564456,0.599581,2.194,2.34345
0.56793,0.595755,2.18,2.33021
0.575006,0.595755,2.18,2.33194
0.582081,0.595755,2.18,2.3337
0.589157,0.595755,2.18,2.33547
0.596233,0.595755,2.18,2.33727
0.603309,0.595755,2.18,2.33908
0.610384,0.595755,2.18,2.34092
0.621425,0.599581,2.194,2.35782
0.628547,0.599581,2.194,2.3597
0.640014,0.60368,2.209,2.37776
0.651285,0.607506,2.223,2.39478
0.6585,0.607506,2.223,2.39675
0.665716,0.607506,2.223,2.39874
0.677169,0.611332,2.237,2.41588
0.68443,0.611332,2.237,2.41792
0.691691,0.611332,2.237,2.41999
0.698951,0.611332,2.237,2.42207
0.706212,0.611332,2.237,2.42418
0.713473,0.611332,2.237,2.4263
0.716223,0.607506,2.223,2.41325
0.723438,0.607506,2.223,2.4154
0.726052,0.60368,2.209,2.40235
0.723596,0.595755,2.18,2.37296
0.730672,0.595755,2.18,2.37512
0.742485,0.599581,2.194,2.39258
0.749607,0.599581,2.194,2.39479
0.756728,0.599581,2.194,2.39703
0.769071,0.60368,2.209,2.41569
0.77097,0.599581,2.194,2.40157
0.778091,0.599581,2.194,2.40386
0.785212,0.599581,2.194,2.40618
0.792334,0.599581,2.194,2.40851
0.804921,0.60368,2.209,2.42735
0.817237,0.607506,2.223,2.44513
0.824453,0.607506,2.223,2.44755
0.831668,0.607506,2.223,2.44999
0.844166,0.611332,2.237,2.4679
0.851427,0.611332,2.237,2.47039
0.858688,0.611332,2.237,2.4729
0.865948,0.611332,2.237,2.47543
0.873209,0.611332,2.237,2.47798
0.88047,0.611332,2.237,2.48055
0.887731,0.611332,2.237,2.48314
0.894992,0.611332,2.237,2.48574
0.902252,0.611332,2.237,2.48836
0.909513,0.611332,2.237,2.49101
0.916774,0.611332,2.237,2.49367
0.918252,0.607506,2.223,2.48072
0.919638,0.60368,2.209,2.46776
0.926808,0.60368,2.209,2.47044
0.933978,0.60368,2.209,2.47314
0.934757,0.599581,2.194,2.45905
0.941878,0.599581,2.194,2.46176
0.949,0.599581,2.194,2.46449
0.95002,0.595755,2.18,2.4515
0.951388,0.592202,2.167,2.43962
0.958422,0.592202,2.167,2.44237
0.965455,0.592202,2.167,2.44514
0.972489,0.592202,2.167,2.44792
0.979522,0.592202,2.167,2.45073
0.986556,0.592202,2.167,2.45355
0.993589,0.592202,2.167,2.45638
1.00062,0.592202,2.167,2.45924
1.00766,0.592202,2.167,2.46211
1.01469,0.592202,2.167,2.46499
1.02172,0.592202,2.167,2.4679
1.02876,0.592202,2.167,2.47082
1.03579,0.592202,2.167,2.47375
1.04908,0.595755,2.18,2.49156
1.05616,0.595755,2.18,2.49455
1.06323,0.595755,2.18,2.49756
1.07031,0.595755,2.18,2.50058
1.07738,0.595755,2.18,2.50361
1.08446,0.595755,2.18,2.50667
1.09153,0.595755,2.18,2.50974
1.10567,0.599581,2.194,2.52896
1.11279,0.599581,2.194,2.53208
1.11991,0.599581,2.194,2.53522
1.12703,0.599581,2.194,2.53837
1.1419,0.60368,2.209,2.55892
1.14907,0.60368,2.209,2.56212
1.15624,0.60368,2.209,2.56535
1.16341,0.60368,2.209,2.56859
1.17058,0.60368,2.209,2.57184
1.17775,0.60368,2.209,2.57511
1.19243,0.607506,2.223,2.59474
1.19965,0.607506,2.223,2.59807
1.20686,0.607506,2.223,2.60141
1.21408,0.607506,2.223,2.60476
1.22129,0.607506,2.223,2.60813
1.22851,0.607506,2.223,2.61152
1.22794,0.60368,2.209,2.59845
1.23511,0.60368,2.209,2.60185
1.24228,0.60368,2.209,2.60526
1.24945,0.60368,2.209,2.60869
1.25662,0.60368,2.209,2.61213
1.26379,0.60368,2.209,2.61558
1.26233,0.599581,2.194,2.60127
1.26945,0.599581,2.194,2.60473
1.27657,0.599581,2.194,2.60821
1.2755,0.595755,2.18,2.59504
1.28258,0.595755,2.18,2.59853
1.28966,0.595755,2.18,2.60203
1.29673,0.595755,2.18,2.60554
1.30381,0.595755,2.18,2.60907
1.31088,0.595755,2.18,2.61261
1.3101,0.592202,2.167,2.60057
1.31713,0.592202,2.167,2.60412
1.32417,0.592202,2.167,2.60768
1.3312,0.592202,2.167,2.61126
1.33823,0.592202,2.167,2.61485
1.34527,0.592202,2.167,2.61846
1.3523,0.592202,2.167,2.62208
1.36749,0.595755,2.18,2.64147
1.37456,0.595755,2.18,2.64514
1.38164,0.595755,2.18,2.64882
1.38872,0.595755,2.18,2.65252
1.39579,0.595755,2.18,2.65623
1.40287,0.595755,2.18,2.65996
1.40994,0.595755,2.18,2.66369
1.40857,0.592202,2.167,2.65154
1.4156,0.592202,2.167,2.65528
1.42264,0.592202,2.167,2.65904
1.42967,0.592202,2.167,2.66281
1.4367,0.592202,2.167,2.66659
1.44374,0.592202,2.167,2.67039
1.4414,0.588376,2.153,2.65692
1.44839,0.588376,2.153,2.66072
1.45537,0.588376,2.153,2.66453
1.46236,0.588376,2.153,2.66835
-1.69618,0.676108,2.445,3.05158
-1.68824,0.676108,2.445,3.04718
-1.69268,0.681086,2.463,3.06519
-1.68468,0.681086,2.463,3.06078
-1.67669,0.681086,2.463,3.05639
-1.66869,0.681086,2.463,3.05201
-1.6607,0.681086,2.463,3.04765
-1.66478,0.686063,2.481,3.06554
-1.65673,0.686063,2.481,3.06118
-1.64868,0.686063,2.481,3.05682
-1.64062,0.686063,2.481,3.05249
-1.63257,0.686063,2.481,3.04817
-1.62452,0.686063,2.481,3.04386
-1.61647,0.686063,2.481,3.03957
-1.60841,0.686063,2.481,3.0353
-1.60036,0.686063,2.481,3.03104
-1.59231,0.686063,2.481,3.0268
-1.58425,0.686063,2.481,3.02257
-1.5762,0.686063,2.481,3.01835
-1.55677,0.681086,2.463,2.99229
-1.54878,0.681086,2.463,2.98814
-1.54078,0.681086,2.463,2.984
-1.53279,0.681086,2.463,2.97988
-1.5248,0.681086,2.463,2.97578
-1.50572,0.676108,2.445,2.94997
-1.49778,0.676108,2.445,2.94593
-1.48984,0.676108,2.445,2.9419
-1.4716,0.671407,2.428,2.91746
-1.45348,0.666707,2.411,2.8931
-1.44565,0.666707,2.411,2.88917
-1.43782,0.666707,2.411,2.88527
-1.41992,0.662006,2.394,2.86106
-1.41215,0.662006,2.394,2.85721
-1.40438,0.662006,2.394,2.85338
-1.39661,0.662006,2.394,2.84956
-1.36969,0.65288,2.361,2.80653
-1.36203,0.65288,2.361,2.8028
-1.35436,0.65288,2.361,2.79908
-1.3467,0.65288,2.361,2.79538
-1.33904,0.65288,2.361,2.7917
-1.33137,0.65288,2.361,2.78803
-1.32371,0.65288,2.361,2.78438
-1.31605,0.65288,2.361,2.78075
-1.30838,0.65288,2.361,2.77713
-1.30072,0.65288,2.361,2.77353
-1.30182,0.657305,2.377,2.78871
-1.29411,0.657305,2.377,2.78512
-1.27773,0.65288,2.361,2.76282
-1.27007,0.65288,2.361,2.75928
-1.27096,0.657305,2.377,2.77444
-1.25474,0.65288,2.361,2.75226
-1.24708,0.65288,2.361,2.74878
-1.23942,0.65288,2.361,2.74531
-1.23175,0.65288,2.361,2.74186
-1.22409,0.65288,2.361,2.73842
-1.21643,0.65288,2.361,2.73501
-1.20876,0.65288,2.361,2.73161
-1.2011,0.65288,2.361,2.72823
-1.19344,0.65288,2.361,2.72486
-1.18577,0.65288,2.361,2.72151
-1.17811,0.65288,2.361,2.71818
-1.17045,0.65288,2.361,2.71487
-1.17066,0.657305,2.377,2.72995
-1.17127,0.662006,2.394,2.74615
-1.1635,0.662006,2.394,2.74285
-1.15572,0.662006,2.394,2.73956
-1.14795,0.662006,2.394,2.73629
-1.14018,0.662006,2.394,2.73304
-1.13241,0.662006,2.394,2.72981
-1.12464,0.662006,2.394,2.72659
-1.10894,0.657305,2.377,2.70406
-1.10123,0.657305,2.377,2.7009
-1.09351,0.657305,2.377,2.69777
-1.0858,0.657305,2.377,2.69465
-1.07082,0.65288,2.361,2.67343
-1.05596,0.648456,2.345,2.65228
-1.04835,0.648456,2.345,2.64925
-1.04073,0.648456,2.345,2.64625
-1.03312,0.648456,2.345,2.64327
-1.02551,0.648456,2.345,2.6403
-1.0179,0.648456,2.345,2.63735
-1.01029,0.648456,2.345,2.63443
-1.00268,0.648456,2.345,2.63152
-0.995066,0.648456,2.345,2.62863
-0.987455,0.648456,2.345,2.62575
-0.979844,0.648456,2.345,2.6229
-0.972232,0.648456,2.345,2.62007
-0.964621,0.648456,2.345,2.61725
-0.95701,0.648456,2.345,2.61446
-0.955876,0.65288,2.361,2.6295
-0.948213,0.65288,2.361,2.62672
-0.94055,0.65288,2.361,2.62397
-0.939209,0.657305,2.377,2.63899
-0.931494,0.657305,2.377,2.63626
-0.923778,0.657305,2.377,2.63354
-0.916063,0.657305,2.377,2.63085
-0.914845,0.662006,2.394,2.64697
-0.907074,0.662006,2.394,2.64429
-0.899304,0.662006,2.394,2.64163
-0.891534,0.662006,2.394,2.639
-0.883763,0.662006,2.394,2.63638
-0.875993,0.662006,2.394,2.63379
-0.868223,0.662006,2.394,2.63122
-0.860452,0.662006,2.394,2.62866
-0.852682,0.662006,2.394,2.62613
-0.844912,0.662006,2.394,2.62362
-0.831197,0.657305,2.377,2.60251
-0.823481,0.657305,2.377,2.60006
-0.815766,0.657305,2.377,2.59762
-0.808051,0.657305,2.377,2.59521
-0.794949,0.65288,2.361,2.57537
-0.787286,0.65288,2.361,2.57301
-0.779622,0.65288,2.361,2.57068
-0.771959,0.65288,2.361,2.56836
-0.759116,0.648456,2.345,2.54868
-0.751505,0.648456,2.345,2.54642
-0.743894,0.648456,2.345,2.54419
-0.731259,0.644031,2.329,2.52463
-0.7237,0.644031,2.329,2.52245
-0.71614,0.644031,2.329,2.52029
-0.708581,0.644031,2.329,2.51815
-0.705837,0.648456,2.345,2.53332
-0.698226,0.648456,2.345,2.53121
-0.690615,0.648456,2.345,2.52912
-0.683004,0.648456,2.345,2.52706
-0.68,0.65288,2.361,2.54224
-0.672337,0.65288,2.361,2.5402
-0.669178,0.657305,2.377,2.55538
-0.661463,0.657305,2.377,2.55337
-0.653748,0.657305,2.377,2.55138
-0.646033,0.657305,2.377,2.54942
-0.638318,0.657305,2.377,2.54747
-0.635113,0.662006,2.394,2.56376
-0.622887,0.657305,2.377,2.54365
-0.615172,0.657305,2.377,2.54177
-0.607457,0.657305,2.377,2.53992
-0.599742,0.657305,2.377,2.53808
-0.596261,0.662006,2.394,2.55441
-0.588491,0.662006,2.394,2.55261
-0.58072,0.662006,2.394,2.55083
-0.57295,0.662006,2.394,2.54907
-0.56518,0.662006,2.394,2.54734
-0.557409,0.662006,2.394,2.54562
-0.549639,0.662006,2.394,2.54393
-0.541869,0.662006,2.394,2.54226
-0.534098,0.662006,2.394,2.54062
-0.526328,0.662006,2.394,2.539
-0.52224,0.666707,2.411,2.55542
-0.514415,0.666707,2.411,2.55383
-0.506589,0.666707,2.411,2.55226
-0.498764,0.666707,2.411,2.55072
-0.4944,0.671407,2.428,2.56718
-0.486519,0.671407,2.428,2.56567
-0.478638,0.671407,2.428,2.56419
-0.470758,0.671407,2.428,2.56273
-0.462877,0.671407,2.428,2.56129
-0.454996,0.671407,2.428,2.55988
-0.447115,0.671407,2.428,2.55849
-0.44231,0.676108,2.445,2.57503
-0.434374,0.676108,2.445,2.57368
-0.426438,0.676108,2.445,2.57235
-0.418503,0.676108,2.445,2.57105
-0.410567,0.676108,2.445,2.56977
-0.402631,0.676108,2.445,2.56851
-0.394695,0.676108,2.445,2.56728
-0.386759,0.676108,2.445,2.56607
-0.378823,0.676108,2.445,2.56489
-0.370887,0.676108,2.445,2.56373
-0.362952,0.676108,2.445,2.56259
-0.355016,0.676108,2.445,2.56148
-0.34708,0.676108,2.445,2.56039
-0.339144,0.676108,2.445,2.55933
-0.328905,0.671407,2.428,2.5405
-0.321025,0.671407,2.428,2.53949
-0.313144,0.671407,2.428,2.53851
-0.303126,0.666707,2.411,2.51978
-0.2953,0.666707,2.411,2.51885
-0.287475,0.666707,2.411,2.51795
-0.279649,0.666707,2.411,2.51707
-0.271824,0.666707,2.411,2.51621
-0.26586,0.671407,2.428,2.53311
-0.257979,0.671407,2.428,2.5323
-0.250098,0.671407,2.428,2.53151
-0.242218,0.671407,2.428,2.53074
-0.235978,0.676108,2.445,2.54771
-0.228042,0.676108,2.445,2.54699
-0.220106,0.676108,2.445,2.54629
-0.21217,0.676108,2.445,2.54562
-0.204234,0.676108,2.445,2.54497
-0.196298,0.676108,2.445,2.54434
-0.188363,0.676108,2.445,2.54374
-0.180427,0.676108,2.445,2.54317
-0.172491,0.676108,2.445,2.54262
-0.164555,0.676108,2.445,2.54209
-0.156619,0.676108,2.445,2.54159
-0.147649,0.671407,2.428,2.52344
-0.137812,0.662006,2.394,2.48767
-0.130041,0.662006,2.394,2.48725
-0.121403,0.657305,2.377,2.46919
-0.113687,0.657305,2.377,2.46883
-0.105972,0.657305,2.377,2.46848
-0.0975958,0.65288,2.361,2.45155
-0.0893231,0.648456,2.345,2.43465
-0.0817118,0.648456,2.345,2.43438
-0.0741005,0.648456,2.345,2.43413
-0.0660356,0.644031,2.329,2.41731
-0.0584762,0.644031,2.329,2.41711
-0.0509169,0.644031,2.329,2.41694
-0.0433575,0.644031,2.329,2.41679
-0.0357982,0.644031,2.329,2.41667
-0.0282388,0.644031,2.329,2.41657
-0.0205374,0.639607,2.313,2.39989
-0.0129455,0.635459,2.298,2.38428
-0.00548673,0.635459,2.298,2.38425
0.00195828,0.631034,2.282,2.36764
0.00936508,0.631034,2.282,2.36766
0.0167719,0.631034,2.282,2.3677
0.0241787,0.631034,2.282,2.36777
0.0315855,0.631034,2.282,2.36785
0.0389923,0.631034,2.282,2.36796
0.0463991,0.631034,2.282,2.3681
0.0538059,0.631034,2.282,2.36825
0.0612127,0.631034,2.282,2.36843
0.0686195,0.631034,2.282,2.36864
0.0760263,0.631034,2.282,2.36886
0.0834331,0.631034,2.282,2.36911
0.0914769,0.635459,2.298,2.386
0.0995814,0.639607,2.313,2.40187
0.107089,0.639607,2.313,2.40219
0.114596,0.639607,2.313,2.40254
0.122948,0.644031,2.329,2.41953
0.130508,0.644031,2.329,2.41993
0.138067,0.644031,2.329,2.42035
0.145626,0.644031,2.329,2.42079
0.153186,0.644031,2.329,2.42126
0.161849,0.648456,2.345,2.43838
0.170617,0.65288,2.361,2.45554
0.17828,0.65288,2.361,2.45609
0.185943,0.65288,2.361,2.45665
0.193607,0.65288,2.361,2.45725
0.20127,0.65288,2.361,2.45786
0.207517,0.648456,2.345,2.44184
0.215128,0.648456,2.345,2.4425
0.22274,0.648456,2.345,2.44318
0.230351,0.648456,2.345,2.44389
0.236339,0.644031,2.329,2.42794
0.243898,0.644031,2.329,2.42868
0.251457,0.644031,2.329,2.42945
0.257237,0.639607,2.313,2.41355
0.264745,0.639607,2.313,2.41436
0.270487,0.635459,2.298,2.39954
0.27601,0.631034,2.282,2.38368
0.283417,0.631034,2.282,2.38454
0.290824,0.631034,2.282,2.38544
0.29627,0.626887,2.267,2.37067
0.303628,0.626887,2.267,2.3716
0.313044,0.631034,2.282,2.38825
0.320451,0.631034,2.282,2.38923
0.327858,0.631034,2.282,2.39023
0.337615,0.635459,2.298,2.40803
0.345074,0.635459,2.298,2.40908
0.352533,0.635459,2.298,2.41016
0.359991,0.635459,2.298,2.41127
0.36745,0.635459,2.298,2.41239
0.377356,0.639607,2.313,2.42929
0.384863,0.639607,2.313,2.43047
0.395085,0.644031,2.329,2.44849
0.402644,0.644031,2.329,2.44972
0.410204,0.644031,2.329,2.45098
0.417763,0.644031,2.329,2.45225
0.425323,0.644031,2.329,2.45355
0.432882,0.644031,2.329,2.45487
0.443467,0.648456,2.345,2.47309
0.451078,0.648456,2.345,2.47447
0.45556,0.644031,2.329,2.45897
0.463119,0.644031,2.329,2.46039
0.470679,0.644031,2.329,2.46182
0.478238,0.644031,2.329,2.46328
0.48246,0.639607,2.313,2.44782
0.489967,0.639607,2.313,2.44931
0.494249,0.635459,2.298,2.43493
0.501707,0.635459,2.298,2.43646
0.509166,0.635459,2.298,2.438
0.513028,0.631034,2.282,2.42259
0.517014,0.626887,2.267,2.40823
0.524372,0.626887,2.267,2.40982
0.528212,0.622739,2.252,2.39548
0.535521,0.622739,2.252,2.3971
0.542831,0.622739,2.252,2.39874
0.543056,0.614719,2.223,2.3695
0.543092,0.6067,2.194,2.34023
0.546703,0.602829,2.18,2.32695
0.553778,0.602829,2.18,2.32862
0.560854,0.602829,2.18,2.33031
0.564543,0.599234,2.167,2.31812
0.571577,0.599234,2.167,2.31984
0.57861,0.599234,2.167,2.32159
0.58186,0.595363,2.153,2.30834
0.588848,0.595363,2.153,2.31011
0.595836,0.595363,2.153,2.3119
0.602825,0.595363,2.153,2.31371
0.61746,0.602829,2.18,2.34458
0.624536,0.602829,2.18,2.34645
0.635668,0.6067,2.194,2.36343
0.647184,0.610848,2.209,2.38153
0.654353,0.610848,2.209,2.38348
0.661523,0.610848,2.209,2.38546
0.668693,0.610848,2.209,2.38746
0.680146,0.614719,2.223,2.40462
0.687362,0.614719,2.223,2.40667
0.694577,0.614719,2.223,2.40874
0.701792,0.614719,2.223,2.41083
0.709008,0.614719,2.223,2.41294
0.711712,0.610848,2.209,2.39986
0.718882,0.610848,2.209,2.402
0.721122,0.6067,2.194,2.38783
0.714634,0.595363,2.153,2.34533
0.721622,0.595363,2.153,2.34747
0.733348,0.599234,2.167,2.3649
0.740382,0.599234,2.167,2.36709
0.751899,0.602829,2.18,2.38352
0.758975,0.602829,2.18,2.38576
0.766051,0.602829,2.18,2.38802
0.773126,0.602829,2.18,2.3903
0.780202,0.602829,2.18,2.3926
0.787278,0.602829,2.18,2.39491
0.794353,0.602829,2.18,2.39725
0.806576,0.6067,2.194,2.41501
0.813697,0.6067,2.194,2.4174
0.82643,0.610848,2.209,2.43635
0.8336,0.610848,2.209,2.43879
0.84077,0.610848,2.209,2.44125
0.84794,0.610848,2.209,2.44373
0.85511,0.610848,2.209,2.44623
0.862279,0.610848,2.209,2.44874
0.869449,0.610848,2.209,2.45128
0.876619,0.610848,2.209,2.45383
0.88939,0.614719,2.223,2.47197
0.890959,0.610848,2.209,2.45899
0.898129,0.610848,2.209,2.4616
0.905299,0.610848,2.209,2.46422
0.906273,0.6067,2.194,2.45011
0.907565,0.602829,2.18,2.4371
0.914641,0.602829,2.18,2.43975
0.921717,0.602829,2.18,2.44241
0.923254,0.599234,2.167,2.43051
0.930287,0.599234,2.167,2.43319
0.937321,0.599234,2.167,2.43589
0.944354,0.599234,2.167,2.4386
0.945242,0.595363,2.153,2.42556
0.95223,0.595363,2.153,2.42829
0.959218,0.595363,2.153,2.43104
0.966206,0.595363,2.153,2.43381
0.973194,0.595363,2.153,2.43659
0.974264,0.591768,2.14,2.42466
0.98121,0.591768,2.14,2.42746
0.988155,0.591768,2.14,2.43028
0.995101,0.591768,2.14,2.43311
1.00205,0.591768,2.14,2.43596
1.01512,0.595363,2.153,2.45364
1.02211,0.595363,2.153,2.45654
1.0291,0.595363,2.153,2.45945
1.03609,0.595363,2.153,2.46239
1.04307,0.595363,2.153,2.46533
1.05006,0.595363,2.153,2.4683
1.05705,0.595363,2.153,2.47128
1.07096,0.599234,2.167,2.49037
1.07799,0.599234,2.167,2.4934
1.08503,0.599234,2.167,2.49645
1.09206,0.599234,2.167,2.49951
1.09909,0.599234,2.167,2.50259
1.10613,0.599234,2.167,2.50569
1.11984,0.602829,2.18,2.52385
1.12691,0.602829,2.18,2.527
1.13399,0.602829,2.18,2.53016
1.15624,0.610848,2.209,2.56704
1.16341,0.610848,2.209,2.57028
1.17058,0.610848,2.209,2.57354
1.17775,0.610848,2.209,2.5768
1.19243,0.614719,2.223,2.59644
1.19965,0.614719,2.223,2.59976
1.20686,0.614719,2.223,2.6031
1.21408,0.614719,2.223,2.60645
1.22129,0.614719,2.223,2.60982
1.22851,0.614719,2.223,2.61321
1.22794,0.610848,2.209,2.60013
1.23511,0.610848,2.209,2.60352
1.24228,0.610848,2.209,2.60693
1.24945,0.610848,2.209,2.61035
1.25662,0.610848,2.209,2.61379
1.26379,0.610848,2.209,2.61725
1.26233,0.6067,2.194,2.60292
1.26945,0.6067,2.194,2.60638
1.27657,0.6067,2.194,2.60986
1.2755,0.602829,2.18,2.59667
1.28258,0.602829,2.18,2.60016
1.28966,0.602829,2.18,2.60365
1.29673,0.602829,2.18,2.60717
1.30381,0.602829,2.18,2.61069
1.31088,0.602829,2.18,2.61423
1.3101,0.599234,2.167,2.60218
1.31713,0.599234,2.167,2.60573
1.32417,0.599234,2.167,2.60929
1.3312,0.599234,2.167,2.61286
1.33823,0.599234,2.167,2.61646
1.34527,0.599234,2.167,2.62006
1.3523,0.599234,2.167,2.62368
1.36749,0.602829,2.18,2.64307
1.37456,0.602829,2.18,2.64674
1.38164,0.602829,2.18,2.65042
1.38872,0.602829,2.18,2.65412
1.39579,0.602829,2.18,2.65783
1.40287,0.602829,2.18,2.66155
1.40994,0.602829,2.18,2.66528
1.40857,0.599234,2.167,2.65312
1.4156,0.599234,2.167,2.65686
1.42264,0.599234,2.167,2.66061
1.42967,0.599234,2.167,2.66438
1.4367,0.599234,2.167,2.66816
1.44374,0.599234,2.167,2.67196
1.4414,0.595363,2.153,2.65848
1.44839,0.595363,2.153,2.66227
1.45537,0.595363,2.153,2.66608
1.46236,0.595363,2.153,2.6699
-1.70866,0.689078,2.463,3.07583
-1.70067,0.689078,2.463,3.0714
-1.69268,0.689078,2.463,3.06698
-1.68468,0.689078,2.463,3.06257
-1.67669,0.689078,2.463,3.05818
-1.66869,0.689078,2.463,3.05381
-1.67283,0.694114,2.481,3.07173
-1.66478,0.694114,2.481,3.06735
-1.65673,0.694114,2.481,3.06299
-1.64868,0.694114,2.481,3.05864
-1.64062,0.694114,2.481,3.05431
-1.63257,0.694114,2.481,3.04999
-1.62452,0.694114,2.481,3.04569
-1.61647,0.694114,2.481,3.0414
-1.60841,0.694114,2.481,3.03713
-1.60036,0.694114,2.481,3.03287
-1.59231,0.694114,2.481,3.02863
-1.58425,0.694114,2.481,3.0244
-1.5762,0.694114,2.481,3.02019
-1.55677,0.689078,2.463,2.99412
-1.54878,0.689078,2.463,2.98997
-1.54078,0.689078,2.463,2.98584
-1.53279,0.689078,2.463,2.98172
-1.5248,0.689078,2.463,2.97762
-1.50572,0.684042,2.445,2.9518
-1.49778,0.684042,2.445,2.94776
-1.48984,0.684042,2.445,2.94373
-1.4716,0.679286,2.428,2.91929
-1.45348,0.67453,2.411,2.89491
-1.44565,0.67453,2.411,2.89099
-1.43782,0.67453,2.411,2.88708
-1.41992,0.669774,2.394,2.86286
-1.41215,0.669774,2.394,2.85902
-1.40438,0.669774,2.394,2.85519
-1.39661,0.669774,2.394,2.85137
-1.36969,0.660541,2.361,2.80832
-1.36203,0.660541,2.361,2.80459
-1.35436,0.660541,2.361,2.80088
-1.3467,0.660541,2.361,2.79718
-1.33904,0.660541,2.361,2.7935
-1.33137,0.660541,2.361,2.78984
-1.32371,0.660541,2.361,2.78619
-1.31605,0.660541,2.361,2.78256
-1.30838,0.660541,2.361,2.77894
-1.29191,0.656065,2.345,2.75653
-1.2843,0.656065,2.345,2.75297
-1.27668,0.656065,2.345,2.74943
-1.26907,0.656065,2.345,2.7459
-1.27007,0.660541,2.361,2.76111
-1.26241,0.660541,2.361,2.75759
-1.24624,0.656065,2.345,2.73543
-1.23863,0.656065,2.345,2.73197
-1.23102,0.656065,2.345,2.72852
-1.22341,0.656065,2.345,2.7251
-1.21579,0.656065,2.345,2.72169
-1.20818,0.656065,2.345,2.7183
-1.20057,0.656065,2.345,2.71492
-1.19296,0.656065,2.345,2.71157
-1.18535,0.656065,2.345,2.70823
-1.17774,0.656065,2.345,2.70491
-1.17013,0.656065,2.345,2.7016
-1.17045,0.660541,2.361,2.71672
-1.17066,0.665018,2.377,2.73182
-1.16295,0.665018,2.377,2.72852
-1.15523,0.665018,2.377,2.72524
-1.14752,0.665018,2.377,2.72198
-1.1398,0.665018,2.377,2.71874
-1.13209,0.665018,2.377,2.71551
-1.12437,0.665018,2.377,2.7123
-1.11666,0.665018,2.377,2.70911
-1.10894,0.665018,2.377,2.70594
-1.10123,0.665018,2.377,2.70279
-1.09351,0.665018,2.377,2.69966
-1.07849,0.660541,2.361,2.67839
-1.06357,0.656065,2.345,2.65718
-1.04875,0.651588,2.329,2.63604
-1.04119,0.651588,2.329,2.63304
-1.03363,0.651588,2.329,2.63006
-1.02607,0.651588,2.329,2.6271
-1.01851,0.651588,2.329,2.62415
-1.01096,0.651588,2.329,2.62123
-1.0034,0.651588,2.329,2.61832
-0.995836,0.651588,2.329,2.61543
-0.988277,0.651588,2.329,2.61257
-0.980718,0.651588,2.329,2.60972
-0.979844,0.656065,2.345,2.62479
-0.972232,0.656065,2.345,2.62196
-0.964621,0.656065,2.345,2.61915
-0.95701,0.656065,2.345,2.61636
-0.949399,0.656065,2.345,2.61358
-0.941787,0.656065,2.345,2.61083
-0.94055,0.660541,2.361,2.62588
-0.932887,0.660541,2.361,2.62315
-0.925224,0.660541,2.361,2.62043
-0.923778,0.665018,2.377,2.63548
-0.916063,0.665018,2.377,2.63278
-0.908348,0.665018,2.377,2.63011
-0.900633,0.665018,2.377,2.62745
-0.892918,0.665018,2.377,2.62482
-0.885203,0.665018,2.377,2.62221
-0.877488,0.665018,2.377,2.61961
-0.869772,0.665018,2.377,2.61704
-0.862057,0.665018,2.377,2.61448
-0.854342,0.665018,2.377,2.61195
-0.846627,0.665018,2.377,2.60944
-0.838912,0.665018,2.377,2.60694
-0.825602,0.660541,2.361,2.58694
-0.817938,0.660541,2.361,2.5845
-0.804784,0.656065,2.345,2.56459
-0.797173,0.656065,2.345,2.56221
-0.789562,0.656065,2.345,2.55985
-0.78195,0.656065,2.345,2.55752
-0.774339,0.656065,2.345,2.5552
-0.761496,0.651588,2.329,2.53549
-0.753937,0.651588,2.329,2.53323
-0.746378,0.651588,2.329,2.53099
-0.738818,0.651588,2.329,2.52877
-0.731259,0.651588,2.329,2.52657
-0.7237,0.651588,2.329,2.52439
-0.71614,0.651588,2.329,2.52223
-0.708581,0.651588,2.329,2.5201
-0.701021,0.651588,2.329,2.51798
-0.693462,0.651588,2.329,2.51589
-0.685903,0.651588,2.329,2.51382
-0.678343,0.651588,2.329,2.51176
-0.675392,0.656065,2.345,2.52697
-0.667781,0.656065,2.345,2.52495
-0.66017,0.656065,2.345,2.52295
-0.652558,0.656065,2.345,2.52097
-0.644947,0.656065,2.345,2.51901
-0.637336,0.656065,2.345,2.51707
-0.629725,0.656065,2.345,2.51515
-0.622113,0.656065,2.345,2.51326
-0.610309,0.651588,2.329,2.49425
-0.60275,0.651588,2.329,2.49241
-0.599279,0.656065,2.345,2.5077
-0.591668,0.656065,2.345,2.5059
-0.584057,0.656065,2.345,2.50411
-0.576446,0.656065,2.345,2.50235
-0.568834,0.656065,2.345,2.5006
-0.561223,0.656065,2.345,2.49888
-0.553612,0.656065,2.345,2.49718
-0.549726,0.660541,2.361,2.51254
-0.542063,0.660541,2.361,2.51087
-0.534399,0.660541,2.361,2.50923
-0.526736,0.660541,2.361,2.50761
-0.519073,0.660541,2.361,2.50601
-0.514875,0.665018,2.377,2.5214
-0.510787,0.669774,2.394,2.53786
-0.503017,0.669774,2.394,2.53631
-0.495247,0.669774,2.394,2.53478
-0.490938,0.67453,2.411,2.55126
-0.483112,0.67453,2.411,2.54977
-0.475287,0.67453,2.411,2.5483
-0.467461,0.67453,2.411,2.54685
-0.459636,0.67453,2.411,2.54542
-0.45181,0.67453,2.411,2.54402
-0.447115,0.679286,2.428,2.56057
-0.44231,0.684042,2.445,2.57713
-0.434374,0.684042,2.445,2.57578
-0.426438,0.684042,2.445,2.57445
-0.418503,0.684042,2.445,2.57315
-0.410567,0.684042,2.445,2.57187
-0.402631,0.684042,2.445,2.57061
-0.394695,0.684042,2.445,2.56938
-0.386759,0.684042,2.445,2.56817
-0.378823,0.684042,2.445,2.56699
-0.370887,0.684042,2.445,2.56583
-0.362952,0.684042,2.445,2.5647
-0.355016,0.684042,2.445,2.56359
-0.34708,0.684042,2.445,2.5625
-0.339144,0.684042,2.445,2.56144
-0.328905,0.679286,2.428,2.5426
-0.321025,0.679286,2.428,2.54159
-0.313144,0.679286,2.428,2.5406
-0.303126,0.67453,2.411,2.52186
-0.2953,0.67453,2.411,2.52094
-0.287475,0.67453,2.411,2.52003
-0.279649,0.67453,2.411,2.51915
-0.271824,0.67453,2.411,2.51829
-0.26586,0.679286,2.428,2.53521
-0.257979,0.679286,2.428,2.5344
-0.250098,0.679286,2.428,2.53361
-0.242218,0.679286,2.428,2.53284
-0.235978,0.684042,2.445,2.54983
-0.228042,0.684042,2.445,2.54911
-0.220106,0.684042,2.445,2.54841
-0.21217,0.684042,2.445,2.54774
-0.204234,0.684042,2.445,2.54709
-0.196298,0.684042,2.445,2.54646
-0.188363,0.684042,2.445,2.54586
-0.180427,0.684042,2.445,2.54529
-0.172491,0.684042,2.445,2.54474
-0.164555,0.684042,2.445,2.54421
-0.156619,0.684042,2.445,2.54371
-0.147649,0.679286,2.428,2.52555
-0.137812,0.669774,2.394,2.48974
-0.130041,0.669774,2.394,2.48933
-0.121403,0.665018,2.377,2.47126
-0.113687,0.665018,2.377,2.47089
-0.105972,0.665018,2.377,2.47055
-0.0975958,0.660541,2.361,2.4536
-0.0893231,0.656065,2.345,2.43668
-0.0817118,0.656065,2.345,2.43642
-0.0741005,0.656065,2.345,2.43617
-0.0660356,0.651588,2.329,2.41933
-0.0584762,0.651588,2.329,2.41914
-0.0509169,0.651588,2.329,2.41897
-0.0430597,0.647112,2.313,2.4022
-0.0353217,0.642916,2.298,2.3865
-0.0278629,0.642916,2.298,2.3864
-0.0204042,0.642916,2.298,2.38633
-0.0129455,0.642916,2.298,2.38628
-0.00548673,0.642916,2.298,2.38625
0.00195828,0.638439,2.282,2.36963
0.00936508,0.638439,2.282,2.36964
0.0167719,0.638439,2.282,2.36969
0.0241787,0.638439,2.282,2.36975
0.0315855,0.638439,2.282,2.36984
0.0389923,0.638439,2.282,2.36995
0.0463991,0.638439,2.282,2.37008
0.0538059,0.638439,2.282,2.37024
0.0612127,0.638439,2.282,2.37042
0.0686195,0.638439,2.282,2.37062
0.0760263,0.638439,2.282,2.37085
0.0834331,0.638439,2.282,2.37109
0.0908399,0.638439,2.282,2.37137
0.0995814,0.647112,2.313,2.40388
0.106394,0.642916,2.298,2.38861
0.113853,0.642916,2.298,2.38896
0.122104,0.647112,2.313,2.40492
0.129611,0.647112,2.313,2.40531
0.137119,0.647112,2.313,2.40573
0.144626,0.647112,2.313,2.40617
0.152133,0.647112,2.313,2.40663
0.159641,0.647112,2.313,2.40712
0.168304,0.651588,2.329,2.42428
0.175864,0.651588,2.329,2.42482
0.183423,0.651588,2.329,2.42538
0.190983,0.651588,2.329,2.42596
0.198542,0.651588,2.329,2.42657
0.206101,0.651588,2.329,2.4272
0.212193,0.647112,2.313,2.41117
0.2197,0.647112,2.313,2.41184
0.227208,0.647112,2.313,2.41254
0.231569,0.638439,2.282,2.38091
0.238976,0.638439,2.282,2.38165
0.246383,0.638439,2.282,2.3824
0.252121,0.634243,2.267,2.36751
0.25948,0.634243,2.267,2.36831
0.265072,0.630046,2.252,2.35345
0.270567,0.62585,2.237,2.3386
0.277828,0.62585,2.237,2.33945
0.285089,0.62585,2.237,2.34033
0.29235,0.62585,2.237,2.34122
0.29961,0.62585,2.237,2.34214
0.306871,0.62585,2.237,2.34308
0.314132,0.62585,2.237,2.34404
0.321393,0.62585,2.237,2.34503
0.330857,0.630046,2.252,2.36176
0.338166,0.630046,2.252,2.3628
0.345476,0.630046,2.252,2.36386
0.355135,0.634243,2.267,2.38069
0.362493,0.634243,2.267,2.3818
0.372299,0.638439,2.282,2.39869
0.382368,0.642916,2.298,2.41668
0.392371,0.647112,2.313,2.43366
0.399878,0.647112,2.313,2.43488
0.407386,0.647112,2.313,2.43612
0.414893,0.647112,2.313,2.43739
0.422401,0.647112,2.313,2.43868
0.429908,0.647112,2.313,2.43999
0.437415,0.647112,2.313,2.44132
0.444923,0.647112,2.313,2.44268
0.449496,0.642916,2.298,2.42821
0.456955,0.642916,2.298,2.4296
0.464414,0.642916,2.298,2.43101
0.471872,0.642916,2.298,2.43245
0.475994,0.638439,2.282,2.41696
0.483401,0.638439,2.282,2.41843
0.487581,0.634243,2.267,2.40402
0.494939,0.634243,2.267,2.40552
0.502298,0.634243,2.267,2.40704
0.506283,0.630046,2.252,2.39265
0.513593,0.630046,2.252,2.39421
0.520902,0.630046,2.252,2.39579
0.524693,0.62585,2.237,2.38142
0.525296,0.618016,2.209,2.3532
0.532466,0.618016,2.209,2.35481
0.532551,0.609903,2.18,2.32551
0.536409,0.606265,2.167,2.31326
0.543442,0.606265,2.167,2.3149
0.54692,0.602349,2.153,2.3016
0.550563,0.598712,2.14,2.28936
0.557509,0.598712,2.14,2.29104
0.564455,0.598712,2.14,2.29274
0.571401,0.598712,2.14,2.29446
0.574563,0.594795,2.126,2.28118
0.581464,0.594795,2.126,2.28293
0.588364,0.594795,2.126,2.28469
0.595265,0.594795,2.126,2.28648
0.60613,0.598712,2.14,2.30336
0.613076,0.598712,2.14,2.30519
0.627845,0.606265,2.167,2.33616
0.638687,0.609903,2.18,2.35208
0.645763,0.609903,2.18,2.35402
0.652839,0.609903,2.18,2.35597
0.659914,0.609903,2.18,2.35794
0.66699,0.609903,2.18,2.35993
0.674066,0.609903,2.18,2.36194
0.685516,0.613819,2.194,2.37915
0.692637,0.613819,2.194,2.38121
0.699758,0.613819,2.194,2.38329
0.702369,0.609903,2.18,2.37017
0.709445,0.609903,2.18,2.37228
0.707646,0.602349,2.153,2.34499
0.710319,0.598712,2.14,2.33294
0.717265,0.598712,2.14,2.33506
0.724211,0.598712,2.14,2.33721
0.731157,0.598712,2.14,2.33937
0.742587,0.602349,2.153,2.35577
0.749575,0.602349,2.153,2.35799
0.756563,0.602349,2.153,2.36022
0.773126,0.609903,2.18,2.39209
0.780202,0.609903,2.18,2.39439
0.787278,0.609903,2.18,2.3967
0.794353,0.609903,2.18,2.39904
0.806576,0.613819,2.194,2.41681
0.813697,0.613819,2.194,2.4192
0.82643,0.618016,2.209,2.43816
0.8336,0.618016,2.209,2.4406
0.84077,0.618016,2.209,2.44306
0.84794,0.618016,2.209,2.44553
0.85511,0.618016,2.209,2.44803
0.862279,0.618016,2.209,2.45054
0.869449,0.618016,2.209,2.45307
0.876619,0.618016,2.209,2.45562
0.88939,0.621933,2.223,2.47377
0.890959,0.618016,2.209,2.46078
0.898129,0.618016,2.209,2.46338
0.905299,0.618016,2.209,2.46601
0.906273,0.613819,2.194,2.45188
0.907565,0.609903,2.18,2.43886
0.914641,0.609903,2.18,2.44151
0.921717,0.609903,2.18,2.44417
0.923254,0.606265,2.167,2.43225
0.930287,0.606265,2.167,2.43493
0.937321,0.606265,2.167,2.43763
0.944354,0.606265,2.167,2.44034
0.945242,0.602349,2.153,2.42729
0.95223,0.602349,2.153,2.43002
0.959218,0.602349,2.153,2.43276
0.966206,0.602349,2.153,2.43553
0.973194,0.602349,2.153,2.43831
0.974264,0.598712,2.14,2.42636
0.98121,0.598712,2.14,2.42916
0.988155,0.598712,2.14,2.43198
0.995101,0.598712,2.14,2.43481
1.00205,0.598712,2.14,2.43765
1.01512,0.602349,2.153,2.45534
1.02211,0.602349,2.153,2.45824
1.0291,0.602349,2.153,2.46115
1.03609,0.602349,2.153,2.46408
1.04307,0.602349,2.153,2.46703
1.05006,0.602349,2.153,2.46999
1.05705,0.602349,2.153,2.47297
1.07096,0.606265,2.167,2.49207
1.07799,0.606265,2.167,2.4951
1.08503,0.606265,2.167,2.49814
1.09206,0.606265,2.167,2.50121
1.09909,0.606265,2.167,2.50429
1.10613,0.606265,2.167,2.50738
1.11984,0.609903,2.18,2.52555
1.12691,0.609903,2.18,2.5287
1.13399,0.609903,2.18,2.53186
1.14106,0.609903,2.18,2.53504
1.14814,0.609903,2.18,2.53823
1.15522,0.609903,2.18,2.54144
1.16976,0.613819,2.194,2.561
1.17688,0.613819,2.194,2.56426
1.184,0.613819,2.194,2.56754
1.19112,0.613819,2.194,2.57083
1.20643,0.618016,2.209,2.59174
1.2136,0.618016,2.209,2.59508
1.22077,0.618016,2.209,2.59844
1.22794,0.618016,2.209,2.60182
1.23511,0.618016,2.209,2.60521
1.23385,0.613819,2.194,2.5909
1.24097,0.613819,2.194,2.5943
1.25662,0.618016,2.209,2.61548
1.25521,0.613819,2.194,2.60115
1.26233,0.613819,2.194,2.60459
1.26945,0.613819,2.194,2.60805
1.26843,0.609903,2.18,2.59486
1.2755,0.609903,2.18,2.59832
1.28258,0.609903,2.18,2.60181
1.28196,0.606265,2.167,2.58976
1.289,0.606265,2.167,2.59325
1.29603,0.606265,2.167,2.59676
1.30307,0.606265,2.167,2.60027
1.30163,0.602349,2.153,2.58698
1.30862,0.602349,2.153,2.59051
1.31561,0.602349,2.153,2.59404
1.3226,0.602349,2.153,2.5976
1.32959,0.602349,2.153,2.60116
1.33658,0.602349,2.153,2.60474
1.34356,0.602349,2.153,2.60833
1.35055,0.602349,2.153,2.61194
1.36637,0.606265,2.167,2.63257
1.3734,0.606265,2.167,2.63622
1.37152,0.602349,2.153,2.62284
1.3785,0.602349,2.153,2.6265
1.38549,0.602349,2.153,2.63018
1.39248,0.602349,2.153,2.63386
1.39947,0.602349,2.153,2.63756
1.40646,0.602349,2.153,2.64128
1.41344,0.602349,2.153,2.64501
1.42043,0.602349,2.153,2.64875
1.42742,0.602349,2.153,2.6525
1.43441,0.602349,2.153,2.65627
1.4414,0.602349,2.153,2.66005
1.44839,0.602349,2.153,2.66384
1.44659,0.598712,2.14,2.65154
1.45353,0.598712,2.14,2.65534
-1.70866,0.69707,2.463,3.07763
-1.70067,0.69707,2.463,3.0732
-1.69268,0.69707,2.463,3.06878
-1.68468,0.69707,2.463,3.06438
-1.67669,0.69707,2.463,3.05999
-1.66869,0.69707,2.463,3.05562
-1.67283,0.702164,2.481,3.07356
-1.66478,0.702164,2.481,3.06918
-1.64471,0.69707,2.463,3.04259
-1.63672,0.69707,2.463,3.03827
-1.64062,0.702164,2.481,3.05615
-1.62073,0.69707,2.463,3.02969
-1.61273,0.69707,2.463,3.02542
-1.60474,0.69707,2.463,3.02117
-1.59674,0.69707,2.463,3.01693
-1.58875,0.69707,2.463,3.01271
-1.58076,0.69707,2.463,3.0085
-1.57276,0.69707,2.463,3.00431
-1.56477,0.69707,2.463,3.00013
-1.55677,0.69707,2.463,2.99597
-1.54878,0.69707,2.463,2.99182
-1.54078,0.69707,2.463,2.98769
-1.52159,0.691976,2.445,2.96177
-1.51365,0.691976,2.445,2.9577
-1.50572,0.691976,2.445,2.95365
-1.49778,0.691976,2.445,2.94961
-1.48984,0.691976,2.445,2.94559
-1.4716,0.687164,2.428,2.92113
-1.45348,0.682353,2.411,2.89674
-1.44565,0.682353,2.411,2.89282
-1.43782,0.682353,2.411,2.88892
-1.41992,0.677542,2.394,2.86469
-1.41215,0.677542,2.394,2.86085
-1.40438,0.677542,2.394,2.85702
-1.38669,0.672731,2.377,2.83295
-1.36969,0.668202,2.361,2.81014
-1.36203,0.668202,2.361,2.80641
-1.35436,0.668202,2.361,2.8027
-1.3467,0.668202,2.361,2.799
-1.33904,0.668202,2.361,2.79532
-1.33137,0.668202,2.361,2.79166
-1.31474,0.663674,2.345,2.76912
-1.30713,0.663674,2.345,2.76552
-1.29952,0.663674,2.345,2.76193
-1.29191,0.663674,2.345,2.75835
-1.2843,0.663674,2.345,2.7548
-1.27668,0.663674,2.345,2.75126
-1.26907,0.663674,2.345,2.74773
-1.26146,0.663674,2.345,2.74423
-1.25385,0.663674,2.345,2.74074
-1.24624,0.663674,2.345,2.73726
-1.23018,0.659146,2.329,2.71515
-1.22262,0.659146,2.329,2.71174
-1.22341,0.663674,2.345,2.72694
-1.21579,0.663674,2.345,2.72354
-1.20818,0.663674,2.345,2.72015
-1.20057,0.663674,2.345,2.71677
-1.18482,0.659146,2.329,2.69491
-1.17726,0.659146,2.329,2.69159
-1.1697,0.659146,2.329,2.68829
-1.16214,0.659146,2.329,2.68501
-1.16251,0.663674,2.345,2.70017
-1.1549,0.663674,2.345,2.6969
-1.15512,0.668202,2.361,2.71203
-1.14746,0.668202,2.361,2.70878
-1.13979,0.668202,2.361,2.70554
-1.13213,0.668202,2.361,2.70232
-1.12447,0.668202,2.361,2.69912
-1.10924,0.663674,2.345,2.67767
-1.10162,0.663674,2.345,2.67452
-1.09401,0.663674,2.345,2.6714
-1.0864,0.663674,2.345,2.66829
-1.07879,0.663674,2.345,2.6652
-1.07118,0.663674,2.345,2.66213
-1.05631,0.659146,2.329,2.64093
-1.04155,0.654617,2.313,2.61979
-1.03404,0.654617,2.313,2.61682
-1.02653,0.654617,2.313,2.61386
-1.01902,0.654617,2.313,2.61092
-1.01152,0.654617,2.313,2.608
-1.00401,0.654617,2.313,2.6051
-0.996502,0.654617,2.313,2.60221
-0.995836,0.659146,2.329,2.61733
-0.981488,0.654617,2.313,2.5965
-0.97398,0.654617,2.313,2.59367
-0.973158,0.659146,2.329,2.60878
-0.965599,0.659146,2.329,2.60597
-0.95804,0.659146,2.329,2.60318
-0.95048,0.659146,2.329,2.60041
-0.949399,0.663674,2.345,2.6155
-0.941787,0.663674,2.345,2.61275
-0.934176,0.663674,2.345,2.61001
-0.926565,0.663674,2.345,2.6073
-0.918953,0.663674,2.345,2.6046
-0.91756,0.668202,2.361,2.61968
-0.909897,0.668202,2.361,2.61701
-0.902234,0.668202,2.361,2.61435
-0.894571,0.668202,2.361,2.61172
-0.886907,0.668202,2.361,2.6091
-0.879244,0.668202,2.361,2.60651
-0.871581,0.668202,2.361,2.60393
-0.863918,0.668202,2.361,2.60138
-0.856255,0.668202,2.361,2.59884
-0.848591,0.668202,2.361,2.59633
-0.840928,0.668202,2.361,2.59383
-0.838912,0.672731,2.377,2.60892
-0.825602,0.668202,2.361,2.58891
-0.817938,0.668202,2.361,2.58647
-0.804784,0.663674,2.345,2.56655
-0.797173,0.663674,2.345,2.56417
-0.789562,0.663674,2.345,2.56182
-0.78195,0.663674,2.345,2.55948
-0.774339,0.663674,2.345,2.55716
-0.761496,0.659146,2.329,2.53744
-0.753937,0.659146,2.329,2.53518
-0.746378,0.659146,2.329,2.53294
-0.738818,0.659146,2.329,2.53072
-0.731259,0.659146,2.329,2.52853
-0.7237,0.659146,2.329,2.52635
-0.71614,0.659146,2.329,2.5242
-0.708581,0.659146,2.329,2.52206
-0.701021,0.659146,2.329,2.51995
-0.693462,0.659146,2.329,2.51786
-0.685903,0.659146,2.329,2.51579
-0.678343,0.659146,2.329,2.51374
-0.675392,0.663674,2.345,2.52896
-0.667781,0.663674,2.345,2.52694
-0.66017,0.663674,2.345,2.52494
-0.652558,0.663674,2.345,2.52296
-0.644947,0.663674,2.345,2.521
-0.637336,0.663674,2.345,2.51906
-0.629725,0.663674,2.345,2.51715
-0.622113,0.663674,2.345,2.51526
-0.610309,0.659146,2.329,2.49624
-0.60275,0.659146,2.329,2.4944
-0.599279,0.663674,2.345,2.50971
-0.591668,0.663674,2.345,2.5079
-0.584057,0.663674,2.345,2.50611
-0.576446,0.663674,2.345,2.50435
-0.568834,0.663674,2.345,2.50261
-0.561223,0.663674,2.345,2.50089
-0.553612,0.663674,2.345,2.49919
-0.549726,0.668202,2.361,2.51456
-0.542063,0.668202,2.361,2.5129
-0.534399,0.668202,2.361,2.51125
-0.526736,0.668202,2.361,2.50963
-0.519073,0.668202,2.361,2.50804
-0.514875,0.672731,2.377,2.52345
-0.510787,0.677542,2.394,2.53992
-0.503017,0.677542,2.394,2.53837
-0.495247,0.677542,2.394,2.53684
-0.490938,0.682353,2.411,2.55334
-0.483112,0.682353,2.411,2.55185
-0.475287,0.682353,2.411,2.55038
-0.467461,0.682353,2.411,2.54893
-0.459636,0.682353,2.411,2.54751
-0.45181,0.682353,2.411,2.54611
-0.447115,0.687164,2.428,2.56267
-0.439235,0.687164,2.428,2.56131
-0.431354,0.687164,2.428,2.55997
-0.423473,0.687164,2.428,2.55865
-0.415593,0.687164,2.428,2.55736
-0.407712,0.687164,2.428,2.55609
-0.399831,0.687164,2.428,2.55485
-0.391951,0.687164,2.428,2.55363
-0.38407,0.687164,2.428,2.55243
-0.376189,0.687164,2.428,2.55125
-0.368309,0.687164,2.428,2.5501
-0.360428,0.687164,2.428,2.54898
-0.352547,0.687164,2.428,2.54788
-0.342253,0.682353,2.411,2.52896
-0.334428,0.682353,2.411,2.52792
-0.326602,0.682353,2.411,2.52689
-0.316529,0.677542,2.394,2.50809
-0.308759,0.677542,2.394,2.50712
-0.300988,0.677542,2.394,2.50617
-0.293218,0.677542,2.394,2.50525
-0.285448,0.677542,2.394,2.50435
-0.277677,0.677542,2.394,2.50348
-0.269907,0.677542,2.394,2.50263
-0.262137,0.677542,2.394,2.5018
-0.256173,0.682353,2.411,2.51876
-0.248347,0.682353,2.411,2.51798
-0.240522,0.682353,2.411,2.51722
-0.232696,0.682353,2.411,2.51648
-0.224871,0.682353,2.411,2.51577
-0.218576,0.687164,2.428,2.53282
-0.210695,0.687164,2.428,2.53215
-0.202814,0.687164,2.428,2.5315
-0.193569,0.682353,2.411,2.51316
-0.185743,0.682353,2.411,2.51257
-0.177918,0.682353,2.411,2.51201
-0.170092,0.682353,2.411,2.51147
-0.159978,0.672731,2.377,2.47554
-0.152263,0.672731,2.377,2.47505
-0.144548,0.672731,2.377,2.47459
-0.135912,0.668202,2.361,2.4575
-0.128249,0.668202,2.361,2.45708
-0.118951,0.659146,2.329,2.4234
-0.111392,0.659146,2.329,2.42304
-0.103832,0.659146,2.329,2.4227
-0.0956116,0.654617,2.313,2.40575
-0.0881042,0.654617,2.313,2.40546
-0.0800741,0.650372,2.298,2.3896
-0.0726154,0.650372,2.298,2.38936
-0.064703,0.645844,2.282,2.37251
-0.0572962,0.645844,2.282,2.37232
-0.0498894,0.645844,2.282,2.37216
-0.0424826,0.645844,2.282,2.37201
-0.0348452,0.641599,2.267,2.3563
-0.0274871,0.641599,2.267,2.3562
-0.020129,0.641599,2.267,2.35613
-0.0126863,0.637353,2.252,2.34049
-0.0053769,0.637353,2.252,2.34046
0.00193253,0.637353,2.252,2.34045
0.00924197,0.637353,2.252,2.34047
0.0165514,0.637353,2.252,2.34051
0.0238608,0.637353,2.252,2.34058
0.0311703,0.637353,2.252,2.34066
0.0384797,0.637353,2.252,2.34077
0.0457891,0.637353,2.252,2.3409
0.0530986,0.637353,2.252,2.34106
0.060408,0.637353,2.252,2.34123
0.0677174,0.637353,2.252,2.34143
0.0750269,0.637353,2.252,2.34166
0.0823363,0.637353,2.252,2.3419
0.0896457,0.637353,2.252,2.34217
0.0969552,0.637353,2.252,2.34246
0.104959,0.641599,2.267,2.35838
0.111574,0.637353,2.252,2.34311
0.118883,0.637353,2.252,2.34347
0.126193,0.637353,2.252,2.34385
0.133502,0.637353,2.252,2.34426
0.140812,0.637353,2.252,2.34469
0.148121,0.637353,2.252,2.34514
0.156466,0.641599,2.267,2.36123
0.163824,0.641599,2.267,2.36173
0.171182,0.641599,2.267,2.36225
0.17854,0.641599,2.267,2.3628
0.185898,0.641599,2.267,2.36337
0.193257,0.641599,2.267,2.36396
0.200615,0.641599,2.267,2.36457
0.206597,0.637353,2.252,2.34955
0.213906,0.637353,2.252,2.35021
0.219742,0.633108,2.237,2.33523
0.227003,0.633108,2.237,2.33592
0.234264,0.633108,2.237,2.33664
0.240013,0.629146,2.223,2.32275
0.245671,0.625184,2.209,2.30887
0.252841,0.625184,2.209,2.30965
0.260011,0.625184,2.209,2.31044
0.263673,0.616976,2.18,2.28092
0.270749,0.616976,2.18,2.28175
0.277825,0.616976,2.18,2.2826
0.2849,0.616976,2.18,2.28347
0.291976,0.616976,2.18,2.28436
0.299052,0.616976,2.18,2.28528
0.306128,0.616976,2.18,2.28621
0.313203,0.616976,2.18,2.28717
0.322336,0.620938,2.194,2.30285
0.329457,0.620938,2.194,2.30385
0.338879,0.625184,2.209,2.32064
0.346049,0.625184,2.209,2.3217
0.353219,0.625184,2.209,2.32278
0.364957,0.633108,2.237,2.35334
0.372218,0.633108,2.237,2.35447
0.382023,0.637353,2.252,2.37143
0.389332,0.637353,2.252,2.37262
0.399284,0.641599,2.267,2.38964
0.406642,0.641599,2.267,2.39088
0.414,0.641599,2.267,2.39214
0.421358,0.641599,2.267,2.39342
0.437415,0.654617,2.313,2.44332
0.444923,0.654617,2.313,2.44468
0.449496,0.650372,2.298,2.43019
0.456955,0.650372,2.298,2.43158
0.464414,0.650372,2.298,2.433
0.471872,0.650372,2.298,2.43443
0.475994,0.645844,2.282,2.41893
0.483401,0.645844,2.282,2.4204
0.487581,0.641599,2.267,2.40597
0.494939,0.641599,2.267,2.40747
0.502298,0.641599,2.267,2.40899
0.506283,0.637353,2.252,2.39459
0.513593,0.637353,2.252,2.39614
0.520902,0.637353,2.252,2.39772
0.524693,0.633108,2.237,2.38334
0.525296,0.625184,2.209,2.35509
0.532466,0.625184,2.209,2.3567
0.532551,0.616976,2.18,2.32737
0.536409,0.613297,2.167,2.31511
0.543442,0.613297,2.167,2.31675
0.54692,0.609335,2.153,2.30344
0.550563,0.605656,2.14,2.29119
0.557509,0.605656,2.14,2.29287
0.564455,0.605656,2.14,2.29456
0.571401,0.605656,2.14,2.29628
0.574563,0.601693,2.126,2.28299
0.581464,0.601693,2.126,2.28473
0.588364,0.601693,2.126,2.2865
0.595265,0.601693,2.126,2.28829
0.60613,0.605656,2.14,2.30517
0.613076,0.605656,2.14,2.30701
0.627845,0.613297,2.167,2.33799
0.638687,0.616976,2.18,2.35393
0.645763,0.616976,2.18,2.35586
0.652839,0.616976,2.18,2.35781
0.659914,0.616976,2.18,2.35978
0.66699,0.616976,2.18,2.36177
0.674066,0.616976,2.18,2.36377
0.685516,0.620938,2.194,2.38099
0.692637,0.620938,2.194,2.38305
0.699758,0.620938,2.194,2.38513
0.702369,0.616976,2.18,2.372
0.709445,0.616976,2.18,2.3741
0.707646,0.609335,2.153,2.3468
0.710319,0.605656,2.14,2.33473
0.717265,0.605656,2.14,2.33685
0.724211,0.605656,2.14,2.339
0.731157,0.605656,2.14,2.34116
0.742587,0.609335,2.153,2.35757
0.749575,0.609335,2.153,2.35978
0.756563,0.609335,2.153,2.36201
0.763551,0.609335,2.153,2.36426
0.770539,0.609335,2.153,2.36652
0.777527,0.609335,2.153,2.36881
0.784515,0.609335,2.153,2.37111
0.79665,0.613297,2.167,2.38886
0.803684,0.613297,2.167,2.39122
0.815581,0.616976,2.18,2.40795
0.822656,0.616976,2.18,2.41036
0.829732,0.616976,2.18,2.41278
0.836808,0.616976,2.18,2.41522
0.838851,0.613297,2.167,2.40327
0.845885,0.613297,2.167,2.40573
0.852918,0.613297,2.167,2.40821
0.859952,0.613297,2.167,2.41071
0.872187,0.616976,2.18,2.42771
0.874019,0.613297,2.167,2.41577
0.87536,0.609335,2.153,2.4027
0.882349,0.609335,2.153,2.40525
0.889337,0.609335,2.153,2.40782
0.896325,0.609335,2.153,2.41041
0.903313,0.609335,2.153,2.41302
0.910301,0.609335,2.153,2.41565
0.91175,0.605656,2.14,2.40369
0.912686,0.601693,2.126,2.39059
0.919587,0.601693,2.126,2.39323
0.926487,0.601693,2.126,2.39589
0.933388,0.601693,2.126,2.39857
0.940288,0.601693,2.126,2.40126
0.947189,0.601693,2.126,2.40397
0.954089,0.601693,2.126,2.4067
0.960989,0.601693,2.126,2.40944
0.96789,0.601693,2.126,2.4122
0.97479,0.601693,2.126,2.41498
0.981691,0.601693,2.126,2.41777
0.982546,0.598014,2.113,2.40578
0.989405,0.598014,2.113,2.40859
1.00239,0.601693,2.126,2.42625
1.00929,0.601693,2.126,2.42911
1.01619,0.601693,2.126,2.43199
1.02309,0.601693,2.126,2.43488
1.02999,0.601693,2.126,2.43779
1.03689,0.601693,2.126,2.44071
1.05067,0.605656,2.14,2.45974
1.05761,0.605656,2.14,2.46272
1.06456,0.605656,2.14,2.46571
1.07151,0.605656,2.14,2.46871
1.085,0.609335,2.153,2.48675
1.09199,0.609335,2.153,2.48981
1.09898,0.609335,2.153,2.49288
1.10597,0.609335,2.153,2.49597
1.11296,0.609335,2.153,2.49907
1.11994,0.609335,2.153,2.50219
1.12693,0.609335,2.153,2.50533
1.13392,0.609335,2.153,2.50848
1.14091,0.609335,2.153,2.51165
1.15536,0.613297,2.167,2.53118
1.16239,0.613297,2.167,2.5344
1.16943,0.613297,2.167,2.53763
1.18352,0.616976,2.18,2.55613
1.19824,0.620938,2.194,2.57585
1.20536,0.620938,2.194,2.57917
1.20475,0.616976,2.18,2.56602
1.21182,0.616976,2.18,2.56935
1.2189,0.616976,2.18,2.5727
1.22597,0.616976,2.18,2.57606
1.23305,0.616976,2.18,2.57943
1.24809,0.620938,2.194,2.59941
1.25521,0.620938,2.194,2.60284
1.25428,0.616976,2.18,2.58965
1.26135,0.616976,2.18,2.59308
1.26843,0.616976,2.18,2.59653
1.2679,0.613297,2.167,2.58449
1.27493,0.613297,2.167,2.58795
1.28196,0.613297,2.167,2.59142
1.289,0.613297,2.167,2.59491
1.27988,0.605656,2.14,2.56603
1.28683,0.605656,2.14,2.5695
1.29378,0.605656,2.14,2.57299
1.30072,0.605656,2.14,2.57649
1.30767,0.605656,2.14,2.58
1.31461,0.605656,2.14,2.58353
1.32156,0.605656,2.14,2.58707
1.3285,0.605656,2.14,2.59063
1.33545,0.605656,2.14,2.5942
1.3424,0.605656,2.14,2.59778
1.34934,0.605656,2.14,2.60137
1.35629,0.605656,2.14,2.60498
1.36323,0.605656,2.14,2.60861
1.37018,0.605656,2.14,2.61224
1.37713,0.605656,2.14,2.61589
1.38407,0.605656,2.14,2.61956
1.39102,0.605656,2.14,2.62323
1.39796,0.605656,2.14,2.62692
1.40491,0.605656,2.14,2.63063
1.41186,0.605656,2.14,2.63434
1.4188,0.605656,2.14,2.63807
1.42575,0.605656,2.14,2.64181
1.43269,0.605656,2.14,2.64557
1.43964,0.605656,2.14,2.64934
1.44659,0.605656,2.14,2.65312
1.45353,0.605656,2.14,2.65691
-1.70866,0.705062,2.463,3.07945
-1.70067,0.705062,2.463,3.07502
-1.69268,0.705062,2.463,3.07061
-1.68468,0.705062,2.463,3.06621
-1.66443,0.699909,2.445,3.03945
-1.6565,0.699909,2.445,3.03511
-1.6607,0.705062,2.463,3.0531
-1.66478,0.710215,2.481,3.07104
-1.64471,0.705062,2.463,3.04443
-1.63672,0.705062,2.463,3.04012
-1.62872,0.705062,2.463,3.03582
-1.60888,0.699909,2.445,3.00939
-1.60095,0.699909,2.445,3.00515
-1.59301,0.699909,2.445,3.00093
-1.58507,0.699909,2.445,2.99672
-1.57714,0.699909,2.445,2.99253
-1.5692,0.699909,2.445,2.98836
-1.56127,0.699909,2.445,2.9842
-1.55333,0.699909,2.445,2.98006
-1.53465,0.695043,2.428,2.95524
-1.52677,0.695043,2.428,2.95115
-1.51889,0.695043,2.428,2.94708
-1.52159,0.699909,2.445,2.96363
-1.51365,0.699909,2.445,2.95957
-1.50572,0.699909,2.445,2.95552
-1.48737,0.695043,2.428,2.93096
-1.47949,0.695043,2.428,2.92697
-1.4716,0.695043,2.428,2.92299
-1.46372,0.695043,2.428,2.91903
-1.45584,0.695043,2.428,2.91509
-1.44796,0.695043,2.428,2.91116
-1.43,0.690176,2.411,2.88689
-1.42217,0.690176,2.411,2.88303
-1.41435,0.690176,2.411,2.87917
-1.38669,0.680443,2.377,2.83479
-1.37897,0.680443,2.377,2.83102
-1.37126,0.680443,2.377,2.82727
-1.35436,0.675863,2.361,2.80453
-1.33757,0.671283,2.345,2.78186
-1.32996,0.671283,2.345,2.77821
-1.32235,0.671283,2.345,2.77457
-1.31474,0.671283,2.345,2.77095
-1.30713,0.671283,2.345,2.76735
-1.29952,0.671283,2.345,2.76376
-1.28309,0.666703,2.329,2.74136
-1.27553,0.666703,2.329,2.73783
-1.26797,0.666703,2.329,2.73432
-1.26041,0.666703,2.329,2.73082
-1.25285,0.666703,2.329,2.72734
-1.2453,0.666703,2.329,2.72387
-1.23774,0.666703,2.329,2.72043
-1.23018,0.666703,2.329,2.717
-1.22262,0.666703,2.329,2.71358
-1.21506,0.666703,2.329,2.71018
-1.2075,0.666703,2.329,2.7068
-1.20818,0.671283,2.345,2.72201
-1.20057,0.671283,2.345,2.71864
-1.18482,0.666703,2.329,2.69676
-1.17726,0.666703,2.329,2.69345
-1.1697,0.666703,2.329,2.69016
-1.16214,0.666703,2.329,2.68688
-1.16251,0.671283,2.345,2.70205
-1.1549,0.671283,2.345,2.69879
-1.15512,0.675863,2.361,2.71393
-1.14746,0.675863,2.361,2.71068
-1.13979,0.675863,2.361,2.70744
-1.13213,0.675863,2.361,2.70422
-1.12447,0.675863,2.361,2.70103
-1.10924,0.671283,2.345,2.67956
-1.10162,0.671283,2.345,2.67642
-1.09401,0.671283,2.345,2.6733
-1.0864,0.671283,2.345,2.67019
-1.07879,0.671283,2.345,2.6671
-1.07118,0.671283,2.345,2.66403
-1.05631,0.666703,2.329,2.64283
-1.04155,0.662123,2.313,2.62168
-1.03404,0.662123,2.313,2.6187
-1.02653,0.662123,2.313,2.61575
-1.01902,0.662123,2.313,2.61281
-1.01152,0.662123,2.313,2.60989
-1.00401,0.662123,2.313,2.60699
-0.996502,0.662123,2.313,2.60411
-0.995836,0.666703,2.329,2.61924
-0.981488,0.662123,2.313,2.5984
-0.97398,0.662123,2.313,2.59558
-0.973158,0.666703,2.329,2.6107
-0.965599,0.666703,2.329,2.60789
-0.95804,0.666703,2.329,2.60511
-0.95048,0.666703,2.329,2.60233
-0.949399,0.671283,2.345,2.61744
-0.941787,0.671283,2.345,2.61469
-0.934176,0.671283,2.345,2.61196
-0.926565,0.671283,2.345,2.60925
-0.918953,0.671283,2.345,2.60655
-0.91756,0.675863,2.361,2.62165
-0.909897,0.675863,2.361,2.61897
-0.902234,0.675863,2.361,2.61632
-0.894571,0.675863,2.361,2.61369
-0.886907,0.675863,2.361,2.61108
-0.879244,0.675863,2.361,2.60848
-0.871581,0.675863,2.361,2.60591
-0.863918,0.675863,2.361,2.60336
-0.856255,0.675863,2.361,2.60082
-0.848591,0.675863,2.361,2.59831
-0.835229,0.671283,2.345,2.57823
-0.827618,0.671283,2.345,2.57577
-0.820007,0.671283,2.345,2.57334
-0.806852,0.666703,2.329,2.55338
-0.799293,0.666703,2.329,2.551
-0.797173,0.671283,2.345,2.56615
-0.784174,0.666703,2.329,2.5463
-0.776615,0.666703,2.329,2.54399
-0.769056,0.666703,2.329,2.54169
-0.761496,0.666703,2.329,2.53941
-0.748757,0.662123,2.313,2.51973
-0.74125,0.662123,2.313,2.5175
-0.733743,0.662123,2.313,2.5153
-0.726235,0.662123,2.313,2.51312
-0.718728,0.662123,2.313,2.51097
-0.71122,0.662123,2.313,2.50883
-0.703713,0.662123,2.313,2.50671
-0.696206,0.662123,2.313,2.50461
-0.688698,0.662123,2.313,2.50254
-0.681191,0.662123,2.313,2.50048
-0.673683,0.662123,2.313,2.49844
-0.666176,0.662123,2.313,2.49643
-0.658668,0.662123,2.313,2.49444
-0.651161,0.662123,2.313,2.49247
-0.643654,0.662123,2.313,2.49052
-0.636146,0.662123,2.313,2.48859
-0.628639,0.662123,2.313,2.48668
-0.621131,0.662123,2.313,2.48479
-0.613624,0.662123,2.313,2.48292
-0.606116,0.662123,2.313,2.48108
-0.598609,0.662123,2.313,2.47926
-0.59519,0.666703,2.329,2.49459
-0.587631,0.666703,2.329,2.4928
-0.580072,0.666703,2.329,2.49103
-0.572512,0.666703,2.329,2.48928
-0.564953,0.666703,2.329,2.48755
-0.557394,0.666703,2.329,2.48584
-0.549834,0.666703,2.329,2.48416
-0.542275,0.666703,2.329,2.4825
-0.534716,0.666703,2.329,2.48086
-0.530778,0.671283,2.345,2.49627
-0.523166,0.671283,2.345,2.49466
-0.515555,0.671283,2.345,2.49308
-0.51141,0.675863,2.361,2.50852
-0.50716,0.680443,2.377,2.52395
-0.499445,0.680443,2.377,2.52242
-0.49173,0.680443,2.377,2.5209
-0.484015,0.680443,2.377,2.51941
-0.4763,0.680443,2.377,2.51793
-0.471936,0.68531,2.394,2.53448
-0.467461,0.690176,2.411,2.55104
-0.459636,0.690176,2.411,2.54961
-0.448625,0.68531,2.394,2.53025
-0.440854,0.68531,2.394,2.52888
-0.433084,0.68531,2.394,2.52754
-0.425314,0.68531,2.394,2.52622
-0.417543,0.68531,2.394,2.52492
-0.409773,0.68531,2.394,2.52365
-0.402003,0.68531,2.394,2.5224
-0.394232,0.68531,2.394,2.52117
-0.386462,0.68531,2.394,2.51997
-0.378692,0.68531,2.394,2.51879
-0.370921,0.68531,2.394,2.51763
-0.363151,0.68531,2.394,2.5165
-0.355381,0.68531,2.394,2.51539
-0.345142,0.680443,2.377,2.49645
-0.337427,0.680443,2.377,2.49539
-0.329712,0.680443,2.377,2.49436
-0.321997,0.680443,2.377,2.49335
-0.314281,0.680443,2.377,2.49237
-0.306566,0.680443,2.377,2.49141
-0.29684,0.675863,2.361,2.47371
-0.287217,0.671283,2.345,2.45604
-0.279605,0.671283,2.345,2.45516
-0.271994,0.671283,2.345,2.45431
-0.264383,0.671283,2.345,2.45348
-0.256771,0.671283,2.345,2.45267
-0.24916,0.671283,2.345,2.45188
-0.241549,0.671283,2.345,2.45112
-0.233938,0.671283,2.345,2.45038
-0.227871,0.675863,2.361,2.46638
-0.220207,0.675863,2.361,2.46569
-0.212544,0.675863,2.361,2.46501
-0.204881,0.675863,2.361,2.46436
-0.197218,0.675863,2.361,2.46374
-0.189554,0.675863,2.361,2.46314
-0.180659,0.671283,2.345,2.44587
-0.173047,0.671283,2.345,2.44532
-0.165436,0.671283,2.345,2.44479
-0.155671,0.662123,2.313,2.41094
-0.148164,0.662123,2.313,2.41046
-0.139744,0.657829,2.298,2.39438
-0.132285,0.657829,2.298,2.39396
-0.124827,0.657829,2.298,2.39356
-0.115784,0.648955,2.267,2.3609
-0.108426,0.648955,2.267,2.36055
-0.101068,0.648955,2.267,2.36022
-0.0937101,0.648955,2.267,2.35992
-0.086352,0.648955,2.267,2.35964
-0.0784712,0.644661,2.252,2.34377
-0.0711618,0.644661,2.252,2.34353
-0.0634271,0.640367,2.237,2.32772
-0.0561663,0.640367,2.237,2.32753
-0.0489056,0.640367,2.237,2.32737
-0.0416448,0.640367,2.237,2.32722
-0.0343841,0.640367,2.237,2.32711
-0.0271233,0.640367,2.237,2.32701
-0.0198626,0.640367,2.237,2.32694
-0.0126018,0.640367,2.237,2.32689
-0.00534109,0.640367,2.237,2.32686
0.00190765,0.636359,2.223,2.31229
0.00912295,0.636359,2.223,2.31231
0.0163383,0.636359,2.223,2.31235
0.0235536,0.636359,2.223,2.31241
0.0307689,0.636359,2.223,2.31249
0.0379842,0.636359,2.223,2.3126
0.0457891,0.644661,2.252,2.3429
0.0530986,0.644661,2.252,2.34306
0.060408,0.644661,2.252,2.34323
0.0677174,0.644661,2.252,2.34343
0.0750269,0.644661,2.252,2.34366
0.0823363,0.644661,2.252,2.3439
0.0896457,0.644661,2.252,2.34417
0.0969552,0.644661,2.252,2.34446
0.104959,0.648955,2.267,2.36039
0.111574,0.644661,2.252,2.34511
0.118883,0.644661,2.252,2.34547
0.126193,0.644661,2.252,2.34585
0.133502,0.644661,2.252,2.34626
0.140812,0.644661,2.252,2.34668
0.148121,0.644661,2.252,2.34713
0.156466,0.648955,2.267,2.36324
0.163824,0.648955,2.267,2.36374
0.171182,0.648955,2.267,2.36426
0.17854,0.648955,2.267,2.36481
0.185898,0.648955,2.267,2.36537
0.193257,0.648955,2.267,2.36596
0.200615,0.648955,2.267,2.36658
0.206597,0.644661,2.252,2.35155
0.213906,0.644661,2.252,2.3522
0.219742,0.640367,2.237,2.3372
0.227003,0.640367,2.237,2.3379
0.234264,0.640367,2.237,2.33861
0.240013,0.636359,2.223,2.32471
0.245671,0.632352,2.209,2.31082
0.252841,0.632352,2.209,2.3116
0.260011,0.632352,2.209,2.31239
0.263673,0.62405,2.18,2.28284
0.270749,0.62405,2.18,2.28367
0.277825,0.62405,2.18,2.28452
0.2849,0.62405,2.18,2.28539
0.291976,0.62405,2.18,2.28628
0.299052,0.62405,2.18,2.2872
0.306128,0.62405,2.18,2.28813
0.313203,0.62405,2.18,2.28909
0.322336,0.628058,2.194,2.30478
0.329457,0.628058,2.194,2.30578
0.338879,0.632352,2.209,2.32258
0.346049,0.632352,2.209,2.32364
0.353219,0.632352,2.209,2.32472
0.364957,0.640367,2.237,2.3553
0.372218,0.640367,2.237,2.35643
0.382023,0.644661,2.252,2.3734
0.389332,0.644661,2.252,2.37459
0.399284,0.648955,2.267,2.39162
0.406642,0.648955,2.267,2.39286
0.414,0.648955,2.267,2.39412
0.421358,0.648955,2.267,2.39541
0.428716,0.648955,2.267,2.39671
0.433189,0.644661,2.252,2.38217
0.440499,0.644661,2.252,2.38351
0.447808,0.644661,2.252,2.38487
0.455117,0.644661,2.252,2.38626
0.462427,0.644661,2.252,2.38766
0.466607,0.640367,2.237,2.37318
0.473868,0.640367,2.237,2.37461
0.478118,0.636359,2.223,2.3612
0.482277,0.632352,2.209,2.34779
0.489446,0.632352,2.209,2.34928
0.496616,0.632352,2.209,2.35078
0.500365,0.628058,2.194,2.33633
0.507486,0.628058,2.194,2.33787
0.511324,0.62405,2.18,2.3245
0.515308,0.620329,2.167,2.31219
0.522342,0.620329,2.167,2.31377
0.525955,0.616321,2.153,2.30041
0.529725,0.6126,2.14,2.28812
0.536671,0.6126,2.14,2.28974
0.540061,0.608592,2.126,2.27638
0.543617,0.60487,2.113,2.2641
0.550475,0.60487,2.113,2.26576
0.557333,0.60487,2.113,2.26743
0.560721,0.601149,2.1,2.25517
0.567537,0.601149,2.1,2.25687
0.577908,0.60487,2.113,2.27258
0.581169,0.601149,2.1,2.26034
0.587985,0.601149,2.1,2.2621
0.598483,0.60487,2.113,2.2779
0.605341,0.60487,2.113,2.27971
0.620022,0.6126,2.14,2.31069
0.626968,0.6126,2.14,2.31257
0.633914,0.6126,2.14,2.31446
0.64086,0.6126,2.14,2.31637
0.651741,0.616321,2.153,2.33239
0.658729,0.616321,2.153,2.33435
0.665717,0.616321,2.153,2.33633
0.672706,0.616321,2.153,2.33833
0.679694,0.616321,2.153,2.34035
0.686682,0.616321,2.153,2.34239
0.689481,0.6126,2.14,2.33029
0.696427,0.6126,2.14,2.33236
0.698772,0.608592,2.126,2.31917
0.701357,0.60487,2.113,2.30706
0.708215,0.60487,2.113,2.30916
0.715074,0.60487,2.113,2.31127
0.721932,0.60487,2.113,2.3134
0.733274,0.608592,2.126,2.3298
0.740175,0.608592,2.126,2.33198
0.747075,0.608592,2.126,2.33418
0.753975,0.608592,2.126,2.33639
0.760876,0.608592,2.126,2.33863
0.767776,0.608592,2.126,2.34088
0.774677,0.608592,2.126,2.34316
0.786724,0.6126,2.14,2.36089
0.79367,0.6126,2.14,2.36322
0.800616,0.6126,2.14,2.36556
0.807562,0.6126,2.14,2.36792
0.814508,0.6126,2.14,2.3703
0.821454,0.6126,2.14,2.37269
0.8284,0.6126,2.14,2.37511
0.835345,0.6126,2.14,2.37754
0.842291,0.6126,2.14,2.37999
0.849237,0.6126,2.14,2.38245
0.856183,0.6126,2.14,2.38494
0.857482,0.608592,2.126,2.37182
0.859097,0.60487,2.113,2.35981
0.865956,0.60487,2.113,2.36231
0.872814,0.60487,2.113,2.36483
0.879672,0.60487,2.113,2.36737
0.886531,0.60487,2.113,2.36993
0.893389,0.60487,2.113,2.37251
0.894708,0.601149,2.1,2.36048
0.901524,0.601149,2.1,2.36308
0.908341,0.601149,2.1,2.36568
0.915157,0.601149,2.1,2.36831
0.916265,0.597428,2.087,2.35627
0.923039,0.597428,2.087,2.35892
0.929813,0.597428,2.087,2.36158
0.936587,0.597428,2.087,2.36425
0.943361,0.597428,2.087,2.36694
0.950135,0.597428,2.087,2.36965
0.962869,0.601149,2.1,2.38715
0.969685,0.601149,2.1,2.38991
0.976501,0.601149,2.1,2.39268
0.983317,0.601149,2.1,2.39547
0.990134,0.601149,2.1,2.39828
0.99695,0.601149,2.1,2.4011
1.00377,0.601149,2.1,2.40394
1.01058,0.601149,2.1,2.40679
1.0174,0.601149,2.1,2.40966
1.02421,0.601149,2.1,2.41255
1.03103,0.601149,2.1,2.41545
1.04427,0.60487,2.113,2.43334
1.05113,0.60487,2.113,2.43629
1.05799,0.60487,2.113,2.43926
1.06485,0.60487,2.113,2.44224
1.0717,0.60487,2.113,2.44524
1.0852,0.608592,2.126,2.46331
1.0921,0.608592,2.126,2.46636
1.099,0.608592,2.126,2.46942
1.1059,0.608592,2.126,2.4725
1.12013,0.6126,2.14,2.4919
1.12707,0.6126,2.14,2.49503
1.13402,0.6126,2.14,2.49818
1.14097,0.6126,2.14,2.50134
1.15488,0.616321,2.153,2.51973
1.16187,0.616321,2.153,2.52294
1.16886,0.616321,2.153,2.52616
1.1835,0.620329,2.167,2.54585
1.19053,0.620329,2.167,2.54913
1.19756,0.620329,2.167,2.55242
1.2046,0.620329,2.167,2.55573
1.21163,0.620329,2.167,2.55905
1.21866,0.620329,2.167,2.56239
1.23305,0.62405,2.18,2.58113
1.24809,0.628058,2.194,2.60112
1.25521,0.628058,2.194,2.60454
1.25428,0.62405,2.18,2.59134
1.26135,0.62405,2.18,2.59477
1.26843,0.62405,2.18,2.59822
1.2679,0.620329,2.167,2.58617
1.27493,0.620329,2.167,2.58962
1.28196,0.620329,2.167,2.59309
1.289,0.620329,2.167,2.59658
1.27988,0.6126,2.14,2.56768
1.28683,0.6126,2.14,2.57115
1.29378,0.6126,2.14,2.57463
1.30072,0.6126,2.14,2.57813
1.30767,0.6126,2.14,2.58164
1.31461,0.6126,2.14,2.58517
1.32156,0.6126,2.14,2.58871
1.3285,0.6126,2.14,2.59226
1.33545,0.6126,2.14,2.59582
1.3424,0.6126,2.14,2.59941
1.34934,0.6126,2.14,2.603
1.35629,0.6126,2.14,2.60661
1.36323,0.6126,2.14,2.61023
1.37018,0.6126,2.14,2.61386
1.37713,0.6126,2.14,2.61751
1.38407,0.6126,2.14,2.62117
1.39102,0.6126,2.14,2.62484
1.39796,0.6126,2.14,2.62853
1.40491,0.6126,2.14,2.63223
1.41186,0.6126,2.14,2.63595
1.4188,0.6126,2.14,2.63967
1.42575,0.6126,2.14,2.64341
1.43269,0.6126,2.14,2.64717
1.43964,0.6126,2.14,2.65093
1.44659,0.6126,2.14,2.65471
1.45353,0.6126,2.14,2.6585
-1.70866,0.713054,2.463,3.08129
-1.70067,0.713054,2.463,3.07686
-1.6803,0.707843,2.445,3.05
-1.67237,0.707843,2.445,3.04563
-1.66443,0.707843,2.445,3.04128
-1.6565,0.707843,2.445,3.03695
-1.6607,0.713054,2.463,3.05495
-1.66478,0.718265,2.481,3.07291
-1.64471,0.713054,2.463,3.04629
-1.63672,0.713054,2.463,3.04198
-1.62872,0.713054,2.463,3.03769
-1.60888,0.707843,2.445,3.01124
-1.60095,0.707843,2.445,3.00701
-1.59301,0.707843,2.445,3.00279
-1.58507,0.707843,2.445,2.99859
-1.57714,0.707843,2.445,2.9944
-1.5692,0.707843,2.445,2.99023
-1.56127,0.707843,2.445,2.98607
-1.55333,0.707843,2.445,2.98193
-1.53465,0.702921,2.428,2.9571
-1.52677,0.702921,2.428,2.95302
-1.51889,0.702921,2.428,2.94895
-1.52159,0.707843,2.445,2.96552
-1.51365,0.707843,2.445,2.96145
-1.50572,0.707843,2.445,2.95741
-1.48737,0.702921,2.428,2.93284
-1.47949,0.702921,2.428,2.92885
-1.4716,0.702921,2.428,2.92488
-1.46372,0.702921,2.428,2.92092
-1.45584,0.702921,2.428,2.91698
-1.44796,0.702921,2.428,2.91305
-1.43,0.698,2.411,2.88878
-1.42217,0.698,2.411,2.88491
-1.41435,0.698,2.411,2.88106
-1.39661,0.693078,2.394,2.85694
-1.37897,0.688156,2.377,2.83289
-1.37126,0.688156,2.377,2.82914
-1.35436,0.683524,2.361,2.80639
-1.33757,0.678892,2.345,2.78371
-1.32996,0.678892,2.345,2.78006
-1.32235,0.678892,2.345,2.77642
-1.31474,0.678892,2.345,2.77281
-1.30713,0.678892,2.345,2.76921
-1.29952,0.678892,2.345,2.76562
-1.28309,0.67426,2.329,2.74321
-1.27553,0.67426,2.329,2.73968
-1.26797,0.67426,2.329,2.73617
-1.26041,0.67426,2.329,2.73267
-1.25285,0.67426,2.329,2.7292
-1.2453,0.67426,2.329,2.72573
-1.23774,0.67426,2.329,2.72229
-1.23018,0.67426,2.329,2.71886
-1.22262,0.67426,2.329,2.71545
-1.21506,0.67426,2.329,2.71205
-1.2075,0.67426,2.329,2.70867
-1.19994,0.67426,2.329,2.70531
-1.19238,0.67426,2.329,2.70197
-1.18482,0.67426,2.329,2.69864
-1.16917,0.669628,2.313,2.67681
-1.16167,0.669628,2.313,2.67354
-1.15416,0.669628,2.313,2.67029
-1.15458,0.67426,2.329,2.6855
-1.1549,0.678892,2.345,2.70069
-1.14729,0.678892,2.345,2.69744
-1.13968,0.678892,2.345,2.69421
-1.13207,0.678892,2.345,2.691
-1.12446,0.678892,2.345,2.68781
-1.11685,0.678892,2.345,2.68464
-1.10924,0.678892,2.345,2.68148
-1.10162,0.678892,2.345,2.67834
-1.08655,0.67426,2.329,2.65696
-1.07899,0.67426,2.329,2.65388
-1.07879,0.678892,2.345,2.66903
-1.06387,0.67426,2.329,2.64777
-1.05631,0.67426,2.329,2.64474
-1.04155,0.669628,2.313,2.62358
-1.03404,0.669628,2.313,2.62061
-1.02653,0.669628,2.313,2.61766
-1.01902,0.669628,2.313,2.61472
-1.01152,0.669628,2.313,2.61181
-0.997499,0.665285,2.298,2.59199
-0.99004,0.665285,2.298,2.58913
-0.982581,0.665285,2.298,2.58629
-0.975123,0.665285,2.298,2.58346
-0.97398,0.669628,2.313,2.5975
-0.966473,0.669628,2.313,2.59469
-0.958965,0.669628,2.313,2.59191
-0.951458,0.669628,2.313,2.58914
-0.95048,0.67426,2.329,2.60428
-0.942921,0.67426,2.329,2.60153
-0.935362,0.67426,2.329,2.5988
-0.927802,0.67426,2.329,2.59609
-0.926565,0.678892,2.345,2.61121
-0.918953,0.678892,2.345,2.60852
-0.911342,0.678892,2.345,2.60585
-0.903731,0.678892,2.345,2.6032
-0.89612,0.678892,2.345,2.60057
-0.888508,0.678892,2.345,2.59795
-0.880897,0.678892,2.345,2.59536
-0.873286,0.678892,2.345,2.59279
-0.865674,0.678892,2.345,2.59023
-0.858063,0.678892,2.345,2.5877
-0.850452,0.678892,2.345,2.58519
-0.83709,0.67426,2.329,2.56507
-0.829531,0.67426,2.329,2.56261
-0.821971,0.67426,2.329,2.56018
-0.814412,0.67426,2.329,2.55776
-0.801309,0.669628,2.313,2.53781
-0.793802,0.669628,2.313,2.53545
-0.786295,0.669628,2.313,2.53311
-0.778787,0.669628,2.313,2.53079
-0.77128,0.669628,2.313,2.52849
-0.763772,0.669628,2.313,2.52621
-0.756265,0.669628,2.313,2.52395
-0.743902,0.665285,2.298,2.50535
-0.736443,0.665285,2.298,2.50315
-0.728984,0.665285,2.298,2.50097
-0.721526,0.665285,2.298,2.4988
-0.718728,0.669628,2.313,2.51295
-0.706608,0.665285,2.298,2.49453
-0.699149,0.665285,2.298,2.49243
-0.686875,0.660653,2.282,2.47301
-0.679468,0.660653,2.282,2.47096
-0.672061,0.660653,2.282,2.46894
-0.664654,0.660653,2.282,2.46693
-0.657247,0.660653,2.282,2.46495
-0.649841,0.660653,2.282,2.46298
-0.642434,0.660653,2.282,2.46104
-0.635027,0.660653,2.282,2.45912
-0.62762,0.660653,2.282,2.45721
-0.620213,0.660653,2.282,2.45533
-0.612807,0.660653,2.282,2.45347
-0.6054,0.660653,2.282,2.45163
-0.597993,0.660653,2.282,2.44981
-0.590586,0.660653,2.282,2.44802
-0.583179,0.660653,2.282,2.44624
-0.575773,0.660653,2.282,2.44448
-0.572351,0.665285,2.298,2.45988
-0.564892,0.665285,2.298,2.45815
-0.557433,0.665285,2.298,2.45645
-0.549975,0.665285,2.298,2.45477
-0.546057,0.669628,2.313,2.46912
-0.53855,0.669628,2.313,2.46747
-0.531042,0.669628,2.313,2.46584
-0.523535,0.669628,2.313,2.46424
-0.519597,0.67426,2.329,2.47969
-0.512038,0.67426,2.329,2.47811
-0.507944,0.678892,2.345,2.49358
-0.503746,0.683524,2.361,2.50904
-0.496083,0.683524,2.361,2.50751
-0.48842,0.683524,2.361,2.50601
-0.484015,0.688156,2.377,2.5215
-0.4763,0.688156,2.377,2.52003
-0.468584,0.688156,2.377,2.51858
-0.464165,0.693078,2.394,2.53516
-0.456395,0.693078,2.394,2.53375
-0.445439,0.688156,2.377,2.51438
-0.437724,0.688156,2.377,2.51302
-0.430009,0.688156,2.377,2.51169
-0.419451,0.683524,2.361,2.49348
-0.411788,0.683524,2.361,2.49221
-0.404125,0.683524,2.361,2.49095
-0.396461,0.683524,2.361,2.48972
-0.386163,0.678892,2.345,2.47165
-0.378552,0.678892,2.345,2.47047
-0.370941,0.678892,2.345,2.46932
-0.36085,0.67426,2.329,2.45134
-0.353291,0.67426,2.329,2.45024
-0.345732,0.67426,2.329,2.44916
-0.338172,0.67426,2.329,2.44811
-0.337427,0.688156,2.377,2.49751
-0.329712,0.688156,2.377,2.49648
-0.321997,0.688156,2.377,2.49547
-0.314281,0.688156,2.377,2.49449
-0.306566,0.688156,2.377,2.49353
-0.29684,0.683524,2.361,2.47581
-0.287217,0.678892,2.345,2.45813
-0.279605,0.678892,2.345,2.45725
-0.271994,0.678892,2.345,2.4564
-0.264383,0.678892,2.345,2.45557
-0.256771,0.678892,2.345,2.45476
-0.24916,0.678892,2.345,2.45398
-0.241549,0.678892,2.345,2.45322
-0.233938,0.678892,2.345,2.45248
-0.227871,0.683524,2.361,2.46849
-0.220207,0.683524,2.361,2.4678
-0.212544,0.683524,2.361,2.46712
-0.204881,0.683524,2.361,2.46648
-0.197218,0.683524,2.361,2.46585
-0.189554,0.683524,2.361,2.46525
-0.180659,0.678892,2.345,2.44797
-0.173047,0.678892,2.345,2.44742
-0.165436,0.678892,2.345,2.44689
-0.155671,0.669628,2.313,2.41301
-0.148164,0.669628,2.313,2.41253
-0.139744,0.665285,2.298,2.39644
-0.132285,0.665285,2.298,2.39602
-0.124827,0.665285,2.298,2.39562
-0.115784,0.656311,2.267,2.36293
-0.108426,0.656311,2.267,2.36258
-0.101068,0.656311,2.267,2.36225
-0.0937101,0.656311,2.267,2.36195
-0.086352,0.656311,2.267,2.36167
-0.0784712,0.651968,2.252,2.34579
-0.0711618,0.651968,2.252,2.34556
-0.0634271,0.647626,2.237,2.32972
-0.0561663,0.647626,2.237,2.32954
-0.0489056,0.647626,2.237,2.32937
-0.0416448,0.647626,2.237,2.32923
-0.0343841,0.647626,2.237,2.32911
-0.0271233,0.647626,2.237,2.32902
-0.0198626,0.647626,2.237,2.32894
-0.0126018,0.647626,2.237,2.32889
-0.00534109,0.647626,2.237,2.32887
0.00190765,0.643573,2.223,2.31429
0.00912295,0.643573,2.223,2.3143
0.0163383,0.643573,2.223,2.31434
0.0235536,0.643573,2.223,2.3144
0.0307689,0.643573,2.223,2.31449
0.0379842,0.643573,2.223,2.3146
0.0451995,0.643573,2.223,2.31473
0.0524148,0.643573,2.223,2.31488
0.0596301,0.643573,2.223,2.31505
0.0668454,0.643573,2.223,2.31525
0.0735943,0.639519,2.209,2.30089
0.0807642,0.639519,2.209,2.30113
0.087934,0.639519,2.209,2.30139
0.0951039,0.639519,2.209,2.30168
0.102274,0.639519,2.209,2.30198
0.109444,0.639519,2.209,2.30231
0.116613,0.639519,2.209,2.30266
0.123783,0.639519,2.209,2.30304
0.130064,0.635177,2.194,2.28779
0.137185,0.635177,2.194,2.28821
0.144306,0.635177,2.194,2.28865
0.151428,0.635177,2.194,2.28911
0.159633,0.639519,2.209,2.30524
0.166803,0.639519,2.209,2.30575
0.173972,0.639519,2.209,2.30628
0.181142,0.639519,2.209,2.30683
0.188312,0.639519,2.209,2.30741
0.194155,0.635177,2.194,2.29233
0.201276,0.635177,2.194,2.29295
0.208397,0.635177,2.194,2.29358
0.214143,0.631124,2.18,2.2796
0.221219,0.631124,2.18,2.28028
0.228294,0.631124,2.18,2.28097
0.23537,0.631124,2.18,2.28169
0.239443,0.623307,2.153,2.25416
0.246431,0.623307,2.153,2.25492
0.253419,0.623307,2.153,2.25569
0.260407,0.623307,2.153,2.25649
0.267395,0.623307,2.153,2.2573
0.270943,0.61549,2.126,2.22982
0.277843,0.61549,2.126,2.23067
0.284744,0.61549,2.126,2.23154
0.293565,0.619543,2.14,2.24713
0.30051,0.619543,2.14,2.24805
0.307456,0.619543,2.14,2.24899
0.314402,0.619543,2.14,2.24995
0.321348,0.619543,2.14,2.25093
0.328294,0.619543,2.14,2.25194
0.337277,0.623307,2.153,2.26664
0.344265,0.623307,2.153,2.26769
0.353537,0.62736,2.167,2.28352
0.362733,0.631124,2.18,2.29832
0.372184,0.635177,2.194,2.31422
0.379305,0.635177,2.194,2.31537
0.386426,0.635177,2.194,2.31655
0.396238,0.639519,2.209,2.3336
0.403408,0.639519,2.209,2.33482
0.410578,0.639519,2.209,2.33607
0.417748,0.639519,2.209,2.33734
0.424918,0.639519,2.209,2.33864
0.429154,0.635177,2.194,2.32406
0.436275,0.635177,2.194,2.32539
0.443396,0.635177,2.194,2.32673
0.450517,0.635177,2.194,2.3281
0.454718,0.631124,2.18,2.31462
0.461794,0.631124,2.18,2.31602
0.46887,0.631124,2.18,2.31745
0.470051,0.623307,2.153,2.29017
0.477039,0.623307,2.153,2.29161
0.484027,0.623307,2.153,2.29308
0.491015,0.623307,2.153,2.29456
0.498003,0.623307,2.153,2.29607
0.498658,0.61549,2.126,2.26878
0.505559,0.61549,2.126,2.27031
0.512459,0.61549,2.126,2.27185
0.516184,0.611727,2.113,2.25952
0.519824,0.607963,2.1,2.24718
0.52664,0.607963,2.1,2.24877
0.533456,0.607963,2.1,2.25038
0.536928,0.6042,2.087,2.23806
0.543702,0.6042,2.087,2.2397
0.550476,0.6042,2.087,2.24135
0.557249,0.6042,2.087,2.24302
0.557267,0.596962,2.062,2.21783
0.56396,0.596962,2.062,2.21952
0.570652,0.596962,2.062,2.22123
0.580985,0.600726,2.075,2.23697
0.591119,0.6042,2.087,2.25168
0.597893,0.6042,2.087,2.25346
0.608433,0.607963,2.1,2.26932
0.619058,0.611727,2.113,2.28522
0.625916,0.611727,2.113,2.28708
0.632774,0.611727,2.113,2.28897
0.639633,0.611727,2.113,2.29088
0.646491,0.611727,2.113,2.2928
0.653349,0.611727,2.113,2.29474
0.660208,0.611727,2.113,2.29671
0.667066,0.611727,2.113,2.29869
0.673924,0.611727,2.113,2.30069
0.676594,0.607963,2.1,2.28854
0.68341,0.607963,2.1,2.29056
0.690226,0.607963,2.1,2.2926
0.692727,0.6042,2.087,2.28046
0.699501,0.6042,2.087,2.28253
0.706275,0.6042,2.087,2.28461
0.713049,0.6042,2.087,2.28671
0.724306,0.607963,2.1,2.30309
0.731122,0.607963,2.1,2.30525
0.737939,0.607963,2.1,2.30742
0.744755,0.607963,2.1,2.30961
0.751571,0.607963,2.1,2.31181
0.758387,0.607963,2.1,2.31404
0.765203,0.607963,2.1,2.31628
0.776798,0.611727,2.113,2.33289
0.778835,0.607963,2.1,2.32082
0.785651,0.607963,2.1,2.32312
0.797373,0.611727,2.113,2.33983
0.799283,0.607963,2.1,2.32776
0.806099,0.607963,2.1,2.33011
0.812915,0.607963,2.1,2.33248
0.819732,0.607963,2.1,2.33486
0.826548,0.607963,2.1,2.33726
0.849237,0.619543,2.14,2.38425
0.856183,0.619543,2.14,2.38673
0.857482,0.61549,2.126,2.3736
0.859097,0.611727,2.113,2.36157
0.865956,0.611727,2.113,2.36408
0.872814,0.611727,2.113,2.3666
0.879672,0.611727,2.113,2.36914
0.886531,0.611727,2.113,2.37169
0.893389,0.611727,2.113,2.37426
0.894708,0.607963,2.1,2.36223
0.901524,0.607963,2.1,2.36482
0.908341,0.607963,2.1,2.36743
0.915157,0.607963,2.1,2.37005
0.916265,0.6042,2.087,2.358
0.923039,0.6042,2.087,2.36064
0.929813,0.6042,2.087,2.3633
0.936587,0.6042,2.087,2.36597
0.943361,0.6042,2.087,2.36866
0.950135,0.6042,2.087,2.37137
0.962869,0.607963,2.1,2.38888
0.969685,0.607963,2.1,2.39163
0.976501,0.607963,2.1,2.3944
0.983317,0.607963,2.1,2.39719
0.990134,0.607963,2.1,2.4
0.99695,0.607963,2.1,2.40282
1.00377,0.607963,2.1,2.40565
1.01058,0.607963,2.1,2.4085
1.0174,0.607963,2.1,2.41137
1.02421,0.607963,2.1,2.41426
1.03103,0.607963,2.1,2.41716
1.04427,0.611727,2.113,2.43505
1.05113,0.611727,2.113,2.438
1.05799,0.611727,2.113,2.44097
1.06485,0.611727,2.113,2.44395
1.0717,0.611727,2.113,2.44694
1.0852,0.61549,2.126,2.46503
1.0921,0.61549,2.126,2.46807
1.099,0.61549,2.126,2.47113
1.1059,0.61549,2.126,2.47421
1.12013,0.619543,2.14,2.49362
1.12707,0.619543,2.14,2.49674
1.13402,0.619543,2.14,2.49989
1.14097,0.619543,2.14,2.50305
1.15488,0.623307,2.153,2.52144
1.16187,0.623307,2.153,2.52465
1.16886,0.623307,2.153,2.52788
1.1835,0.62736,2.167,2.54757
1.19053,0.62736,2.167,2.55085
1.19756,0.62736,2.167,2.55414
1.2046,0.62736,2.167,2.55744
1.21163,0.62736,2.167,2.56076
1.21866,0.62736,2.167,2.5641
1.23305,0.631124,2.18,2.58285
1.24013,0.631124,2.18,2.58624
1.23976,0.62736,2.167,2.5742
1.2468,0.62736,2.167,2.57759
1.25383,0.62736,2.167,2.581
1.26086,0.62736,2.167,2.58442
1.25971,0.623307,2.153,2.57114
1.26669,0.623307,2.153,2.57457
1.26599,0.619543,2.14,2.56245
1.27294,0.619543,2.14,2.56589
1.27988,0.619543,2.14,2.56935
1.28683,0.619543,2.14,2.57281
1.28531,0.61549,2.126,2.55944
1.29221,0.61549,2.126,2.56291
1.29911,0.61549,2.126,2.5664
1.30601,0.61549,2.126,2.5699
1.30489,0.611727,2.113,2.55768
1.31174,0.611727,2.113,2.56118
1.3186,0.611727,2.113,2.5647
1.32546,0.611727,2.113,2.56823
1.34052,0.61549,2.126,2.5876
1.34742,0.61549,2.126,2.59118
1.34603,0.611727,2.113,2.57891
1.35289,0.611727,2.113,2.5825
1.36812,0.61549,2.126,2.60201
1.37502,0.61549,2.126,2.60564
1.38192,0.61549,2.126,2.60929
1.38882,0.61549,2.126,2.61295
1.39572,0.61549,2.126,2.61663
1.40262,0.61549,2.126,2.62031
1.40952,0.61549,2.126,2.62401
1.41642,0.61549,2.126,2.62773
1.42332,0.61549,2.126,2.63145
1.43022,0.61549,2.126,2.63519
1.43712,0.61549,2.126,2.63894
1.44402,0.61549,2.126,2.64271
-1.70866,0.721046,2.463,3.08315
-1.70067,0.721046,2.463,3.07873
-1.6803,0.715777,2.445,3.05185
-1.67237,0.715777,2.445,3.04749
-1.65286,0.7108,2.428,3.02198
-1.64498,0.7108,2.428,3.01768
-1.6371,0.7108,2.428,3.01339
-1.62922,0.7108,2.428,3.00911
-1.62134,0.7108,2.428,3.00486
-1.61346,0.7108,2.428,3.00061
-1.60558,0.7108,2.428,2.99638
-1.58651,0.705823,2.411,2.97121
-1.57868,0.705823,2.411,2.96704
-1.57086,0.705823,2.411,2.96289
-1.56303,0.705823,2.411,2.95875
-1.55521,0.705823,2.411,2.95462
-1.54738,0.705823,2.411,2.95051
-1.55041,0.7108,2.428,2.96719
-1.53173,0.705823,2.411,2.94233
-1.5239,0.705823,2.411,2.93826
-1.51608,0.705823,2.411,2.93421
-1.50825,0.705823,2.411,2.93018
-1.50043,0.705823,2.411,2.92616
-1.4926,0.705823,2.411,2.92215
-1.48478,0.705823,2.411,2.91816
-1.47695,0.705823,2.411,2.91419
-1.47949,0.7108,2.428,2.93075
-1.4716,0.7108,2.428,2.92678
-1.46372,0.7108,2.428,2.92283
-1.44565,0.705823,2.411,2.89845
-1.43782,0.705823,2.411,2.89455
-1.43,0.705823,2.411,2.89068
-1.42217,0.705823,2.411,2.88681
-1.41435,0.705823,2.411,2.88297
-1.39661,0.700846,2.394,2.85883
-1.36969,0.691185,2.361,2.81569
-1.36203,0.691185,2.361,2.81197
-1.35436,0.691185,2.361,2.80827
-1.33757,0.686501,2.345,2.78557
-1.32996,0.686501,2.345,2.78193
-1.32235,0.686501,2.345,2.7783
-1.30577,0.681817,2.329,2.75575
-1.29821,0.681817,2.329,2.75217
-1.29065,0.681817,2.329,2.74862
-1.28309,0.681817,2.329,2.74508
-1.27553,0.681817,2.329,2.74155
-1.26797,0.681817,2.329,2.73804
-1.25175,0.677133,2.313,2.71576
-1.24425,0.677133,2.313,2.71231
-1.23674,0.677133,2.313,2.70888
-1.22923,0.677133,2.313,2.70546
-1.22173,0.677133,2.313,2.70205
-1.21422,0.677133,2.313,2.69867
-1.20671,0.677133,2.313,2.6953
-1.1992,0.677133,2.313,2.69194
-1.1917,0.677133,2.313,2.68861
-1.18419,0.677133,2.313,2.68529
-1.16905,0.672742,2.298,2.66459
-1.16159,0.672742,2.298,2.66133
-1.15413,0.672742,2.298,2.65808
-1.14667,0.672742,2.298,2.65485
-1.14665,0.677133,2.313,2.66895
-1.13914,0.677133,2.313,2.66573
-1.13164,0.677133,2.313,2.66253
-1.12413,0.677133,2.313,2.65935
-1.11662,0.677133,2.313,2.65619
-1.10911,0.677133,2.313,2.65304
-1.10161,0.677133,2.313,2.64991
-1.0941,0.677133,2.313,2.6468
-1.08659,0.677133,2.313,2.6437
-1.07908,0.677133,2.313,2.64063
-1.07158,0.677133,2.313,2.63757
-1.07143,0.681817,2.329,2.65275
-1.05656,0.677133,2.313,2.6315
-1.04225,0.672742,2.298,2.61145
-1.03479,0.672742,2.298,2.60848
-1.02733,0.672742,2.298,2.60553
-1.01988,0.672742,2.298,2.6026
-1.00537,0.668058,2.282,2.58159
-0.99796,0.668058,2.282,2.57871
-0.990554,0.668058,2.282,2.57585
-0.99004,0.672742,2.298,2.59105
-0.982581,0.672742,2.298,2.58821
-0.975123,0.672742,2.298,2.58539
-0.967664,0.672742,2.298,2.58259
-0.960205,0.672742,2.298,2.5798
-0.952746,0.672742,2.298,2.57704
-0.945288,0.672742,2.298,2.57429
-0.943951,0.677133,2.313,2.58834
-0.936443,0.677133,2.313,2.58562
-0.928936,0.677133,2.313,2.58291
-0.921428,0.677133,2.313,2.58021
-0.913921,0.677133,2.313,2.57754
-0.906413,0.677133,2.313,2.57489
-0.905124,0.681817,2.329,2.59005
-0.897565,0.681817,2.329,2.58742
-0.890005,0.681817,2.329,2.58481
-0.882446,0.681817,2.329,2.58221
-0.874887,0.681817,2.329,2.57964
-0.867327,0.681817,2.329,2.57709
-0.859768,0.681817,2.329,2.57455
-0.852209,0.681817,2.329,2.57204
-0.844649,0.681817,2.329,2.56954
-0.831339,0.677133,2.313,2.54943
-0.823832,0.677133,2.313,2.54699
-0.816324,0.677133,2.313,2.54458
-0.803572,0.672742,2.298,2.52569
-0.796113,0.672742,2.298,2.52333
-0.793802,0.677133,2.313,2.53744
-0.786295,0.677133,2.313,2.5351
-0.778787,0.677133,2.313,2.53278
-0.766278,0.672742,2.298,2.51407
-0.758819,0.672742,2.298,2.51181
-0.75136,0.672742,2.298,2.50957
-0.743902,0.672742,2.298,2.50734
-0.736443,0.672742,2.298,2.50514
-0.723909,0.668058,2.282,2.48553
-0.716502,0.668058,2.282,2.48339
-0.718728,0.677133,2.313,2.51497
-0.706608,0.672742,2.298,2.49653
-0.699149,0.672742,2.298,2.49443
-0.686875,0.668058,2.282,2.475
-0.679468,0.668058,2.282,2.47295
-0.672061,0.668058,2.282,2.47093
-0.664654,0.668058,2.282,2.46892
-0.657247,0.668058,2.282,2.46694
-0.649841,0.668058,2.282,2.46498
-0.642434,0.668058,2.282,2.46304
-0.635027,0.668058,2.282,2.46111
-0.62762,0.668058,2.282,2.45921
-0.620213,0.668058,2.282,2.45733
-0.612807,0.668058,2.282,2.45548
-0.6054,0.668058,2.282,2.45364
-0.597993,0.668058,2.282,2.45182
-0.590586,0.668058,2.282,2.45002
-0.583179,0.668058,2.282,2.44825
-0.575773,0.668058,2.282,2.4465
-0.572351,0.672742,2.298,2.4619
-0.564892,0.672742,2.298,2.46018
-0.557433,0.672742,2.298,2.45848
-0.549975,0.672742,2.298,2.4568
-0.546057,0.677133,2.313,2.47117
-0.53855,0.677133,2.313,2.46952
-0.531042,0.677133,2.313,2.46789
-0.523535,0.677133,2.313,2.46629
-0.519597,0.681817,2.329,2.48175
-0.512038,0.681817,2.329,2.48018
-0.507944,0.686501,2.345,2.49566
-0.503746,0.691185,2.361,2.51114
-0.496083,0.691185,2.361,2.50961
-0.48842,0.691185,2.361,2.50811
-0.484015,0.695869,2.377,2.52362
-0.4763,0.695869,2.377,2.52215
-0.468584,0.695869,2.377,2.5207
-0.464165,0.700846,2.394,2.5373
-0.456395,0.700846,2.394,2.53589
-0.445439,0.695869,2.377,2.5165
-0.437724,0.695869,2.377,2.51515
-0.430009,0.695869,2.377,2.51382
-0.419451,0.691185,2.361,2.4956
-0.411788,0.691185,2.361,2.49432
-0.404125,0.691185,2.361,2.49307
-0.396461,0.691185,2.361,2.49183
-0.386163,0.686501,2.345,2.47375
-0.378552,0.686501,2.345,2.47257
-0.370941,0.686501,2.345,2.47142
-0.36085,0.681817,2.329,2.45343
-0.353291,0.681817,2.329,2.45233
-0.345732,0.681817,2.329,2.45125
-0.338172,0.681817,2.329,2.4502
-0.330613,0.681817,2.329,2.44917
-0.323054,0.681817,2.329,2.44816
-0.315494,0.681817,2.329,2.44717
-0.303836,0.672742,2.298,2.41365
-0.296378,0.672742,2.298,2.41272
-0.288919,0.672742,2.298,2.41182
-0.28146,0.672742,2.298,2.41093
-0.274001,0.672742,2.298,2.41008
-0.262947,0.663667,2.267,2.37674
-0.255589,0.663667,2.267,2.37594
-0.248231,0.663667,2.267,2.37516
-0.242466,0.668058,2.282,2.39011
-0.235059,0.668058,2.282,2.38937
-0.227653,0.668058,2.282,2.38865
-0.220246,0.668058,2.282,2.38796
-0.212839,0.668058,2.282,2.38728
-0.205432,0.668058,2.282,2.38664
-0.198025,0.668058,2.282,2.38601
-0.190619,0.668058,2.282,2.38541
-0.183212,0.668058,2.282,2.38483
-0.174649,0.663667,2.267,2.3686
-0.167291,0.663667,2.267,2.36806
-0.158875,0.659276,2.252,2.35189
-0.150556,0.654884,2.237,2.33575
-0.143295,0.654884,2.237,2.33529
-0.135183,0.650786,2.223,2.32024
-0.127968,0.650786,2.223,2.31983
-0.120753,0.650786,2.223,2.31945
-0.113537,0.650786,2.223,2.31908
-0.105652,0.646687,2.209,2.30414
-0.0984825,0.646687,2.209,2.30382
-0.0913126,0.646687,2.209,2.30352
-0.0841428,0.646687,2.209,2.30325
-0.0769729,0.646687,2.209,2.303
-0.069803,0.646687,2.209,2.30277
-0.0622078,0.642296,2.194,2.28693
-0.0550867,0.642296,2.194,2.28675
-0.0479655,0.642296,2.194,2.28659
-0.0405837,0.638197,2.18,2.27186
-0.0335079,0.638197,2.18,2.27174
-0.026602,0.642296,2.194,2.28624
-0.0194808,0.642296,2.194,2.28617
-0.0122807,0.638197,2.18,2.27153
-0.00520499,0.638197,2.18,2.2715
0.00187075,0.638197,2.18,2.2715
0.00894649,0.638197,2.18,2.27151
0.0160222,0.638197,2.18,2.27155
0.023098,0.638197,2.18,2.27161
0.0301737,0.638197,2.18,2.2717
0.0372494,0.638197,2.18,2.2718
0.0443252,0.638197,2.18,2.27193
0.0514009,0.638197,2.18,2.27208
0.0584767,0.638197,2.18,2.27225
0.0655524,0.638197,2.18,2.27244
0.072195,0.634392,2.167,2.2591
0.0792286,0.634392,2.167,2.25934
0.0862621,0.634392,2.167,2.2596
0.0932957,0.634392,2.167,2.25988
0.099681,0.630293,2.153,2.24558
0.106669,0.630293,2.153,2.2459
0.113657,0.630293,2.153,2.24624
0.119917,0.626487,2.14,2.23304
0.126863,0.626487,2.14,2.23342
0.133809,0.626487,2.14,2.23383
0.140755,0.626487,2.14,2.23426
0.147701,0.626487,2.14,2.2347
0.154646,0.626487,2.14,2.23517
0.161592,0.626487,2.14,2.23567
0.168538,0.626487,2.14,2.23618
0.175484,0.626487,2.14,2.23671
0.18243,0.626487,2.14,2.23727
0.188137,0.622389,2.126,2.2232
0.195038,0.622389,2.126,2.2238
0.201938,0.622389,2.126,2.22442
0.208838,0.622389,2.126,2.22505
0.215739,0.622389,2.126,2.22571
0.222639,0.622389,2.126,2.22639
0.228136,0.618583,2.113,2.21347
0.234995,0.618583,2.113,2.21419
0.241853,0.618583,2.113,2.21493
0.248711,0.618583,2.113,2.21569
0.253997,0.614777,2.1,2.20283
0.260813,0.614777,2.1,2.20363
0.265972,0.610972,2.087,2.1908
0.272746,0.610972,2.087,2.19163
0.27952,0.610972,2.087,2.19248
0.286294,0.610972,2.087,2.19336
0.293068,0.610972,2.087,2.19425
0.30171,0.614777,2.1,2.20884
0.308526,0.614777,2.1,2.20978
0.315342,0.614777,2.1,2.21074
0.322158,0.614777,2.1,2.21173
0.328974,0.614777,2.1,2.21273
0.33579,0.614777,2.1,2.21375
0.344727,0.618583,2.113,2.22851
0.353748,0.622389,2.126,2.2433
0.360649,0.622389,2.126,2.2444
0.36997,0.626487,2.14,2.2603
0.376915,0.626487,2.14,2.26145
0.386193,0.630293,2.153,2.27636
0.393181,0.630293,2.153,2.27756
0.400169,0.630293,2.153,2.27877
0.407158,0.630293,2.153,2.28001
0.414146,0.630293,2.153,2.28127
0.418591,0.626487,2.14,2.26877
0.425537,0.626487,2.14,2.27006
0.432483,0.626487,2.14,2.27137
0.439429,0.626487,2.14,2.2727
0.446375,0.626487,2.14,2.27406
0.450355,0.622389,2.126,2.26055
0.457255,0.622389,2.126,2.26193
0.461318,0.618583,2.113,2.2495
0.468176,0.618583,2.113,2.25091
0.475034,0.618583,2.113,2.25235
0.481892,0.618583,2.113,2.2538
0.498003,0.630293,2.153,2.29797
0.498658,0.622389,2.126,2.27066
0.505559,0.622389,2.126,2.27219
0.512459,0.622389,2.126,2.27373
0.516184,0.618583,2.113,2.26138
0.519824,0.614777,2.1,2.24904
0.52664,0.614777,2.1,2.25062
0.533456,0.614777,2.1,2.25223
0.536928,0.610972,2.087,2.2399
0.543702,0.610972,2.087,2.24153
0.550476,0.610972,2.087,2.24319
0.557249,0.610972,2.087,2.24486
0.557267,0.603653,2.062,2.21964
0.56396,0.603653,2.062,2.22133
0.570652,0.603653,2.062,2.22304
0.580985,0.607459,2.075,2.23879
0.591119,0.610972,2.087,2.2535
0.597893,0.610972,2.087,2.25529
0.608433,0.614777,2.1,2.27115
0.619058,0.618583,2.113,2.28706
0.625916,0.618583,2.113,2.28893
0.632774,0.618583,2.113,2.29081
0.639633,0.618583,2.113,2.29272
0.646491,0.618583,2.113,2.29464
0.653349,0.618583,2.113,2.29658
0.660208,0.618583,2.113,2.29854
0.667066,0.618583,2.113,2.30052
0.673924,0.618583,2.113,2.30252
0.676594,0.614777,2.1,2.29036
0.68341,0.614777,2.1,2.29238
0.690226,0.614777,2.1,2.29442
0.692727,0.610972,2.087,2.28226
0.699501,0.610972,2.087,2.28433
0.706275,0.610972,2.087,2.28641
0.713049,0.610972,2.087,2.28851
0.724306,0.614777,2.1,2.3049
0.731122,0.614777,2.1,2.30705
0.737939,0.614777,2.1,2.30922
0.744755,0.614777,2.1,2.31141
0.751571,0.614777,2.1,2.31361
0.758387,0.614777,2.1,2.31584
0.765203,0.614777,2.1,2.31808
0.776798,0.618583,2.113,2.3347
0.778835,0.614777,2.1,2.32261
0.785651,0.614777,2.1,2.32491
0.797373,0.618583,2.113,2.34163
0.799283,0.614777,2.1,2.32955
0.806099,0.614777,2.1,2.3319
0.812915,0.614777,2.1,2.33426
0.819732,0.614777,2.1,2.33665
0.821431,0.610972,2.087,2.32457
0.828205,0.610972,2.087,2.32697
0.834979,0.610972,2.087,2.32939
0.841753,0.610972,2.087,2.33182
0.843647,0.607459,2.075,2.32086
0.850382,0.607459,2.075,2.32331
0.857117,0.607459,2.075,2.32579
0.863852,0.607459,2.075,2.32828
0.870587,0.607459,2.075,2.33078
0.877322,0.607459,2.075,2.33331
0.878518,0.603653,2.062,2.32121
0.885211,0.603653,2.062,2.32376
0.891904,0.603653,2.062,2.32631
0.893367,0.60014,2.05,2.31533
0.900021,0.60014,2.05,2.31791
0.911982,0.603653,2.062,2.33408
0.918675,0.603653,2.062,2.33671
0.925368,0.603653,2.062,2.33935
0.93206,0.603653,2.062,2.342
0.938753,0.603653,2.062,2.34467
0.945446,0.603653,2.062,2.34736
0.952139,0.603653,2.062,2.35007
0.958831,0.603653,2.062,2.35279
0.965524,0.603653,2.062,2.35552
0.978346,0.607459,2.075,2.37314
0.985081,0.607459,2.075,2.37592
0.991816,0.607459,2.075,2.37872
0.998551,0.607459,2.075,2.38154
1.00529,0.607459,2.075,2.38437
1.01202,0.607459,2.075,2.38722
1.01876,0.607459,2.075,2.39008
1.02549,0.607459,2.075,2.39296
1.03223,0.607459,2.075,2.39585
1.04497,0.610972,2.087,2.41264
1.05174,0.610972,2.087,2.41558
1.05852,0.610972,2.087,2.41854
1.07193,0.614777,2.1,2.43659
1.07874,0.614777,2.1,2.4396
1.08556,0.614777,2.1,2.44262
1.09237,0.614777,2.1,2.44566
1.106,0.618583,2.113,2.46387
1.11285,0.618583,2.113,2.46695
1.11971,0.618583,2.113,2.47005
1.1335,0.622389,2.126,2.48839
1.1404,0.622389,2.126,2.49154
1.1473,0.622389,2.126,2.4947
1.1618,0.626487,2.14,2.51433
1.17585,0.630293,2.153,2.53284
1.18284,0.630293,2.153,2.5361
1.18983,0.630293,2.153,2.53936
1.19681,0.630293,2.153,2.54264
1.2038,0.630293,2.153,2.54594
1.21079,0.630293,2.153,2.54925
1.2257,0.634392,2.167,2.56918
1.23273,0.634392,2.167,2.57254
1.23175,0.630293,2.153,2.55928
1.23874,0.630293,2.153,2.56265
1.24573,0.630293,2.153,2.56603
1.24515,0.626487,2.14,2.55392
1.2521,0.626487,2.14,2.55731
1.25905,0.626487,2.14,2.56072
1.25771,0.622389,2.126,2.54737
1.26461,0.622389,2.126,2.55078
1.26374,0.618583,2.113,2.53859
1.27059,0.618583,2.113,2.54201
1.27745,0.618583,2.113,2.54545
1.28431,0.618583,2.113,2.5489
1.29117,0.618583,2.113,2.55236
1.29004,0.614777,2.1,2.54011
1.29686,0.614777,2.1,2.54358
1.30367,0.614777,2.1,2.54706
1.31049,0.614777,2.1,2.55056
1.31731,0.614777,2.1,2.55406
1.33232,0.618583,2.113,2.57342
1.33918,0.618583,2.113,2.57698
1.33775,0.614777,2.1,2.56467
1.34457,0.614777,2.1,2.56823
1.35139,0.614777,2.1,2.57181
1.3582,0.614777,2.1,2.5754
1.36502,0.614777,2.1,2.579
1.38033,0.618583,2.113,2.5986
1.38718,0.618583,2.113,2.60225
1.39404,0.618583,2.113,2.60591
1.4009,0.618583,2.113,2.60959
1.40776,0.618583,2.113,2.61327
1.41462,0.618583,2.113,2.61697
1.42148,0.618583,2.113,2.62069
1.42833,0.618583,2.113,2.62441
1.44402,0.622389,2.126,2.64432
-1.70866,0.729038,2.463,3.08503
-1.68824,0.72371,2.445,3.05809
-1.66862,0.718678,2.428,3.03249
-1.66074,0.718678,2.428,3.02816
-1.64129,0.713646,2.411,3.00267
-1.63346,0.713646,2.411,2.9984
-1.62564,0.713646,2.411,2.99415
-1.61781,0.713646,2.411,2.9899
-1.60999,0.713646,2.411,2.98568
-1.59086,0.708614,2.394,2.96044
-1.58309,0.708614,2.394,2.95627
-1.56414,0.703582,2.377,2.93116
-1.55642,0.703582,2.377,2.92705
-1.54871,0.703582,2.377,2.92295
-1.54099,0.703582,2.377,2.91887
-1.53328,0.703582,2.377,2.91481
-1.53647,0.708614,2.394,2.93157
-1.5287,0.708614,2.394,2.92751
-1.52093,0.708614,2.394,2.92346
-1.51316,0.708614,2.394,2.91942
-1.50539,0.708614,2.394,2.9154
-1.49762,0.708614,2.394,2.9114
-1.48985,0.708614,2.394,2.90741
-1.4926,0.713646,2.411,2.92405
-1.48478,0.713646,2.411,2.92006
-1.47695,0.713646,2.411,2.91609
-1.46913,0.713646,2.411,2.91214
-1.4613,0.713646,2.411,2.9082
-1.45348,0.713646,2.411,2.90427
-1.44565,0.713646,2.411,2.90036
-1.43782,0.713646,2.411,2.89647
-1.43,0.713646,2.411,2.8926
-1.41215,0.708614,2.394,2.86837
-1.40438,0.708614,2.394,2.86455
-1.39661,0.708614,2.394,2.86075
-1.36969,0.698846,2.361,2.81758
-1.36203,0.698846,2.361,2.81386
-1.35436,0.698846,2.361,2.81016
-1.33757,0.694111,2.345,2.78746
-1.32089,0.689375,2.329,2.76482
-1.31333,0.689375,2.329,2.76122
-1.30577,0.689375,2.329,2.75763
-1.29821,0.689375,2.329,2.75406
-1.29065,0.689375,2.329,2.7505
-1.27428,0.684639,2.313,2.72809
-1.26677,0.684639,2.313,2.72459
-1.25926,0.684639,2.313,2.72111
-1.25175,0.684639,2.313,2.71764
-1.23618,0.680199,2.298,2.69659
-1.22872,0.680199,2.298,2.69318
-1.22126,0.680199,2.298,2.68979
-1.2138,0.680199,2.298,2.68641
-1.20634,0.680199,2.298,2.68305
-1.20671,0.684639,2.313,2.69719
-1.1992,0.684639,2.313,2.69384
-1.18397,0.680199,2.298,2.67306
-1.17651,0.680199,2.298,2.66977
-1.16905,0.680199,2.298,2.66649
-1.16159,0.680199,2.298,2.66323
-1.15413,0.680199,2.298,2.65998
-1.14667,0.680199,2.298,2.65675
-1.13921,0.680199,2.298,2.65354
-1.13176,0.680199,2.298,2.65035
-1.13164,0.684639,2.313,2.66445
-1.12413,0.684639,2.313,2.66127
-1.10938,0.680199,2.298,2.64087
-1.10192,0.680199,2.298,2.63775
-1.09446,0.680199,2.298,2.63464
-1.0941,0.684639,2.313,2.64873
-1.08659,0.684639,2.313,2.64563
-1.07908,0.684639,2.313,2.64256
-1.07158,0.684639,2.313,2.6395
-1.07143,0.689375,2.329,2.6547
-1.05656,0.684639,2.313,2.63344
-1.04225,0.680199,2.298,2.61338
-1.03479,0.680199,2.298,2.61042
-1.02733,0.680199,2.298,2.60747
-1.01988,0.680199,2.298,2.60454
-1.00537,0.675463,2.282,2.58351
-0.99796,0.675463,2.282,2.58064
-0.990554,0.675463,2.282,2.57778
-0.99004,0.680199,2.298,2.593
-0.982581,0.680199,2.298,2.59016
-0.975123,0.680199,2.298,2.58734
-0.967664,0.680199,2.298,2.58454
-0.960205,0.680199,2.298,2.58176
-0.952746,0.680199,2.298,2.57899
-0.945288,0.680199,2.298,2.57625
-0.943951,0.684639,2.313,2.59032
-0.936443,0.684639,2.313,2.58759
-0.928936,0.684639,2.313,2.58488
-0.921428,0.684639,2.313,2.58219
-0.913921,0.684639,2.313,2.57953
-0.906413,0.684639,2.313,2.57688
-0.905124,0.689375,2.329,2.59205
-0.897565,0.689375,2.329,2.58942
-0.890005,0.689375,2.329,2.58681
-0.882446,0.689375,2.329,2.58422
-0.874887,0.689375,2.329,2.58165
-0.867327,0.689375,2.329,2.5791
-0.859768,0.689375,2.329,2.57656
-0.852209,0.689375,2.329,2.57405
-0.844649,0.689375,2.329,2.57156
-0.831339,0.684639,2.313,2.55144
-0.823832,0.684639,2.313,2.549
-0.816324,0.684639,2.313,2.54658
-0.803572,0.680199,2.298,2.52769
-0.796113,0.680199,2.298,2.52533
-0.793802,0.684639,2.313,2.53945
-0.786295,0.684639,2.313,2.53712
-0.778787,0.684639,2.313,2.5348
-0.766278,0.680199,2.298,2.51608
-0.758819,0.680199,2.298,2.51382
-0.75136,0.680199,2.298,2.51158
-0.743902,0.680199,2.298,2.50936
-0.736443,0.680199,2.298,2.50715
-0.723909,0.675463,2.282,2.48753
-0.716502,0.675463,2.282,2.48539
-0.709095,0.675463,2.282,2.48326
-0.701688,0.675463,2.282,2.48116
-0.694281,0.675463,2.282,2.47907
-0.68236,0.671023,2.267,2.46073
-0.675002,0.671023,2.267,2.4587
-0.663226,0.666583,2.252,2.44043
-0.655916,0.666583,2.252,2.43846
-0.652927,0.671023,2.267,2.45273
-0.641298,0.666583,2.252,2.43456
-0.633988,0.666583,2.252,2.43265
-0.626679,0.666583,2.252,2.43075
-0.619369,0.666583,2.252,2.42888
-0.61206,0.666583,2.252,2.42703
-0.60475,0.666583,2.252,2.42519
-0.60142,0.671023,2.267,2.43952
-0.594062,0.671023,2.267,2.43772
-0.586704,0.671023,2.267,2.43594
-0.579346,0.671023,2.267,2.43417
-0.571988,0.671023,2.267,2.43243
-0.56463,0.671023,2.267,2.43071
-0.557272,0.671023,2.267,2.42901
-0.549914,0.671023,2.267,2.42734
-0.546145,0.675463,2.282,2.44173
-0.538739,0.675463,2.282,2.44008
-0.531332,0.675463,2.282,2.43846
-0.527598,0.680199,2.298,2.45394
-0.523535,0.684639,2.313,2.46836
-0.516027,0.684639,2.313,2.46678
-0.50852,0.684639,2.313,2.46522
-0.504478,0.689375,2.329,2.48072
-0.500333,0.694111,2.345,2.49623
-0.492721,0.694111,2.345,2.49471
-0.48511,0.694111,2.345,2.49322
-0.480757,0.698846,2.361,2.50875
-0.473094,0.698846,2.361,2.50729
-0.46543,0.698846,2.361,2.50586
-0.457767,0.698846,2.361,2.50445
-0.450104,0.698846,2.361,2.50306
-0.442441,0.698846,2.361,2.50169
-0.431831,0.694111,2.345,2.4834
-0.42422,0.694111,2.345,2.48209
-0.413766,0.689375,2.329,2.46388
-0.403416,0.684639,2.313,2.4457
-0.395909,0.684639,2.313,2.44447
-0.385882,0.680199,2.298,2.42742
-0.375789,0.675463,2.282,2.40935
-0.368382,0.675463,2.282,2.40821
-0.360975,0.675463,2.282,2.40709
-0.351244,0.671023,2.267,2.39017
-0.343886,0.671023,2.267,2.3891
-0.336528,0.671023,2.267,2.38806
-0.326992,0.666583,2.252,2.37124
-0.319683,0.666583,2.252,2.37024
-0.312373,0.666583,2.252,2.36926
-0.305064,0.666583,2.252,2.36831
-0.295771,0.662143,2.237,2.35161
-0.28851,0.662143,2.237,2.35071
-0.281249,0.662143,2.237,2.34983
-0.273989,0.662143,2.237,2.34897
-0.266728,0.662143,2.237,2.34814
-0.257843,0.657999,2.223,2.33263
-0.250628,0.657999,2.223,2.33185
-0.243413,0.657999,2.223,2.33108
-0.236197,0.657999,2.223,2.33034
-0.228982,0.657999,2.223,2.32962
-0.22037,0.653855,2.209,2.31425
-0.2132,0.653855,2.209,2.31358
-0.20603,0.653855,2.209,2.31293
-0.198861,0.653855,2.209,2.3123
-0.191691,0.653855,2.209,2.3117
-0.184521,0.653855,2.209,2.31112
-0.177351,0.653855,2.209,2.31055
-0.170181,0.653855,2.209,2.31002
-0.161904,0.649415,2.194,2.29382
-0.154783,0.649415,2.194,2.29332
-0.14672,0.645271,2.18,2.27822
-0.139644,0.645271,2.18,2.27778
-0.132568,0.645271,2.18,2.27736
-0.124744,0.641423,2.167,2.26338
-0.117711,0.641423,2.167,2.263
-0.109962,0.637279,2.153,2.24803
-0.102974,0.637279,2.153,2.2477
-0.0959859,0.637279,2.153,2.24739
-0.0889978,0.637279,2.153,2.2471
-0.0820097,0.637279,2.153,2.24683
-0.0750216,0.637279,2.153,2.24659
-0.0676227,0.633431,2.14,2.2328
-0.0606768,0.633431,2.14,2.2326
-0.0537308,0.633431,2.14,2.23243
-0.0467849,0.633431,2.14,2.23227
-0.039839,0.633431,2.14,2.23213
-0.0328931,0.633431,2.14,2.23202
-0.0259472,0.633431,2.14,2.23193
-0.0190013,0.633431,2.14,2.23186
-0.0120554,0.633431,2.14,2.23181
-0.00510949,0.633431,2.14,2.23178
0.00183642,0.633431,2.14,2.23178
0.00878233,0.633431,2.14,2.2318
0.0157282,0.633431,2.14,2.23183
0.0226741,0.633431,2.14,2.23189
0.0296201,0.633431,2.14,2.23198
0.036566,0.633431,2.14,2.23208
0.0435119,0.633431,2.14,2.2322
0.0504578,0.633431,2.14,2.23235
0.0574037,0.633431,2.14,2.23252
0.0643496,0.633431,2.14,2.23271
0.0708291,0.629287,2.126,2.21831
0.0777296,0.629287,2.126,2.21854
0.08463,0.629287,2.126,2.21879
0.0909708,0.62544,2.113,2.2055
0.0978291,0.62544,2.113,2.20579
0.104687,0.62544,2.113,2.20611
0.110859,0.621592,2.1,2.19287
0.117675,0.621592,2.1,2.19322
0.124492,0.621592,2.1,2.1936
0.133809,0.633431,2.14,2.23579
0.140755,0.633431,2.14,2.23621
0.147701,0.633431,2.14,2.23666
0.154646,0.633431,2.14,2.23713
0.161592,0.633431,2.14,2.23762
0.168538,0.633431,2.14,2.23813
0.175484,0.633431,2.14,2.23867
0.18243,0.633431,2.14,2.23922
0.188137,0.629287,2.126,2.22515
0.195038,0.629287,2.126,2.22574
0.201938,0.629287,2.126,2.22636
0.208838,0.629287,2.126,2.22699
0.215739,0.629287,2.126,2.22765
0.222639,0.629287,2.126,2.22833
0.228136,0.62544,2.113,2.2154
0.234995,0.62544,2.113,2.21612
0.241853,0.62544,2.113,2.21685
0.248711,0.62544,2.113,2.21761
0.253997,0.621592,2.1,2.20474
0.260813,0.621592,2.1,2.20554
0.265972,0.617744,2.087,2.1927
0.272746,0.617744,2.087,2.19353
0.27952,0.617744,2.087,2.19438
0.286294,0.617744,2.087,2.19525
0.293068,0.617744,2.087,2.19615
0.30171,0.621592,2.1,2.21075
0.308526,0.621592,2.1,2.21169
0.315342,0.621592,2.1,2.21265
0.322158,0.621592,2.1,2.21363
0.328974,0.621592,2.1,2.21463
0.33579,0.621592,2.1,2.21566
0.344727,0.62544,2.113,2.23042
0.353748,0.629287,2.126,2.24522
0.360649,0.629287,2.126,2.24632
0.36997,0.633431,2.14,2.26224
0.376915,0.633431,2.14,2.26338
0.386193,0.637279,2.153,2.27831
0.393181,0.637279,2.153,2.2795
0.400169,0.637279,2.153,2.28072
0.407158,0.637279,2.153,2.28195
0.414146,0.637279,2.153,2.28321
0.418591,0.633431,2.14,2.27069
0.425537,0.633431,2.14,2.27199
0.432483,0.633431,2.14,2.2733
0.439429,0.633431,2.14,2.27463
0.446375,0.633431,2.14,2.27598
0.450355,0.629287,2.126,2.26245
0.457255,0.629287,2.126,2.26384
0.461318,0.62544,2.113,2.25139
0.468176,0.62544,2.113,2.25281
0.475034,0.62544,2.113,2.25424
0.481892,0.62544,2.113,2.2557
0.488751,0.62544,2.113,2.25717
0.489511,0.617744,2.087,2.23087
0.496284,0.617744,2.087,2.23237
0.503058,0.617744,2.087,2.23389
0.506901,0.614192,2.075,2.22257
0.513636,0.614192,2.075,2.22411
0.520371,0.614192,2.075,2.22568
0.523803,0.610344,2.062,2.21331
0.530496,0.610344,2.062,2.2149
0.537189,0.610344,2.062,2.21651
0.543881,0.610344,2.062,2.21815
0.54737,0.606792,2.05,2.20688
0.554024,0.606792,2.05,2.20854
0.560678,0.606792,2.05,2.21022
0.567331,0.606792,2.05,2.21191
0.573985,0.606792,2.05,2.21363
0.580639,0.606792,2.05,2.21536
0.587293,0.606792,2.05,2.21712
0.597423,0.610344,2.062,2.23188
0.607925,0.614192,2.075,2.24776
0.61466,0.614192,2.075,2.24959
0.621395,0.614192,2.075,2.25144
0.62813,0.614192,2.075,2.25331
0.634865,0.614192,2.075,2.2552
0.641599,0.614192,2.075,2.2571
0.648334,0.614192,2.075,2.25902
0.655069,0.614192,2.075,2.26097
0.661804,0.614192,2.075,2.26293
0.668539,0.614192,2.075,2.26491
0.675274,0.614192,2.075,2.2669
0.677736,0.610344,2.062,2.2547
0.684429,0.610344,2.062,2.25672
0.691122,0.610344,2.062,2.25876
0.697814,0.610344,2.062,2.26082
0.708949,0.614192,2.075,2.27716
0.715684,0.614192,2.075,2.27927
0.722419,0.614192,2.075,2.28139
0.729154,0.614192,2.075,2.28353
0.740144,0.617744,2.087,2.29891
0.746918,0.617744,2.087,2.3011
0.749358,0.614192,2.075,2.29006
0.756093,0.614192,2.075,2.29228
0.762828,0.614192,2.075,2.29451
0.769563,0.614192,2.075,2.29676
0.776298,0.614192,2.075,2.29902
0.783033,0.614192,2.075,2.3013
0.789768,0.614192,2.075,2.3036
0.791513,0.610344,2.062,2.29147
0.79356,0.606792,2.05,2.28045
0.800214,0.606792,2.05,2.28277
0.806868,0.606792,2.05,2.28511
0.813522,0.606792,2.05,2.28747
0.820175,0.606792,2.05,2.28984
0.821989,0.60324,2.038,2.27882
0.828604,0.60324,2.038,2.28121
0.835219,0.60324,2.038,2.28362
0.841834,0.60324,2.038,2.28605
0.848449,0.60324,2.038,2.28849
0.855063,0.60324,2.038,2.29096
0.861678,0.60324,2.038,2.29343
0.863181,0.599688,2.026,2.28241
0.869756,0.599688,2.026,2.2849
0.876332,0.599688,2.026,2.28741
0.882908,0.599688,2.026,2.28994
0.889484,0.599688,2.026,2.29248
0.89606,0.599688,2.026,2.29504
0.902636,0.599688,2.026,2.29762
0.909212,0.599688,2.026,2.30021
0.915788,0.599688,2.026,2.30282
0.922364,0.599688,2.026,2.30544
0.92894,0.599688,2.026,2.30808
0.941056,0.60324,2.038,2.32442
0.947671,0.60324,2.038,2.32711
0.954286,0.60324,2.038,2.32981
0.960901,0.60324,2.038,2.33253
0.967516,0.60324,2.038,2.33526
0.974131,0.60324,2.038,2.33801
0.980745,0.60324,2.038,2.34077
0.98736,0.60324,2.038,2.34355
0.993975,0.60324,2.038,2.34634
1.00648,0.606792,2.05,2.36299
1.01314,0.606792,2.05,2.36583
1.01979,0.606792,2.05,2.36868
1.02644,0.606792,2.05,2.37156
1.03914,0.610344,2.062,2.38834
1.04584,0.610344,2.062,2.39126
1.05253,0.610344,2.062,2.3942
1.0659,0.614192,2.075,2.41226
1.07264,0.614192,2.075,2.41524
1.07937,0.614192,2.075,2.41824
1.09239,0.617744,2.087,2.43526
1.09916,0.617744,2.087,2.4383
1.10593,0.617744,2.087,2.44137
1.11964,0.621592,2.1,2.45967
1.13343,0.62544,2.113,2.47802
1.14029,0.62544,2.113,2.48117
1.14714,0.62544,2.113,2.48433
1.1611,0.629287,2.126,2.50281
1.168,0.629287,2.126,2.50602
1.1749,0.629287,2.126,2.50924
1.1818,0.629287,2.126,2.51248
1.1887,0.629287,2.126,2.51573
1.19561,0.629287,2.126,2.519
1.20251,0.629287,2.126,2.52228
1.21737,0.633431,2.14,2.54221
1.22432,0.633431,2.14,2.54554
1.23126,0.633431,2.14,2.54889
1.23821,0.633431,2.14,2.55225
1.24515,0.633431,2.14,2.55563
1.24391,0.629287,2.126,2.54228
1.25081,0.629287,2.126,2.54566
1.25002,0.62544,2.113,2.53347
1.25688,0.62544,2.113,2.53687
1.26374,0.62544,2.113,2.54027
1.27059,0.62544,2.113,2.54369
1.27745,0.62544,2.113,2.54712
1.28431,0.62544,2.113,2.55057
1.29117,0.62544,2.113,2.55403
1.29004,0.621592,2.1,2.54177
1.29686,0.621592,2.1,2.54523
1.30367,0.621592,2.1,2.54871
1.31049,0.621592,2.1,2.55221
1.31731,0.621592,2.1,2.55571
1.33232,0.62544,2.113,2.57508
1.33918,0.62544,2.113,2.57863
1.33775,0.621592,2.1,2.56631
1.34457,0.621592,2.1,2.56987
1.35139,0.621592,2.1,2.57345
1.3582,0.621592,2.1,2.57703
1.36502,0.621592,2.1,2.58063
1.38033,0.62544,2.113,2.60024
1.38718,0.62544,2.113,2.60389
1.39404,0.62544,2.113,2.60755
1.4009,0.62544,2.113,2.61122
1.40776,0.62544,2.113,2.61491
1.41462,0.62544,2.113,2.6186
1.42148,0.62544,2.113,2.62232
1.42833,0.62544,2.113,2.62604
1.44402,0.629287,2.126,2.64596
-1.69618,0.731644,2.445,3.06437
-1.6765,0.726557,2.428,3.03871
-1.65694,0.72147,2.411,3.01312
-1.64911,0.72147,2.411,3.00882
-1.62971,0.716383,2.394,2.98336
-1.61043,0.711295,2.377,2.95796
-1.60271,0.711295,2.377,2.95377
-1.595,0.711295,2.377,2.94959
-1.58728,0.711295,2.377,2.94543
-1.56893,0.706508,2.361,2.92148
-1.56127,0.706508,2.361,2.91737
-1.54308,0.70172,2.345,2.89353
-1.53547,0.70172,2.345,2.88948
-1.52786,0.70172,2.345,2.88544
-1.52025,0.70172,2.345,2.88142
-1.51263,0.70172,2.345,2.87741
-1.51529,0.706508,2.361,2.89302
-1.5287,0.716383,2.394,2.9294
-1.52093,0.716383,2.394,2.92535
-1.51316,0.716383,2.394,2.92132
-1.50539,0.716383,2.394,2.9173
-1.49762,0.716383,2.394,2.9133
-1.48985,0.716383,2.394,2.90931
-1.4926,0.72147,2.411,2.92597
-1.48478,0.72147,2.411,2.92199
-1.47695,0.72147,2.411,2.91802
-1.46913,0.72147,2.411,2.91406
-1.4613,0.72147,2.411,2.91013
-1.45348,0.72147,2.411,2.90621
-1.44565,0.72147,2.411,2.9023
-1.43782,0.72147,2.411,2.89841
-1.43,0.72147,2.411,2.89454
-1.41215,0.716383,2.394,2.8703
-1.40438,0.716383,2.394,2.86648
-1.39661,0.716383,2.394,2.86268
-1.36969,0.706508,2.361,2.81949
-1.36203,0.706508,2.361,2.81578
-1.35436,0.706508,2.361,2.81208
-1.33757,0.70172,2.345,2.78936
-1.32089,0.696932,2.329,2.76671
-1.31333,0.696932,2.329,2.76311
-1.30577,0.696932,2.329,2.75953
-1.29821,0.696932,2.329,2.75596
-1.29065,0.696932,2.329,2.75241
-1.27428,0.692144,2.313,2.72998
-1.26677,0.692144,2.313,2.72649
-1.25926,0.692144,2.313,2.72301
-1.25175,0.692144,2.313,2.71954
-1.23618,0.687655,2.298,2.69848
-1.22872,0.687655,2.298,2.69507
-1.22126,0.687655,2.298,2.69168
-1.2138,0.687655,2.298,2.68831
-1.20634,0.687655,2.298,2.68495
-1.20671,0.692144,2.313,2.69911
-1.1992,0.692144,2.313,2.69576
-1.18397,0.687655,2.298,2.67497
-1.17651,0.687655,2.298,2.67167
-1.16905,0.687655,2.298,2.6684
-1.16159,0.687655,2.298,2.66514
-1.15413,0.687655,2.298,2.6619
-1.14667,0.687655,2.298,2.65867
-1.13921,0.687655,2.298,2.65546
-1.13176,0.687655,2.298,2.65227
-1.13164,0.692144,2.313,2.66639
-1.12413,0.692144,2.313,2.66321
-1.10938,0.687655,2.298,2.6428
-1.10192,0.687655,2.298,2.63968
-1.09446,0.687655,2.298,2.63657
-1.087,0.687655,2.298,2.63349
-1.07954,0.687655,2.298,2.63042
-1.07209,0.687655,2.298,2.62736
-1.06463,0.687655,2.298,2.62433
-1.05717,0.687655,2.298,2.62131
-1.04971,0.687655,2.298,2.61831
-1.03499,0.682868,2.282,2.59712
-1.02759,0.682868,2.282,2.59418
-1.02018,0.682868,2.282,2.59125
-1.00612,0.678379,2.267,2.57133
-0.998759,0.678379,2.267,2.56846
-0.991401,0.678379,2.267,2.56561
-0.984043,0.678379,2.267,2.56278
-0.983147,0.682868,2.282,2.5769
-0.97574,0.682868,2.282,2.57408
-0.961968,0.678379,2.267,2.55438
-0.95461,0.678379,2.267,2.55162
-0.95352,0.682868,2.282,2.56574
-0.946113,0.682868,2.282,2.563
-0.938706,0.682868,2.282,2.56027
-0.931299,0.682868,2.282,2.55757
-0.93037,0.687655,2.298,2.57279
-0.922911,0.687655,2.298,2.57011
-0.915453,0.687655,2.298,2.56744
-0.913921,0.692144,2.313,2.58153
-0.906413,0.692144,2.313,2.57888
-0.898906,0.692144,2.313,2.57625
-0.891399,0.692144,2.313,2.57364
-0.883891,0.692144,2.313,2.57105
-0.876384,0.692144,2.313,2.56848
-0.863242,0.687655,2.298,2.54929
-0.855783,0.687655,2.298,2.54677
-0.848324,0.687655,2.298,2.54427
-0.840865,0.687655,2.298,2.5418
-0.833407,0.687655,2.298,2.53934
-0.825948,0.687655,2.298,2.5369
-0.81279,0.682868,2.282,2.51684
-0.805384,0.682868,2.282,2.51445
-0.797977,0.682868,2.282,2.51209
-0.796113,0.687655,2.298,2.52734
-0.788654,0.687655,2.298,2.525
-0.781195,0.687655,2.298,2.52269
-0.76835,0.682868,2.282,2.50284
-0.760943,0.682868,2.282,2.50057
-0.753536,0.682868,2.282,2.49833
-0.746129,0.682868,2.282,2.49611
-0.738722,0.682868,2.282,2.4939
-0.731315,0.682868,2.282,2.49172
-0.723909,0.682868,2.282,2.48955
-0.716502,0.682868,2.282,2.48741
-0.709095,0.682868,2.282,2.48529
-0.697076,0.678379,2.267,2.46686
-0.689718,0.678379,2.267,2.46479
-0.677845,0.67389,2.252,2.44645
-0.670535,0.67389,2.252,2.44443
-0.658808,0.669402,2.237,2.42617
-0.651548,0.669402,2.237,2.42421
-0.644287,0.669402,2.237,2.42227
-0.637026,0.669402,2.237,2.42035
-0.629765,0.669402,2.237,2.41844
-0.622505,0.669402,2.237,2.41656
-0.615244,0.669402,2.237,2.4147
-0.604178,0.665212,2.223,2.39776
-0.596963,0.665212,2.223,2.39596
-0.589747,0.665212,2.223,2.39417
-0.582532,0.665212,2.223,2.3924
-0.575317,0.665212,2.223,2.39065
-0.568102,0.665212,2.223,2.38893
-0.560886,0.665212,2.223,2.38722
-0.553671,0.665212,2.223,2.38554
-0.549897,0.669402,2.237,2.39889
-0.542636,0.669402,2.237,2.39723
-0.542555,0.678379,2.267,2.42773
-0.535197,0.678379,2.267,2.42609
-0.527839,0.678379,2.267,2.42448
-0.520481,0.678379,2.267,2.42289
-0.516518,0.682868,2.282,2.43734
-0.512681,0.687655,2.298,2.45286
-0.505222,0.687655,2.298,2.45131
-0.497763,0.687655,2.298,2.44978
-0.493505,0.692144,2.313,2.46426
-0.485998,0.692144,2.313,2.46277
-0.47849,0.692144,2.313,2.4613
-0.470983,0.692144,2.313,2.45985
-0.463475,0.692144,2.313,2.45842
-0.453011,0.687655,2.298,2.44108
-0.445552,0.687655,2.298,2.43971
-0.440953,0.692144,2.313,2.45428
-0.427636,0.682868,2.282,2.42006
-0.417467,0.678379,2.267,2.40287
-0.410109,0.678379,2.267,2.4016
-0.402751,0.678379,2.267,2.40035
-0.392777,0.67389,2.252,2.38326
-0.385467,0.67389,2.252,2.38206
-0.378158,0.67389,2.252,2.38089
-0.368378,0.669402,2.237,2.36389
-0.361118,0.669402,2.237,2.36277
-0.351642,0.665212,2.223,2.34689
-0.344427,0.665212,2.223,2.34582
-0.337212,0.665212,2.223,2.34477
-0.329996,0.665212,2.223,2.34374
-0.322781,0.665212,2.223,2.34274
-0.313578,0.661023,2.209,2.32701
-0.306409,0.661023,2.209,2.32605
-0.299239,0.661023,2.209,2.32512
-0.290086,0.656534,2.194,2.30842
-0.282964,0.656534,2.194,2.30754
-0.275843,0.656534,2.194,2.30668
-0.267007,0.652345,2.18,2.29112
-0.259932,0.652345,2.18,2.29031
-0.252856,0.652345,2.18,2.28952
-0.24578,0.652345,2.18,2.28875
-0.237281,0.648455,2.167,2.27435
-0.230247,0.648455,2.167,2.27363
-0.223214,0.648455,2.167,2.27293
-0.22037,0.661023,2.209,2.31629
-0.2132,0.661023,2.209,2.31562
-0.20603,0.661023,2.209,2.31497
-0.198861,0.661023,2.209,2.31434
-0.191691,0.661023,2.209,2.31374
-0.184521,0.661023,2.209,2.31315
-0.177351,0.661023,2.209,2.31259
-0.170181,0.661023,2.209,2.31205
-0.161904,0.656534,2.194,2.29584
-0.154783,0.656534,2.194,2.29535
-0.14672,0.652345,2.18,2.28024
-0.139644,0.652345,2.18,2.27979
-0.132568,0.652345,2.18,2.27937
-0.124744,0.648455,2.167,2.26538
-0.117711,0.648455,2.167,2.265
-0.109962,0.644265,2.153,2.25002
-0.102974,0.644265,2.153,2.24969
-0.0959859,0.644265,2.153,2.24938
-0.0889978,0.644265,2.153,2.24909
-0.0820097,0.644265,2.153,2.24882
-0.0750216,0.644265,2.153,2.24858
-0.0676227,0.640375,2.14,2.23478
-0.0606768,0.640375,2.14,2.23458
-0.0537308,0.640375,2.14,2.23441
-0.0467849,0.640375,2.14,2.23425
-0.039839,0.640375,2.14,2.23411
-0.0328931,0.640375,2.14,2.234
-0.0259472,0.640375,2.14,2.23391
-0.0190013,0.640375,2.14,2.23384
-0.0120554,0.640375,2.14,2.23379
-0.00510949,0.640375,2.14,2.23377
0.00183642,0.640375,2.14,2.23376
0.00878233,0.640375,2.14,2.23378
0.0157282,0.640375,2.14,2.23381
0.0226741,0.640375,2.14,2.23387
0.0296201,0.640375,2.14,2.23396
0.036566,0.640375,2.14,2.23406
0.0435119,0.640375,2.14,2.23418
0.0504578,0.640375,2.14,2.23433
0.0574037,0.640375,2.14,2.2345
0.0643496,0.640375,2.14,2.23469
0.0708291,0.636186,2.126,2.22028
0.0777296,0.636186,2.126,2.22051
0.08463,0.636186,2.126,2.22076
0.0909708,0.632296,2.113,2.20745
0.0978291,0.632296,2.113,2.20775
0.104687,0.632296,2.113,2.20806
0.110859,0.628406,2.1,2.19481
0.117675,0.628406,2.1,2.19516
0.123721,0.624516,2.087,2.18195
0.130495,0.624516,2.087,2.18234
0.137269,0.624516,2.087,2.18276
0.144043,0.624516,2.087,2.18319
0.150816,0.624516,2.087,2.18365
0.15759,0.624516,2.087,2.18413
0.164364,0.624516,2.087,2.18463
0.171138,0.624516,2.087,2.18515
0.177912,0.624516,2.087,2.18569
0.184686,0.624516,2.087,2.18625
0.19146,0.624516,2.087,2.18683
0.198234,0.624516,2.087,2.18744
0.203829,0.620925,2.075,2.17548
0.210564,0.620925,2.075,2.17612
0.217299,0.620925,2.075,2.17678
0.22263,0.617035,2.062,2.16383
0.229323,0.617035,2.062,2.16452
0.237503,0.620925,2.075,2.17889
0.242708,0.617035,2.062,2.16598
0.249401,0.617035,2.062,2.16674
0.256094,0.617035,2.062,2.16752
0.262786,0.617035,2.062,2.16832
0.269479,0.617035,2.062,2.16915
0.276172,0.617035,2.062,2.16999
0.282865,0.617035,2.062,2.17085
0.289557,0.617035,2.062,2.17173
0.29625,0.617035,2.062,2.17263
0.302943,0.617035,2.062,2.17356
0.309636,0.617035,2.062,2.1745
0.316328,0.617035,2.062,2.17546
0.323021,0.617035,2.062,2.17645
0.329714,0.617035,2.062,2.17745
0.338527,0.620925,2.075,2.19221
0.347259,0.624516,2.087,2.20594
0.354033,0.624516,2.087,2.20702
0.363054,0.628406,2.1,2.22187
0.36987,0.628406,2.1,2.22299
0.376686,0.628406,2.1,2.22414
0.383503,0.628406,2.1,2.2253
0.390319,0.628406,2.1,2.22649
0.399593,0.632296,2.113,2.24148
0.406451,0.632296,2.113,2.24272
0.410767,0.628406,2.1,2.23016
0.417583,0.628406,2.1,2.23143
0.424399,0.628406,2.1,2.23271
0.428546,0.624516,2.087,2.22019
0.43532,0.624516,2.087,2.22151
0.442093,0.624516,2.087,2.22284
0.446286,0.620925,2.075,2.21141
0.453021,0.620925,2.075,2.21278
0.459756,0.620925,2.075,2.21417
0.463569,0.617035,2.062,2.2017
0.470261,0.617035,2.062,2.20312
0.479961,0.620925,2.075,2.21845
0.483647,0.617035,2.062,2.20601
0.487486,0.613444,2.05,2.19464
0.49414,0.613444,2.05,2.19613
0.497862,0.609853,2.038,2.18477
0.504477,0.609853,2.038,2.18629
0.511092,0.609853,2.038,2.18783
0.514658,0.606262,2.026,2.17649
0.521234,0.606262,2.026,2.17805
0.52781,0.606262,2.026,2.17964
0.534386,0.606262,2.026,2.18124
0.540962,0.606262,2.026,2.18286
0.544295,0.602671,2.014,2.17156
0.550832,0.602671,2.014,2.17321
0.557369,0.602671,2.014,2.17487
0.567265,0.606262,2.026,2.18952
0.573841,0.606262,2.026,2.19124
0.580417,0.606262,2.026,2.19297
0.586993,0.606262,2.026,2.19472
0.593569,0.606262,2.026,2.19649
0.600145,0.606262,2.026,2.19827
0.606721,0.606262,2.026,2.20008
0.616929,0.609853,2.038,2.21494
0.623544,0.609853,2.038,2.21679
0.630159,0.609853,2.038,2.21866
0.636774,0.609853,2.038,2.22055
0.647177,0.613444,2.05,2.23554
0.650003,0.609853,2.038,2.22438
0.656618,0.609853,2.038,2.22632
0.663233,0.609853,2.038,2.22828
0.669848,0.609853,2.038,2.23026
0.676463,0.609853,2.038,2.23226
0.683078,0.609853,2.038,2.23427
0.689692,0.609853,2.038,2.2363
0.696307,0.609853,2.038,2.23835
0.702922,0.609853,2.038,2.24042
0.713715,0.613444,2.05,2.2557
0.720369,0.613444,2.05,2.25782
0.727022,0.613444,2.05,2.25995
0.733676,0.613444,2.05,2.2621
0.74033,0.613444,2.05,2.26427
0.746984,0.613444,2.05,2.26645
0.753638,0.613444,2.05,2.26865
0.760291,0.613444,2.05,2.27087
0.766945,0.613444,2.05,2.27311
0.773599,0.613444,2.05,2.27536
0.775685,0.609853,2.038,2.2643
0.777694,0.606262,2.026,2.25323
0.78427,0.606262,2.026,2.25551
0.790846,0.606262,2.026,2.2578
0.792699,0.602671,2.014,2.24673
0.799235,0.602671,2.014,2.24904
0.805772,0.602671,2.014,2.25137
0.807469,0.59908,2.002,2.24029
0.813967,0.59908,2.002,2.24264
0.820465,0.59908,2.002,2.24501
0.822007,0.595489,1.99,2.23392
0.828466,0.595489,1.99,2.23631
0.834925,0.595489,1.99,2.23871
0.841384,0.595489,1.99,2.24112
0.847843,0.595489,1.99,2.24356
0.854302,0.595489,1.99,2.24601
0.860761,0.595489,1.99,2.24847
0.86722,0.595489,1.99,2.25095
0.889484,0.606262,2.026,2.29421
0.89606,0.606262,2.026,2.29677
0.902636,0.606262,2.026,2.29934
0.909212,0.606262,2.026,2.30193
0.915788,0.606262,2.026,2.30454
0.922364,0.606262,2.026,2.30716
0.92894,0.606262,2.026,2.3098
0.941056,0.609853,2.038,2.32615
0.947671,0.609853,2.038,2.32883
0.954286,0.609853,2.038,2.33153
0.960901,0.609853,2.038,2.33424
0.967516,0.609853,2.038,2.33697
0.974131,0.609853,2.038,2.33972
0.980745,0.609853,2.038,2.34248
0.98736,0.609853,2.038,2.34526
0.993975,0.609853,2.038,2.34805
1.00648,0.613444,2.05,2.3647
1.01314,0.613444,2.05,2.36754
1.01979,0.613444,2.05,2.3704
1.02644,0.613444,2.05,2.37327
1.03914,0.617035,2.062,2.39006
1.04584,0.617035,2.062,2.39298
1.05253,0.617035,2.062,2.39591
1.0659,0.620925,2.075,2.41398
1.07264,0.620925,2.075,2.41696
1.07937,0.620925,2.075,2.41996
1.09239,0.624516,2.087,2.43699
1.09916,0.624516,2.087,2.44003
1.10593,0.624516,2.087,2.44309
1.11964,0.628406,2.1,2.4614
1.13343,0.632296,2.113,2.47976
1.14029,0.632296,2.113,2.48291
1.14714,0.632296,2.113,2.48606
1.1611,0.636186,2.126,2.50455
1.168,0.636186,2.126,2.50776
1.1749,0.636186,2.126,2.51098
1.1818,0.636186,2.126,2.51421
1.1887,0.636186,2.126,2.51746
1.19561,0.636186,2.126,2.52073
1.20251,0.636186,2.126,2.52401
1.21737,0.640375,2.14,2.54395
1.22432,0.640375,2.14,2.54728
1.23126,0.640375,2.14,2.55062
1.23821,0.640375,2.14,2.55399
1.24515,0.640375,2.14,2.55736
1.24391,0.636186,2.126,2.544
1.25081,0.636186,2.126,2.54738
1.25002,0.632296,2.113,2.53518
1.25688,0.632296,2.113,2.53856
1.25596,0.628406,2.1,2.52633
1.26278,0.628406,2.1,2.52972
1.26959,0.628406,2.1,2.53313
1.26851,0.624516,2.087,2.52085
1.27528,0.624516,2.087,2.52427
1.28206,0.624516,2.087,2.5277
1.28883,0.624516,2.087,2.53114
1.2956,0.624516,2.087,2.5346
1.30238,0.624516,2.087,2.53806
1.30915,0.624516,2.087,2.54155
1.31592,0.624516,2.087,2.54504
1.3227,0.624516,2.087,2.54855
1.32947,0.624516,2.087,2.55207
1.33625,0.624516,2.087,2.55561
1.34302,0.624516,2.087,2.55916
1.34979,0.624516,2.087,2.56272
1.35657,0.624516,2.087,2.56629
1.37183,0.628406,2.1,2.58589
1.37865,0.628406,2.1,2.58951
1.38547,0.628406,2.1,2.59315
1.4009,0.632296,2.113,2.61287
1.40776,0.632296,2.113,2.61655
1.41462,0.632296,2.113,2.62025
1.42148,0.632296,2.113,2.62396
1.42833,0.632296,2.113,2.62768
1.43519,0.632296,2.113,2.63142
-1.69618,0.739577,2.445,3.06627
-1.6765,0.734435,2.428,3.0406
-1.65694,0.729293,2.411,3.015
-1.64911,0.729293,2.411,3.01071
-1.62971,0.724151,2.394,2.98523
-1.61043,0.719008,2.377,2.95983
-1.60271,0.719008,2.377,2.95564
-1.595,0.719008,2.377,2.95146
-1.58728,0.719008,2.377,2.9473
-1.56893,0.714169,2.361,2.92334
-1.56127,0.714169,2.361,2.91923
-1.54308,0.709329,2.345,2.89539
-1.53547,0.709329,2.345,2.89134
-1.52786,0.709329,2.345,2.8873
-1.52025,0.709329,2.345,2.88328
-1.51263,0.709329,2.345,2.87928
-1.51529,0.714169,2.361,2.8949
-1.50763,0.714169,2.361,2.8909
-1.49997,0.714169,2.361,2.88691
-1.50241,0.719008,2.377,2.90247
-1.4947,0.719008,2.377,2.89849
-1.48698,0.719008,2.377,2.89452
-1.48985,0.724151,2.394,2.91123
-1.4926,0.729293,2.411,2.92791
-1.48478,0.729293,2.411,2.92393
-1.47695,0.729293,2.411,2.91996
-1.46913,0.729293,2.411,2.91601
-1.4613,0.729293,2.411,2.91208
-1.45348,0.729293,2.411,2.90816
-1.44565,0.729293,2.411,2.90425
-1.43782,0.729293,2.411,2.90037
-1.43,0.729293,2.411,2.8965
-1.41215,0.724151,2.394,2.87224
-1.40438,0.724151,2.394,2.86843
-1.38669,0.719008,2.377,2.84429
-1.36969,0.714169,2.361,2.82142
-1.36203,0.714169,2.361,2.81771
-1.34519,0.709329,2.345,2.79494
-1.33757,0.709329,2.345,2.79129
-1.32089,0.704489,2.329,2.76863
-1.31333,0.704489,2.329,2.76503
-1.2968,0.699649,2.313,2.74247
-1.28929,0.699649,2.313,2.73893
-1.28178,0.699649,2.313,2.73541
-1.27428,0.699649,2.313,2.7319
-1.25855,0.695112,2.298,2.71071
-1.2511,0.695112,2.298,2.70725
-1.24364,0.695112,2.298,2.70382
-1.23618,0.695112,2.298,2.70039
-1.22872,0.695112,2.298,2.69699
-1.22126,0.695112,2.298,2.6936
-1.2138,0.695112,2.298,2.69022
-1.20634,0.695112,2.298,2.68687
-1.19888,0.695112,2.298,2.68353
-1.19143,0.695112,2.298,2.6802
-1.18397,0.695112,2.298,2.67689
-1.17651,0.695112,2.298,2.6736
-1.16905,0.695112,2.298,2.67033
-1.1535,0.690272,2.282,2.6485
-1.1461,0.690272,2.282,2.64529
-1.13869,0.690272,2.282,2.64209
-1.13921,0.695112,2.298,2.6574
-1.12388,0.690272,2.282,2.63573
-1.11647,0.690272,2.282,2.63259
-1.10906,0.690272,2.282,2.62945
-1.10166,0.690272,2.282,2.62634
-1.09425,0.690272,2.282,2.62324
-1.08684,0.690272,2.282,2.62016
-1.07234,0.685735,2.267,2.59989
-1.06498,0.685735,2.267,2.59687
-1.05762,0.685735,2.267,2.59386
-1.05721,0.690272,2.282,2.60801
-1.04981,0.690272,2.282,2.60501
-1.03555,0.685735,2.267,2.58493
-1.02139,0.681198,2.252,2.56491
-1.01408,0.681198,2.252,2.56201
-1.00677,0.681198,2.252,2.55912
-0.99946,0.681198,2.252,2.55626
-0.99215,0.681198,2.252,2.55341
-0.984841,0.681198,2.252,2.55058
-0.977531,0.681198,2.252,2.54776
-0.970222,0.681198,2.252,2.54497
-0.962913,0.681198,2.252,2.54219
-0.955603,0.681198,2.252,2.53943
-0.948294,0.681198,2.252,2.53669
-0.940984,0.681198,2.252,2.53397
-0.933675,0.681198,2.252,2.53126
-0.926365,0.681198,2.252,2.52857
-0.925178,0.685735,2.267,2.54273
-0.923892,0.690272,2.282,2.55687
-0.916486,0.690272,2.282,2.5542
-0.909079,0.690272,2.282,2.55155
-0.901672,0.690272,2.282,2.54892
-0.894265,0.690272,2.282,2.54631
-0.886858,0.690272,2.282,2.54372
-0.879452,0.690272,2.282,2.54115
-0.872045,0.690272,2.282,2.53859
-0.864638,0.690272,2.282,2.53606
-0.857231,0.690272,2.282,2.53354
-0.849824,0.690272,2.282,2.53105
-0.83688,0.685735,2.267,2.51195
-0.829522,0.685735,2.267,2.50951
-0.822164,0.685735,2.267,2.50709
-0.814806,0.685735,2.267,2.50468
-0.807448,0.685735,2.267,2.5023
-0.80009,0.685735,2.267,2.49993
-0.787486,0.681198,2.252,2.48106
-0.780177,0.681198,2.252,2.47875
-0.772867,0.681198,2.252,2.47646
-0.770657,0.685735,2.267,2.49067
-0.763299,0.685735,2.267,2.4884
-0.750939,0.681198,2.252,2.46971
-0.74363,0.681198,2.252,2.46749
-0.73632,0.681198,2.252,2.4653
-0.733867,0.685735,2.267,2.47953
-0.726508,0.685735,2.267,2.47736
-0.71915,0.685735,2.267,2.47522
-0.711792,0.685735,2.267,2.47309
-0.704434,0.685735,2.267,2.47098
-0.692464,0.681198,2.252,2.45256
-0.680591,0.67666,2.237,2.43418
-0.669116,0.672426,2.223,2.41694
-0.661901,0.672426,2.223,2.41495
-0.654685,0.672426,2.223,2.41299
-0.64747,0.672426,2.223,2.41104
-0.640255,0.672426,2.223,2.40911
-0.629053,0.668191,2.209,2.39204
-0.621883,0.668191,2.209,2.39017
-0.614713,0.668191,2.209,2.38831
-0.607543,0.668191,2.209,2.38648
-0.596296,0.663653,2.194,2.36847
-0.589175,0.663653,2.194,2.36669
-0.589747,0.672426,2.223,2.39618
-0.582532,0.672426,2.223,2.39442
-0.575317,0.672426,2.223,2.39267
-0.568102,0.672426,2.223,2.39095
-0.560886,0.672426,2.223,2.38924
-0.553671,0.672426,2.223,2.38756
-0.549897,0.67666,2.237,2.40092
-0.542636,0.67666,2.237,2.39927
-0.542555,0.685735,2.267,2.42979
-0.535197,0.685735,2.267,2.42816
-0.527839,0.685735,2.267,2.42655
-0.520481,0.685735,2.267,2.42496
-0.516518,0.690272,2.282,2.43942
-0.512681,0.695112,2.298,2.45496
-0.505222,0.695112,2.298,2.45341
-0.497763,0.695112,2.298,2.45189
-0.493505,0.699649,2.313,2.46638
-0.485998,0.699649,2.313,2.46489
-0.47849,0.699649,2.313,2.46342
-0.470983,0.699649,2.313,2.46197
-0.463475,0.699649,2.313,2.46055
-0.453011,0.695112,2.298,2.4432
-0.445552,0.695112,2.298,2.44182
-0.440953,0.699649,2.313,2.4564
-0.427636,0.690272,2.282,2.42216
-0.417467,0.685735,2.267,2.40495
-0.410109,0.685735,2.267,2.40369
-0.402751,0.685735,2.267,2.40244
-0.392777,0.681198,2.252,2.38533
-0.385467,0.681198,2.252,2.38414
-0.378158,0.681198,2.252,2.38297
-0.368378,0.67666,2.237,2.36595
-0.361118,0.67666,2.237,2.36484
-0.351642,0.672426,2.223,2.34894
-0.344427,0.672426,2.223,2.34787
-0.337212,0.672426,2.223,2.34683
-0.329996,0.672426,2.223,2.3458
-0.322781,0.672426,2.223,2.3448
-0.313578,0.668191,2.209,2.32905
-0.306409,0.668191,2.209,2.3281
-0.299239,0.668191,2.209,2.32717
-0.290086,0.663653,2.194,2.31046
-0.282964,0.663653,2.194,2.30958
-0.275843,0.663653,2.194,2.30871
-0.267007,0.659419,2.18,2.29315
-0.259932,0.659419,2.18,2.29233
-0.252856,0.659419,2.18,2.29154
-0.24578,0.659419,2.18,2.29077
-0.237281,0.655486,2.167,2.27637
-0.230247,0.655486,2.167,2.27565
-0.223214,0.655486,2.167,2.27495
-0.214784,0.651252,2.153,2.25957
-0.207796,0.651252,2.153,2.25892
-0.199595,0.647319,2.14,2.24465
-0.192649,0.647319,2.14,2.24404
-0.185703,0.647319,2.14,2.24346
-0.178757,0.647319,2.14,2.24289
-0.171811,0.647319,2.14,2.24235
-0.164865,0.647319,2.14,2.24183
-0.157919,0.647319,2.14,2.24133
-0.149069,0.639152,2.113,2.21258
-0.14221,0.639152,2.113,2.21213
-0.135352,0.639152,2.113,2.2117
-0.128494,0.639152,2.113,2.21129
-0.120887,0.63522,2.1,2.1973
-0.114071,0.63522,2.1,2.19693
-0.107255,0.63522,2.1,2.19659
-0.100439,0.63522,2.1,2.19627
-0.093623,0.63522,2.1,2.19597
-0.0868069,0.63522,2.1,2.19569
-0.0799908,0.63522,2.1,2.19543
-0.0731748,0.63522,2.1,2.19519
-0.0663587,0.63522,2.1,2.19497
-0.059174,0.631288,2.087,2.18119
-0.0524001,0.631288,2.087,2.18102
-0.0459105,0.63522,2.1,2.19445
-0.0390944,0.63522,2.1,2.19432
-0.0322783,0.63522,2.1,2.19421
-0.0254622,0.63522,2.1,2.19412
-0.0186461,0.63522,2.1,2.19405
-0.0118301,0.63522,2.1,2.194
-0.00501398,0.63522,2.1,2.19398
0.0018021,0.63522,2.1,2.19397
0.00861818,0.63522,2.1,2.19399
0.0154343,0.63522,2.1,2.19402
0.0222503,0.63522,2.1,2.19408
0.0290664,0.63522,2.1,2.19416
0.0358825,0.63522,2.1,2.19426
0.0426986,0.63522,2.1,2.19439
0.0495146,0.63522,2.1,2.19453
0.055982,0.631288,2.087,2.18111
0.0627559,0.631288,2.087,2.18129
0.0695298,0.631288,2.087,2.1815
0.0758649,0.627658,2.075,2.16918
0.0825999,0.627658,2.075,2.16942
0.0887751,0.623725,2.062,2.1561
0.0949123,0.620096,2.05,2.14383
0.101566,0.620096,2.05,2.14414
0.10822,0.620096,2.05,2.14447
0.114201,0.616466,2.038,2.13226
0.120816,0.616466,2.038,2.13262
0.127431,0.616466,2.038,2.13301
0.134046,0.616466,2.038,2.13341
0.140661,0.616466,2.038,2.13384
0.147275,0.616466,2.038,2.13428
0.15389,0.616466,2.038,2.13475
0.160505,0.616466,2.038,2.13524
0.16712,0.616466,2.038,2.13574
0.173735,0.616466,2.038,2.13627
0.18035,0.616466,2.038,2.13682
0.186964,0.616466,2.038,2.13739
0.193579,0.616466,2.038,2.13798
0.200194,0.616466,2.038,2.13859
0.206809,0.616466,2.038,2.13922
0.213424,0.616466,2.038,2.13987
0.220039,0.616466,2.038,2.14054
0.225319,0.612836,2.026,2.12862
0.231895,0.612836,2.026,2.12932
0.238471,0.612836,2.026,2.13005
0.245047,0.612836,2.026,2.1308
0.251623,0.612836,2.026,2.13156
0.258198,0.612836,2.026,2.13235
0.264774,0.612836,2.026,2.13315
0.27135,0.612836,2.026,2.13398
0.277926,0.612836,2.026,2.13483
0.284502,0.612836,2.026,2.13569
0.291078,0.612836,2.026,2.13658
0.297654,0.612836,2.026,2.13749
0.30423,0.612836,2.026,2.13841
0.310806,0.612836,2.026,2.13936
0.317381,0.612836,2.026,2.14032
0.323957,0.612836,2.026,2.14131
0.332491,0.616466,2.038,2.155
0.341103,0.620096,2.05,2.16873
0.347756,0.620096,2.05,2.16978
0.35441,0.620096,2.05,2.17086
0.361064,0.620096,2.05,2.17195
0.36987,0.623725,2.062,2.18579
0.376563,0.623725,2.062,2.18693
0.383256,0.623725,2.062,2.1881
0.389948,0.623725,2.062,2.18928
0.396641,0.623725,2.062,2.19048
0.403334,0.623725,2.062,2.1917
0.410027,0.623725,2.062,2.19294
0.414294,0.620096,2.05,2.18144
0.420948,0.620096,2.05,2.18271
0.427602,0.620096,2.05,2.184
0.434256,0.620096,2.05,2.18531
0.440909,0.620096,2.05,2.18665
0.447563,0.620096,2.05,2.188
0.454217,0.620096,2.05,2.18937
0.458173,0.616466,2.038,2.17793
0.464788,0.616466,2.038,2.17934
0.471403,0.616466,2.038,2.18076
0.478018,0.616466,2.038,2.18219
0.481779,0.612836,2.026,2.1708
0.488355,0.612836,2.026,2.17226
0.494931,0.612836,2.026,2.17375
0.498536,0.609206,2.014,2.16238
0.505073,0.609206,2.014,2.16389
0.51161,0.609206,2.014,2.16543
0.518147,0.609206,2.014,2.16698
0.524684,0.609206,2.014,2.16855
0.528056,0.605576,2.002,2.15721
0.534554,0.605576,2.002,2.15881
0.544295,0.609206,2.014,2.17338
0.550832,0.609206,2.014,2.17503
0.557369,0.609206,2.014,2.17669
0.567265,0.612836,2.026,2.19135
0.573841,0.612836,2.026,2.19307
0.580417,0.612836,2.026,2.1948
0.586993,0.612836,2.026,2.19654
0.593569,0.612836,2.026,2.19831
0.600145,0.612836,2.026,2.20009
0.606721,0.612836,2.026,2.2019
0.616929,0.616466,2.038,2.21677
0.623544,0.616466,2.038,2.21862
0.630159,0.616466,2.038,2.22049
0.636774,0.616466,2.038,2.22238
0.647177,0.620096,2.05,2.23738
0.650003,0.616466,2.038,2.2262
0.656618,0.616466,2.038,2.22814
0.663233,0.616466,2.038,2.2301
0.669848,0.616466,2.038,2.23208
0.676463,0.616466,2.038,2.23407
0.683078,0.616466,2.038,2.23608
0.689692,0.616466,2.038,2.23811
0.696307,0.616466,2.038,2.24016
0.702922,0.616466,2.038,2.24223
0.713715,0.620096,2.05,2.25752
0.720369,0.620096,2.05,2.25963
0.727022,0.620096,2.05,2.26177
0.733676,0.620096,2.05,2.26391
0.74033,0.620096,2.05,2.26608
0.746984,0.620096,2.05,2.26826
0.753638,0.620096,2.05,2.27046
0.760291,0.620096,2.05,2.27268
0.766945,0.620096,2.05,2.27491
0.773599,0.620096,2.05,2.27716
0.775685,0.616466,2.038,2.26609
0.777694,0.612836,2.026,2.25501
0.78427,0.612836,2.026,2.25728
0.790846,0.612836,2.026,2.25958
0.792699,0.609206,2.014,2.24849
0.799235,0.609206,2.014,2.2508
0.805772,0.609206,2.014,2.25313
0.807469,0.605576,2.002,2.24204
0.813967,0.605576,2.002,2.24439
0.820465,0.605576,2.002,2.24675
0.822007,0.601946,1.99,2.23565
0.828466,0.601946,1.99,2.23803
0.834925,0.601946,1.99,2.24043
0.841384,0.601946,1.99,2.24285
0.847843,0.601946,1.99,2.24528
0.854302,0.601946,1.99,2.24773
0.860761,0.601946,1.99,2.25019
0.86722,0.601946,1.99,2.25267
0.873679,0.601946,1.99,2.25516
0.880138,0.601946,1.99,2.25767
0.886597,0.601946,1.99,2.2602
0.893056,0.601946,1.99,2.26274
0.899515,0.601946,1.99,2.2653
0.905974,0.601946,1.99,2.26787
0.917935,0.605576,2.002,2.28415
0.924433,0.605576,2.002,2.28677
0.930931,0.605576,2.002,2.2894
0.937429,0.605576,2.002,2.29205
0.943927,0.605576,2.002,2.29472
0.950425,0.605576,2.002,2.2974
0.956923,0.605576,2.002,2.30009
0.969196,0.609206,2.014,2.31661
0.975733,0.609206,2.014,2.31935
0.98227,0.609206,2.014,2.32211
0.988807,0.609206,2.014,2.32488
0.995344,0.609206,2.014,2.32767
1.00188,0.609206,2.014,2.33047
1.01443,0.612836,2.026,2.34719
1.021,0.612836,2.026,2.35004
1.02758,0.612836,2.026,2.3529
1.04028,0.616466,2.038,2.36974
1.04689,0.616466,2.038,2.37265
1.05971,0.620096,2.05,2.38956
1.06637,0.620096,2.05,2.39252
1.0793,0.623725,2.062,2.40952
1.09284,0.627658,2.075,2.42773
1.09957,0.627658,2.075,2.43077
1.10631,0.627658,2.075,2.43382
1.11948,0.631288,2.087,2.45099
1.12626,0.631288,2.087,2.45409
1.13303,0.631288,2.087,2.4572
1.1469,0.63522,2.1,2.47566
1.15372,0.63522,2.1,2.47883
1.16772,0.639152,2.113,2.49737
1.17458,0.639152,2.113,2.50058
1.18144,0.639152,2.113,2.50381
1.18829,0.639152,2.113,2.50706
1.19515,0.639152,2.113,2.51031
1.20201,0.639152,2.113,2.51359
1.20887,0.639152,2.113,2.51687
1.21573,0.639152,2.113,2.52017
1.22259,0.639152,2.113,2.52349
1.22944,0.639152,2.113,2.52682
1.2363,0.639152,2.113,2.53016
1.24316,0.639152,2.113,2.53352
1.24233,0.63522,2.1,2.52129
1.24141,0.631288,2.087,2.50902
1.24819,0.631288,2.087,2.51238
1.25496,0.631288,2.087,2.51575
1.25448,0.627658,2.075,2.50465
1.25331,0.623725,2.062,2.49232
1.26,0.623725,2.062,2.49569
1.2667,0.623725,2.062,2.49908
1.27339,0.623725,2.062,2.50248
1.28008,0.623725,2.062,2.50589
1.28678,0.623725,2.062,2.50932
1.29347,0.623725,2.062,2.51275
1.30016,0.623725,2.062,2.51621
1.30685,0.623725,2.062,2.51967
1.32183,0.627658,2.075,2.53906
1.32856,0.627658,2.075,2.54257
1.3353,0.627658,2.075,2.54609
1.34203,0.627658,2.075,2.54963
1.35657,0.631288,2.087,2.56795
1.36334,0.631288,2.087,2.57154
1.37012,0.631288,2.087,2.57513
1.37689,0.631288,2.087,2.57874
1.39228,0.63522,2.1,2.59845
1.3991,0.63522,2.1,2.60211
1.40591,0.63522,2.1,2.60578
1.41273,0.63522,2.1,2.60947
1.41955,0.63522,2.1,2.61316
1.42636,0.63522,2.1,2.61687
-1.6608,0.731919,2.394,3.00419
-1.65303,0.731919,2.394,2.99991
-1.63357,0.726721,2.377,2.97436
-1.62586,0.726721,2.377,2.97013
-1.59636,0.716938,2.345,2.92598
-1.58875,0.716938,2.345,2.92184
-1.57035,0.712046,2.329,2.8978
-1.56279,0.712046,2.329,2.89371
-1.55523,0.712046,2.329,2.88963
-1.53704,0.707155,2.313,2.86575
-1.52953,0.707155,2.313,2.86173
-1.52202,0.707155,2.313,2.85772
-1.51451,0.707155,2.313,2.85373
-1.50701,0.707155,2.313,2.84976
-1.4995,0.707155,2.313,2.84579
-1.49199,0.707155,2.313,2.84184
-1.49475,0.712046,2.329,2.85754
-1.48719,0.712046,2.329,2.85359
-1.47964,0.712046,2.329,2.84966
-1.48219,0.716938,2.345,2.86529
-1.48464,0.72183,2.361,2.88089
-1.47698,0.72183,2.361,2.87695
-1.47927,0.726721,2.377,2.89249
-1.48208,0.731919,2.394,2.90921
-1.47431,0.731919,2.394,2.90526
-1.46654,0.731919,2.394,2.90132
-1.45877,0.731919,2.394,2.8974
-1.451,0.731919,2.394,2.8935
-1.44323,0.731919,2.394,2.88961
-1.44565,0.737116,2.411,2.90623
-1.43782,0.737116,2.411,2.90234
-1.41992,0.731919,2.394,2.87804
-1.40212,0.726721,2.377,2.8538
-1.3944,0.726721,2.377,2.85002
-1.37735,0.72183,2.361,2.82709
-1.36041,0.716938,2.345,2.80424
-1.3528,0.716938,2.345,2.80055
-1.33601,0.712046,2.329,2.7778
-1.31932,0.707155,2.313,2.75511
-1.31181,0.707155,2.313,2.75153
-1.30431,0.707155,2.313,2.74795
-1.28839,0.702569,2.298,2.7266
-1.27201,0.697677,2.282,2.70413
-1.26461,0.697677,2.282,2.70065
-1.2572,0.697677,2.282,2.69719
-1.24158,0.693091,2.267,2.67604
-1.23422,0.693091,2.267,2.67263
-1.22686,0.693091,2.267,2.66924
-1.22757,0.697677,2.282,2.68351
-1.22016,0.697677,2.282,2.68013
-1.21276,0.697677,2.282,2.67676
-1.20535,0.697677,2.282,2.67342
-1.19794,0.697677,2.282,2.67008
-1.19054,0.697677,2.282,2.66677
-1.18313,0.697677,2.282,2.66347
-1.17572,0.697677,2.282,2.66019
-1.16832,0.697677,2.282,2.65692
-1.16091,0.697677,2.282,2.65367
-1.1535,0.697677,2.282,2.65044
-1.1461,0.697677,2.282,2.64723
-1.13869,0.697677,2.282,2.64403
-1.12385,0.693091,2.267,2.62349
-1.11649,0.693091,2.267,2.62035
-1.10913,0.693091,2.267,2.61722
-1.10177,0.693091,2.267,2.61411
-1.09441,0.693091,2.267,2.61102
-1.08706,0.693091,2.267,2.60794
-1.07255,0.688505,2.252,2.58765
-1.06524,0.688505,2.252,2.58463
-1.05794,0.688505,2.252,2.58162
-1.05063,0.688505,2.252,2.57863
-1.04332,0.688505,2.252,2.57567
-1.03601,0.688505,2.252,2.57271
-1.02185,0.683919,2.237,2.55266
-1.00824,0.679639,2.223,2.53381
-0.994716,0.675359,2.209,2.51501
-0.987546,0.675359,2.209,2.51218
-0.980376,0.675359,2.209,2.50937
-0.973206,0.675359,2.209,2.50658
-0.966036,0.675359,2.209,2.5038
-0.958866,0.675359,2.209,2.50104
-0.957728,0.679639,2.223,2.51414
-0.962913,0.688505,2.252,2.54416
-0.955603,0.688505,2.252,2.5414
-0.948294,0.688505,2.252,2.53866
-0.940984,0.688505,2.252,2.53594
-0.933675,0.688505,2.252,2.53324
-0.926365,0.688505,2.252,2.53055
-0.925178,0.693091,2.267,2.54472
-0.923892,0.697677,2.282,2.55888
-0.916486,0.697677,2.282,2.55621
-0.909079,0.697677,2.282,2.55357
-0.901672,0.697677,2.282,2.55094
-0.894265,0.697677,2.282,2.54833
-0.886858,0.697677,2.282,2.54574
-0.879452,0.697677,2.282,2.54317
-0.872045,0.697677,2.282,2.54062
-0.864638,0.697677,2.282,2.53809
-0.857231,0.697677,2.282,2.53557
-0.849824,0.697677,2.282,2.53308
-0.83688,0.693091,2.267,2.51397
-0.829522,0.693091,2.267,2.51153
-0.822164,0.693091,2.267,2.50911
-0.814806,0.693091,2.267,2.50671
-0.807448,0.693091,2.267,2.50432
-0.80009,0.693091,2.267,2.50196
-0.787486,0.688505,2.252,2.48308
-0.780177,0.688505,2.252,2.48077
-0.772867,0.688505,2.252,2.47848
-0.770657,0.693091,2.267,2.4927
-0.763299,0.693091,2.267,2.49044
-0.750939,0.688505,2.252,2.47173
-0.74363,0.688505,2.252,2.46952
-0.73632,0.688505,2.252,2.46733
-0.733867,0.693091,2.267,2.48158
-0.726508,0.693091,2.267,2.47941
-0.71915,0.693091,2.267,2.47727
-0.711792,0.693091,2.267,2.47514
-0.704434,0.693091,2.267,2.47303
-0.692464,0.688505,2.252,2.4546
-0.680591,0.683919,2.237,2.43621
-0.669116,0.679639,2.223,2.41896
-0.661901,0.679639,2.223,2.41697
-0.654685,0.679639,2.223,2.41501
-0.64747,0.679639,2.223,2.41306
-0.640255,0.679639,2.223,2.41113
-0.629053,0.675359,2.209,2.39405
-0.621883,0.675359,2.209,2.39218
-0.614713,0.675359,2.209,2.39033
-0.607543,0.675359,2.209,2.38849
-0.596296,0.670773,2.194,2.37047
-0.589175,0.670773,2.194,2.36869
-0.582054,0.670773,2.194,2.36693
-0.574933,0.670773,2.194,2.36519
-0.567812,0.670773,2.194,2.36347
-0.56069,0.670773,2.194,2.36177
-0.553569,0.670773,2.194,2.36009
-0.546448,0.670773,2.194,2.35843
-0.539327,0.670773,2.194,2.35679
-0.532206,0.670773,2.194,2.35517
-0.528674,0.675359,2.209,2.36966
-0.52481,0.679639,2.223,2.38308
-0.517594,0.679639,2.223,2.3815
-0.510379,0.679639,2.223,2.37994
-0.506333,0.683919,2.237,2.39338
-0.499072,0.683919,2.237,2.39186
-0.491811,0.683919,2.237,2.39035
-0.48455,0.683919,2.237,2.38887
-0.47729,0.683919,2.237,2.38741
-0.470029,0.683919,2.237,2.38597
-0.462768,0.683919,2.237,2.38455
-0.458562,0.688505,2.252,2.39913
-0.448247,0.683919,2.237,2.38177
-0.440986,0.683919,2.237,2.38042
-0.431011,0.679639,2.223,2.36419
-0.423795,0.679639,2.223,2.36289
-0.41658,0.679639,2.223,2.3616
-0.406787,0.675359,2.209,2.34548
-0.399617,0.675359,2.209,2.34424
-0.389782,0.670773,2.194,2.32712
-0.382661,0.670773,2.194,2.32594
-0.37554,0.670773,2.194,2.32478
-0.368419,0.670773,2.194,2.32364
-0.358992,0.666492,2.18,2.3077
-0.351916,0.666492,2.18,2.30661
-0.34484,0.666492,2.18,2.30554
-0.335751,0.662518,2.167,2.29075
-0.328717,0.662518,2.167,2.28973
-0.321683,0.662518,2.167,2.28873
-0.312617,0.658238,2.153,2.27297
-0.305629,0.658238,2.153,2.27202
-0.298641,0.658238,2.153,2.2711
-0.291653,0.658238,2.153,2.27019
-0.282946,0.654263,2.14,2.2556
-0.276,0.654263,2.14,2.25474
-0.269054,0.654263,2.14,2.2539
-0.260393,0.649983,2.126,2.23834
-0.253493,0.649983,2.126,2.23755
-0.246592,0.649983,2.126,2.23677
-0.238226,0.646009,2.113,2.22235
-0.231368,0.646009,2.113,2.22163
-0.22451,0.646009,2.113,2.22092
-0.217651,0.646009,2.113,2.22024
-0.210793,0.646009,2.113,2.21958
-0.203935,0.646009,2.113,2.21894
-0.197077,0.646009,2.113,2.21832
-0.189048,0.642034,2.1,2.20408
-0.182232,0.642034,2.1,2.2035
-0.175416,0.642034,2.1,2.20295
-0.167556,0.63806,2.087,2.18878
-0.160782,0.63806,2.087,2.18827
-0.153123,0.634391,2.075,2.17521
-0.146388,0.634391,2.075,2.17474
-0.139653,0.634391,2.075,2.1743
-0.132918,0.634391,2.075,2.17388
-0.125393,0.630416,2.062,2.15986
-0.1187,0.630416,2.062,2.15948
-0.112007,0.630416,2.062,2.15912
-0.104701,0.626747,2.05,2.14622
-0.0980477,0.626747,2.05,2.14591
-0.0913939,0.626747,2.05,2.14562
-0.0847401,0.626747,2.05,2.14534
-0.0780863,0.626747,2.05,2.14509
-0.0714325,0.626747,2.05,2.14486
-0.0647787,0.626747,2.05,2.14465
-0.0581249,0.626747,2.05,2.14446
-0.0514711,0.626747,2.05,2.14429
-0.0448174,0.626747,2.05,2.14414
-0.0381636,0.626747,2.05,2.14401
-0.0315098,0.626747,2.05,2.1439
-0.024856,0.626747,2.05,2.14381
-0.0182022,0.626747,2.05,2.14375
-0.0115484,0.626747,2.05,2.1437
-0.00492325,0.630416,2.062,2.15622
0.00176949,0.630416,2.062,2.15622
0.00846223,0.630416,2.062,2.15623
0.015155,0.630416,2.062,2.15627
0.0218477,0.630416,2.062,2.15633
0.0285404,0.630416,2.062,2.15641
0.0352332,0.630416,2.062,2.1565
0.0419259,0.630416,2.062,2.15662
0.0483357,0.626747,2.05,2.14421
0.0549895,0.626747,2.05,2.14437
0.0616433,0.626747,2.05,2.14455
0.0678973,0.623079,2.038,2.1322
0.0740734,0.61941,2.026,2.11987
0.0806493,0.61941,2.026,2.12011
0.0867086,0.615741,2.014,2.10781
0.0932455,0.615741,2.014,2.10809
0.0997825,0.615741,2.014,2.10839
0.105686,0.612072,2.002,2.09614
0.112184,0.612072,2.002,2.09648
0.118682,0.612072,2.002,2.09684
0.12518,0.612072,2.002,2.09721
0.131678,0.612072,2.002,2.09761
0.138176,0.612072,2.002,2.09803
0.144674,0.612072,2.002,2.09847
0.151172,0.612072,2.002,2.09893
0.15767,0.612072,2.002,2.0994
0.164168,0.612072,2.002,2.0999
0.170666,0.612072,2.002,2.10042
0.177164,0.612072,2.002,2.10096
0.183662,0.612072,2.002,2.10152
0.19016,0.612072,2.002,2.10209
0.196658,0.612072,2.002,2.10269
0.203156,0.612072,2.002,2.10331
0.213424,0.623079,2.038,2.14178
0.220039,0.623079,2.038,2.14245
0.225319,0.61941,2.026,2.13052
0.231895,0.61941,2.026,2.13123
0.238471,0.61941,2.026,2.13195
0.245047,0.61941,2.026,2.1327
0.251623,0.61941,2.026,2.13346
0.258198,0.61941,2.026,2.13425
0.264774,0.61941,2.026,2.13505
0.27135,0.61941,2.026,2.13588
0.277926,0.61941,2.026,2.13672
0.284502,0.61941,2.026,2.13759
0.291078,0.61941,2.026,2.13847
0.297654,0.61941,2.026,2.13938
0.30423,0.61941,2.026,2.1403
0.310806,0.61941,2.026,2.14125
0.317381,0.61941,2.026,2.14221
0.323957,0.61941,2.026,2.1432
0.332491,0.623079,2.038,2.1569
0.341103,0.626747,2.05,2.17064
0.347756,0.626747,2.05,2.17169
0.35441,0.626747,2.05,2.17277
0.361064,0.626747,2.05,2.17386
0.36987,0.630416,2.062,2.18771
0.376563,0.630416,2.062,2.18885
0.383256,0.630416,2.062,2.19001
0.389948,0.630416,2.062,2.19119
0.396641,0.630416,2.062,2.19239
0.403334,0.630416,2.062,2.19361
0.410027,0.630416,2.062,2.19486
0.414294,0.626747,2.05,2.18334
0.420948,0.626747,2.05,2.18461
0.427602,0.626747,2.05,2.1859
0.434256,0.626747,2.05,2.18721
0.440909,0.626747,2.05,2.18854
0.447563,0.626747,2.05,2.18989
0.454217,0.626747,2.05,2.19126
0.458173,0.623079,2.038,2.17982
0.464788,0.623079,2.038,2.18122
0.471403,0.623079,2.038,2.18263
0.478018,0.623079,2.038,2.18407
0.481779,0.61941,2.026,2.17266
0.488355,0.61941,2.026,2.17413
0.494931,0.61941,2.026,2.17562
0.498536,0.615741,2.014,2.16423
0.505073,0.615741,2.014,2.16574
0.51161,0.615741,2.014,2.16727
0.518147,0.615741,2.014,2.16883
0.524684,0.615741,2.014,2.1704
0.528056,0.612072,2.002,2.15905
0.534554,0.612072,2.002,2.16064
0.541052,0.612072,2.002,2.16226
0.54755,0.612072,2.002,2.1639
0.554048,0.612072,2.002,2.16555
0.560546,0.612072,2.002,2.16722
0.567044,0.612072,2.002,2.16891
0.570104,0.608404,1.99,2.15761
0.576563,0.608404,1.99,2.15932
0.583022,0.608404,1.99,2.16106
0.589481,0.608404,1.99,2.16281
0.599534,0.612072,2.002,2.17763
0.606032,0.612072,2.002,2.17943
0.61253,0.612072,2.002,2.18124
0.619028,0.612072,2.002,2.18308
0.625526,0.612072,2.002,2.18493
0.632024,0.612072,2.002,2.1868
0.638521,0.612072,2.002,2.18869
0.64502,0.612072,2.002,2.19059
0.651518,0.612072,2.002,2.19251
0.658015,0.612072,2.002,2.19445
0.668497,0.615741,2.014,2.20957
0.675034,0.615741,2.014,2.21156
0.68157,0.615741,2.014,2.21357
0.688107,0.615741,2.014,2.21559
0.694644,0.615741,2.014,2.21763
0.705359,0.61941,2.026,2.23291
0.711935,0.61941,2.026,2.23499
0.718511,0.61941,2.026,2.2371
0.725087,0.61941,2.026,2.23922
0.731663,0.61941,2.026,2.24136
0.738239,0.61941,2.026,2.24351
0.744815,0.61941,2.026,2.24568
0.75139,0.61941,2.026,2.24787
0.753477,0.615741,2.014,2.23675
0.760014,0.615741,2.014,2.23896
0.766551,0.615741,2.014,2.24119
0.768481,0.612072,2.002,2.23007
0.774979,0.612072,2.002,2.23232
0.776793,0.608404,1.99,2.22119
0.783252,0.608404,1.99,2.22345
0.785346,0.605041,1.979,2.21343
0.791769,0.605041,1.979,2.21572
0.798193,0.605041,1.979,2.21802
0.799737,0.601372,1.967,2.20688
0.806122,0.601372,1.967,2.2092
0.812506,0.601372,1.967,2.21154
0.81889,0.601372,1.967,2.21389
0.825275,0.601372,1.967,2.21626
0.831659,0.601372,1.967,2.21865
0.838044,0.601372,1.967,2.22105
0.844428,0.601372,1.967,2.22346
0.846054,0.598009,1.956,2.21345
0.852403,0.598009,1.956,2.21588
0.858752,0.598009,1.956,2.21833
0.8651,0.598009,1.956,2.2208
0.871449,0.598009,1.956,2.22328
0.877798,0.598009,1.956,2.22578
0.889119,0.601372,1.967,2.24082
0.895503,0.601372,1.967,2.24336
0.901887,0.601372,1.967,2.24592
0.908272,0.601372,1.967,2.24849
0.914656,0.601372,1.967,2.25107
0.92666,0.605041,1.979,2.26742
0.933083,0.605041,1.979,2.27006
0.939506,0.605041,1.979,2.27271
0.94593,0.605041,1.979,2.27537
0.952353,0.605041,1.979,2.27805
0.964105,0.608404,1.99,2.29342
0.970565,0.608404,1.99,2.29614
0.977024,0.608404,1.99,2.29888
0.983483,0.608404,1.99,2.30163
0.989942,0.608404,1.99,2.3044
0.996401,0.608404,1.99,2.30718
1.00891,0.612072,2.002,2.3239
1.01541,0.612072,2.002,2.32673
1.0219,0.612072,2.002,2.32958
1.03457,0.615741,2.014,2.34641
1.04731,0.61941,2.026,2.3633
1.05388,0.61941,2.026,2.36622
1.06674,0.623079,2.038,2.38319
1.07967,0.626747,2.05,2.40021
1.08633,0.626747,2.05,2.40321
1.09298,0.626747,2.05,2.40623
1.10607,0.630416,2.062,2.42336
1.11276,0.630416,2.062,2.42642
1.11946,0.630416,2.062,2.4295
1.13325,0.634391,2.075,2.44792
1.13998,0.634391,2.075,2.45105
1.15335,0.63806,2.087,2.46838
1.16013,0.63806,2.087,2.47155
1.1669,0.63806,2.087,2.47474
1.17367,0.63806,2.087,2.47794
1.18045,0.63806,2.087,2.48116
1.19462,0.642034,2.1,2.49986
1.20143,0.642034,2.1,2.50313
1.20825,0.642034,2.1,2.50641
1.21506,0.642034,2.1,2.5097
1.21432,0.63806,2.087,2.49745
1.21407,0.634391,2.075,2.48637
1.2208,0.634391,2.075,2.48967
1.22754,0.634391,2.075,2.49298
1.23427,0.634391,2.075,2.4963
1.23323,0.630416,2.062,2.48398
1.23993,0.630416,2.062,2.4873
1.24662,0.630416,2.062,2.49065
1.23872,0.623079,2.038,2.46498
1.24534,0.623079,2.038,2.46831
1.25195,0.623079,2.038,2.47165
1.25857,0.623079,2.038,2.47501
1.26518,0.623079,2.038,2.47838
1.2718,0.623079,2.038,2.48176
1.27841,0.623079,2.038,2.48516
1.29259,0.626747,2.05,2.50322
1.29925,0.626747,2.05,2.50666
1.3059,0.626747,2.05,2.51012
1.32024,0.630416,2.062,2.5283
1.3353,0.634391,2.075,2.54776
1.34203,0.634391,2.075,2.5513
1.35657,0.63806,2.087,2.56962
1.36334,0.63806,2.087,2.57321
1.37012,0.63806,2.087,2.5768
1.37689,0.63806,2.087,2.58041
1.39228,0.642034,2.1,2.60013
1.3991,0.642034,2.1,2.60378
1.40591,0.642034,2.1,2.60745
1.41273,0.642034,2.1,2.61113
1.41955,0.642034,2.1,2.61483
1.42636,0.642034,2.1,2.61853
-1.6608,0.739687,2.394,3.0061
-1.63024,0.729491,2.361,2.96043
-1.62258,0.729491,2.361,2.95622
-1.61491,0.729491,2.361,2.95202
-1.58547,0.719603,2.329,2.90788
-1.57791,0.719603,2.329,2.90377
-1.55956,0.71466,2.313,2.87975
-1.55205,0.71466,2.313,2.87569
-1.54454,0.71466,2.313,2.87164
-1.52707,0.710025,2.298,2.84901
-1.51961,0.710025,2.298,2.84502
-1.50162,0.705082,2.282,2.82126
-1.49422,0.705082,2.282,2.81733
-1.48681,0.705082,2.282,2.81341
-1.4794,0.705082,2.282,2.8095
-1.472,0.705082,2.282,2.80561
-1.47486,0.710025,2.298,2.82137
-1.47698,0.71466,2.313,2.83587
-1.46947,0.71466,2.313,2.83197
-1.47208,0.719603,2.329,2.84764
-1.47458,0.724547,2.345,2.86328
-1.46697,0.724547,2.345,2.85937
-1.46931,0.729491,2.361,2.87495
-1.47155,0.734434,2.377,2.8905
-1.46384,0.734434,2.377,2.88658
-1.45612,0.734434,2.377,2.88268
-1.45877,0.739687,2.394,2.89938
-1.451,0.739687,2.394,2.89547
-1.44323,0.739687,2.394,2.89159
-1.43546,0.739687,2.394,2.88772
-1.42769,0.739687,2.394,2.88386
-1.41992,0.739687,2.394,2.88002
-1.40212,0.734434,2.377,2.85578
-1.3944,0.734434,2.377,2.852
-1.37735,0.729491,2.361,2.82906
-1.36041,0.724547,2.345,2.80619
-1.3528,0.724547,2.345,2.80251
-1.33601,0.719603,2.329,2.77975
-1.31932,0.71466,2.313,2.75705
-1.31181,0.71466,2.313,2.75346
-1.30431,0.71466,2.313,2.7499
-1.28839,0.710025,2.298,2.72853
-1.27201,0.705082,2.282,2.70604
-1.26461,0.705082,2.282,2.70257
-1.2572,0.705082,2.282,2.69911
-1.24158,0.700447,2.267,2.67795
-1.23422,0.700447,2.267,2.67455
-1.22686,0.700447,2.267,2.67116
-1.22757,0.705082,2.282,2.68544
-1.22016,0.705082,2.282,2.68206
-1.21276,0.705082,2.282,2.6787
-1.20535,0.705082,2.282,2.67536
-1.19794,0.705082,2.282,2.67203
-1.19054,0.705082,2.282,2.66872
-1.18313,0.705082,2.282,2.66542
-1.17572,0.705082,2.282,2.66214
-1.16832,0.705082,2.282,2.65888
-1.16091,0.705082,2.282,2.65563
-1.1535,0.705082,2.282,2.6524
-1.1461,0.705082,2.282,2.64919
-1.13869,0.705082,2.282,2.64599
-1.12385,0.700447,2.267,2.62544
-1.11649,0.700447,2.267,2.6223
-1.10913,0.700447,2.267,2.61918
-1.10177,0.700447,2.267,2.61607
-1.09441,0.700447,2.267,2.61298
-1.08706,0.700447,2.267,2.60991
-1.07255,0.695812,2.252,2.5896
-1.06524,0.695812,2.252,2.58658
-1.05794,0.695812,2.252,2.58358
-1.05063,0.695812,2.252,2.5806
-1.04332,0.695812,2.252,2.57763
-1.03601,0.695812,2.252,2.57468
-1.02185,0.691178,2.237,2.55462
-1.00824,0.686852,2.223,2.53575
-0.994716,0.682526,2.209,2.51694
-0.987546,0.682526,2.209,2.51411
-0.980376,0.682526,2.209,2.51131
-0.973206,0.682526,2.209,2.50852
-0.966036,0.682526,2.209,2.50574
-0.958866,0.682526,2.209,2.50299
-0.957728,0.686852,2.223,2.5161
-0.950513,0.686852,2.223,2.51336
-0.937357,0.682526,2.209,2.49483
-0.930187,0.682526,2.209,2.49214
-0.928867,0.686852,2.223,2.50525
-0.921651,0.686852,2.223,2.50259
-0.914436,0.686852,2.223,2.49994
-0.912934,0.691178,2.237,2.51304
-0.905674,0.691178,2.237,2.51041
-0.898413,0.691178,2.237,2.5078
-0.891152,0.691178,2.237,2.5052
-0.883891,0.691178,2.237,2.50263
-0.876631,0.691178,2.237,2.50008
-0.86937,0.691178,2.237,2.49754
-0.862109,0.691178,2.237,2.49502
-0.854848,0.691178,2.237,2.49252
-0.847588,0.691178,2.237,2.49004
-0.840327,0.691178,2.237,2.48758
-0.833066,0.691178,2.237,2.48513
-0.825805,0.691178,2.237,2.48271
-0.818545,0.691178,2.237,2.4803
-0.816724,0.695812,2.252,2.49453
-0.798991,0.686852,2.223,2.46006
-0.791776,0.686852,2.223,2.45772
-0.784561,0.686852,2.223,2.45541
-0.777345,0.686852,2.223,2.45311
-0.77013,0.686852,2.223,2.45084
-0.762915,0.686852,2.223,2.44858
-0.760459,0.691178,2.237,2.46175
-0.753198,0.691178,2.237,2.45951
-0.741269,0.686852,2.223,2.44192
-0.734054,0.686852,2.223,2.43974
-0.726838,0.686852,2.223,2.43758
-0.719623,0.686852,2.223,2.43544
-0.712408,0.686852,2.223,2.43331
-0.705192,0.686852,2.223,2.43121
-0.697977,0.686852,2.223,2.42913
-0.690762,0.686852,2.223,2.42707
-0.679242,0.682526,2.209,2.40975
-0.672072,0.682526,2.209,2.40774
-0.660387,0.677892,2.194,2.38941
-0.653266,0.677892,2.194,2.38745
-0.646145,0.677892,2.194,2.38551
-0.634946,0.673566,2.18,2.36839
-0.62787,0.673566,2.18,2.3665
-0.620794,0.673566,2.18,2.36463
-0.610059,0.66955,2.167,2.34869
-0.603025,0.66955,2.167,2.34688
-0.592141,0.665224,2.153,2.32993
-0.585153,0.665224,2.153,2.32816
-0.581925,0.66955,2.167,2.34154
-0.574891,0.66955,2.167,2.3398
-0.567857,0.66955,2.167,2.33809
-0.560824,0.66955,2.167,2.33639
-0.55379,0.66955,2.167,2.33471
-0.546757,0.66955,2.167,2.33305
-0.539723,0.66955,2.167,2.33141
-0.53269,0.66955,2.167,2.32979
-0.525656,0.66955,2.167,2.3282
-0.518623,0.66955,2.167,2.32662
-0.514658,0.673566,2.18,2.33901
-0.507582,0.673566,2.18,2.33746
-0.500507,0.673566,2.18,2.33594
-0.493431,0.673566,2.18,2.33443
-0.486355,0.673566,2.18,2.33295
-0.479279,0.673566,2.18,2.33148
-0.472204,0.673566,2.18,2.33004
-0.465128,0.673566,2.18,2.32861
-0.458052,0.673566,2.18,2.32721
-0.450977,0.673566,2.18,2.32583
-0.443901,0.673566,2.18,2.32447
-0.43422,0.66955,2.167,2.30927
-0.427187,0.66955,2.167,2.30796
-0.420153,0.66955,2.167,2.30667
-0.413119,0.66955,2.167,2.3054
-0.401026,0.661207,2.14,2.27544
-0.39408,0.661207,2.14,2.27422
-0.387134,0.661207,2.14,2.27303
-0.380189,0.661207,2.14,2.27186
-0.370801,0.656882,2.126,2.25585
-0.3639,0.656882,2.126,2.25473
-0.357,0.656882,2.126,2.25362
-0.350099,0.656882,2.126,2.25254
-0.343199,0.656882,2.126,2.25148
-0.336299,0.656882,2.126,2.25044
-0.329398,0.656882,2.126,2.24942
-0.322498,0.656882,2.126,2.24842
-0.313667,0.652865,2.113,2.23369
-0.306809,0.652865,2.113,2.23274
-0.299951,0.652865,2.113,2.23181
-0.293092,0.652865,2.113,2.2309
-0.284473,0.648848,2.1,2.21629
-0.277657,0.648848,2.1,2.21542
-0.270841,0.648848,2.1,2.21458
-0.262391,0.644832,2.087,2.20005
-0.255617,0.644832,2.087,2.19925
-0.248843,0.644832,2.087,2.19848
-0.240677,0.641124,2.075,2.18508
-0.233942,0.641124,2.075,2.18435
-0.227207,0.641124,2.075,2.18364
-0.219091,0.637107,2.062,2.16927
-0.212398,0.637107,2.062,2.16861
-0.204508,0.633399,2.05,2.15535
-0.197855,0.633399,2.05,2.15473
-0.191201,0.633399,2.05,2.15412
-0.184547,0.633399,2.05,2.15354
-0.177893,0.633399,2.05,2.15298
-0.170237,0.629692,2.038,2.13984
-0.163622,0.629692,2.038,2.13933
-0.157007,0.629692,2.038,2.13883
-0.150392,0.629692,2.038,2.13836
-0.143778,0.629692,2.038,2.1379
-0.137163,0.629692,2.038,2.13747
-0.129779,0.625984,2.026,2.12447
-0.123203,0.625984,2.026,2.12408
-0.1187,0.637107,2.062,2.16144
-0.112007,0.637107,2.062,2.16109
-0.104701,0.633399,2.05,2.14818
-0.0980477,0.633399,2.05,2.14786
-0.0913939,0.633399,2.05,2.14757
-0.0847401,0.633399,2.05,2.1473
-0.0780863,0.633399,2.05,2.14704
-0.0714325,0.633399,2.05,2.14681
-0.0647787,0.633399,2.05,2.1466
-0.0581249,0.633399,2.05,2.14641
-0.0514711,0.633399,2.05,2.14624
-0.0448174,0.633399,2.05,2.14609
-0.0381636,0.633399,2.05,2.14596
-0.0315098,0.633399,2.05,2.14585
-0.024856,0.633399,2.05,2.14577
-0.0182022,0.633399,2.05,2.1457
-0.0115484,0.633399,2.05,2.14565
-0.00492325,0.637107,2.062,2.15819
0.00176949,0.637107,2.062,2.15818
0.00846223,0.637107,2.062,2.1582
0.015155,0.637107,2.062,2.15824
0.0218477,0.637107,2.062,2.15829
0.0285404,0.637107,2.062,2.15837
0.0352332,0.637107,2.062,2.15847
0.0419259,0.637107,2.062,2.15859
0.0483357,0.633399,2.05,2.14617
0.0549895,0.633399,2.05,2.14633
0.0616433,0.633399,2.05,2.14651
0.0678973,0.629692,2.038,2.13414
0.0740734,0.625984,2.026,2.1218
0.0806493,0.625984,2.026,2.12204
0.0867086,0.622276,2.014,2.10973
0.0932455,0.622276,2.014,2.11
0.0997825,0.622276,2.014,2.1103
0.105686,0.618569,2.002,2.09805
0.112184,0.618569,2.002,2.09838
0.118682,0.618569,2.002,2.09874
0.12518,0.618569,2.002,2.09912
0.131678,0.618569,2.002,2.09952
0.138176,0.618569,2.002,2.09993
0.144674,0.618569,2.002,2.10037
0.151172,0.618569,2.002,2.10083
0.15767,0.618569,2.002,2.10131
0.164168,0.618569,2.002,2.1018
0.170666,0.618569,2.002,2.10232
0.177164,0.618569,2.002,2.10286
0.183662,0.618569,2.002,2.10342
0.19016,0.618569,2.002,2.10399
0.196658,0.618569,2.002,2.10459
0.201938,0.614861,1.99,2.09259
0.208397,0.614861,1.99,2.09322
0.214856,0.614861,1.99,2.09388
0.221315,0.614861,1.99,2.09455
0.229148,0.618569,2.002,2.10788
0.234233,0.614861,1.99,2.09595
0.240692,0.614861,1.99,2.09668
0.247151,0.614861,1.99,2.09744
0.25361,0.614861,1.99,2.09821
0.26007,0.614861,1.99,2.099
0.266529,0.614861,1.99,2.09981
0.272988,0.614861,1.99,2.10064
0.279447,0.614861,1.99,2.10149
0.285906,0.614861,1.99,2.10236
0.292365,0.614861,1.99,2.10324
0.298824,0.614861,1.99,2.10415
0.307124,0.618569,2.002,2.11777
0.313622,0.618569,2.002,2.11872
0.32012,0.618569,2.002,2.1197
0.326618,0.618569,2.002,2.12069
0.335112,0.622276,2.014,2.13441
0.341649,0.622276,2.014,2.13545
0.348186,0.622276,2.014,2.13651
0.354723,0.622276,2.014,2.13758
0.36126,0.622276,2.014,2.13868
0.367797,0.622276,2.014,2.13979
0.374334,0.622276,2.014,2.14092
0.38314,0.625984,2.026,2.15484
0.389716,0.625984,2.026,2.15602
0.396292,0.625984,2.026,2.15722
0.402868,0.625984,2.026,2.15843
0.409444,0.625984,2.026,2.15967
0.41602,0.625984,2.026,2.16093
0.422596,0.625984,2.026,2.1622
0.42663,0.622276,2.014,2.15068
0.433167,0.622276,2.014,2.15199
0.439704,0.622276,2.014,2.15331
0.446241,0.622276,2.014,2.15466
0.452777,0.622276,2.014,2.15602
0.459314,0.622276,2.014,2.1574
0.465851,0.622276,2.014,2.15881
0.469574,0.618569,2.002,2.14735
0.476072,0.618569,2.002,2.14878
0.48257,0.618569,2.002,2.15023
0.489068,0.618569,2.002,2.1517
0.492595,0.614861,1.99,2.14028
0.499054,0.614861,1.99,2.14178
0.502719,0.611462,1.979,2.13144
0.509142,0.611462,1.979,2.13297
0.515566,0.611462,1.979,2.13451
0.521989,0.611462,1.979,2.13607
0.528412,0.611462,1.979,2.13765
0.534836,0.611462,1.979,2.13925
0.541259,0.611462,1.979,2.14086
0.544361,0.607754,1.967,2.1295
0.550746,0.607754,1.967,2.13114
0.55713,0.607754,1.967,2.1328
0.563515,0.607754,1.967,2.13448
0.566712,0.604356,1.956,2.12423
0.573061,0.604356,1.956,2.12593
0.579409,0.604356,1.956,2.12765
0.589052,0.607754,1.967,2.14136
0.595437,0.607754,1.967,2.14313
0.601821,0.607754,1.967,2.14491
0.608205,0.607754,1.967,2.14671
0.61459,0.607754,1.967,2.14853
0.620974,0.607754,1.967,2.15036
0.627358,0.607754,1.967,2.15222
0.633743,0.607754,1.967,2.15409
0.640127,0.607754,1.967,2.15597
0.646512,0.607754,1.967,2.15788
0.656879,0.611462,1.979,2.17297
0.663303,0.611462,1.979,2.17492
0.669726,0.611462,1.979,2.17689
0.679908,0.614861,1.99,2.19099
0.686367,0.614861,1.99,2.193
0.697003,0.618569,2.002,2.20827
0.703501,0.618569,2.002,2.21033
0.709999,0.618569,2.002,2.2124
0.716497,0.618569,2.002,2.2145
0.722995,0.618569,2.002,2.21661
0.729493,0.618569,2.002,2.21874
0.735991,0.618569,2.002,2.22088
0.742489,0.618569,2.002,2.22304
0.744498,0.614861,1.99,2.21188
0.750957,0.614861,1.99,2.21407
0.757416,0.614861,1.99,2.21627
0.759653,0.611462,1.979,2.20622
0.766076,0.611462,1.979,2.20844
0.767815,0.607754,1.967,2.19727
0.76987,0.604356,1.956,2.18721
0.776219,0.604356,1.956,2.18945
0.782567,0.604356,1.956,2.19171
0.784479,0.600957,1.945,2.18165
0.78632,0.597558,1.934,2.17157
0.792597,0.597558,1.934,2.17385
0.798875,0.597558,1.934,2.17615
0.805152,0.597558,1.934,2.17846
0.811429,0.597558,1.934,2.18079
0.817707,0.597558,1.934,2.18313
0.823984,0.597558,1.934,2.18549
0.830261,0.597558,1.934,2.18787
0.83178,0.59416,1.923,2.1778
0.838022,0.59416,1.923,2.18019
0.844264,0.59416,1.923,2.1826
0.850505,0.59416,1.923,2.18502
0.856747,0.59416,1.923,2.18746
0.862988,0.59416,1.923,2.18991
0.874202,0.597558,1.934,2.20492
0.880479,0.597558,1.934,2.20741
0.886757,0.597558,1.934,2.20993
0.893034,0.597558,1.934,2.21245
0.899311,0.597558,1.934,2.21499
0.910739,0.600957,1.945,2.23016
0.917052,0.600957,1.945,2.23275
0.923365,0.600957,1.945,2.23535
0.94593,0.611462,1.979,2.27708
0.952353,0.611462,1.979,2.27976
0.964105,0.614861,1.99,2.29514
0.970565,0.614861,1.99,2.29786
0.977024,0.614861,1.99,2.30059
0.983483,0.614861,1.99,2.30334
0.989942,0.614861,1.99,2.30611
0.996401,0.614861,1.99,2.30889
1.00891,0.618569,2.002,2.32562
1.01541,0.618569,2.002,2.32845
1.0219,0.618569,2.002,2.33129
1.03457,0.622276,2.014,2.34814
1.04731,0.625984,2.026,2.36503
1.05388,0.625984,2.026,2.36795
1.06674,0.629692,2.038,2.38493
1.07967,0.633399,2.05,2.40196
1.08633,0.633399,2.05,2.40495
1.09298,0.633399,2.05,2.40797
1.10607,0.637107,2.062,2.42511
1.11276,0.637107,2.062,2.42817
1.11946,0.637107,2.062,2.43124
1.13325,0.641124,2.075,2.44968
1.13998,0.641124,2.075,2.4528
1.15335,0.644832,2.087,2.47014
1.16013,0.644832,2.087,2.47331
1.1669,0.644832,2.087,2.4765
1.17367,0.644832,2.087,2.47969
1.18045,0.644832,2.087,2.48291
1.19462,0.648848,2.1,2.50162
1.20143,0.648848,2.1,2.50488
1.20825,0.648848,2.1,2.50816
1.21506,0.648848,2.1,2.51145
1.21432,0.644832,2.087,2.49919
1.21407,0.641124,2.075,2.4881
1.2208,0.641124,2.075,2.49139
1.22754,0.641124,2.075,2.4947
1.23427,0.641124,2.075,2.49802
1.23323,0.637107,2.062,2.48568
1.23993,0.637107,2.062,2.48901
1.24662,0.637107,2.062,2.49235
1.23872,0.629692,2.038,2.46666
1.24534,0.629692,2.038,2.46998
1.25195,0.629692,2.038,2.47333
1.25857,0.629692,2.038,2.47668
1.26518,0.629692,2.038,2.48005
1.2718,0.629692,2.038,2.48343
1.27841,0.629692,2.038,2.48682
1.29259,0.633399,2.05,2.50489
1.29925,0.633399,2.05,2.50833
1.3059,0.633399,2.05,2.51179
1.32024,0.637107,2.062,2.52998
1.32693,0.637107,2.062,2.53348
1.33362,0.637107,2.062,2.53699
1.34032,0.637107,2.062,2.54051
1.3555,0.641124,2.075,2.56009
1.36224,0.641124,2.075,2.56366
1.36897,0.641124,2.075,2.56725
1.37571,0.641124,2.075,2.57084
1.38244,0.641124,2.075,2.57445
1.39721,0.644832,2.087,2.59299
1.40398,0.644832,2.087,2.59664
1.41076,0.644832,2.087,2.60031
1.41753,0.644832,2.087,2.60399
-1.6608,0.747455,2.394,3.00802
-1.63024,0.737152,2.361,2.96233
-1.62258,0.737152,2.361,2.95812
-1.61491,0.737152,2.361,2.95392
-1.58547,0.727161,2.329,2.90976
-1.57791,0.727161,2.329,2.90565
-1.55956,0.722165,2.313,2.88162
-1.55205,0.722165,2.313,2.87756
-1.54454,0.722165,2.313,2.87352
-1.52707,0.717482,2.298,2.85088
-1.51961,0.717482,2.298,2.84689
-1.50162,0.712486,2.282,2.82312
-1.49422,0.712486,2.282,2.81919
-1.48681,0.712486,2.282,2.81527
-1.4794,0.712486,2.282,2.81137
-1.472,0.712486,2.282,2.80748
-1.47486,0.717482,2.298,2.82326
-1.47698,0.722165,2.313,2.83777
-1.46947,0.722165,2.313,2.83387
-1.47208,0.727161,2.329,2.84956
-1.47458,0.732156,2.345,2.86521
-1.46697,0.732156,2.345,2.86131
-1.46931,0.737152,2.361,2.87691
-1.47155,0.742147,2.377,2.89247
-1.46384,0.742147,2.377,2.88855
-1.45612,0.742147,2.377,2.88465
-1.45877,0.747455,2.394,2.90137
-1.451,0.747455,2.394,2.89747
-1.44323,0.747455,2.394,2.89358
-1.43546,0.747455,2.394,2.88972
-1.42769,0.747455,2.394,2.88586
-1.40983,0.742147,2.377,2.86156
-1.39268,0.737152,2.361,2.83853
-1.38502,0.737152,2.361,2.83478
-1.36802,0.732156,2.345,2.81186
-1.35113,0.727161,2.329,2.789
-1.34357,0.727161,2.329,2.78535
-1.33601,0.727161,2.329,2.78171
-1.31077,0.717482,2.298,2.74111
-1.30331,0.717482,2.298,2.73755
-1.29585,0.717482,2.298,2.73401
-1.27942,0.712486,2.282,2.71147
-1.26365,0.707803,2.267,2.69018
-1.25629,0.707803,2.267,2.68674
-1.24893,0.707803,2.267,2.6833
-1.23336,0.70312,2.252,2.66215
-1.22605,0.70312,2.252,2.65878
-1.21874,0.70312,2.252,2.65541
-1.21143,0.70312,2.252,2.65207
-1.20412,0.70312,2.252,2.64873
-1.19681,0.70312,2.252,2.64542
-1.19743,0.707803,2.267,2.65972
-1.19007,0.707803,2.267,2.65642
-1.18271,0.707803,2.267,2.65313
-1.17535,0.707803,2.267,2.64985
-1.168,0.707803,2.267,2.6466
-1.16064,0.707803,2.267,2.64336
-1.15328,0.707803,2.267,2.64014
-1.14592,0.707803,2.267,2.63693
-1.13856,0.707803,2.267,2.63374
-1.1312,0.707803,2.267,2.63057
-1.11641,0.70312,2.252,2.61003
-1.10171,0.698436,2.237,2.58955
-1.09445,0.698436,2.237,2.58647
-1.08719,0.698436,2.237,2.5834
-1.07993,0.698436,2.237,2.58036
-1.07267,0.698436,2.237,2.57733
-1.05874,0.694065,2.223,2.5582
-1.05153,0.694065,2.223,2.55522
-1.04431,0.694065,2.223,2.55226
-1.0371,0.694065,2.223,2.54932
-1.02988,0.694065,2.223,2.54639
-1.02267,0.694065,2.223,2.54348
-1.00906,0.689694,2.209,2.52459
-0.995082,0.685011,2.194,2.50461
-0.987961,0.685011,2.194,2.50179
-0.98084,0.685011,2.194,2.49898
-0.967505,0.68064,2.18,2.48027
-0.96043,0.68064,2.18,2.47752
-0.953354,0.68064,2.18,2.47478
-0.946278,0.68064,2.18,2.47207
-0.939202,0.68064,2.18,2.46937
-0.938113,0.685011,2.194,2.48253
-0.930992,0.685011,2.194,2.47984
-0.917975,0.68064,2.18,2.46137
-0.9109,0.68064,2.18,2.45874
-0.909628,0.685011,2.194,2.4719
-0.902507,0.685011,2.194,2.46929
-0.901507,0.689694,2.209,2.48356
-0.894338,0.689694,2.209,2.48097
-0.887168,0.689694,2.209,2.47839
-0.879998,0.689694,2.209,2.47583
-0.872828,0.689694,2.209,2.47329
-0.865658,0.689694,2.209,2.47077
-0.858488,0.689694,2.209,2.46827
-0.856714,0.694065,2.223,2.48141
-0.849498,0.694065,2.223,2.47893
-0.842283,0.694065,2.223,2.47647
-0.835068,0.694065,2.223,2.47402
-0.827853,0.694065,2.223,2.4716
-0.815469,0.689694,2.209,2.45364
-0.808299,0.689694,2.209,2.45127
-0.801129,0.689694,2.209,2.44891
-0.788568,0.685011,2.194,2.42996
-0.77646,0.68064,2.18,2.41217
-0.769385,0.68064,2.18,2.4099
-0.762309,0.68064,2.18,2.40765
-0.755233,0.68064,2.18,2.40542
-0.748158,0.68064,2.18,2.40321
-0.741082,0.68064,2.18,2.40102
-0.734006,0.68064,2.18,2.39884
-0.72693,0.68064,2.18,2.39668
-0.719855,0.68064,2.18,2.39455
-0.712779,0.68064,2.18,2.39243
-0.705703,0.68064,2.18,2.39033
-0.698627,0.68064,2.18,2.38825
-0.691552,0.68064,2.18,2.38619
-0.684476,0.68064,2.18,2.38415
-0.6774,0.68064,2.18,2.38213
-0.666327,0.676581,2.167,2.36593
-0.659294,0.676581,2.167,2.36396
-0.648046,0.67221,2.153,2.34675
-0.641058,0.67221,2.153,2.34483
-0.630241,0.668151,2.14,2.32878
-0.623295,0.668151,2.14,2.32691
-0.616349,0.668151,2.14,2.32506
-0.609404,0.668151,2.14,2.32323
-0.598516,0.66378,2.126,2.30623
-0.591616,0.66378,2.126,2.30445
-0.584715,0.66378,2.126,2.30269
-0.577815,0.66378,2.126,2.30095
-0.570914,0.66378,2.126,2.29922
-0.564014,0.66378,2.126,2.29752
-0.553707,0.659721,2.113,2.2818
-0.546849,0.659721,2.113,2.28014
-0.53999,0.659721,2.113,2.27851
-0.533132,0.659721,2.113,2.27689
-0.526274,0.659721,2.113,2.27529
-0.522611,0.66378,2.126,2.28771
-0.515711,0.66378,2.126,2.28614
-0.50881,0.66378,2.126,2.28459
-0.50191,0.66378,2.126,2.28307
-0.495009,0.66378,2.126,2.28156
-0.488109,0.66378,2.126,2.28007
-0.481208,0.66378,2.126,2.27861
-0.486355,0.68064,2.18,2.335
-0.479279,0.68064,2.18,2.33353
-0.472204,0.68064,2.18,2.33209
-0.465128,0.68064,2.18,2.33067
-0.458052,0.68064,2.18,2.32927
-0.450977,0.68064,2.18,2.32789
-0.443901,0.68064,2.18,2.32653
-0.43422,0.676581,2.167,2.31132
-0.427187,0.676581,2.167,2.31001
-0.420153,0.676581,2.167,2.30872
-0.413119,0.676581,2.167,2.30745
-0.401026,0.668151,2.14,2.27747
-0.39408,0.668151,2.14,2.27625
-0.387134,0.668151,2.14,2.27506
-0.380189,0.668151,2.14,2.27389
-0.370801,0.66378,2.126,2.25787
-0.3639,0.66378,2.126,2.25675
-0.357,0.66378,2.126,2.25564
-0.350099,0.66378,2.126,2.25456
-0.343199,0.66378,2.126,2.2535
-0.336299,0.66378,2.126,2.25246
-0.329398,0.66378,2.126,2.25144
-0.322498,0.66378,2.126,2.25044
-0.313667,0.659721,2.113,2.23571
-0.306809,0.659721,2.113,2.23476
-0.299951,0.659721,2.113,2.23382
-0.293092,0.659721,2.113,2.23291
-0.284473,0.655662,2.1,2.21829
-0.277657,0.655662,2.1,2.21743
-0.270841,0.655662,2.1,2.21658
-0.262391,0.651603,2.087,2.20205
-0.255617,0.651603,2.087,2.20125
-0.248843,0.651603,2.087,2.20047
-0.240677,0.647857,2.075,2.18707
-0.233942,0.647857,2.075,2.18634
-0.227207,0.647857,2.075,2.18563
-0.219091,0.643798,2.062,2.17125
-0.212398,0.643798,2.062,2.17058
-0.204508,0.640051,2.05,2.15731
-0.197855,0.640051,2.05,2.15669
-0.191201,0.640051,2.05,2.15609
-0.184547,0.640051,2.05,2.15551
-0.177893,0.640051,2.05,2.15495
-0.170237,0.636305,2.038,2.1418
-0.163622,0.636305,2.038,2.14128
-0.157007,0.636305,2.038,2.14079
-0.150392,0.636305,2.038,2.14031
-0.143778,0.636305,2.038,2.13986
-0.137163,0.636305,2.038,2.13943
-0.129779,0.632558,2.026,2.12642
-0.123203,0.632558,2.026,2.12603
-0.116627,0.632558,2.026,2.12565
-0.110052,0.632558,2.026,2.1253
-0.103476,0.632558,2.026,2.12497
-0.0963259,0.628811,2.014,2.11208
-0.0897889,0.628811,2.014,2.11179
-0.083252,0.628811,2.014,2.11152
-0.076715,0.628811,2.014,2.11128
-0.0701781,0.628811,2.014,2.11105
-0.0636411,0.628811,2.014,2.11084
-0.0571042,0.628811,2.014,2.11065
-0.0505673,0.628811,2.014,2.11049
-0.0440303,0.628811,2.014,2.11034
-0.0374934,0.628811,2.014,2.11021
-0.0309564,0.628811,2.014,2.11011
-0.0244195,0.628811,2.014,2.11002
-0.0178825,0.628811,2.014,2.10996
-0.0113456,0.628811,2.014,2.10991
-0.00480865,0.628811,2.014,2.10989
0.0017283,0.628811,2.014,2.10988
0.00826524,0.628811,2.014,2.1099
0.0148022,0.628811,2.014,2.10993
0.0213391,0.628811,2.014,2.10999
0.0278761,0.628811,2.014,2.11007
0.034413,0.628811,2.014,2.11016
0.04095,0.628811,2.014,2.11028
0.0474869,0.628811,2.014,2.11042
0.053702,0.625065,2.002,2.098
0.0602,0.625065,2.002,2.09817
0.0666979,0.625065,2.002,2.09837
0.0727572,0.621318,1.99,2.08601
0.0792163,0.621318,1.99,2.08624
0.0856753,0.621318,1.99,2.0865
0.0916251,0.617884,1.979,2.07524
0.0980484,0.617884,1.979,2.07553
0.104472,0.617884,1.979,2.07585
0.110223,0.614137,1.967,2.06359
0.116607,0.614137,1.967,2.06394
0.122991,0.614137,1.967,2.06431
0.129376,0.614137,1.967,2.0647
0.13576,0.614137,1.967,2.06511
0.142145,0.614137,1.967,2.06554
0.148529,0.614137,1.967,2.06599
0.154913,0.614137,1.967,2.06646
0.161298,0.614137,1.967,2.06695
0.166744,0.610703,1.956,2.05589
0.173093,0.610703,1.956,2.05642
0.179442,0.610703,1.956,2.05696
0.185791,0.610703,1.956,2.05753
0.19322,0.614137,1.967,2.06968
0.199604,0.614137,1.967,2.07029
0.205989,0.614137,1.967,2.07091
0.212373,0.614137,1.967,2.07156
0.218757,0.614137,1.967,2.07222
0.225142,0.614137,1.967,2.07291
0.231526,0.614137,1.967,2.07361
0.237911,0.614137,1.967,2.07433
0.244295,0.614137,1.967,2.07507
0.250679,0.614137,1.967,2.07584
0.257064,0.614137,1.967,2.07662
0.263448,0.614137,1.967,2.07742
0.269832,0.614137,1.967,2.07824
0.276217,0.614137,1.967,2.07907
0.282601,0.614137,1.967,2.07993
0.288986,0.614137,1.967,2.08081
0.29537,0.614137,1.967,2.08171
0.301754,0.614137,1.967,2.08262
0.308139,0.614137,1.967,2.08356
0.314523,0.614137,1.967,2.08451
0.322865,0.617884,1.979,2.0982
0.329289,0.617884,1.979,2.0992
0.335712,0.617884,1.979,2.10022
0.342135,0.617884,1.979,2.10126
0.350496,0.621318,1.99,2.114
0.356955,0.621318,1.99,2.11508
0.363414,0.621318,1.99,2.11618
0.369873,0.621318,1.99,2.1173
0.376332,0.621318,1.99,2.11843
0.382791,0.621318,1.99,2.11959
0.38925,0.621318,1.99,2.12077
0.395709,0.621318,1.99,2.12196
0.402169,0.621318,1.99,2.12318
0.408628,0.621318,1.99,2.12441
0.415087,0.621318,1.99,2.12566
0.419216,0.617884,1.979,2.11517
0.425639,0.617884,1.979,2.11646
0.432062,0.617884,1.979,2.11776
0.438486,0.617884,1.979,2.11908
0.444909,0.617884,1.979,2.12042
0.451332,0.617884,1.979,2.12177
0.457756,0.617884,1.979,2.12315
0.464179,0.617884,1.979,2.12454
0.470602,0.617884,1.979,2.12596
0.477026,0.617884,1.979,2.12739
0.480517,0.614137,1.967,2.11593
0.486902,0.614137,1.967,2.11739
0.493286,0.614137,1.967,2.11886
0.496876,0.610703,1.956,2.1085
0.503225,0.610703,1.956,2.11001
0.509574,0.610703,1.956,2.11153
0.515922,0.610703,1.956,2.11307
0.519334,0.607268,1.945,2.10274
0.525647,0.607268,1.945,2.10431
0.53196,0.607268,1.945,2.10589
0.538273,0.607268,1.945,2.1075
0.544586,0.607268,1.945,2.10912
0.550899,0.607268,1.945,2.11076
0.554061,0.603834,1.934,2.10047
0.560338,0.603834,1.934,2.10213
0.566615,0.603834,1.934,2.10381
0.572892,0.603834,1.934,2.10551
0.575876,0.600399,1.923,2.09524
0.582117,0.600399,1.923,2.09697
0.588359,0.600399,1.923,2.09871
0.598002,0.603834,1.934,2.11248
0.61459,0.614137,1.967,2.15034
0.620974,0.614137,1.967,2.15218
0.627358,0.614137,1.967,2.15403
0.633743,0.614137,1.967,2.1559
0.640127,0.614137,1.967,2.15778
0.646512,0.614137,1.967,2.15968
0.656879,0.617884,1.979,2.17479
0.663303,0.617884,1.979,2.17674
0.669726,0.617884,1.979,2.1787
0.679908,0.621318,1.99,2.19281
0.686367,0.621318,1.99,2.19482
0.697003,0.625065,2.002,2.2101
0.703501,0.625065,2.002,2.21215
0.709999,0.625065,2.002,2.21423
0.716497,0.625065,2.002,2.21632
0.722995,0.625065,2.002,2.21843
0.729493,0.625065,2.002,2.22056
0.735991,0.625065,2.002,2.2227
0.742489,0.625065,2.002,2.22486
0.744498,0.621318,1.99,2.21369
0.750957,0.621318,1.99,2.21587
0.757416,0.621318,1.99,2.21807
0.759653,0.617884,1.979,2.20801
0.766076,0.617884,1.979,2.21022
0.767815,0.614137,1.967,2.19904
0.76987,0.610703,1.956,2.18897
0.776219,0.610703,1.956,2.19121
0.782567,0.610703,1.956,2.19347
0.784479,0.607268,1.945,2.18339
0.78632,0.603834,1.934,2.17331
0.792597,0.603834,1.934,2.17559
0.798875,0.603834,1.934,2.17788
0.805152,0.603834,1.934,2.18019
0.811429,0.603834,1.934,2.18252
0.817707,0.603834,1.934,2.18486
0.823984,0.603834,1.934,2.18722
0.830261,0.603834,1.934,2.18959
0.83178,0.600399,1.923,2.17951
0.838022,0.600399,1.923,2.1819
0.844264,0.600399,1.923,2.18431
0.850505,0.600399,1.923,2.18673
0.856747,0.600399,1.923,2.18916
0.862988,0.600399,1.923,2.19161
0.874202,0.603834,1.934,2.20663
0.880479,0.603834,1.934,2.20912
0.886757,0.603834,1.934,2.21163
0.893034,0.603834,1.934,2.21415
0.899311,0.603834,1.934,2.21669
0.910739,0.607268,1.945,2.23187
0.917052,0.607268,1.945,2.23445
0.923365,0.607268,1.945,2.23705
0.929678,0.607268,1.945,2.23967
0.941285,0.610703,1.956,2.25497
0.947633,0.610703,1.956,2.25763
0.953982,0.610703,1.956,2.2603
0.965731,0.614137,1.967,2.27572
0.972116,0.614137,1.967,2.27843
0.9785,0.614137,1.967,2.28117
0.984885,0.614137,1.967,2.28391
0.991269,0.614137,1.967,2.28667
0.997653,0.614137,1.967,2.28945
1.01016,0.617884,1.979,2.30622
1.02224,0.621318,1.99,2.32188
1.0287,0.621318,1.99,2.32473
1.0414,0.625065,2.002,2.34163
1.0479,0.625065,2.002,2.34452
1.06071,0.628811,2.014,2.36151
1.06725,0.628811,2.014,2.36445
1.08019,0.632558,2.026,2.38151
1.0932,0.636305,2.038,2.39863
1.09981,0.636305,2.038,2.40165
1.10643,0.636305,2.038,2.40469
1.1196,0.640051,2.05,2.42191
1.12625,0.640051,2.05,2.425
1.1329,0.640051,2.05,2.42809
1.14623,0.643798,2.062,2.44544
1.15292,0.643798,2.062,2.44858
1.15961,0.643798,2.062,2.45174
1.16631,0.643798,2.062,2.45491
1.173,0.643798,2.062,2.4581
1.17969,0.643798,2.062,2.4613
1.19386,0.647857,2.075,2.48005
1.2006,0.647857,2.075,2.4833
1.19977,0.643798,2.062,2.47099
1.19944,0.640051,2.05,2.45984
1.2061,0.640051,2.05,2.46309
1.21275,0.640051,2.05,2.46636
1.21226,0.636305,2.038,2.45518
1.21888,0.636305,2.038,2.45845
1.23271,0.640051,2.05,2.47624
1.23211,0.636305,2.038,2.46504
1.23143,0.632558,2.026,2.45382
1.23801,0.632558,2.026,2.45713
1.23721,0.628811,2.014,2.44587
1.24375,0.628811,2.014,2.44919
1.25028,0.628811,2.014,2.45251
1.25682,0.628811,2.014,2.45585
1.26336,0.628811,2.014,2.4592
1.27746,0.632558,2.026,2.47724
1.28404,0.632558,2.026,2.48064
1.29826,0.636305,2.038,2.49876
1.30487,0.636305,2.038,2.5022
1.31149,0.636305,2.038,2.50566
1.3181,0.636305,2.038,2.50913
1.33252,0.640051,2.05,2.5274
1.33917,0.640051,2.05,2.53092
1.34582,0.640051,2.05,2.53445
1.35248,0.640051,2.05,2.53798
1.36709,0.643798,2.062,2.55641
1.37378,0.643798,2.062,2.56
1.38047,0.643798,2.062,2.5636
1.38717,0.643798,2.062,2.56721
1.39386,0.643798,2.062,2.57083
1.40055,0.643798,2.062,2.57446
-1.6379,0.744813,2.361,2.96847
-1.61919,0.739765,2.345,2.94416
-1.61158,0.739765,2.345,2.93998
-1.60397,0.739765,2.345,2.93581
-1.57457,0.729671,2.313,2.89166
-1.5569,0.724939,2.298,2.86885
-1.54945,0.724939,2.298,2.86481
-1.54199,0.724939,2.298,2.86078
-1.52384,0.719891,2.282,2.83688
-1.51644,0.719891,2.282,2.8329
-1.50903,0.719891,2.282,2.82895
-1.50162,0.719891,2.282,2.825
-1.48439,0.715159,2.267,2.80253
-1.47704,0.715159,2.267,2.79864
-1.46968,0.715159,2.267,2.79476
-1.472,0.719891,2.282,2.80937
-1.46459,0.719891,2.282,2.80549
-1.4674,0.724939,2.298,2.82128
-1.45994,0.724939,2.298,2.8174
-1.46196,0.729671,2.313,2.83191
-1.45446,0.729671,2.313,2.82804
-1.44695,0.729671,2.313,2.82419
-1.45935,0.739765,2.345,2.85937
-1.45174,0.739765,2.345,2.85549
-1.44413,0.739765,2.345,2.85163
-1.44632,0.744813,2.361,2.86721
-1.44841,0.74986,2.377,2.88276
-1.44069,0.74986,2.377,2.87889
-1.43298,0.74986,2.377,2.87504
-1.42526,0.74986,2.377,2.8712
-1.41755,0.74986,2.377,2.86738
-1.40034,0.744813,2.361,2.8443
-1.38324,0.739765,2.345,2.82128
-1.37563,0.739765,2.345,2.81756
-1.36802,0.739765,2.345,2.81385
-1.35113,0.734718,2.329,2.79098
-1.34357,0.734718,2.329,2.78733
-1.31822,0.724939,2.298,2.74664
-1.30164,0.719891,2.282,2.72397
-1.28573,0.715159,2.267,2.70256
-1.27837,0.715159,2.267,2.69907
-1.2626,0.710427,2.252,2.67775
-1.24693,0.705695,2.237,2.6565
-1.23967,0.705695,2.237,2.6531
-1.23241,0.705695,2.237,2.64972
-1.22515,0.705695,2.237,2.64635
-1.21789,0.705695,2.237,2.64299
-1.21063,0.705695,2.237,2.63966
-1.20336,0.705695,2.237,2.63633
-1.1961,0.705695,2.237,2.63303
-1.18884,0.705695,2.237,2.62974
-1.1895,0.710427,2.252,2.64408
-1.1822,0.710427,2.252,2.64079
-1.17489,0.710427,2.252,2.63753
-1.16758,0.710427,2.252,2.63428
-1.16027,0.710427,2.252,2.63105
-1.15296,0.710427,2.252,2.62784
-1.13802,0.705695,2.237,2.60716
-1.13076,0.705695,2.237,2.60399
-1.1235,0.705695,2.237,2.60085
-1.10925,0.701279,2.223,2.58146
-1.10203,0.701279,2.223,2.57837
-1.08792,0.696862,2.209,2.55908
-1.08075,0.696862,2.209,2.55604
-1.07358,0.696862,2.209,2.55301
-1.06641,0.696862,2.209,2.55001
-1.05924,0.696862,2.209,2.54702
-1.04493,0.69213,2.194,2.52677
-1.03781,0.69213,2.194,2.52383
-1.03069,0.69213,2.194,2.52091
-1.02357,0.69213,2.194,2.51801
-1.00996,0.687714,2.18,2.49907
-1.00288,0.687714,2.18,2.49622
-0.98987,0.683613,2.167,2.47852
-0.976487,0.679196,2.153,2.45972
-0.969499,0.679196,2.153,2.45696
-0.962511,0.679196,2.153,2.45421
-0.949753,0.675095,2.14,2.43667
-0.942807,0.675095,2.14,2.43398
-0.935861,0.675095,2.14,2.43129
-0.928915,0.675095,2.14,2.42863
-0.92757,0.679196,2.153,2.44072
-0.920582,0.679196,2.153,2.43807
-0.908078,0.675095,2.14,2.42074
-0.901132,0.675095,2.14,2.41814
-0.894186,0.675095,2.14,2.41556
-0.88724,0.675095,2.14,2.413
-0.885642,0.679196,2.153,2.42509
-0.884367,0.683613,2.167,2.4383
-0.877333,0.683613,2.167,2.43576
-0.8703,0.683613,2.167,2.43324
-0.863266,0.683613,2.167,2.43073
-0.861369,0.687714,2.18,2.44281
-0.854294,0.687714,2.18,2.44032
-0.847218,0.687714,2.18,2.43785
-0.856714,0.701279,2.223,2.48344
-0.849498,0.701279,2.223,2.48096
-0.842283,0.701279,2.223,2.4785
-0.835068,0.701279,2.223,2.47606
-0.827853,0.701279,2.223,2.47363
-0.815469,0.696862,2.209,2.45566
-0.808299,0.696862,2.209,2.45329
-0.801129,0.696862,2.209,2.45094
-0.788568,0.69213,2.194,2.43198
-0.77646,0.687714,2.18,2.41418
-0.769385,0.687714,2.18,2.41191
-0.762309,0.687714,2.18,2.40966
-0.755233,0.687714,2.18,2.40743
-0.748158,0.687714,2.18,2.40522
-0.741082,0.687714,2.18,2.40303
-0.734006,0.687714,2.18,2.40086
-0.72693,0.687714,2.18,2.3987
-0.719855,0.687714,2.18,2.39657
-0.712779,0.687714,2.18,2.39445
-0.705703,0.687714,2.18,2.39236
-0.698627,0.687714,2.18,2.39028
-0.691552,0.687714,2.18,2.38822
-0.684476,0.687714,2.18,2.38618
-0.6774,0.687714,2.18,2.38416
-0.666327,0.683613,2.167,2.36795
-0.659294,0.683613,2.167,2.36598
-0.648046,0.679196,2.153,2.34876
-0.641058,0.679196,2.153,2.34684
-0.630241,0.675095,2.14,2.33078
-0.623295,0.675095,2.14,2.32892
-0.616349,0.675095,2.14,2.32707
-0.609404,0.675095,2.14,2.32524
-0.598516,0.670679,2.126,2.30823
-0.591616,0.670679,2.126,2.30645
-0.584715,0.670679,2.126,2.30469
-0.577815,0.670679,2.126,2.30295
-0.570914,0.670679,2.126,2.30122
-0.564014,0.670679,2.126,2.29952
-0.553707,0.666578,2.113,2.28379
-0.546849,0.666578,2.113,2.28213
-0.53999,0.666578,2.113,2.2805
-0.533132,0.666578,2.113,2.27889
-0.526274,0.666578,2.113,2.27729
-0.522611,0.670679,2.126,2.28972
-0.515711,0.670679,2.126,2.28815
-0.50881,0.670679,2.126,2.28661
-0.50191,0.670679,2.126,2.28508
-0.495009,0.670679,2.126,2.28358
-0.488109,0.670679,2.126,2.28209
-0.481208,0.670679,2.126,2.28062
-0.474308,0.670679,2.126,2.27918
-0.467407,0.670679,2.126,2.27775
-0.460507,0.670679,2.126,2.27635
-0.453606,0.670679,2.126,2.27496
-0.446706,0.670679,2.126,2.27359
-0.439806,0.670679,2.126,2.27225
-0.432905,0.670679,2.126,2.27092
-0.4234,0.666578,2.113,2.25574
-0.413979,0.662476,2.1,2.24059
-0.407163,0.662476,2.1,2.23934
-0.400347,0.662476,2.1,2.23811
-0.39353,0.662476,2.1,2.2369
-0.386714,0.662476,2.1,2.23572
-0.379898,0.662476,2.1,2.23455
-0.370773,0.658375,2.087,2.21957
-0.363999,0.658375,2.087,2.21845
-0.357225,0.658375,2.087,2.21735
-0.350451,0.658375,2.087,2.21627
-0.341701,0.65459,2.075,2.20247
-0.334966,0.65459,2.075,2.20143
-0.328231,0.65459,2.075,2.20042
-0.319482,0.650489,2.062,2.18565
-0.312789,0.650489,2.062,2.18468
-0.306097,0.650489,2.062,2.18373
-0.299404,0.650489,2.062,2.1828
-0.292711,0.650489,2.062,2.18189
-0.286018,0.650489,2.062,2.18101
-0.2777,0.646703,2.05,2.16745
-0.271046,0.646703,2.05,2.16661
-0.264392,0.646703,2.05,2.16579
-0.257739,0.646703,2.05,2.16498
-0.249615,0.642918,2.038,2.15153
-0.243,0.642918,2.038,2.15078
-0.236385,0.642918,2.038,2.15004
-0.228418,0.639132,2.026,2.13667
-0.221842,0.639132,2.026,2.13597
-0.215266,0.639132,2.026,2.1353
-0.20869,0.639132,2.026,2.13465
-0.202114,0.639132,2.026,2.13401
-0.195538,0.639132,2.026,2.1334
-0.187843,0.635346,2.014,2.12018
-0.181306,0.635346,2.014,2.11961
-0.174769,0.635346,2.014,2.11906
-0.168232,0.635346,2.014,2.11853
-0.160732,0.631561,2.002,2.1054
-0.154234,0.631561,2.002,2.10491
-0.147736,0.631561,2.002,2.10445
-0.140391,0.627775,1.99,2.09139
-0.133932,0.627775,1.99,2.09097
-0.127473,0.627775,1.99,2.09056
-0.121014,0.627775,1.99,2.09018
-0.113922,0.624305,1.979,2.07826
-0.107499,0.624305,1.979,2.07792
-0.101075,0.624305,1.979,2.0776
-0.0946519,0.624305,1.979,2.0773
-0.0882285,0.624305,1.979,2.07701
-0.0818052,0.624305,1.979,2.07675
-0.0753818,0.624305,1.979,2.07651
-0.0689585,0.624305,1.979,2.07628
-0.0625352,0.624305,1.979,2.07608
-0.0561118,0.624305,1.979,2.0759
-0.0496885,0.624305,1.979,2.07573
-0.0432651,0.624305,1.979,2.07559
-0.0368418,0.624305,1.979,2.07547
-0.0304185,0.624305,1.979,2.07536
-0.0239951,0.624305,1.979,2.07528
-0.0175718,0.624305,1.979,2.07521
-0.0111484,0.624305,1.979,2.07517
-0.00472508,0.624305,1.979,2.07514
0.00169826,0.624305,1.979,2.07514
0.0081216,0.624305,1.979,2.07515
0.0145449,0.624305,1.979,2.07519
0.0209683,0.624305,1.979,2.07524
0.0275439,0.627775,1.99,2.08685
0.0340029,0.627775,1.99,2.08695
0.040462,0.627775,1.99,2.08706
0.0466617,0.624305,1.979,2.07566
0.053085,0.624305,1.979,2.07582
0.0595083,0.624305,1.979,2.07599
0.0659317,0.624305,1.979,2.07619
0.0719163,0.62052,1.967,2.06381
0.0783007,0.62052,1.967,2.06404
0.0842115,0.61705,1.956,2.05275
0.0905602,0.61705,1.956,2.05302
0.0969089,0.61705,1.956,2.05331
0.102096,0.610109,1.934,2.03052
0.108373,0.610109,1.934,2.03085
0.114651,0.610109,1.934,2.03119
0.120928,0.610109,1.934,2.03155
0.127205,0.610109,1.934,2.03194
0.133483,0.610109,1.934,2.03234
0.13976,0.610109,1.934,2.03276
0.146037,0.610109,1.934,2.0332
0.152314,0.610109,1.934,2.03366
0.158592,0.610109,1.934,2.03414
0.164869,0.610109,1.934,2.03464
0.171146,0.610109,1.934,2.03516
0.177424,0.610109,1.934,2.0357
0.183701,0.610109,1.934,2.03626
0.189978,0.610109,1.934,2.03683
0.196255,0.610109,1.934,2.03743
0.202533,0.610109,1.934,2.03804
0.20881,0.610109,1.934,2.03867
0.215087,0.610109,1.934,2.03933
0.221365,0.610109,1.934,2.04
0.227642,0.610109,1.934,2.04069
0.233919,0.610109,1.934,2.0414
0.240196,0.610109,1.934,2.04213
0.246474,0.610109,1.934,2.04288
0.252751,0.610109,1.934,2.04364
0.260502,0.613579,1.945,2.05606
0.266815,0.613579,1.945,2.05687
0.273128,0.613579,1.945,2.05769
0.279441,0.613579,1.945,2.05854
0.288986,0.62052,1.967,2.0827
0.29537,0.62052,1.967,2.0836
0.301754,0.62052,1.967,2.08451
0.308139,0.62052,1.967,2.08545
0.314523,0.62052,1.967,2.0864
0.322865,0.624305,1.979,2.1001
0.329289,0.624305,1.979,2.1011
0.335712,0.624305,1.979,2.10212
0.342135,0.624305,1.979,2.10315
0.350496,0.627775,1.99,2.1159
0.356955,0.627775,1.99,2.11698
0.363414,0.627775,1.99,2.11808
0.369873,0.627775,1.99,2.1192
0.376332,0.627775,1.99,2.12034
0.382791,0.627775,1.99,2.12149
0.38925,0.627775,1.99,2.12267
0.395709,0.627775,1.99,2.12386
0.402169,0.627775,1.99,2.12507
0.408628,0.627775,1.99,2.12631
0.415087,0.627775,1.99,2.12756
0.419216,0.624305,1.979,2.11706
0.425639,0.624305,1.979,2.11834
0.432062,0.624305,1.979,2.11964
0.438486,0.624305,1.979,2.12096
0.444909,0.624305,1.979,2.1223
0.451332,0.624305,1.979,2.12365
0.457756,0.624305,1.979,2.12503
0.464179,0.624305,1.979,2.12642
0.470602,0.624305,1.979,2.12783
0.477026,0.624305,1.979,2.12926
0.480517,0.62052,1.967,2.11779
0.486902,0.62052,1.967,2.11925
0.493286,0.62052,1.967,2.12072
0.496876,0.61705,1.956,2.11035
0.503225,0.61705,1.956,2.11185
0.509574,0.61705,1.956,2.11337
0.515922,0.61705,1.956,2.11491
0.519334,0.613579,1.945,2.10457
0.525647,0.613579,1.945,2.10614
0.53196,0.613579,1.945,2.10772
0.538273,0.613579,1.945,2.10932
0.544586,0.613579,1.945,2.11094
0.550899,0.613579,1.945,2.11258
0.554061,0.610109,1.934,2.10228
0.560338,0.610109,1.934,2.10394
0.566615,0.610109,1.934,2.10562
0.572892,0.610109,1.934,2.10732
0.575876,0.606639,1.923,2.09704
0.582117,0.606639,1.923,2.09876
0.588359,0.606639,1.923,2.1005
0.598002,0.610109,1.934,2.11428
0.607716,0.613579,1.945,2.1281
0.614029,0.613579,1.945,2.12991
0.620342,0.613579,1.945,2.13174
0.626655,0.613579,1.945,2.13359
0.632968,0.613579,1.945,2.13545
0.639281,0.613579,1.945,2.13733
0.649245,0.61705,1.956,2.15133
0.655594,0.61705,1.956,2.15325
0.661942,0.61705,1.956,2.15519
0.672049,0.62052,1.967,2.16928
0.678434,0.62052,1.967,2.17127
0.684818,0.62052,1.967,2.17327
0.691202,0.62052,1.967,2.17529
0.701843,0.624305,1.979,2.19061
0.708266,0.624305,1.979,2.19268
0.714689,0.624305,1.979,2.19476
0.721113,0.624305,1.979,2.19686
0.727536,0.624305,1.979,2.19898
0.733959,0.624305,1.979,2.20111
0.735893,0.62052,1.967,2.1899
0.742278,0.62052,1.967,2.19206
0.748662,0.62052,1.967,2.19423
0.750824,0.61705,1.956,2.18413
0.757173,0.61705,1.956,2.18632
0.759228,0.613579,1.945,2.17622
0.761211,0.610109,1.934,2.16611
0.767488,0.610109,1.934,2.16832
0.773766,0.610109,1.934,2.17055
0.775606,0.606639,1.923,2.16044
0.777375,0.603169,1.912,2.15032
0.783581,0.603169,1.912,2.15257
0.785657,0.600014,1.902,2.14357
0.79183,0.600014,1.902,2.14584
0.798003,0.600014,1.902,2.14812
0.804177,0.600014,1.902,2.15042
0.81035,0.600014,1.902,2.15274
0.816524,0.600014,1.902,2.15507
0.817939,0.596544,1.891,2.14494
0.824077,0.596544,1.891,2.14729
0.830214,0.596544,1.891,2.14965
0.836352,0.596544,1.891,2.15203
0.84249,0.596544,1.891,2.15442
0.853564,0.600014,1.902,2.16938
0.859738,0.600014,1.902,2.17181
0.865911,0.600014,1.902,2.17426
0.872084,0.600014,1.902,2.17673
0.882875,0.603169,1.912,2.19067
0.889081,0.603169,1.912,2.19318
0.895287,0.603169,1.912,2.1957
0.901493,0.603169,1.912,2.19824
0.907699,0.603169,1.912,2.20079
0.913905,0.603169,1.912,2.20336
0.920111,0.603169,1.912,2.20594
0.931646,0.606639,1.923,2.22124
0.937887,0.606639,1.923,2.22386
0.944129,0.606639,1.923,2.2265
0.95037,0.606639,1.923,2.22916
0.956612,0.606639,1.923,2.23183
0.973869,0.613579,1.945,2.26007
0.980182,0.613579,1.945,2.2628
0.986495,0.613579,1.945,2.26554
0.998423,0.61705,1.956,2.28113
1.00477,0.61705,1.956,2.28391
1.01112,0.61705,1.956,2.28671
1.02319,0.62052,1.967,2.3024
1.03586,0.624305,1.979,2.31931
1.04807,0.627775,1.99,2.33509
1.05453,0.627775,1.99,2.338
1.06739,0.631561,2.002,2.35504
1.08032,0.635346,2.014,2.37212
1.08686,0.635346,2.014,2.37511
1.0934,0.635346,2.014,2.3781
1.10649,0.639132,2.026,2.3953
1.11306,0.639132,2.026,2.39835
1.11964,0.639132,2.026,2.40141
1.12622,0.639132,2.026,2.40448
1.1395,0.642918,2.038,2.42183
1.14612,0.642918,2.038,2.42495
1.15273,0.642918,2.038,2.42808
1.15935,0.642918,2.038,2.43123
1.16596,0.642918,2.038,2.43439
1.17258,0.642918,2.038,2.43756
1.17919,0.642918,2.038,2.44075
1.17882,0.639132,2.026,2.42957
1.1854,0.639132,2.026,2.43276
1.19198,0.639132,2.026,2.43597
1.19855,0.639132,2.026,2.4392
1.19799,0.635346,2.014,2.42797
1.20453,0.635346,2.014,2.4312
1.21106,0.635346,2.014,2.43445
1.2176,0.635346,2.014,2.43771
1.21684,0.631561,2.002,2.42643
1.22334,0.631561,2.002,2.4297
1.22984,0.631561,2.002,2.43298
1.22893,0.627775,1.99,2.42167
1.23539,0.627775,1.99,2.42495
1.24184,0.627775,1.99,2.42825
1.25583,0.631561,2.002,2.44622
1.2699,0.635346,2.014,2.46424
1.27643,0.635346,2.014,2.46762
1.28297,0.635346,2.014,2.47101
1.28951,0.635346,2.014,2.47441
1.29604,0.635346,2.014,2.47782
1.31034,0.639132,2.026,2.49603
1.31692,0.639132,2.026,2.49949
1.32349,0.639132,2.026,2.50296
1.33007,0.639132,2.026,2.50644
1.34456,0.642918,2.038,2.5248
1.35118,0.642918,2.038,2.52833
1.3498,0.639132,2.026,2.51697
1.35637,0.639132,2.026,2.5205
1.36295,0.639132,2.026,2.52404
1.36952,0.639132,2.026,2.5276
1.38425,0.642918,2.038,2.54616
-1.6157,0.742275,2.329,2.93014
-1.60814,0.742275,2.329,2.92598
-1.58959,0.737176,2.313,2.90176
-1.58208,0.737176,2.313,2.89765
-1.57457,0.737176,2.313,2.89356
-1.54606,0.727296,2.282,2.85075
-1.53866,0.727296,2.282,2.84674
-1.53125,0.727296,2.282,2.84275
-1.51383,0.722515,2.267,2.8201
-1.50647,0.722515,2.267,2.81616
-1.49911,0.722515,2.267,2.81223
-1.49175,0.722515,2.267,2.80832
-1.48439,0.722515,2.267,2.80442
-1.47704,0.722515,2.267,2.80053
-1.46968,0.722515,2.267,2.79665
-1.46232,0.722515,2.267,2.79279
-1.45496,0.722515,2.267,2.78895
-1.45718,0.727296,2.282,2.80354
-1.44978,0.727296,2.282,2.7997
-1.45248,0.732395,2.298,2.81548
-1.44502,0.732395,2.298,2.81164
-1.43756,0.732395,2.298,2.80781
-1.4494,0.742275,2.329,2.84182
-1.44184,0.742275,2.329,2.83798
-1.43428,0.742275,2.329,2.83414
-1.43652,0.747375,2.345,2.84977
-1.43866,0.752474,2.361,2.86536
-1.431,0.752474,2.361,2.86152
-1.42333,0.752474,2.361,2.85769
-1.41567,0.752474,2.361,2.85388
-1.40801,0.752474,2.361,2.85009
-1.39085,0.747375,2.345,2.82702
-1.38324,0.747375,2.345,2.82329
-1.37563,0.747375,2.345,2.81957
-1.35869,0.742275,2.329,2.79665
-1.34184,0.737176,2.313,2.7738
-1.33434,0.737176,2.313,2.77017
-1.30905,0.727296,2.282,2.72948
-1.29308,0.722515,2.267,2.70802
-1.27722,0.717735,2.252,2.68662
-1.26991,0.717735,2.252,2.68315
-1.25419,0.712954,2.237,2.66185
-1.23912,0.708492,2.223,2.6418
-1.23191,0.708492,2.223,2.63843
-1.22469,0.708492,2.223,2.63506
-1.22515,0.712954,2.237,2.64829
-1.21789,0.712954,2.237,2.64494
-1.21063,0.712954,2.237,2.64161
-1.20336,0.712954,2.237,2.63829
-1.1961,0.712954,2.237,2.63498
-1.18884,0.712954,2.237,2.6317
-1.1895,0.717735,2.252,2.64605
-1.1822,0.717735,2.252,2.64277
-1.17489,0.717735,2.252,2.63951
-1.16758,0.717735,2.252,2.63626
-1.16027,0.717735,2.252,2.63303
-1.15296,0.717735,2.252,2.62982
-1.13802,0.712954,2.237,2.60913
-1.13076,0.712954,2.237,2.60597
-1.1235,0.712954,2.237,2.60283
-1.10925,0.708492,2.223,2.58343
-1.10203,0.708492,2.223,2.58034
-1.08792,0.70403,2.209,2.56104
-1.08075,0.70403,2.209,2.558
-1.07358,0.70403,2.209,2.55498
-1.06641,0.70403,2.209,2.55198
-1.05924,0.70403,2.209,2.54899
-1.04493,0.699249,2.194,2.52873
-1.03781,0.699249,2.194,2.52579
-1.03069,0.699249,2.194,2.52288
-1.02357,0.699249,2.194,2.51998
-1.00996,0.694787,2.18,2.50103
-1.00288,0.694787,2.18,2.49818
-0.98987,0.690644,2.167,2.48047
-0.976487,0.686182,2.153,2.46166
-0.969499,0.686182,2.153,2.4589
-0.962511,0.686182,2.153,2.45615
-0.949753,0.682039,2.14,2.43861
-0.942807,0.682039,2.14,2.43591
-0.935861,0.682039,2.14,2.43323
-0.928915,0.682039,2.14,2.43057
-0.92757,0.686182,2.153,2.44267
-0.920582,0.686182,2.153,2.44003
-0.908078,0.682039,2.14,2.42268
-0.901132,0.682039,2.14,2.42009
-0.894186,0.682039,2.14,2.41751
-0.88724,0.682039,2.14,2.41495
-0.885642,0.686182,2.153,2.42706
-0.884367,0.690644,2.167,2.44028
-0.877333,0.690644,2.167,2.43774
-0.8703,0.690644,2.167,2.43522
-0.863266,0.690644,2.167,2.43272
-0.861369,0.694787,2.18,2.44481
-0.854294,0.694787,2.18,2.44232
-0.847218,0.694787,2.18,2.43986
-0.840142,0.694787,2.18,2.43741
-0.833066,0.694787,2.18,2.43498
-0.821065,0.690644,2.167,2.41806
-0.814031,0.690644,2.167,2.41568
-0.806998,0.690644,2.167,2.41332
-0.799964,0.690644,2.167,2.41098
-0.792931,0.690644,2.167,2.40865
-0.785897,0.690644,2.167,2.40635
-0.773832,0.686182,2.153,2.38853
-0.762214,0.682039,2.14,2.37187
-0.755268,0.682039,2.14,2.36964
-0.748322,0.682039,2.14,2.36744
-0.741376,0.682039,2.14,2.36525
-0.73443,0.682039,2.14,2.36308
-0.727484,0.682039,2.14,2.36093
-0.720538,0.682039,2.14,2.3588
-0.708924,0.677577,2.126,2.34127
-0.702023,0.677577,2.126,2.33919
-0.695123,0.677577,2.126,2.33713
-0.688222,0.677577,2.126,2.33509
-0.681322,0.677577,2.126,2.33306
-0.674421,0.677577,2.126,2.33106
-0.667521,0.677577,2.126,2.32907
-0.660621,0.677577,2.126,2.3271
-0.65372,0.677577,2.126,2.32515
-0.642864,0.673434,2.113,2.30902
-0.632093,0.669291,2.1,2.29292
-0.625277,0.669291,2.1,2.29105
-0.618461,0.669291,2.1,2.2892
-0.611645,0.669291,2.1,2.28737
-0.604829,0.669291,2.1,2.28556
-0.598013,0.669291,2.1,2.28376
-0.587537,0.665147,2.087,2.26786
-0.580763,0.665147,2.087,2.26611
-0.573989,0.665147,2.087,2.26439
-0.567215,0.665147,2.087,2.26268
-0.560441,0.665147,2.087,2.26099
-0.553668,0.665147,2.087,2.25932
-0.546894,0.665147,2.087,2.25767
-0.54012,0.665147,2.087,2.25604
-0.533346,0.665147,2.087,2.25443
-0.523544,0.661323,2.075,2.23988
-0.516809,0.661323,2.075,2.23832
-0.513024,0.665147,2.087,2.24971
-0.503339,0.661323,2.075,2.23525
-0.496605,0.661323,2.075,2.23374
-0.48987,0.661323,2.075,2.23225
-0.483135,0.661323,2.075,2.23078
-0.4764,0.661323,2.075,2.22933
-0.469665,0.661323,2.075,2.2279
-0.46293,0.661323,2.075,2.22649
-0.456195,0.661323,2.075,2.2251
-0.44946,0.661323,2.075,2.22373
-0.442725,0.661323,2.075,2.22238
-0.43599,0.661323,2.075,2.22105
-0.426566,0.65718,2.062,2.20583
-0.419873,0.65718,2.062,2.20455
-0.41318,0.65718,2.062,2.20328
-0.406488,0.65718,2.062,2.20204
-0.399795,0.65718,2.062,2.20081
-0.390814,0.653355,2.05,2.1868
-0.384161,0.653355,2.05,2.18562
-0.377507,0.653355,2.05,2.18446
-0.370853,0.653355,2.05,2.18332
-0.362067,0.649531,2.038,2.16943
-0.355453,0.649531,2.038,2.16834
-0.348838,0.649531,2.038,2.16726
-0.342223,0.649531,2.038,2.16621
-0.335608,0.649531,2.038,2.16517
-0.328993,0.649531,2.038,2.16416
-0.322378,0.649531,2.038,2.16316
-0.313904,0.645706,2.026,2.14945
-0.307328,0.645706,2.026,2.1485
-0.300752,0.645706,2.026,2.14757
-0.294177,0.645706,2.026,2.14666
-0.287601,0.645706,2.026,2.14577
-0.281025,0.645706,2.026,2.1449
-0.272823,0.641882,2.014,2.13135
-0.266286,0.641882,2.014,2.13052
-0.259749,0.641882,2.014,2.12971
-0.251704,0.638057,2.002,2.11624
-0.245206,0.638057,2.002,2.11548
-0.238708,0.638057,2.002,2.11473
-0.230818,0.634233,1.99,2.10134
-0.224359,0.634233,1.99,2.10064
-0.2179,0.634233,1.99,2.09996
-0.211441,0.634233,1.99,2.0993
-0.203849,0.630727,1.979,2.08706
-0.197425,0.630727,1.979,2.08644
-0.191002,0.630727,1.979,2.08584
-0.184579,0.630727,1.979,2.08526
-0.177075,0.626902,1.967,2.07206
-0.170691,0.626902,1.967,2.07153
-0.164306,0.626902,1.967,2.07101
-0.157922,0.626902,1.967,2.07052
-0.151537,0.626902,1.967,2.07004
-0.144341,0.623396,1.956,2.05801
-0.137993,0.623396,1.956,2.05757
-0.131644,0.623396,1.956,2.05716
-0.125295,0.623396,1.956,2.05676
-0.118947,0.623396,1.956,2.05638
-0.112598,0.623396,1.956,2.05602
-0.106249,0.623396,1.956,2.05569
-0.0993387,0.619891,1.945,2.04381
-0.0930257,0.619891,1.945,2.04351
-0.0867127,0.619891,1.945,2.04323
-0.0803998,0.619891,1.945,2.04298
-0.0740868,0.619891,1.945,2.04274
-0.0677738,0.619891,1.945,2.04252
-0.0614608,0.619891,1.945,2.04232
-0.0551478,0.619891,1.945,2.04214
-0.0488348,0.619891,1.945,2.04198
-0.0425218,0.619891,1.945,2.04184
-0.0362088,0.619891,1.945,2.04172
-0.0304185,0.630727,1.979,2.0773
-0.0239951,0.630727,1.979,2.07722
-0.0175718,0.630727,1.979,2.07715
-0.0111484,0.630727,1.979,2.07711
-0.00472508,0.630727,1.979,2.07708
0.00169826,0.630727,1.979,2.07708
0.0081216,0.630727,1.979,2.0771
0.0145449,0.630727,1.979,2.07713
0.0209683,0.630727,1.979,2.07718
0.0275439,0.634233,1.99,2.08881
0.0340029,0.634233,1.99,2.0889
0.040462,0.634233,1.99,2.08902
0.0466617,0.630727,1.979,2.0776
0.053085,0.630727,1.979,2.07776
0.0595083,0.630727,1.979,2.07793
0.0659317,0.630727,1.979,2.07813
0.0719163,0.626902,1.967,2.06574
0.0783007,0.626902,1.967,2.06597
0.0842115,0.623396,1.956,2.05467
0.0905602,0.623396,1.956,2.05494
0.0969089,0.623396,1.956,2.05523
0.102096,0.616385,1.934,2.03241
0.108373,0.616385,1.934,2.03274
0.114651,0.616385,1.934,2.03308
0.120928,0.616385,1.934,2.03345
0.127205,0.616385,1.934,2.03383
0.133483,0.616385,1.934,2.03423
0.13976,0.616385,1.934,2.03465
0.146037,0.616385,1.934,2.0351
0.152314,0.616385,1.934,2.03556
0.158592,0.616385,1.934,2.03603
0.164869,0.616385,1.934,2.03653
0.171146,0.616385,1.934,2.03705
0.177424,0.616385,1.934,2.03759
0.183701,0.616385,1.934,2.03814
0.189978,0.616385,1.934,2.03872
0.196255,0.616385,1.934,2.03931
0.202533,0.616385,1.934,2.03993
0.20881,0.616385,1.934,2.04056
0.215087,0.616385,1.934,2.04121
0.221365,0.616385,1.934,2.04188
0.227642,0.616385,1.934,2.04257
0.233919,0.616385,1.934,2.04328
0.240196,0.616385,1.934,2.04401
0.246474,0.616385,1.934,2.04476
0.252751,0.616385,1.934,2.04552
0.260502,0.619891,1.945,2.05795
0.266815,0.619891,1.945,2.05876
0.273128,0.619891,1.945,2.05958
0.279441,0.619891,1.945,2.06043
0.285753,0.619891,1.945,2.0613
0.292066,0.619891,1.945,2.06218
0.298379,0.619891,1.945,2.06309
0.304692,0.619891,1.945,2.06401
0.311005,0.619891,1.945,2.06495
0.317318,0.619891,1.945,2.06591
0.323631,0.619891,1.945,2.06689
0.329944,0.619891,1.945,2.06789
0.338159,0.623396,1.956,2.0806
0.344508,0.623396,1.956,2.08164
0.350857,0.623396,1.956,2.08271
0.357205,0.623396,1.956,2.08378
0.363554,0.623396,1.956,2.08488
0.371983,0.626902,1.967,2.09773
0.378367,0.626902,1.967,2.09887
0.384752,0.626902,1.967,2.10003
0.391136,0.626902,1.967,2.10121
0.395297,0.623396,1.956,2.09065
0.401646,0.623396,1.956,2.09186
0.407995,0.623396,1.956,2.09309
0.414343,0.623396,1.956,2.09434
0.420692,0.623396,1.956,2.0956
0.427041,0.623396,1.956,2.09688
0.433389,0.623396,1.956,2.09819
0.439738,0.623396,1.956,2.09951
0.443578,0.619891,1.945,2.08903
0.449891,0.619891,1.945,2.09038
0.456204,0.619891,1.945,2.09175
0.462517,0.619891,1.945,2.09313
0.46883,0.619891,1.945,2.09454
0.475143,0.619891,1.945,2.09596
0.478733,0.616385,1.934,2.08554
0.485011,0.616385,1.934,2.08699
0.491288,0.616385,1.934,2.08846
0.497565,0.616385,1.934,2.08994
0.503842,0.616385,1.934,2.09145
0.51012,0.616385,1.934,2.09297
0.516397,0.616385,1.934,2.09451
0.519701,0.612879,1.923,2.08414
0.525943,0.612879,1.923,2.08571
0.532185,0.612879,1.923,2.08729
0.538426,0.612879,1.923,2.08889
0.544668,0.612879,1.923,2.09051
0.550909,0.612879,1.923,2.09214
0.553964,0.609373,1.912,2.08182
0.56017,0.609373,1.912,2.08348
0.563413,0.606186,1.902,2.07425
0.569587,0.606186,1.902,2.07593
0.578787,0.609373,1.912,2.08856
0.581934,0.606186,1.902,2.07935
0.588107,0.606186,1.902,2.08109
0.597405,0.609373,1.912,2.09379
0.603611,0.609373,1.912,2.09557
0.609817,0.609373,1.912,2.09737
0.619567,0.612879,1.923,2.11126
0.625808,0.612879,1.923,2.1131
0.63205,0.612879,1.923,2.11496
0.638291,0.612879,1.923,2.11683
0.64822,0.616385,1.934,2.13084
0.654497,0.616385,1.934,2.13276
0.664533,0.619891,1.945,2.14683
0.670846,0.619891,1.945,2.1488
0.677159,0.619891,1.945,2.15078
0.687337,0.623396,1.956,2.16495
0.693686,0.623396,1.956,2.16697
0.700034,0.623396,1.956,2.16901
0.706383,0.623396,1.956,2.17107
0.712732,0.623396,1.956,2.17314
0.719081,0.623396,1.956,2.17523
0.72135,0.619891,1.945,2.16509
0.727663,0.619891,1.945,2.16721
0.733976,0.619891,1.945,2.16933
0.736102,0.616385,1.934,2.1592
0.742379,0.616385,1.934,2.16135
0.748656,0.616385,1.934,2.16351
0.746346,0.609373,1.912,2.14105
0.752552,0.609373,1.912,2.14323
0.754789,0.606186,1.902,2.13419
0.760963,0.606186,1.902,2.13638
0.7627,0.60268,1.891,2.12622
0.768837,0.60268,1.891,2.12843
0.774975,0.60268,1.891,2.13066
0.781113,0.60268,1.891,2.13289
0.783087,0.599493,1.881,2.12386
0.789193,0.599493,1.881,2.12612
0.795298,0.599493,1.881,2.12839
0.797143,0.596306,1.871,2.11935
0.803215,0.596306,1.871,2.12164
0.809288,0.596306,1.871,2.12395
0.815361,0.596306,1.871,2.12627
0.821434,0.596306,1.871,2.12861
0.827507,0.596306,1.871,2.13096
0.833579,0.596306,1.871,2.13333
0.839652,0.596306,1.871,2.13571
0.845725,0.596306,1.871,2.1381
0.851798,0.596306,1.871,2.14051
0.862456,0.599493,1.881,2.15439
0.868561,0.599493,1.881,2.15684
0.874666,0.599493,1.881,2.1593
0.880771,0.599493,1.881,2.16178
0.886877,0.599493,1.881,2.16428
0.892982,0.599493,1.881,2.16679
0.903867,0.60268,1.891,2.18084
0.910005,0.60268,1.891,2.18339
0.916143,0.60268,1.891,2.18596
0.92228,0.60268,1.891,2.18854
0.933819,0.606186,1.902,2.20388
0.939992,0.606186,1.902,2.2065
0.946165,0.606186,1.902,2.20914
0.957346,0.609373,1.912,2.22342
0.969095,0.612879,1.923,2.2389
0.975337,0.612879,1.923,2.24161
0.981578,0.612879,1.923,2.24434
0.993471,0.616385,1.934,2.25993
0.999748,0.616385,1.934,2.26269
1.02319,0.626902,1.967,2.30413
1.03586,0.630727,1.979,2.32105
1.04807,0.634233,1.99,2.33684
1.05453,0.634233,1.99,2.33974
1.06739,0.638057,2.002,2.35679
1.08032,0.641882,2.014,2.37388
1.08686,0.641882,2.014,2.37686
1.0934,0.641882,2.014,2.37986
1.10649,0.645706,2.026,2.39707
1.11306,0.645706,2.026,2.40011
1.11964,0.645706,2.026,2.40317
1.12622,0.645706,2.026,2.40624
1.1395,0.649531,2.038,2.42359
1.14612,0.649531,2.038,2.42671
1.15273,0.649531,2.038,2.42984
1.15935,0.649531,2.038,2.43299
1.16596,0.649531,2.038,2.43614
1.17258,0.649531,2.038,2.43932
1.17919,0.649531,2.038,2.4425
1.17882,0.645706,2.026,2.4313
1.1854,0.645706,2.026,2.4345
1.19198,0.645706,2.026,2.43771
1.19855,0.645706,2.026,2.44093
1.19799,0.641882,2.014,2.42969
1.20453,0.641882,2.014,2.43292
1.21106,0.641882,2.014,2.43616
1.2176,0.641882,2.014,2.43942
1.21684,0.638057,2.002,2.42813
1.22334,0.638057,2.002,2.4314
1.22984,0.638057,2.002,2.43467
1.22893,0.634233,1.99,2.42335
1.23539,0.634233,1.99,2.42663
1.24184,0.634233,1.99,2.42992
1.25583,0.638057,2.002,2.4479
1.2699,0.641882,2.014,2.46594
1.27643,0.641882,2.014,2.46931
1.28297,0.641882,2.014,2.47269
1.28951,0.641882,2.014,2.47609
1.29604,0.641882,2.014,2.4795
1.31034,0.645706,2.026,2.49772
1.31692,0.645706,2.026,2.50118
1.32349,0.645706,2.026,2.50465
1.33007,0.645706,2.026,2.50813
1.34456,0.649531,2.038,2.5265
1.35118,0.649531,2.038,2.53002
1.3498,0.645706,2.026,2.51864
1.35637,0.645706,2.026,2.52217
1.36295,0.645706,2.026,2.52572
1.36952,0.645706,2.026,2.52927
1.3761,0.645706,2.026,2.53284
-1.6157,0.749832,2.329,2.93206
-1.60814,0.749832,2.329,2.9279
-1.58959,0.744681,2.313,2.90367
-1.58208,0.744681,2.313,2.89957
-1.57457,0.744681,2.313,2.89548
-1.54606,0.734701,2.282,2.85265
-1.53866,0.734701,2.282,2.84864
-1.53125,0.734701,2.282,2.84465
-1.51383,0.729871,2.267,2.822
-1.50647,0.729871,2.267,2.81806
-1.49911,0.729871,2.267,2.81413
-1.49175,0.729871,2.267,2.81022
-1.48439,0.729871,2.267,2.80632
-1.47704,0.729871,2.267,2.80243
-1.46968,0.729871,2.267,2.79856
-1.46232,0.729871,2.267,2.79471
-1.45496,0.729871,2.267,2.79086
-1.45718,0.734701,2.282,2.80547
-1.44978,0.734701,2.282,2.80164
-1.45248,0.739852,2.298,2.81743
-1.44502,0.739852,2.298,2.81359
-1.43756,0.739852,2.298,2.80976
-1.4494,0.749832,2.329,2.84381
-1.44184,0.749832,2.329,2.83996
-1.43428,0.749832,2.329,2.83613
-1.43652,0.754984,2.345,2.85177
-1.43866,0.760135,2.361,2.86738
-1.431,0.760135,2.361,2.86354
-1.42333,0.760135,2.361,2.85972
-1.41567,0.760135,2.361,2.85591
-1.40801,0.760135,2.361,2.85212
-1.39085,0.754984,2.345,2.82905
-1.38324,0.754984,2.345,2.82531
-1.37563,0.754984,2.345,2.82159
-1.35869,0.749832,2.329,2.79866
-1.34184,0.744681,2.313,2.7758
-1.33434,0.744681,2.313,2.77218
-1.30905,0.734701,2.282,2.73147
-1.29308,0.729871,2.267,2.70999
-1.27722,0.725042,2.252,2.68858
-1.26991,0.725042,2.252,2.68512
-1.25419,0.720213,2.237,2.66381
-1.23912,0.715705,2.223,2.64375
-1.23191,0.715705,2.223,2.64037
-1.22469,0.715705,2.223,2.63701
-1.20981,0.711198,2.209,2.61708
-1.20264,0.711198,2.209,2.61378
-1.19547,0.711198,2.209,2.61049
-1.19583,0.715705,2.223,2.62373
-1.18862,0.715705,2.223,2.62045
-1.1814,0.715705,2.223,2.61719
-1.17419,0.715705,2.223,2.61394
-1.16697,0.715705,2.223,2.61071
-1.15976,0.715705,2.223,2.60749
-1.15254,0.715705,2.223,2.60429
-1.14533,0.715705,2.223,2.6011
-1.13811,0.715705,2.223,2.59793
-1.12377,0.711198,2.209,2.57844
-1.1166,0.711198,2.209,2.57532
-1.10943,0.711198,2.209,2.57222
-1.10226,0.711198,2.209,2.56914
-1.08766,0.706369,2.194,2.54865
-1.08054,0.706369,2.194,2.54561
-1.07342,0.706369,2.194,2.5426
-1.05949,0.701861,2.18,2.5234
-1.05241,0.701861,2.18,2.52043
-1.04534,0.701861,2.18,2.51749
-1.03207,0.697676,2.167,2.49956
-1.01842,0.693168,2.153,2.48054
-1.01143,0.693168,2.153,2.47768
-1.00444,0.693168,2.153,2.47483
-0.997451,0.693168,2.153,2.472
-0.990463,0.693168,2.153,2.46919
-0.977537,0.688983,2.14,2.4515
-0.964241,0.684476,2.126,2.43272
-0.951487,0.68029,2.113,2.41514
-0.944628,0.68029,2.113,2.41244
-0.932001,0.676105,2.1,2.39494
-0.925185,0.676105,2.1,2.3923
-0.918369,0.676105,2.1,2.38967
-0.911552,0.676105,2.1,2.38706
-0.904736,0.676105,2.1,2.38446
-0.903479,0.68029,2.113,2.39663
-0.896621,0.68029,2.113,2.39405
-0.884288,0.676105,2.1,2.37678
-0.877472,0.676105,2.1,2.37425
-0.870656,0.676105,2.1,2.37174
-0.869187,0.68029,2.113,2.38392
-0.862329,0.68029,2.113,2.38142
-0.860734,0.684476,2.126,2.39358
-0.853834,0.684476,2.126,2.39111
-0.846933,0.684476,2.126,2.38866
-0.840033,0.684476,2.126,2.38622
-0.833132,0.684476,2.126,2.3838
-0.831673,0.688983,2.14,2.39708
-0.824727,0.688983,2.14,2.39468
-0.817781,0.688983,2.14,2.39229
-0.810835,0.688983,2.14,2.38993
-0.79863,0.684476,2.126,2.37196
-0.791729,0.684476,2.126,2.36965
-0.784829,0.684476,2.126,2.36735
-0.777928,0.684476,2.126,2.36507
-0.771028,0.684476,2.126,2.36281
-0.759455,0.68029,2.113,2.34613
-0.747967,0.676105,2.1,2.3295
-0.74115,0.676105,2.1,2.32732
-0.734334,0.676105,2.1,2.32516
-0.727518,0.676105,2.1,2.32302
-0.720702,0.676105,2.1,2.32089
-0.709467,0.671919,2.087,2.30443
-0.702693,0.671919,2.087,2.30235
-0.695919,0.671919,2.087,2.30029
-0.689145,0.671919,2.087,2.29825
-0.682371,0.671919,2.087,2.29623
-0.675597,0.671919,2.087,2.29423
-0.668824,0.671919,2.087,2.29224
-0.66205,0.671919,2.087,2.29027
-0.651508,0.668056,2.075,2.27517
-0.644773,0.668056,2.075,2.27325
-0.634041,0.663871,2.062,2.25712
-0.627348,0.663871,2.062,2.25525
-0.624568,0.668056,2.075,2.2676
-0.613963,0.663871,2.062,2.25156
-0.60727,0.663871,2.062,2.24974
-0.600577,0.663871,2.062,2.24795
-0.593884,0.663871,2.062,2.24617
-0.583774,0.660007,2.05,2.23135
-0.577121,0.660007,2.05,2.22961
-0.570467,0.660007,2.05,2.2279
-0.563813,0.660007,2.05,2.22621
-0.557159,0.660007,2.05,2.22453
-0.550505,0.660007,2.05,2.22287
-0.543852,0.660007,2.05,2.22124
-0.534053,0.656144,2.038,2.20662
-0.527438,0.656144,2.038,2.20503
-0.520824,0.656144,2.038,2.20346
-0.514209,0.656144,2.038,2.2019
-0.507594,0.656144,2.038,2.20037
-0.500979,0.656144,2.038,2.19885
-0.494364,0.656144,2.038,2.19735
-0.487749,0.656144,2.038,2.19588
-0.481135,0.656144,2.038,2.19442
-0.47452,0.656144,2.038,2.19297
-0.46515,0.65228,2.026,2.17865
-0.458574,0.65228,2.026,2.17725
-0.451998,0.65228,2.026,2.17588
-0.445422,0.65228,2.026,2.17452
-0.438846,0.65228,2.026,2.17318
-0.43227,0.65228,2.026,2.17187
-0.425694,0.65228,2.026,2.17057
-0.416636,0.648417,2.014,2.15644
-0.410099,0.648417,2.014,2.15518
-0.403562,0.648417,2.014,2.15395
-0.397025,0.648417,2.014,2.15274
-0.390488,0.648417,2.014,2.15154
-0.383951,0.648417,2.014,2.15036
-0.375166,0.644553,2.002,2.1364
-0.368668,0.644553,2.002,2.13527
-0.36217,0.644553,2.002,2.13416
-0.362067,0.656144,2.038,2.17142
-0.355453,0.656144,2.038,2.17033
-0.348838,0.656144,2.038,2.16925
-0.342223,0.656144,2.038,2.1682
-0.335608,0.656144,2.038,2.16716
-0.328993,0.656144,2.038,2.16615
-0.322378,0.656144,2.038,2.16516
-0.313904,0.65228,2.026,2.15144
-0.307328,0.65228,2.026,2.15049
-0.300752,0.65228,2.026,2.14956
-0.294177,0.65228,2.026,2.14865
-0.287601,0.65228,2.026,2.14776
-0.281025,0.65228,2.026,2.14689
-0.272823,0.648417,2.014,2.13332
-0.266286,0.648417,2.014,2.1325
-0.259749,0.648417,2.014,2.13169
-0.251704,0.644553,2.002,2.11821
-0.245206,0.644553,2.002,2.11745
-0.238708,0.644553,2.002,2.1167
-0.230818,0.64069,1.99,2.1033
-0.224359,0.64069,1.99,2.1026
-0.2179,0.64069,1.99,2.10192
-0.211441,0.64069,1.99,2.10126
-0.203849,0.637148,1.979,2.08901
-0.197425,0.637148,1.979,2.08839
-0.191002,0.637148,1.979,2.08779
-0.184579,0.637148,1.979,2.08722
-0.177075,0.633285,1.967,2.074
-0.170691,0.633285,1.967,2.07347
-0.164306,0.633285,1.967,2.07295
-0.157922,0.633285,1.967,2.07246
-0.151537,0.633285,1.967,2.07198
-0.144341,0.629743,1.956,2.05994
-0.137993,0.629743,1.956,2.0595
-0.131644,0.629743,1.956,2.05909
-0.125295,0.629743,1.956,2.05869
-0.118947,0.629743,1.956,2.05832
-0.112598,0.629743,1.956,2.05796
-0.106249,0.629743,1.956,2.05762
-0.0993387,0.626202,1.945,2.04573
-0.0930257,0.626202,1.945,2.04544
-0.0867127,0.626202,1.945,2.04516
-0.0803998,0.626202,1.945,2.0449
-0.0740868,0.626202,1.945,2.04466
-0.0677738,0.626202,1.945,2.04444
-0.0614608,0.626202,1.945,2.04424
-0.0551478,0.626202,1.945,2.04406
-0.0488348,0.626202,1.945,2.0439
-0.0425218,0.626202,1.945,2.04376
-0.0362088,0.626202,1.945,2.04364
-0.0298959,0.626202,1.945,2.04354
-0.0235829,0.626202,1.945,2.04346
-0.0172699,0.626202,1.945,2.04339
-0.0110189,0.629743,1.956,2.0549
-0.00467017,0.629743,1.956,2.05488
0.00167852,0.629743,1.956,2.05488
0.00802721,0.629743,1.956,2.05489
0.0143759,0.629743,1.956,2.05493
0.0207246,0.629743,1.956,2.05498
0.0270733,0.629743,1.956,2.05505
0.033422,0.629743,1.956,2.05515
0.0397707,0.629743,1.956,2.05526
0.04586,0.626202,1.945,2.04383
0.052173,0.626202,1.945,2.04399
0.058486,0.626202,1.945,2.04416
0.064799,0.626202,1.945,2.04435
0.0707098,0.62266,1.934,2.03299
0.0769871,0.62266,1.934,2.03322
0.0832643,0.62266,1.934,2.03347
0.0890323,0.619119,1.923,2.02217
0.0952739,0.619119,1.923,2.02245
0.100935,0.615577,1.912,2.01119
0.107141,0.615577,1.912,2.01151
0.113347,0.615577,1.912,2.01185
0.118927,0.612358,1.902,2.00168
0.125101,0.612358,1.902,2.00206
0.131274,0.612358,1.902,2.00245
0.137447,0.612358,1.902,2.00287
0.143621,0.612358,1.902,2.0033
0.149794,0.612358,1.902,2.00375
0.155968,0.612358,1.902,2.00422
0.162141,0.612358,1.902,2.00471
0.168315,0.612358,1.902,2.00522
0.174488,0.612358,1.902,2.00575
0.180661,0.612358,1.902,2.0063
0.186835,0.612358,1.902,2.00686
0.193008,0.612358,1.902,2.00745
0.199182,0.612358,1.902,2.00805
0.205355,0.612358,1.902,2.00867
0.211528,0.612358,1.902,2.00931
0.217702,0.612358,1.902,2.00997
0.223875,0.612358,1.902,2.01065
0.230049,0.612358,1.902,2.01135
0.236222,0.612358,1.902,2.01206
0.242396,0.612358,1.902,2.01279
0.249876,0.615577,1.912,2.02413
0.256082,0.615577,1.912,2.02491
0.262288,0.615577,1.912,2.0257
0.268494,0.615577,1.912,2.02652
0.274699,0.615577,1.912,2.02735
0.280905,0.615577,1.912,2.0282
0.287111,0.615577,1.912,2.02907
0.293317,0.615577,1.912,2.02995
0.301246,0.619119,1.923,2.04254
0.307488,0.619119,1.923,2.04347
0.313729,0.619119,1.923,2.04442
0.319971,0.619119,1.923,2.04539
0.326212,0.619119,1.923,2.04638
0.332454,0.619119,1.923,2.04738
0.338696,0.619119,1.923,2.0484
0.344937,0.619119,1.923,2.04944
0.351179,0.619119,1.923,2.0505
0.359465,0.62266,1.934,2.06332
0.365742,0.62266,1.934,2.06442
0.369903,0.619119,1.923,2.05379
0.376145,0.619119,1.923,2.05493
0.382387,0.619119,1.923,2.05608
0.388628,0.619119,1.923,2.05725
0.39487,0.619119,1.923,2.05844
0.401111,0.619119,1.923,2.05964
0.407353,0.619119,1.923,2.06087
0.413595,0.619119,1.923,2.06211
0.419836,0.619119,1.923,2.06337
0.426078,0.619119,1.923,2.06465
0.432319,0.619119,1.923,2.06595
0.438561,0.619119,1.923,2.06726
0.444802,0.619119,1.923,2.0686
0.451044,0.619119,1.923,2.06995
0.457286,0.619119,1.923,2.07132
0.463527,0.619119,1.923,2.0727
0.469769,0.619119,1.923,2.07411
0.47601,0.619119,1.923,2.07553
0.482252,0.619119,1.923,2.07697
0.488494,0.619119,1.923,2.07843
0.491905,0.615577,1.912,2.06801
0.498111,0.615577,1.912,2.06949
0.504317,0.615577,1.912,2.07099
0.510523,0.615577,1.912,2.07251
0.516729,0.615577,1.912,2.07405
0.522934,0.615577,1.912,2.07561
0.526373,0.612358,1.902,2.06631
0.532546,0.612358,1.902,2.0679
0.53872,0.612358,1.902,2.06949
0.541742,0.608816,1.891,2.05913
0.54788,0.608816,1.891,2.06075
0.554017,0.608816,1.891,2.0624
0.557193,0.605597,1.881,2.05314
0.563298,0.605597,1.881,2.0548
0.569403,0.605597,1.881,2.05648
0.575508,0.605597,1.881,2.05818
0.584706,0.608816,1.891,2.07085
0.590843,0.608816,1.891,2.07259
0.596981,0.608816,1.891,2.07435
0.603119,0.608816,1.891,2.07612
0.612801,0.612358,1.902,2.09
0.618974,0.612358,1.902,2.09182
0.625148,0.612358,1.902,2.09366
0.631321,0.612358,1.902,2.09551
0.640846,0.615577,1.912,2.1084
0.647052,0.615577,1.912,2.1103
0.657016,0.619119,1.923,2.12436
0.663258,0.619119,1.923,2.1263
0.669499,0.619119,1.923,2.12825
0.675741,0.619119,1.923,2.13023
0.693686,0.629743,1.956,2.1688
0.700034,0.629743,1.956,2.17084
0.706383,0.629743,1.956,2.1729
0.712732,0.629743,1.956,2.17497
0.719081,0.629743,1.956,2.17706
0.72135,0.626202,1.945,2.16691
0.727663,0.626202,1.945,2.16902
0.733976,0.626202,1.945,2.17115
0.736102,0.62266,1.934,2.161
0.742379,0.62266,1.934,2.16314
0.748656,0.62266,1.934,2.16531
0.746346,0.615577,1.912,2.14283
0.752552,0.615577,1.912,2.145
0.754789,0.612358,1.902,2.13595
0.760963,0.612358,1.902,2.13814
0.7627,0.608816,1.891,2.12797
0.768837,0.608816,1.891,2.13018
0.774975,0.608816,1.891,2.1324
0.781113,0.608816,1.891,2.13464
0.783087,0.605597,1.881,2.12559
0.789193,0.605597,1.881,2.12785
0.795298,0.605597,1.881,2.13012
0.797143,0.602377,1.871,2.12107
0.803215,0.602377,1.871,2.12336
0.809288,0.602377,1.871,2.12566
0.815361,0.602377,1.871,2.12798
0.821434,0.602377,1.871,2.13032
0.827507,0.602377,1.871,2.13267
0.833579,0.602377,1.871,2.13503
0.839652,0.602377,1.871,2.13741
0.845725,0.602377,1.871,2.1398
0.851798,0.602377,1.871,2.14221
0.862456,0.605597,1.881,2.15609
0.868561,0.605597,1.881,2.15854
0.874666,0.605597,1.881,2.16101
0.880771,0.605597,1.881,2.16348
0.886877,0.605597,1.881,2.16598
0.892982,0.605597,1.881,2.16848
0.903867,0.608816,1.891,2.18255
0.910005,0.608816,1.891,2.1851
0.916143,0.608816,1.891,2.18766
0.92228,0.608816,1.891,2.19024
0.933819,0.612358,1.902,2.20558
0.939992,0.612358,1.902,2.20821
0.946165,0.612358,1.902,2.21084
0.957346,0.615577,1.912,2.22513
0.969095,0.619119,1.923,2.24062
0.975337,0.619119,1.923,2.24333
0.981578,0.619119,1.923,2.24605
0.993471,0.62266,1.934,2.26165
0.999748,0.62266,1.934,2.26441
1.01175,0.626202,1.945,2.28008
1.02382,0.629743,1.956,2.2958
1.03596,0.633285,1.967,2.31157
1.04234,0.633285,1.967,2.31444
1.05513,0.637148,1.979,2.33146
1.06155,0.637148,1.979,2.33437
1.06797,0.637148,1.979,2.3373
1.08037,0.64069,1.99,2.35325
1.08683,0.64069,1.99,2.35622
1.09329,0.64069,1.99,2.35921
1.10638,0.644553,2.002,2.37645
1.11288,0.644553,2.002,2.37948
1.11937,0.644553,2.002,2.38253
1.12587,0.644553,2.002,2.38559
1.13237,0.644553,2.002,2.38866
1.13887,0.644553,2.002,2.39175
1.14537,0.644553,2.002,2.39485
1.15186,0.644553,2.002,2.39797
1.15836,0.644553,2.002,2.40109
1.16486,0.644553,2.002,2.40424
1.16434,0.64069,1.99,2.39296
1.17079,0.64069,1.99,2.39611
1.17075,0.637148,1.979,2.38601
1.17717,0.637148,1.979,2.38917
1.18359,0.637148,1.979,2.39234
1.19002,0.637148,1.979,2.39552
1.19644,0.637148,1.979,2.39872
1.19557,0.633285,1.967,2.38737
1.20195,0.633285,1.967,2.39057
1.20834,0.633285,1.967,2.39379
1.21472,0.633285,1.967,2.39702
1.22111,0.633285,1.967,2.40026
1.22749,0.633285,1.967,2.40351
1.23388,0.633285,1.967,2.40678
1.24783,0.637148,1.979,2.42476
1.25425,0.637148,1.979,2.42807
1.26768,0.64069,1.99,2.44491
1.28182,0.644553,2.002,2.46303
1.28832,0.644553,2.002,2.46642
1.29482,0.644553,2.002,2.46982
1.30132,0.644553,2.002,2.47323
1.30781,0.644553,2.002,2.47666
1.31431,0.644553,2.002,2.48009
1.32081,0.644553,2.002,2.48354
1.32731,0.644553,2.002,2.48701
1.33381,0.644553,2.002,2.49048
1.3403,0.644553,2.002,2.49397
1.3468,0.644553,2.002,2.49746
1.3533,0.644553,2.002,2.50098
1.3598,0.644553,2.002,2.5045
-1.6157,0.75739,2.329,2.934
-1.60814,0.75739,2.329,2.92985
-1.57928,0.747308,2.298,2.88676
-1.57182,0.747308,2.298,2.88269
-1.56436,0.747308,2.298,2.87863
-1.54606,0.742105,2.282,2.85457
-1.53866,0.742105,2.282,2.85056
-1.53125,0.742105,2.282,2.84657
-1.51383,0.737227,2.267,2.82391
-1.50647,0.737227,2.267,2.81997
-1.49911,0.737227,2.267,2.81605
-1.48188,0.732349,2.252,2.79353
-1.47457,0.732349,2.252,2.78966
-1.46726,0.732349,2.252,2.7858
-1.45995,0.732349,2.252,2.78196
-1.45264,0.732349,2.252,2.77813
-1.44534,0.732349,2.252,2.77432
-1.4476,0.737227,2.267,2.78897
-1.44025,0.737227,2.267,2.78516
-1.44237,0.742105,2.282,2.79976
-1.44502,0.747308,2.298,2.81556
-1.43756,0.747308,2.298,2.81174
-1.43011,0.747308,2.298,2.80793
-1.43193,0.752186,2.313,2.82244
-1.42443,0.752186,2.313,2.81864
-1.41692,0.752186,2.313,2.81486
-1.41916,0.75739,2.329,2.83053
-1.4116,0.75739,2.329,2.82675
-1.40404,0.75739,2.329,2.82298
-1.39648,0.75739,2.329,2.81923
-1.38892,0.75739,2.329,2.81549
-1.37187,0.752186,2.313,2.79245
-1.35552,0.747308,2.298,2.77069
-1.34806,0.747308,2.298,2.76705
-1.33127,0.742105,2.282,2.74418
-1.31516,0.737227,2.267,2.72258
-1.3078,0.737227,2.267,2.71903
-1.29184,0.732349,2.252,2.69753
-1.26799,0.722919,2.223,2.65935
-1.26077,0.722919,2.223,2.65591
-1.25356,0.722919,2.223,2.6525
-1.23849,0.718366,2.209,2.63241
-1.22296,0.713488,2.194,2.61119
-1.21584,0.713488,2.194,2.60787
-1.20872,0.713488,2.194,2.60455
-1.2016,0.713488,2.194,2.60126
-1.19448,0.713488,2.194,2.59797
-1.18735,0.713488,2.194,2.59471
-1.18023,0.713488,2.194,2.59146
-1.17311,0.713488,2.194,2.58822
-1.16599,0.713488,2.194,2.585
-1.16679,0.718366,2.209,2.59945
-1.15962,0.718366,2.209,2.59624
-1.15245,0.718366,2.209,2.59304
-1.14528,0.718366,2.209,2.58987
-1.13811,0.718366,2.209,2.5867
-1.13094,0.718366,2.209,2.58356
-1.11614,0.713488,2.194,2.5629
-1.10902,0.713488,2.194,2.55981
-1.1019,0.713488,2.194,2.55673
-1.08779,0.708935,2.18,2.53738
-1.07427,0.704707,2.167,2.51924
-1.06724,0.704707,2.167,2.51625
-1.06021,0.704707,2.167,2.51327
-1.04637,0.700155,2.153,2.4941
-1.0331,0.695927,2.14,2.47613
-1.02616,0.695927,2.14,2.47324
-1.01921,0.695927,2.14,2.47037
-1.01227,0.695927,2.14,2.46751
-1.00532,0.695927,2.14,2.46467
-0.991843,0.691374,2.126,2.44574
-0.97892,0.687147,2.113,2.42801
-0.972062,0.687147,2.113,2.42525
-0.965203,0.687147,2.113,2.42251
-0.946553,0.678691,2.087,2.39001
-0.939779,0.678691,2.087,2.38734
-0.933005,0.678691,2.087,2.38468
-0.926231,0.678691,2.087,2.38204
-0.919457,0.678691,2.087,2.37941
-0.912683,0.678691,2.087,2.3768
-0.905909,0.678691,2.087,2.37421
-0.893966,0.674789,2.075,2.35799
-0.887231,0.674789,2.075,2.35545
-0.880496,0.674789,2.075,2.35292
-0.873761,0.674789,2.075,2.35041
-0.867026,0.674789,2.075,2.34791
-0.860291,0.674789,2.075,2.34544
-0.858492,0.678691,2.087,2.35652
-0.851718,0.678691,2.087,2.35406
-0.850208,0.682919,2.1,2.36627
-0.843392,0.682919,2.1,2.36383
-0.836576,0.682919,2.1,2.36141
-0.829759,0.682919,2.1,2.359
-0.822943,0.682919,2.1,2.35661
-0.811075,0.678691,2.087,2.33967
-0.804301,0.678691,2.087,2.33733
-0.797527,0.678691,2.087,2.335
-0.790753,0.678691,2.087,2.3327
-0.78398,0.678691,2.087,2.33041
-0.777206,0.678691,2.087,2.32814
-0.770432,0.678691,2.087,2.32589
-0.763658,0.678691,2.087,2.32365
-0.756884,0.678691,2.087,2.32144
-0.741125,0.670561,2.062,2.29145
-0.734432,0.670561,2.062,2.2893
-0.727739,0.670561,2.062,2.28716
-0.721046,0.670561,2.062,2.28504
-0.714354,0.670561,2.062,2.28294
-0.720702,0.682919,2.1,2.32288
-0.709467,0.678691,2.087,2.30641
-0.702693,0.678691,2.087,2.30434
-0.695919,0.678691,2.087,2.30228
-0.689145,0.678691,2.087,2.30024
-0.682371,0.678691,2.087,2.29822
-0.675597,0.678691,2.087,2.29622
-0.668824,0.678691,2.087,2.29424
-0.66205,0.678691,2.087,2.29227
-0.651508,0.674789,2.075,2.27715
-0.644773,0.674789,2.075,2.27524
-0.634041,0.670561,2.062,2.25909
-0.627348,0.670561,2.062,2.25722
-0.624568,0.674789,2.075,2.26959
-0.613963,0.670561,2.062,2.25354
-0.60727,0.670561,2.062,2.25173
-0.600577,0.670561,2.062,2.24993
-0.593884,0.670561,2.062,2.24815
-0.583774,0.666659,2.05,2.23332
-0.577121,0.666659,2.05,2.23159
-0.570467,0.666659,2.05,2.22988
-0.563813,0.666659,2.05,2.22819
-0.557159,0.666659,2.05,2.22651
-0.550505,0.666659,2.05,2.22486
-0.543852,0.666659,2.05,2.22322
-0.534053,0.662757,2.038,2.2086
-0.527438,0.662757,2.038,2.20701
-0.520824,0.662757,2.038,2.20544
-0.514209,0.662757,2.038,2.20388
-0.507594,0.662757,2.038,2.20235
-0.500979,0.662757,2.038,2.20083
-0.494364,0.662757,2.038,2.19934
-0.487749,0.662757,2.038,2.19786
-0.481135,0.662757,2.038,2.1964
-0.47452,0.662757,2.038,2.19496
-0.46515,0.658854,2.026,2.18063
-0.458574,0.658854,2.026,2.17923
-0.451998,0.658854,2.026,2.17786
-0.445422,0.658854,2.026,2.1765
-0.438846,0.658854,2.026,2.17517
-0.43227,0.658854,2.026,2.17385
-0.425694,0.658854,2.026,2.17255
-0.416636,0.654952,2.014,2.15841
-0.410099,0.654952,2.014,2.15716
-0.403562,0.654952,2.014,2.15593
-0.397025,0.654952,2.014,2.15471
-0.390488,0.654952,2.014,2.15352
-0.383951,0.654952,2.014,2.15234
-0.375166,0.651049,2.002,2.13837
-0.368668,0.651049,2.002,2.13724
-0.36217,0.651049,2.002,2.13613
-0.355672,0.651049,2.002,2.13503
-0.349174,0.651049,2.002,2.13396
-0.342676,0.651049,2.002,2.13291
-0.334163,0.647147,1.99,2.1191
-0.327704,0.647147,1.99,2.11809
-0.321245,0.647147,1.99,2.1171
-0.314786,0.647147,1.99,2.11613
-0.308327,0.647147,1.99,2.11517
-0.301867,0.647147,1.99,2.11424
-0.295408,0.647147,1.99,2.11333
-0.287352,0.64357,1.979,2.10076
-0.280929,0.64357,1.979,2.09989
-0.274505,0.64357,1.979,2.09904
-0.268082,0.64357,1.979,2.09821
-0.261659,0.64357,1.979,2.0974
-0.255235,0.64357,1.979,2.09661
-0.248812,0.64357,1.979,2.09584
-0.240919,0.639667,1.967,2.08238
-0.234535,0.639667,1.967,2.08165
-0.22815,0.639667,1.967,2.08094
-0.220526,0.63609,1.956,2.06862
-0.214177,0.63609,1.956,2.06795
-0.207828,0.63609,1.956,2.0673
-0.200346,0.632513,1.945,2.05505
-0.194034,0.632513,1.945,2.05445
-0.187721,0.632513,1.945,2.05386
-0.181408,0.632513,1.945,2.05329
-0.175095,0.632513,1.945,2.05274
-0.168782,0.632513,1.945,2.05221
-0.16155,0.628936,1.934,2.0401
-0.155272,0.628936,1.934,2.03961
-0.148995,0.628936,1.934,2.03915
-0.142718,0.628936,1.934,2.0387
-0.136441,0.628936,1.934,2.03827
-0.130163,0.628936,1.934,2.03786
-0.123181,0.625359,1.923,2.02588
-0.11694,0.625359,1.923,2.02551
-0.110698,0.625359,1.923,2.02516
-0.104457,0.625359,1.923,2.02482
-0.0976533,0.621781,1.912,2.01293
-0.0914474,0.621781,1.912,2.01264
-0.0852415,0.621781,1.912,2.01237
-0.0790356,0.621781,1.912,2.01211
-0.0728298,0.621781,1.912,2.01188
-0.0666239,0.621781,1.912,2.01166
-0.060418,0.621781,1.912,2.01147
-0.0542121,0.621781,1.912,2.01129
-0.0480063,0.621781,1.912,2.01113
-0.0418004,0.621781,1.912,2.011
-0.0355945,0.621781,1.912,2.01088
-0.0293886,0.621781,1.912,2.01078
-0.0231827,0.621781,1.912,2.01069
-0.0169769,0.621781,1.912,2.01063
-0.010833,0.625359,1.923,2.02216
-0.00459138,0.625359,1.923,2.02213
0.00165021,0.625359,1.923,2.02213
0.00789179,0.625359,1.923,2.02214
0.0141334,0.625359,1.923,2.02218
0.0203749,0.625359,1.923,2.02223
0.0266165,0.625359,1.923,2.0223
0.0328581,0.625359,1.923,2.0224
0.0390997,0.625359,1.923,2.02251
0.0453413,0.625359,1.923,2.02264
0.0512878,0.621781,1.912,2.01122
0.0574937,0.621781,1.912,2.01138
0.0636995,0.621781,1.912,2.01157
0.0699054,0.621781,1.912,2.01178
0.0761113,0.621781,1.912,2.012
0.0818866,0.618529,1.902,2.00172
0.0880601,0.618529,1.902,2.00198
0.0942335,0.618529,1.902,2.00226
0.0998262,0.614952,1.891,1.99098
0.105964,0.614952,1.891,1.9913
0.112102,0.614952,1.891,1.99164
0.117614,0.6117,1.881,1.98146
0.123719,0.6117,1.881,1.98183
0.129825,0.6117,1.881,1.98222
0.13593,0.6117,1.881,1.98263
0.142035,0.6117,1.881,1.98306
0.147353,0.608448,1.871,1.97296
0.153426,0.608448,1.871,1.97342
0.159498,0.608448,1.871,1.9739
0.165571,0.608448,1.871,1.9744
0.171644,0.608448,1.871,1.97492
0.177717,0.608448,1.871,1.97546
0.18379,0.608448,1.871,1.97601
0.190877,0.6117,1.881,1.98715
0.195935,0.608448,1.871,1.97718
0.202008,0.608448,1.871,1.97779
0.209193,0.6117,1.881,1.98899
0.215298,0.6117,1.881,1.98965
0.221403,0.6117,1.881,1.99032
0.227509,0.6117,1.881,1.991
0.233614,0.6117,1.881,1.99171
0.239719,0.6117,1.881,1.99244
0.245825,0.6117,1.881,1.99318
0.25193,0.6117,1.881,1.99394
0.258035,0.6117,1.881,1.99472
0.265545,0.614952,1.891,2.00613
0.271682,0.614952,1.891,2.00695
0.27782,0.614952,1.891,2.00779
0.283958,0.614952,1.891,2.00865
0.291783,0.618529,1.902,2.02122
0.297956,0.618529,1.902,2.02212
0.30413,0.618529,1.902,2.02304
0.310303,0.618529,1.902,2.02397
0.316477,0.618529,1.902,2.02493
0.32265,0.618529,1.902,2.0259
0.328823,0.618529,1.902,2.0269
0.334997,0.618529,1.902,2.02791
0.34117,0.618529,1.902,2.02894
0.347344,0.618529,1.902,2.02998
0.355376,0.621781,1.912,2.04173
0.365742,0.628936,1.934,2.06632
0.369903,0.625359,1.923,2.05568
0.376145,0.625359,1.923,2.05681
0.382387,0.625359,1.923,2.05797
0.388628,0.625359,1.923,2.05913
0.39487,0.625359,1.923,2.06032
0.401111,0.625359,1.923,2.06153
0.407353,0.625359,1.923,2.06275
0.413595,0.625359,1.923,2.06399
0.419836,0.625359,1.923,2.06525
0.426078,0.625359,1.923,2.06653
0.432319,0.625359,1.923,2.06783
0.438561,0.625359,1.923,2.06914
0.444802,0.625359,1.923,2.07047
0.451044,0.625359,1.923,2.07182
0.457286,0.625359,1.923,2.07319
0.463527,0.625359,1.923,2.07457
0.469769,0.625359,1.923,2.07598
0.47601,0.625359,1.923,2.0774
0.482252,0.625359,1.923,2.07884
0.488494,0.625359,1.923,2.0803
0.491905,0.621781,1.912,2.06986
0.498111,0.621781,1.912,2.07135
0.504317,0.621781,1.912,2.07285
0.510523,0.621781,1.912,2.07436
0.516729,0.621781,1.912,2.0759
0.522934,0.621781,1.912,2.07745
0.526373,0.618529,1.902,2.06815
0.532546,0.618529,1.902,2.06973
0.53872,0.618529,1.902,2.07133
0.541742,0.614952,1.891,2.06095
0.54788,0.614952,1.891,2.06258
0.554017,0.614952,1.891,2.06421
0.557193,0.6117,1.881,2.05495
0.563298,0.6117,1.881,2.05661
0.569403,0.6117,1.881,2.05829
0.575508,0.6117,1.881,2.05999
0.584706,0.614952,1.891,2.07266
0.590843,0.614952,1.891,2.0744
0.596981,0.614952,1.891,2.07616
0.603119,0.614952,1.891,2.07793
0.612801,0.618529,1.902,2.09182
0.618974,0.618529,1.902,2.09364
0.625148,0.618529,1.902,2.09547
0.631321,0.618529,1.902,2.09732
0.640846,0.621781,1.912,2.11022
0.647052,0.621781,1.912,2.11212
0.657016,0.625359,1.923,2.12619
0.663258,0.625359,1.923,2.12812
0.669499,0.625359,1.923,2.13008
0.675741,0.625359,1.923,2.13205
0.685884,0.628936,1.934,2.14624
0.692161,0.628936,1.934,2.14826
0.698438,0.628936,1.934,2.15029
0.700707,0.625359,1.923,2.14009
0.706949,0.625359,1.923,2.14214
0.71319,0.625359,1.923,2.14421
0.715317,0.621781,1.912,2.13402
0.721523,0.621781,1.912,2.13611
0.727728,0.621781,1.912,2.13821
0.730096,0.618529,1.902,2.12914
0.736269,0.618529,1.902,2.13126
0.738149,0.614952,1.891,2.12106
0.744286,0.614952,1.891,2.12321
0.746456,0.6117,1.881,2.11413
0.752561,0.6117,1.881,2.11629
0.754633,0.608448,1.871,2.10721
0.760706,0.608448,1.871,2.10939
0.766779,0.608448,1.871,2.11159
0.768721,0.605196,1.861,2.1025
0.770182,0.601619,1.85,2.09228
0.776186,0.601619,1.85,2.0945
0.782191,0.601619,1.85,2.09673
0.788195,0.601619,1.85,2.09898
0.7942,0.601619,1.85,2.10124
0.800205,0.601619,1.85,2.10351
0.806209,0.601619,1.85,2.10581
0.812214,0.601619,1.85,2.10811
0.818219,0.601619,1.85,2.11043
0.824223,0.601619,1.85,2.11277
0.830228,0.601619,1.85,2.11512
0.836233,0.601619,1.85,2.11748
0.842237,0.601619,1.85,2.11986
0.853285,0.605196,1.861,2.13487
0.859326,0.605196,1.861,2.13729
0.865366,0.605196,1.861,2.13973
0.871407,0.605196,1.861,2.14218
0.877447,0.605196,1.861,2.14464
0.883487,0.605196,1.861,2.14712
0.889528,0.605196,1.861,2.14961
0.90038,0.608448,1.871,2.16369
0.906453,0.608448,1.871,2.16622
0.917403,0.6117,1.881,2.18036
0.923508,0.6117,1.881,2.18294
0.929614,0.6117,1.881,2.18552
0.935719,0.6117,1.881,2.18813
0.946831,0.614952,1.891,2.20239
0.958512,0.618529,1.902,2.21787
0.964686,0.618529,1.902,2.22054
0.975963,0.621781,1.912,2.23492
0.98782,0.625359,1.923,2.25051
0.994061,0.625359,1.923,2.25326
1.0003,0.625359,1.923,2.25602
1.0123,0.628936,1.934,2.27171
1.02437,0.632513,1.945,2.28745
1.03069,0.632513,1.945,2.29029
1.04286,0.63609,1.956,2.3061
1.04921,0.63609,1.956,2.30898
1.05556,0.63609,1.956,2.31187
1.06788,0.639667,1.967,2.3278
1.07427,0.639667,1.967,2.33073
1.08065,0.639667,1.967,2.33368
1.09367,0.64357,1.979,2.3509
1.10009,0.64357,1.979,2.35389
1.0998,0.639667,1.967,2.34261
1.10619,0.639667,1.967,2.34562
1.11936,0.64357,1.979,2.36296
1.12578,0.64357,1.979,2.36601
1.13221,0.64357,1.979,2.36907
1.13863,0.64357,1.979,2.37215
1.14505,0.64357,1.979,2.37524
1.14449,0.639667,1.967,2.36392
1.14444,0.63609,1.956,2.35378
1.15079,0.63609,1.956,2.35688
1.15714,0.63609,1.956,2.35998
1.15695,0.632513,1.945,2.34981
1.16326,0.632513,1.945,2.35293
1.16957,0.632513,1.945,2.35606
1.18253,0.63609,1.956,2.37254
1.1822,0.632513,1.945,2.36235
1.18851,0.632513,1.945,2.36551
1.19482,0.632513,1.945,2.36869
1.20114,0.632513,1.945,2.37188
1.20745,0.632513,1.945,2.37509
1.21376,0.632513,1.945,2.3783
1.22698,0.63609,1.956,2.395
1.24026,0.639667,1.967,2.41174
1.24664,0.639667,1.967,2.41503
1.25303,0.639667,1.967,2.41834
1.2671,0.64357,1.979,2.43642
1.2658,0.639667,1.967,2.42498
1.27218,0.639667,1.967,2.42831
1.27857,0.639667,1.967,2.43167
1.29279,0.64357,1.979,2.44988
1.29921,0.64357,1.979,2.45328
1.30564,0.64357,1.979,2.45669
1.31206,0.64357,1.979,2.46011
1.31049,0.639667,1.967,2.4486
1.31687,0.639667,1.967,2.45202
1.32326,0.639667,1.967,2.45546
1.32964,0.639667,1.967,2.4589
1.33603,0.639667,1.967,2.46236
-1.6046,0.759692,2.313,2.91579
-1.5971,0.759692,2.313,2.91167
-1.57928,0.754765,2.298,2.8887
-1.57182,0.754765,2.298,2.88463
-1.55347,0.74951,2.282,2.86052
-1.5359,0.744583,2.267,2.83773
-1.52854,0.744583,2.267,2.83375
-1.52119,0.744583,2.267,2.82979
-1.50381,0.739657,2.252,2.80714
-1.4965,0.739657,2.252,2.80323
-1.48919,0.739657,2.252,2.79934
-1.48188,0.739657,2.252,2.79546
-1.46475,0.73473,2.237,2.77299
-1.45749,0.73473,2.237,2.76917
-1.45023,0.73473,2.237,2.76535
-1.44297,0.73473,2.237,2.76155
-1.43571,0.73473,2.237,2.75776
-1.43803,0.739657,2.252,2.77246
-1.43072,0.739657,2.252,2.76867
-1.42341,0.739657,2.252,2.7649
-1.42553,0.744583,2.267,2.77954
-1.41817,0.744583,2.267,2.77577
-1.42015,0.74951,2.282,2.79036
-1.41274,0.74951,2.282,2.7866
-1.40533,0.74951,2.282,2.78285
-1.40773,0.754765,2.298,2.7986
-1.40027,0.754765,2.298,2.79486
-1.39281,0.754765,2.298,2.79113
-1.37571,0.74951,2.282,2.76801
-1.3683,0.74951,2.282,2.76433
-1.36089,0.74951,2.282,2.76067
-1.34459,0.744583,2.267,2.73891
-1.32838,0.739657,2.252,2.7172
-1.32107,0.739657,2.252,2.71364
-1.30501,0.73473,2.237,2.69204
-1.28963,0.730132,2.223,2.6717
-1.28242,0.730132,2.223,2.66822
-1.26717,0.725534,2.209,2.64798
-1.25144,0.720607,2.194,2.6266
-1.24432,0.720607,2.194,2.62321
-1.22931,0.716009,2.18,2.60313
-1.22223,0.716009,2.18,2.59979
-1.20791,0.711739,2.167,2.58099
-1.20088,0.711739,2.167,2.57771
-1.19384,0.711739,2.167,2.57444
-1.18681,0.711739,2.167,2.57118
-1.17978,0.711739,2.167,2.56794
-1.17274,0.711739,2.167,2.56472
-1.16571,0.711739,2.167,2.56151
-1.15868,0.711739,2.167,2.55832
-1.15164,0.711739,2.167,2.55514
-1.15147,0.716009,2.18,2.56729
-1.1444,0.716009,2.18,2.56412
-1.13732,0.716009,2.18,2.56097
-1.13025,0.716009,2.18,2.55784
-1.11647,0.711739,2.167,2.53948
-1.10944,0.711739,2.167,2.5364
-1.10241,0.711739,2.167,2.53333
-1.09537,0.711739,2.167,2.53028
-1.1019,0.720607,2.194,2.55873
-1.08779,0.716009,2.18,2.53936
-1.07427,0.711739,2.167,2.52121
-1.06724,0.711739,2.167,2.51823
-1.06021,0.711739,2.167,2.51525
-1.04637,0.707141,2.153,2.49607
-1.0331,0.702871,2.14,2.47809
-1.02616,0.702871,2.14,2.4752
-1.01921,0.702871,2.14,2.47233
-1.01227,0.702871,2.14,2.46948
-1.00532,0.702871,2.14,2.46664
-0.991843,0.698273,2.126,2.4477
-0.97892,0.694003,2.113,2.42996
-0.972062,0.694003,2.113,2.4272
-0.965203,0.694003,2.113,2.42446
-0.946553,0.685463,2.087,2.39194
-0.939779,0.685463,2.087,2.38927
-0.933005,0.685463,2.087,2.38661
-0.926231,0.685463,2.087,2.38397
-0.919457,0.685463,2.087,2.38135
-0.912683,0.685463,2.087,2.37874
-0.905909,0.685463,2.087,2.37615
-0.893966,0.681522,2.075,2.35993
-0.887231,0.681522,2.075,2.35739
-0.880496,0.681522,2.075,2.35486
-0.873761,0.681522,2.075,2.35235
-0.867026,0.681522,2.075,2.34986
-0.860291,0.681522,2.075,2.34738
-0.858492,0.685463,2.087,2.35848
-0.851718,0.685463,2.087,2.35602
-0.850208,0.689733,2.1,2.36825
-0.843392,0.689733,2.1,2.36581
-0.836576,0.689733,2.1,2.36339
-0.829759,0.689733,2.1,2.36098
-0.822943,0.689733,2.1,2.35859
-0.811075,0.685463,2.087,2.34164
-0.804301,0.685463,2.087,2.3393
-0.797527,0.685463,2.087,2.33698
-0.790753,0.685463,2.087,2.33468
-0.78398,0.685463,2.087,2.33239
-0.777206,0.685463,2.087,2.33012
-0.770432,0.685463,2.087,2.32787
-0.763658,0.685463,2.087,2.32564
-0.756884,0.685463,2.087,2.32342
-0.741125,0.677252,2.062,2.29342
-0.734432,0.677252,2.062,2.29127
-0.727739,0.677252,2.062,2.28913
-0.721046,0.677252,2.062,2.28701
-0.714354,0.677252,2.062,2.28491
-0.707661,0.677252,2.062,2.28283
-0.696889,0.673311,2.05,2.26749
-0.690235,0.673311,2.05,2.26545
-0.67958,0.66937,2.038,2.25018
-0.672965,0.66937,2.038,2.2482
-0.66635,0.66937,2.038,2.24622
-0.655851,0.665428,2.026,2.23106
-0.649275,0.665428,2.026,2.22913
-0.642699,0.665428,2.026,2.22723
-0.636123,0.665428,2.026,2.22534
-0.629547,0.665428,2.026,2.22347
-0.622971,0.665428,2.026,2.22161
-0.616395,0.665428,2.026,2.21978
-0.609819,0.665428,2.026,2.21796
-0.603244,0.665428,2.026,2.21616
-0.596668,0.665428,2.026,2.21438
-0.586597,0.661487,2.014,2.19951
-0.58006,0.661487,2.014,2.19778
-0.573523,0.661487,2.014,2.19606
-0.566986,0.661487,2.014,2.19436
-0.560449,0.661487,2.014,2.19268
-0.550612,0.657546,2.002,2.17797
-0.544114,0.657546,2.002,2.17633
-0.537616,0.657546,2.002,2.17472
-0.531118,0.657546,2.002,2.17312
-0.52462,0.657546,2.002,2.17154
-0.518122,0.657546,2.002,2.16998
-0.508557,0.653604,1.99,2.15544
-0.502098,0.653604,1.99,2.15393
-0.495639,0.653604,1.99,2.15243
-0.48918,0.653604,1.99,2.15095
-0.482721,0.653604,1.99,2.14949
-0.476262,0.653604,1.99,2.14805
-0.469803,0.653604,1.99,2.14663
-0.463344,0.653604,1.99,2.14522
-0.456885,0.653604,1.99,2.14384
-0.453142,0.657546,2.002,2.15539
-0.443966,0.653604,1.99,2.14112
-0.437507,0.653604,1.99,2.13979
-0.428666,0.649991,1.979,2.12666
-0.422242,0.649991,1.979,2.12538
-0.415819,0.649991,1.979,2.12411
-0.409396,0.649991,1.979,2.12286
-0.402972,0.649991,1.979,2.12163
-0.396549,0.649991,1.979,2.12042
-0.390126,0.649991,1.979,2.11923
-0.383702,0.649991,1.979,2.11806
-0.377279,0.649991,1.979,2.1169
-0.368607,0.64605,1.967,2.10294
-0.362222,0.64605,1.967,2.10183
-0.355838,0.64605,1.967,2.10074
-0.349454,0.64605,1.967,2.09966
-0.341151,0.642437,1.956,2.08687
-0.334802,0.642437,1.956,2.08585
-0.328453,0.642437,1.956,2.08484
-0.322105,0.642437,1.956,2.08385
-0.317532,0.64605,1.967,2.09459
-0.311147,0.64605,1.967,2.09363
-0.304763,0.64605,1.967,2.09269
-0.298379,0.64605,1.967,2.09177
-0.290361,0.642437,1.956,2.07918
-0.284013,0.642437,1.956,2.0783
-0.277664,0.642437,1.956,2.07744
-0.271315,0.642437,1.956,2.0766
-0.263476,0.638824,1.945,2.06411
-0.257163,0.638824,1.945,2.06331
-0.25085,0.638824,1.945,2.06253
-0.244537,0.638824,1.945,2.06178
-0.236877,0.635211,1.934,2.04938
-0.2306,0.635211,1.934,2.04866
-0.224323,0.635211,1.934,2.04797
-0.216805,0.631598,1.923,2.03565
-0.210564,0.631598,1.923,2.03499
-0.204322,0.631598,1.923,2.03435
-0.196947,0.627986,1.912,2.0221
-0.190741,0.627986,1.912,2.02151
-0.184536,0.627986,1.912,2.02093
-0.17833,0.627986,1.912,2.02037
-0.172124,0.627986,1.912,2.01984
-0.165918,0.627986,1.912,2.01932
-0.158877,0.624701,1.902,2.00826
-0.152703,0.624701,1.902,2.00778
-0.14653,0.624701,1.902,2.00732
-0.140356,0.624701,1.902,2.00688
-0.133407,0.621088,1.891,1.99485
-0.127269,0.621088,1.891,1.99445
-0.121132,0.621088,1.891,1.99407
-0.114994,0.621088,1.891,1.9937
-0.108856,0.621088,1.891,1.99336
-0.102718,0.621088,1.891,1.99303
-0.0965807,0.621088,1.891,1.99273
-0.0899647,0.617804,1.881,1.9819
-0.0838595,0.617804,1.881,1.98163
-0.0777542,0.617804,1.881,1.98139
-0.0716489,0.617804,1.881,1.98116
-0.0655437,0.617804,1.881,1.98094
-0.0594384,0.617804,1.881,1.98075
-0.0533332,0.617804,1.881,1.98058
-0.0472279,0.617804,1.881,1.98042
-0.0411226,0.617804,1.881,1.98029
-0.0350174,0.617804,1.881,1.98017
-0.0289121,0.617804,1.881,1.98007
-0.0228069,0.617804,1.881,1.97999
-0.0167904,0.621088,1.891,1.99046
-0.0106527,0.621088,1.891,1.99041
-0.00451497,0.621088,1.891,1.99039
0.00162274,0.621088,1.891,1.99039
0.00776046,0.621088,1.891,1.9904
0.0138982,0.621088,1.891,1.99043
0.0200359,0.621088,1.891,1.99049
0.0261736,0.621088,1.891,1.99056
0.0323113,0.621088,1.891,1.99065
0.038449,0.621088,1.891,1.99076
0.0445868,0.621088,1.891,1.99088
0.0512878,0.627986,1.912,2.01314
0.0574937,0.627986,1.912,2.01331
0.0636995,0.627986,1.912,2.0135
0.0699054,0.627986,1.912,2.0137
0.0761113,0.627986,1.912,2.01393
0.0818866,0.624701,1.902,2.00364
0.0880601,0.624701,1.902,2.0039
0.0942335,0.624701,1.902,2.00418
0.0998262,0.621088,1.891,1.99289
0.105964,0.621088,1.891,1.9932
0.112102,0.621088,1.891,1.99354
0.117614,0.617804,1.881,1.98335
0.123719,0.617804,1.881,1.98372
0.129825,0.617804,1.881,1.98411
0.13593,0.617804,1.881,1.98452
0.142035,0.617804,1.881,1.98495
0.147353,0.614519,1.871,1.97484
0.153426,0.614519,1.871,1.9753
0.159498,0.614519,1.871,1.97578
0.165571,0.614519,1.871,1.97628
0.171644,0.614519,1.871,1.9768
0.177717,0.614519,1.871,1.97734
0.18379,0.614519,1.871,1.97789
0.190877,0.617804,1.881,1.98904
0.195935,0.614519,1.871,1.97906
0.202008,0.614519,1.871,1.97967
0.209193,0.617804,1.881,1.99088
0.215298,0.617804,1.881,1.99153
0.221403,0.617804,1.881,1.9922
0.227509,0.617804,1.881,1.99289
0.233614,0.617804,1.881,1.99359
0.239719,0.617804,1.881,1.99432
0.245825,0.617804,1.881,1.99506
0.25193,0.617804,1.881,1.99582
0.258035,0.617804,1.881,1.9966
0.265545,0.621088,1.891,2.00802
0.271682,0.621088,1.891,2.00884
0.27782,0.621088,1.891,2.00968
0.283958,0.621088,1.891,2.01054
0.291783,0.624701,1.902,2.02311
0.297956,0.624701,1.902,2.02401
0.30413,0.624701,1.902,2.02493
0.310303,0.624701,1.902,2.02587
0.316477,0.624701,1.902,2.02682
0.32265,0.624701,1.902,2.0278
0.328823,0.624701,1.902,2.02879
0.334997,0.624701,1.902,2.0298
0.34117,0.624701,1.902,2.03083
0.347344,0.624701,1.902,2.03187
0.355376,0.627986,1.912,2.04362
0.361582,0.627986,1.912,2.04471
0.367788,0.627986,1.912,2.04582
0.372037,0.624701,1.902,2.03624
0.378211,0.624701,1.902,2.03738
0.384384,0.624701,1.902,2.03853
0.392611,0.627986,1.912,2.05043
0.398817,0.627986,1.912,2.05163
0.405023,0.627986,1.912,2.05284
0.411229,0.627986,1.912,2.05407
0.417435,0.627986,1.912,2.05533
0.42364,0.627986,1.912,2.05659
0.429846,0.627986,1.912,2.05788
0.436052,0.627986,1.912,2.05919
0.442258,0.627986,1.912,2.06051
0.448464,0.627986,1.912,2.06185
0.45467,0.627986,1.912,2.06321
0.460876,0.627986,1.912,2.06459
0.467082,0.627986,1.912,2.06598
0.473287,0.627986,1.912,2.06739
0.479493,0.627986,1.912,2.06882
0.485699,0.627986,1.912,2.07027
0.491905,0.627986,1.912,2.07173
0.498111,0.627986,1.912,2.07322
0.504317,0.627986,1.912,2.07472
0.510523,0.627986,1.912,2.07623
0.516729,0.627986,1.912,2.07777
0.522934,0.627986,1.912,2.07932
0.526373,0.624701,1.902,2.07001
0.529466,0.621088,1.891,2.0596
0.535604,0.621088,1.891,2.06119
0.538877,0.617804,1.881,2.05188
0.544982,0.617804,1.881,2.0535
0.551087,0.617804,1.881,2.05513
0.554231,0.614519,1.871,2.04584
0.560303,0.614519,1.871,2.04749
0.566376,0.614519,1.871,2.04916
0.572449,0.614519,1.871,2.05085
0.578522,0.614519,1.871,2.05255
0.587719,0.617804,1.881,2.06525
0.593824,0.617804,1.881,2.067
0.59993,0.617804,1.881,2.06876
0.606035,0.617804,1.881,2.07054
0.615394,0.621088,1.891,2.08335
0.621532,0.621088,1.891,2.08517
0.62767,0.621088,1.891,2.08701
0.637494,0.624701,1.902,2.10101
0.643668,0.624701,1.902,2.10289
0.653258,0.627986,1.912,2.11586
0.659464,0.627986,1.912,2.11778
0.66567,0.627986,1.912,2.11972
0.671876,0.627986,1.912,2.12168
0.678081,0.627986,1.912,2.12365
0.684287,0.627986,1.912,2.12564
0.686882,0.624701,1.902,2.11652
0.693055,0.624701,1.902,2.11853
0.699229,0.624701,1.902,2.12056
0.705402,0.624701,1.902,2.1226
0.70746,0.621088,1.891,2.11238
0.713598,0.621088,1.891,2.11444
0.715929,0.617804,1.881,2.10533
0.722035,0.617804,1.881,2.10741
0.72814,0.617804,1.881,2.10951
0.730342,0.614519,1.871,2.1004
0.732479,0.611235,1.861,2.09128
0.738519,0.611235,1.861,2.0934
0.744559,0.611235,1.861,2.09554
0.746163,0.607622,1.85,2.0853
0.748508,0.604666,1.841,2.0773
0.754484,0.604666,1.841,2.07946
0.760459,0.604666,1.841,2.08163
0.766435,0.604666,1.841,2.08382
0.77241,0.604666,1.841,2.08603
0.774158,0.601382,1.831,2.07691
0.780101,0.601382,1.831,2.07913
0.786043,0.601382,1.831,2.08137
0.791986,0.601382,1.831,2.08362
0.797929,0.601382,1.831,2.08588
0.803872,0.601382,1.831,2.08816
0.809815,0.601382,1.831,2.09046
0.815758,0.601382,1.831,2.09277
0.821701,0.601382,1.831,2.09509
0.827644,0.601382,1.831,2.09743
0.833587,0.601382,1.831,2.09978
0.83953,0.601382,1.831,2.10215
0.850091,0.604666,1.841,2.11602
0.856066,0.604666,1.841,2.11843
0.862042,0.604666,1.841,2.12085
0.868017,0.604666,1.841,2.12329
0.873993,0.604666,1.841,2.12574
0.88427,0.607622,1.85,2.13861
0.890274,0.607622,1.85,2.1411
0.896279,0.607622,1.85,2.1436
0.907649,0.611235,1.861,2.15888
0.913689,0.611235,1.861,2.16142
0.924671,0.614519,1.871,2.17561
0.930744,0.614519,1.871,2.1782
0.941824,0.617804,1.881,2.19246
0.947929,0.617804,1.881,2.19509
0.954035,0.617804,1.881,2.19773
0.965244,0.621088,1.891,2.21209
0.977033,0.624701,1.902,2.22766
0.983206,0.624701,1.902,2.23037
0.989379,0.624701,1.902,2.2331
1.00079,0.627986,1.912,2.2476
1.01279,0.631598,1.923,2.26331
1.01903,0.631598,1.923,2.26611
1.03113,0.635211,1.934,2.2819
1.04331,0.638824,1.945,2.29774
1.04963,0.638824,1.945,2.30062
1.05594,0.638824,1.945,2.3035
1.06225,0.638824,1.945,2.3064
1.06856,0.638824,1.945,2.30932
1.08096,0.642437,1.956,2.32532
1.0873,0.642437,1.956,2.32828
1.09365,0.642437,1.956,2.33125
1.10619,0.64605,1.967,2.34736
1.11936,0.649991,1.979,2.36472
1.12578,0.649991,1.979,2.36777
1.13221,0.649991,1.979,2.37083
1.13863,0.649991,1.979,2.3739
1.14505,0.649991,1.979,2.37699
1.14449,0.64605,1.967,2.36566
1.14444,0.642437,1.956,2.35551
1.15079,0.642437,1.956,2.3586
1.15714,0.642437,1.956,2.3617
1.15695,0.638824,1.945,2.35152
1.16326,0.638824,1.945,2.35463
1.16957,0.638824,1.945,2.35776
1.18253,0.642437,1.956,2.37425
1.1822,0.638824,1.945,2.36405
1.18851,0.638824,1.945,2.36721
1.19482,0.638824,1.945,2.37039
1.20114,0.638824,1.945,2.37357
1.20745,0.638824,1.945,2.37677
1.21376,0.638824,1.945,2.37999
1.22698,0.642437,1.956,2.39669
1.24026,0.64605,1.967,2.41344
1.24664,0.64605,1.967,2.41673
1.25303,0.64605,1.967,2.42003
1.2671,0.649991,1.979,2.43813
1.2658,0.64605,1.967,2.42667
1.27218,0.64605,1.967,2.43
1.27857,0.64605,1.967,2.43335
1.29279,0.649991,1.979,2.45158
1.29921,0.649991,1.979,2.45497
1.30564,0.649991,1.979,2.45838
1.31206,0.649991,1.979,2.46179
1.31049,0.64605,1.967,2.45028
1.31687,0.64605,1.967,2.4537
1.32326,0.64605,1.967,2.45713
1.32964,0.64605,1.967,2.46057
1.33603,0.64605,1.967,2.46403
-1.5942,0.762222,2.298,2.89884
-1.57569,0.756915,2.282,2.87459
-1.55798,0.751939,2.267,2.85166
-1.55062,0.751939,2.267,2.84765
-1.53305,0.746964,2.252,2.82484
-1.52574,0.746964,2.252,2.82088
-1.50832,0.741989,2.237,2.79817
-1.50105,0.741989,2.237,2.79426
-1.49379,0.741989,2.237,2.79036
-1.4965,0.746964,2.252,2.80517
-1.48919,0.746964,2.252,2.80128
-1.48188,0.746964,2.252,2.7974
-1.46475,0.741989,2.237,2.77493
-1.45749,0.741989,2.237,2.7711
-1.45023,0.741989,2.237,2.76729
-1.44297,0.741989,2.237,2.76349
-1.43571,0.741989,2.237,2.75971
-1.43803,0.746964,2.252,2.77442
-1.43072,0.746964,2.252,2.77063
-1.42341,0.746964,2.252,2.76687
-1.42553,0.751939,2.267,2.78152
-1.41817,0.751939,2.267,2.77775
-1.42015,0.756915,2.282,2.79236
-1.41274,0.756915,2.282,2.7886
-1.40533,0.756915,2.282,2.78485
-1.40773,0.762222,2.298,2.80062
-1.40027,0.762222,2.298,2.79688
-1.39281,0.762222,2.298,2.79315
-1.37571,0.756915,2.282,2.77002
-1.3683,0.756915,2.282,2.76635
-1.36089,0.756915,2.282,2.76269
-1.34459,0.751939,2.267,2.74092
-1.32838,0.746964,2.252,2.7192
-1.32107,0.746964,2.252,2.71564
-1.30501,0.741989,2.237,2.69403
-1.28963,0.737345,2.223,2.67368
-1.28242,0.737345,2.223,2.67021
-1.26717,0.732701,2.209,2.64995
-1.25144,0.727726,2.194,2.62856
-1.24432,0.727726,2.194,2.62518
-1.22931,0.723082,2.18,2.60508
-1.22223,0.723082,2.18,2.60175
-1.20791,0.71877,2.167,2.58294
-1.20088,0.71877,2.167,2.57966
-1.19384,0.71877,2.167,2.57639
-1.18681,0.71877,2.167,2.57314
-1.17978,0.71877,2.167,2.5699
-1.17274,0.71877,2.167,2.56668
-1.16571,0.71877,2.167,2.56347
-1.15868,0.71877,2.167,2.56028
-1.15164,0.71877,2.167,2.55711
-1.15147,0.723082,2.18,2.56927
-1.1444,0.723082,2.18,2.56611
-1.13732,0.723082,2.18,2.56296
-1.13025,0.723082,2.18,2.55983
-1.11647,0.71877,2.167,2.54146
-1.10944,0.71877,2.167,2.53838
-1.10241,0.71877,2.167,2.53531
-1.0883,0.714127,2.153,2.5159
-1.08131,0.714127,2.153,2.51289
-1.07432,0.714127,2.153,2.50989
-1.06089,0.709815,2.14,2.49177
-1.05394,0.709815,2.14,2.48882
-1.04015,0.705171,2.126,2.46962
-1.03325,0.705171,2.126,2.46673
-1.02635,0.705171,2.126,2.46384
-1.01944,0.705171,2.126,2.46098
-1.00635,0.700859,2.113,2.4431
-0.999495,0.700859,2.113,2.44028
-0.992636,0.700859,2.113,2.43748
-0.979713,0.696547,2.1,2.41971
-0.966874,0.692235,2.087,2.402
-0.960101,0.692235,2.087,2.39928
-0.953327,0.692235,2.087,2.39658
-0.94111,0.688255,2.075,2.38013
-0.934375,0.688255,2.075,2.37747
-0.92764,0.688255,2.075,2.37483
-0.915136,0.683943,2.062,2.35735
-0.908443,0.683943,2.062,2.35476
-0.90175,0.683943,2.062,2.35219
-0.889849,0.679963,2.05,2.33595
-0.883195,0.679963,2.05,2.33343
-0.876541,0.679963,2.05,2.33092
-0.869887,0.679963,2.05,2.32842
-0.863234,0.679963,2.05,2.32595
-0.861594,0.683943,2.062,2.33709
-0.854901,0.683943,2.062,2.33463
-0.848208,0.683943,2.062,2.33218
-0.841516,0.683943,2.062,2.32976
-0.834823,0.683943,2.062,2.32735
-0.82813,0.683943,2.062,2.32496
-0.821438,0.683943,2.062,2.32258
-0.814745,0.683943,2.062,2.32022
-0.808052,0.683943,2.062,2.31788
-0.801359,0.683943,2.062,2.31556
-0.794667,0.683943,2.062,2.31325
-0.787974,0.683943,2.062,2.31096
-0.776734,0.679963,2.05,2.29525
-0.770081,0.679963,2.05,2.29301
-0.763427,0.679963,2.05,2.29078
-0.756773,0.679963,2.05,2.28857
-0.750119,0.679963,2.05,2.28638
-0.743465,0.679963,2.05,2.2842
-0.732499,0.675983,2.038,2.26869
-0.72161,0.672002,2.026,2.25322
-0.715034,0.672002,2.026,2.25112
-0.708458,0.672002,2.026,2.24904
-0.697725,0.668022,2.014,2.23367
-0.691188,0.668022,2.014,2.23163
-0.684651,0.668022,2.014,2.22962
-0.678114,0.668022,2.014,2.22762
-0.671577,0.668022,2.014,2.22564
-0.661077,0.664042,2.002,2.21043
-0.654579,0.664042,2.002,2.20849
-0.648081,0.664042,2.002,2.20657
-0.641584,0.664042,2.002,2.20467
-0.631279,0.660061,1.99,2.18959
-0.62482,0.660061,1.99,2.18773
-0.618361,0.660061,1.99,2.1859
-0.611902,0.660061,1.99,2.18408
-0.605443,0.660061,1.99,2.18228
-0.598984,0.660061,1.99,2.1805
-0.589249,0.656413,1.979,2.16669
-0.582826,0.656413,1.979,2.16495
-0.576403,0.656413,1.979,2.16323
-0.569979,0.656413,1.979,2.16153
-0.560139,0.652433,1.967,2.14674
-0.553754,0.652433,1.967,2.14509
-0.54737,0.652433,1.967,2.14345
-0.540986,0.652433,1.967,2.14183
-0.534601,0.652433,1.967,2.14022
-0.528217,0.652433,1.967,2.13864
-0.521832,0.652433,1.967,2.13707
-0.512565,0.648784,1.956,2.12358
-0.506217,0.648784,1.956,2.12205
-0.499868,0.648784,1.956,2.12055
-0.496295,0.652433,1.967,2.13098
-0.487171,0.648784,1.956,2.11759
-0.480822,0.648784,1.956,2.11614
-0.474473,0.648784,1.956,2.11471
-0.468125,0.648784,1.956,2.11329
-0.461776,0.648784,1.956,2.11189
-0.455427,0.648784,1.956,2.11051
-0.449079,0.648784,1.956,2.10915
-0.44273,0.648784,1.956,2.10781
-0.433927,0.645135,1.945,2.09464
-0.427614,0.645135,1.945,2.09334
-0.421301,0.645135,1.945,2.09206
-0.414988,0.645135,1.945,2.0908
-0.408675,0.645135,1.945,2.08956
-0.402362,0.645135,1.945,2.08833
-0.396049,0.645135,1.945,2.08712
-0.389736,0.645135,1.945,2.08593
-0.381255,0.641487,1.934,2.07297
-0.374977,0.641487,1.934,2.07183
-0.3687,0.641487,1.934,2.0707
-0.362423,0.641487,1.934,2.06959
-0.356146,0.641487,1.934,2.0685
-0.349868,0.641487,1.934,2.06743
-0.343591,0.641487,1.934,2.06638
-0.335395,0.637838,1.923,2.0536
-0.329154,0.637838,1.923,2.05259
-0.322912,0.637838,1.923,2.05159
-0.31667,0.637838,1.923,2.05062
-0.310429,0.637838,1.923,2.04967
-0.304187,0.637838,1.923,2.04873
-0.297946,0.637838,1.923,2.04781
-0.293373,0.641487,1.934,2.05862
-0.285462,0.637838,1.923,2.04603
-0.279221,0.637838,1.923,2.04517
-0.272979,0.637838,1.923,2.04433
-0.266738,0.637838,1.923,2.04351
-0.263476,0.645135,1.945,2.06607
-0.257163,0.645135,1.945,2.06527
-0.25085,0.645135,1.945,2.0645
-0.244537,0.645135,1.945,2.06374
-0.236877,0.641487,1.934,2.05133
-0.2306,0.641487,1.934,2.05062
-0.224323,0.641487,1.934,2.04992
-0.216805,0.637838,1.923,2.03759
-0.210564,0.637838,1.923,2.03694
-0.204322,0.637838,1.923,2.0363
-0.196947,0.63419,1.912,2.02404
-0.190741,0.63419,1.912,2.02344
-0.184536,0.63419,1.912,2.02287
-0.17833,0.63419,1.912,2.02231
-0.172124,0.63419,1.912,2.02177
-0.165918,0.63419,1.912,2.02125
-0.158877,0.630873,1.902,2.01019
-0.152703,0.630873,1.902,2.00971
-0.14653,0.630873,1.902,2.00925
-0.140356,0.630873,1.902,2.00881
-0.133407,0.627224,1.891,1.99677
-0.127269,0.627224,1.891,1.99637
-0.121132,0.627224,1.891,1.99599
-0.114994,0.627224,1.891,1.99562
-0.108856,0.627224,1.891,1.99528
-0.102718,0.627224,1.891,1.99495
-0.0965807,0.627224,1.891,1.99465
-0.0899647,0.623907,1.881,1.98381
-0.0838595,0.623907,1.881,1.98355
-0.0777542,0.623907,1.881,1.9833
-0.0716489,0.623907,1.881,1.98307
-0.0655437,0.623907,1.881,1.98286
-0.0594384,0.623907,1.881,1.98266
-0.0533332,0.623907,1.881,1.98249
-0.0472279,0.623907,1.881,1.98233
-0.0411226,0.623907,1.881,1.9822
-0.0350174,0.623907,1.881,1.98208
-0.0289121,0.623907,1.881,1.98198
-0.0228069,0.623907,1.881,1.9819
-0.0167904,0.627224,1.891,1.99238
-0.0106527,0.627224,1.891,1.99234
-0.00451497,0.627224,1.891,1.99231
0.00162274,0.627224,1.891,1.99231
0.00776046,0.627224,1.891,1.99232
0.0138982,0.627224,1.891,1.99236
0.0200359,0.627224,1.891,1.99241
0.0261736,0.627224,1.891,1.99248
0.0323113,0.627224,1.891,1.99257
0.038449,0.627224,1.891,1.99268
0.0445868,0.627224,1.891,1.99281
0.0507245,0.627224,1.891,1.99295
0.0568622,0.627224,1.891,1.99312
0.0629999,0.627224,1.891,1.9933
0.0691376,0.627224,1.891,1.99351
0.0752753,0.627224,1.891,1.99373
0.0809825,0.623907,1.881,1.98343
0.0870878,0.623907,1.881,1.98368
0.093193,0.623907,1.881,1.98396
0.0987704,0.62059,1.871,1.97371
0.104843,0.62059,1.871,1.97402
0.110916,0.62059,1.871,1.97435
0.116989,0.62059,1.871,1.97471
0.122404,0.617274,1.861,1.96452
0.128444,0.617274,1.861,1.9649
0.134485,0.617274,1.861,1.96531
0.140525,0.617274,1.861,1.96573
0.145699,0.613625,1.85,1.95455
0.151704,0.613625,1.85,1.95501
0.157708,0.613625,1.85,1.95548
0.163713,0.613625,1.85,1.95597
0.169718,0.613625,1.85,1.95649
0.175722,0.613625,1.85,1.95702
0.181727,0.613625,1.85,1.95757
0.187731,0.613625,1.85,1.95813
0.193736,0.613625,1.85,1.95872
0.200928,0.617274,1.861,1.97097
0.206969,0.617274,1.861,1.97159
0.213009,0.617274,1.861,1.97224
0.219049,0.617274,1.861,1.9729
0.22509,0.617274,1.861,1.97358
0.23113,0.617274,1.861,1.97428
0.23717,0.617274,1.861,1.97499
0.243211,0.617274,1.861,1.97573
0.25059,0.62059,1.871,1.9871
0.256663,0.62059,1.871,1.98788
0.262736,0.62059,1.871,1.98867
0.268809,0.62059,1.871,1.98948
0.274882,0.62059,1.871,1.99031
0.280954,0.62059,1.871,1.99116
0.288561,0.623907,1.881,2.00267
0.294667,0.623907,1.881,2.00356
0.300772,0.623907,1.881,2.00447
0.306877,0.623907,1.881,2.00539
0.314646,0.627224,1.891,2.017
0.320784,0.627224,1.891,2.01797
0.326922,0.627224,1.891,2.01895
0.333059,0.627224,1.891,2.01996
0.339197,0.627224,1.891,2.02098
0.345335,0.627224,1.891,2.02202
0.351473,0.627224,1.891,2.02307
0.35761,0.627224,1.891,2.02415
0.363748,0.627224,1.891,2.02524
0.369886,0.627224,1.891,2.02635
0.376023,0.627224,1.891,2.02748
0.382161,0.627224,1.891,2.02863
0.388299,0.627224,1.891,2.02979
0.394437,0.627224,1.891,2.03098
0.400574,0.627224,1.891,2.03218
0.406712,0.627224,1.891,2.0334
0.41285,0.627224,1.891,2.03463
0.418987,0.627224,1.891,2.03589
0.427598,0.630873,1.902,2.04901
0.433772,0.630873,1.902,2.05031
0.439945,0.630873,1.902,2.05162
0.446118,0.630873,1.902,2.05296
0.452292,0.630873,1.902,2.05431
0.458465,0.630873,1.902,2.05567
0.464639,0.630873,1.902,2.05706
0.473287,0.63419,1.912,2.06929
0.479493,0.63419,1.912,2.07071
0.485699,0.63419,1.912,2.07216
0.491905,0.63419,1.912,2.07362
0.498111,0.63419,1.912,2.0751
0.501679,0.630873,1.902,2.06574
0.507853,0.630873,1.902,2.06725
0.514026,0.630873,1.902,2.06877
0.520199,0.630873,1.902,2.07032
0.523329,0.627224,1.891,2.05989
0.529466,0.627224,1.891,2.06146
0.535604,0.627224,1.891,2.06305
0.538877,0.623907,1.881,2.05373
0.544982,0.623907,1.881,2.05534
0.551087,0.623907,1.881,2.05697
0.551268,0.617274,1.861,2.03672
0.557309,0.617274,1.861,2.03837
0.563349,0.617274,1.861,2.04003
0.569389,0.617274,1.861,2.0417
0.57543,0.617274,1.861,2.0434
0.584595,0.62059,1.871,2.05609
0.590667,0.62059,1.871,2.05783
0.59674,0.62059,1.871,2.05958
0.606035,0.623907,1.881,2.07237
0.61214,0.623907,1.881,2.07416
0.618245,0.623907,1.881,2.07597
0.624351,0.623907,1.881,2.0778
0.630456,0.623907,1.881,2.07964
0.636561,0.623907,1.881,2.0815
0.646083,0.627224,1.891,2.09445
0.652221,0.627224,1.891,2.09635
0.658358,0.627224,1.891,2.09827
0.664496,0.627224,1.891,2.1002
0.670634,0.627224,1.891,2.10215
0.676772,0.627224,1.891,2.10412
0.679298,0.623907,1.881,2.09496
0.685403,0.623907,1.881,2.09695
0.691508,0.623907,1.881,2.09895
0.697614,0.623907,1.881,2.10097
0.699978,0.62059,1.871,2.09183
0.706051,0.62059,1.871,2.09387
0.708317,0.617274,1.861,2.08472
0.714358,0.617274,1.861,2.08678
0.720398,0.617274,1.861,2.08886
0.726438,0.617274,1.861,2.09095
0.732479,0.617274,1.861,2.09305
0.738519,0.617274,1.861,2.09518
0.744559,0.617274,1.861,2.09731
0.746163,0.613625,1.85,2.08705
0.748508,0.61064,1.841,2.07904
0.754484,0.61064,1.841,2.0812
0.760459,0.61064,1.841,2.08338
0.766435,0.61064,1.841,2.08557
0.77241,0.61064,1.841,2.08777
0.774158,0.607323,1.831,2.07863
0.780101,0.607323,1.831,2.08086
0.786043,0.607323,1.831,2.08309
0.791986,0.607323,1.831,2.08534
0.797929,0.607323,1.831,2.0876
0.803872,0.607323,1.831,2.08988
0.809815,0.607323,1.831,2.09218
0.815758,0.607323,1.831,2.09448
0.821701,0.607323,1.831,2.09681
0.827644,0.607323,1.831,2.09914
0.833587,0.607323,1.831,2.10149
0.83953,0.607323,1.831,2.10386
0.850091,0.61064,1.841,2.11774
0.856066,0.61064,1.841,2.12014
0.862042,0.61064,1.841,2.12256
0.868017,0.61064,1.841,2.125
0.873993,0.61064,1.841,2.12745
0.88427,0.613625,1.85,2.14032
0.890274,0.613625,1.85,2.14281
0.896279,0.613625,1.85,2.14531
0.907649,0.617274,1.861,2.1606
0.913689,0.617274,1.861,2.16314
0.924671,0.62059,1.871,2.17734
0.930744,0.62059,1.871,2.17992
0.941824,0.623907,1.881,2.19419
0.947929,0.623907,1.881,2.19681
0.954035,0.623907,1.881,2.19946
0.965244,0.627224,1.891,2.21382
0.977033,0.630873,1.902,2.22939
0.983206,0.630873,1.902,2.23211
0.989379,0.630873,1.902,2.23483
1.00079,0.63419,1.912,2.24934
1.01279,0.637838,1.923,2.26506
1.01903,0.637838,1.923,2.26786
1.03113,0.641487,1.934,2.28366
1.04331,0.645135,1.945,2.29951
1.04963,0.645135,1.945,2.30238
1.05594,0.645135,1.945,2.30526
1.06225,0.645135,1.945,2.30816
1.06856,0.645135,1.945,2.31107
1.08096,0.648784,1.956,2.32708
1.0873,0.648784,1.956,2.33004
1.0875,0.645135,1.945,2.31989
1.09382,0.645135,1.945,2.32286
1.10635,0.648784,1.956,2.33899
1.1127,0.648784,1.956,2.342
1.11275,0.645135,1.945,2.33183
1.11907,0.645135,1.945,2.33485
1.12538,0.645135,1.945,2.33789
1.12529,0.641487,1.934,2.32769
1.13157,0.641487,1.934,2.33073
1.13785,0.641487,1.934,2.33379
1.13762,0.637838,1.923,2.32356
1.14386,0.637838,1.923,2.32662
1.1501,0.637838,1.923,2.3297
1.15634,0.637838,1.923,2.33279
1.16258,0.637838,1.923,2.33589
1.16883,0.637838,1.923,2.339
1.17507,0.637838,1.923,2.34213
1.18131,0.637838,1.923,2.34526
1.18755,0.637838,1.923,2.34841
1.19379,0.637838,1.923,2.35158
1.20003,0.637838,1.923,2.35475
1.20628,0.637838,1.923,2.35794
1.21945,0.641487,1.934,2.37464
1.22573,0.641487,1.934,2.37787
1.23901,0.645135,1.945,2.39466
1.25237,0.648784,1.956,2.41149
1.25164,0.645135,1.945,2.40121
1.25795,0.645135,1.945,2.40451
1.26427,0.645135,1.945,2.40782
1.27058,0.645135,1.945,2.41114
1.27689,0.645135,1.945,2.41447
1.28321,0.645135,1.945,2.41782
1.28952,0.645135,1.945,2.42117
1.29583,0.645135,1.945,2.42454
1.29478,0.641487,1.934,2.41419
1.30106,0.641487,1.934,2.41756
1.30733,0.641487,1.934,2.42095
1.31361,0.641487,1.934,2.42434
-1.5942,0.769678,2.298,2.90081
-1.57569,0.764319,2.282,2.87654
-1.55798,0.759295,2.267,2.85361
-1.55062,0.759295,2.267,2.8496
-1.53305,0.754271,2.252,2.82678
-1.52574,0.754271,2.252,2.82282
-1.50832,0.749247,2.237,2.8001
-1.50105,0.749247,2.237,2.7962
-1.48445,0.744558,2.223,2.77483
-1.47723,0.744558,2.223,2.77098
-1.47001,0.744558,2.223,2.76714
-1.4628,0.744558,2.223,2.76331
-1.44642,0.739869,2.209,2.74212
-1.43925,0.739869,2.209,2.73834
-1.43208,0.739869,2.209,2.73458
-1.42491,0.739869,2.209,2.73083
-1.41774,0.739869,2.209,2.7271
-1.41057,0.739869,2.209,2.72338
-1.4034,0.739869,2.209,2.71967
-1.40508,0.744558,2.223,2.73319
-1.39786,0.744558,2.223,2.72949
-1.39065,0.744558,2.223,2.7258
-1.38343,0.744558,2.223,2.72213
-1.38488,0.749247,2.237,2.73559
-1.37762,0.749247,2.237,2.73192
-1.37036,0.749247,2.237,2.72827
-1.3631,0.749247,2.237,2.72463
-1.35584,0.749247,2.237,2.721
-1.34858,0.749247,2.237,2.71739
-1.34132,0.749247,2.237,2.71379
-1.33406,0.749247,2.237,2.71021
-1.31849,0.744558,2.223,2.68971
-1.30302,0.739869,2.209,2.66926
-1.29585,0.739869,2.209,2.66577
-1.28868,0.739869,2.209,2.66229
-1.27281,0.734845,2.194,2.64077
-1.26569,0.734845,2.194,2.63735
-1.24308,0.725802,2.167,2.60152
-1.22806,0.721113,2.153,2.58138
-1.22107,0.721113,2.153,2.57807
-1.21408,0.721113,2.153,2.57476
-1.19981,0.716759,2.14,2.55595
-1.19286,0.716759,2.14,2.5527
-1.18591,0.716759,2.14,2.54946
-1.17126,0.71207,2.126,2.52958
-1.16435,0.71207,2.126,2.52639
-1.15745,0.71207,2.126,2.52322
-1.15055,0.71207,2.126,2.52006
-1.14365,0.71207,2.126,2.51692
-1.14424,0.716759,2.14,2.53034
-1.13729,0.716759,2.14,2.52721
-1.13035,0.716759,2.14,2.52409
-1.1234,0.716759,2.14,2.52099
-1.11645,0.716759,2.14,2.5179
-1.10951,0.716759,2.14,2.51483
-1.10256,0.716759,2.14,2.51177
-1.09562,0.716759,2.14,2.50873
-1.08155,0.71207,2.126,2.48931
-1.07465,0.71207,2.126,2.48632
-1.06775,0.71207,2.126,2.48335
-1.05436,0.707716,2.113,2.46522
-1.04106,0.703361,2.1,2.44715
-1.03424,0.703361,2.1,2.44425
-1.02743,0.703361,2.1,2.44138
-1.00846,0.694988,2.075,2.40949
-1.00172,0.694988,2.075,2.40668
-1.00074,0.699007,2.087,2.41778
-0.988255,0.694988,2.075,2.4011
-0.975371,0.690634,2.062,2.38331
-0.968678,0.690634,2.062,2.38058
-0.961985,0.690634,2.062,2.37786
-0.955292,0.690634,2.062,2.37516
-0.9486,0.690634,2.062,2.37248
-0.936425,0.686615,2.05,2.35602
-0.924329,0.682596,2.038,2.33961
-0.917714,0.682596,2.038,2.337
-0.911099,0.682596,2.038,2.33441
-0.904485,0.682596,2.038,2.33184
-0.892583,0.678576,2.026,2.31557
-0.886007,0.678576,2.026,2.31304
-0.879431,0.678576,2.026,2.31053
-0.872855,0.678576,2.026,2.30803
-0.87141,0.682596,2.038,2.31921
-0.864795,0.682596,2.038,2.31673
-0.858181,0.682596,2.038,2.31427
-0.851566,0.682596,2.038,2.31183
-0.844951,0.682596,2.038,2.3094
-0.838336,0.682596,2.038,2.30699
-0.826824,0.678576,2.026,2.29102
-0.820248,0.678576,2.026,2.28866
-0.813672,0.678576,2.026,2.28631
-0.811877,0.682596,2.038,2.2975
-0.805262,0.682596,2.038,2.29517
-0.793944,0.678576,2.026,2.27936
-0.787369,0.678576,2.026,2.27708
-0.780793,0.678576,2.026,2.27481
-0.774217,0.678576,2.026,2.27257
-0.767641,0.678576,2.026,2.27033
-0.761065,0.678576,2.026,2.26812
-0.75002,0.674557,2.014,2.2525
-0.743483,0.674557,2.014,2.25033
-0.736946,0.674557,2.014,2.24818
-0.730409,0.674557,2.014,2.24605
-0.719559,0.670538,2.002,2.23056
-0.708787,0.666519,1.99,2.21511
-0.702328,0.666519,1.99,2.21306
-0.692023,0.662834,1.979,2.19879
-0.685599,0.662834,1.979,2.19678
-0.679176,0.662834,1.979,2.19478
-0.672753,0.662834,1.979,2.1928
-0.666329,0.662834,1.979,2.19084
-0.659906,0.662834,1.979,2.1889
-0.64952,0.658815,1.967,2.17371
-0.643136,0.658815,1.967,2.17181
-0.636751,0.658815,1.967,2.16993
-0.630367,0.658815,1.967,2.16806
-0.620493,0.655131,1.956,2.1541
-0.614144,0.655131,1.956,2.15228
-0.607796,0.655131,1.956,2.15048
-0.601447,0.655131,1.956,2.14869
-0.595098,0.655131,1.956,2.14692
-0.598984,0.666519,1.99,2.18246
-0.589249,0.662834,1.979,2.16864
-0.582826,0.662834,1.979,2.1669
-0.576403,0.662834,1.979,2.16519
-0.569979,0.662834,1.979,2.16349
-0.560139,0.658815,1.967,2.14869
-0.553754,0.658815,1.967,2.14704
-0.54737,0.658815,1.967,2.1454
-0.540986,0.658815,1.967,2.14378
-0.534601,0.658815,1.967,2.14218
-0.528217,0.658815,1.967,2.14059
-0.521832,0.658815,1.967,2.13903
-0.512565,0.655131,1.956,2.12552
-0.506217,0.655131,1.956,2.124
-0.499868,0.655131,1.956,2.1225
-0.496295,0.658815,1.967,2.13294
-0.487171,0.655131,1.956,2.11954
-0.480822,0.655131,1.956,2.11809
-0.474473,0.655131,1.956,2.11666
-0.468125,0.655131,1.956,2.11525
-0.461776,0.655131,1.956,2.11385
-0.455427,0.655131,1.956,2.11247
-0.449079,0.655131,1.956,2.11111
-0.44273,0.655131,1.956,2.10977
-0.433927,0.651447,1.945,2.09659
-0.427614,0.651447,1.945,2.0953
-0.421301,0.651447,1.945,2.09402
-0.414988,0.651447,1.945,2.09275
-0.408675,0.651447,1.945,2.09151
-0.402362,0.651447,1.945,2.09029
-0.396049,0.651447,1.945,2.08908
-0.389736,0.651447,1.945,2.08789
-0.381255,0.647762,1.934,2.07492
-0.374977,0.647762,1.934,2.07378
-0.3687,0.647762,1.934,2.07265
-0.362423,0.647762,1.934,2.07155
-0.356146,0.647762,1.934,2.07046
-0.349868,0.647762,1.934,2.06939
-0.343591,0.647762,1.934,2.06833
-0.335395,0.644078,1.923,2.05554
-0.329154,0.644078,1.923,2.05453
-0.322912,0.644078,1.923,2.05354
-0.31667,0.644078,1.923,2.05257
-0.310429,0.644078,1.923,2.05162
-0.304187,0.644078,1.923,2.05068
-0.297946,0.644078,1.923,2.04977
-0.293373,0.647762,1.934,2.06059
-0.285462,0.644078,1.923,2.04799
-0.279221,0.644078,1.923,2.04713
-0.272979,0.644078,1.923,2.04629
-0.265212,0.640394,1.912,2.03376
-0.259006,0.640394,1.912,2.03296
-0.2528,0.640394,1.912,2.03218
-0.246594,0.640394,1.912,2.03142
-0.239131,0.637044,1.902,2.02005
-0.232958,0.637044,1.902,2.01933
-0.226784,0.637044,1.902,2.01863
-0.220611,0.637044,1.902,2.01794
-0.213197,0.63336,1.891,2.00561
-0.20706,0.63336,1.891,2.00497
-0.200922,0.63336,1.891,2.00434
-0.193754,0.630011,1.881,1.99314
-0.187649,0.630011,1.881,1.99256
-0.181544,0.630011,1.881,1.99199
-0.175438,0.630011,1.881,1.99145
-0.169333,0.630011,1.881,1.99092
-0.163228,0.630011,1.881,1.99041
-0.156287,0.626662,1.871,1.97934
-0.150214,0.626662,1.871,1.97887
-0.144142,0.626662,1.871,1.97841
-0.138069,0.626662,1.871,1.97798
-0.131996,0.626662,1.871,1.97757
-0.125923,0.626662,1.871,1.97717
-0.11985,0.626662,1.871,1.97679
-0.113778,0.626662,1.871,1.97643
-0.107705,0.626662,1.871,1.97609
-0.101632,0.626662,1.871,1.97577
-0.0950485,0.623312,1.861,1.96491
-0.0890082,0.623312,1.861,1.96463
-0.0829678,0.623312,1.861,1.96436
-0.0769275,0.623312,1.861,1.96412
-0.0708871,0.623312,1.861,1.96389
-0.0648468,0.623312,1.861,1.96368
-0.0588064,0.623312,1.861,1.96349
-0.0527661,0.623312,1.861,1.96332
-0.0467257,0.623312,1.861,1.96317
-0.0406854,0.623312,1.861,1.96303
-0.0346451,0.623312,1.861,1.96292
-0.0286047,0.623312,1.861,1.96282
-0.0225644,0.623312,1.861,1.96274
-0.0166128,0.626662,1.871,1.97323
-0.01054,0.626662,1.871,1.97318
-0.00446722,0.626662,1.871,1.97316
0.00160558,0.626662,1.871,1.97316
0.00767838,0.626662,1.871,1.97317
0.0137512,0.626662,1.871,1.9732
0.019824,0.626662,1.871,1.97326
0.0258968,0.626662,1.871,1.97333
0.0319696,0.626662,1.871,1.97342
0.0380424,0.626662,1.871,1.97352
0.0441152,0.626662,1.871,1.97365
0.050188,0.626662,1.871,1.97379
0.0562608,0.626662,1.871,1.97396
0.0623336,0.626662,1.871,1.97414
0.0680408,0.623312,1.861,1.96379
0.0740811,0.623312,1.861,1.96401
0.0801215,0.623312,1.861,1.96425
0.0861618,0.623312,1.861,1.9645
0.0922022,0.623312,1.861,1.96477
0.0976618,0.619628,1.85,1.95345
0.103666,0.619628,1.85,1.95376
0.109671,0.619628,1.85,1.95409
0.115676,0.619628,1.85,1.95444
0.121088,0.616614,1.841,1.94529
0.127064,0.616614,1.841,1.94567
0.133039,0.616614,1.841,1.94607
0.139015,0.616614,1.841,1.94649
0.14499,0.616614,1.841,1.94692
0.150966,0.616614,1.841,1.94738
0.156941,0.616614,1.841,1.94785
0.162031,0.613264,1.831,1.93776
0.167974,0.613264,1.831,1.93826
0.173917,0.613264,1.831,1.93879
0.17986,0.613264,1.831,1.93933
0.185803,0.613264,1.831,1.93989
0.191746,0.613264,1.831,1.94047
0.197689,0.613264,1.831,1.94107
0.203632,0.613264,1.831,1.94168
0.209575,0.613264,1.831,1.94231
0.215518,0.613264,1.831,1.94296
0.222671,0.616614,1.841,1.95425
0.228646,0.616614,1.841,1.95494
0.234622,0.616614,1.841,1.95564
0.240597,0.616614,1.841,1.95637
0.246572,0.616614,1.841,1.95711
0.252548,0.616614,1.841,1.95787
0.259787,0.619628,1.85,1.96823
0.265792,0.619628,1.85,1.96903
0.271796,0.619628,1.85,1.96985
0.277801,0.619628,1.85,1.97069
0.285493,0.623312,1.861,1.98327
0.291534,0.623312,1.861,1.98414
0.297574,0.623312,1.861,1.98504
0.305246,0.626662,1.871,1.99663
0.311318,0.626662,1.871,1.99756
0.317391,0.626662,1.871,1.99852
0.323464,0.626662,1.871,1.99949
0.329537,0.626662,1.871,2.00048
0.33561,0.626662,1.871,2.00149
0.341682,0.626662,1.871,2.00252
0.347755,0.626662,1.871,2.00357
0.353828,0.626662,1.871,2.00463
0.359901,0.626662,1.871,2.00571
0.365974,0.626662,1.871,2.00681
0.372046,0.626662,1.871,2.00793
0.378119,0.626662,1.871,2.00906
0.384192,0.626662,1.871,2.01021
0.390265,0.626662,1.871,2.01138
0.396338,0.626662,1.871,2.01257
0.40241,0.626662,1.871,2.01377
0.410666,0.630011,1.881,2.02576
0.416772,0.630011,1.881,2.02701
0.422877,0.630011,1.881,2.02828
0.431263,0.63336,1.891,2.04035
0.439945,0.637044,1.902,2.05353
0.446118,0.637044,1.902,2.05486
0.452292,0.637044,1.902,2.05621
0.458465,0.637044,1.902,2.05758
0.464639,0.637044,1.902,2.05896
0.473287,0.640394,1.912,2.0712
0.479493,0.640394,1.912,2.07262
0.485699,0.640394,1.912,2.07407
0.491905,0.640394,1.912,2.07553
0.498111,0.640394,1.912,2.07701
0.501679,0.637044,1.902,2.06763
0.507853,0.637044,1.902,2.06914
0.514026,0.637044,1.902,2.07066
0.520199,0.637044,1.902,2.07221
0.523329,0.63336,1.891,2.06177
0.529466,0.63336,1.891,2.06334
0.535604,0.63336,1.891,2.06492
0.538877,0.630011,1.881,2.05559
0.544982,0.630011,1.881,2.0572
0.551087,0.630011,1.881,2.05883
0.551268,0.623312,1.861,2.03856
0.557309,0.623312,1.861,2.0402
0.563349,0.623312,1.861,2.04186
0.569389,0.623312,1.861,2.04354
0.57543,0.623312,1.861,2.04523
0.584595,0.626662,1.871,2.05793
0.590667,0.626662,1.871,2.05967
0.59674,0.626662,1.871,2.06142
0.606035,0.630011,1.881,2.07421
0.61214,0.630011,1.881,2.076
0.618245,0.630011,1.881,2.07781
0.624351,0.630011,1.881,2.07964
0.630456,0.630011,1.881,2.08148
0.636561,0.630011,1.881,2.08333
0.646083,0.63336,1.891,2.09629
0.652221,0.63336,1.891,2.09819
0.658358,0.63336,1.891,2.10011
0.664496,0.63336,1.891,2.10204
0.670634,0.63336,1.891,2.10399
0.676772,0.63336,1.891,2.10595
0.679298,0.630011,1.881,2.09679
0.685403,0.630011,1.881,2.09877
0.691508,0.630011,1.881,2.10078
0.697614,0.630011,1.881,2.10279
0.699978,0.626662,1.871,2.09364
0.706051,0.626662,1.871,2.09567
0.708317,0.623312,1.861,2.08652
0.714358,0.623312,1.861,2.08858
0.720398,0.623312,1.861,2.09065
0.726438,0.623312,1.861,2.09274
0.728149,0.619628,1.85,2.08246
0.734154,0.619628,1.85,2.08457
0.740158,0.619628,1.85,2.08669
0.742533,0.616614,1.841,2.07867
0.744443,0.613264,1.831,2.0695
0.750386,0.613264,1.831,2.07165
0.756329,0.613264,1.831,2.07381
0.762272,0.613264,1.831,2.07598
0.768215,0.613264,1.831,2.07817
0.769929,0.609915,1.821,2.06902
0.77584,0.609915,1.821,2.07122
0.781751,0.609915,1.821,2.07344
0.783336,0.606566,1.811,2.06428
0.789214,0.606566,1.811,2.06652
0.795092,0.606566,1.811,2.06877
0.80097,0.606566,1.811,2.07104
0.806848,0.606566,1.811,2.07332
0.812726,0.606566,1.811,2.07561
0.818604,0.606566,1.811,2.07792
0.824482,0.606566,1.811,2.08024
0.834945,0.609915,1.821,2.09408
0.840856,0.609915,1.821,2.09644
0.846766,0.609915,1.821,2.09882
0.852677,0.609915,1.821,2.10121
0.858587,0.609915,1.821,2.10362
0.864498,0.609915,1.821,2.10604
0.875188,0.613264,1.831,2.12005
0.881131,0.613264,1.831,2.12251
0.887074,0.613264,1.831,2.12498
0.897894,0.616614,1.841,2.13909
0.908288,0.619628,1.85,2.15208
0.914293,0.619628,1.85,2.15462
0.920298,0.619628,1.85,2.15717
0.93181,0.623312,1.861,2.17258
0.94289,0.626662,1.871,2.18687
0.948963,0.626662,1.871,2.18949
0.96014,0.630011,1.881,2.20385
0.966245,0.630011,1.881,2.20651
0.97235,0.630011,1.881,2.20919
0.983657,0.63336,1.891,2.22365
0.995553,0.637044,1.902,2.23932
1.00699,0.640394,1.912,2.25386
1.0132,0.640394,1.912,2.25664
1.0194,0.640394,1.912,2.25943
1.03151,0.644078,1.923,2.27525
1.03775,0.644078,1.923,2.27809
1.04399,0.644078,1.923,2.28094
1.05024,0.644078,1.923,2.2838
1.05648,0.644078,1.923,2.28668
1.06272,0.644078,1.923,2.28957
1.07508,0.647762,1.934,2.30559
1.08135,0.647762,1.934,2.30852
1.08763,0.647762,1.934,2.31147
1.09391,0.647762,1.934,2.31443
1.10018,0.647762,1.934,2.3174
1.10017,0.644078,1.923,2.30719
1.10641,0.644078,1.923,2.31018
1.11265,0.644078,1.923,2.31317
1.11889,0.644078,1.923,2.31618
1.1187,0.640394,1.912,2.30593
1.1249,0.640394,1.912,2.30895
1.13111,0.640394,1.912,2.31198
1.13137,0.637044,1.902,2.30292
1.13754,0.637044,1.902,2.30596
1.14371,0.637044,1.902,2.30901
1.15593,0.640394,1.912,2.32423
1.16214,0.640394,1.912,2.32732
1.16224,0.637044,1.902,2.31824
1.16841,0.637044,1.902,2.32134
1.18076,0.640394,1.912,2.33667
1.18696,0.640394,1.912,2.33981
1.19317,0.640394,1.912,2.34297
1.20628,0.644078,1.923,2.35963
1.21252,0.644078,1.923,2.36283
1.21876,0.644078,1.923,2.36604
1.23201,0.647762,1.934,2.38281
1.23828,0.647762,1.934,2.38606
1.23748,0.644078,1.923,2.37574
1.24372,0.644078,1.923,2.37899
1.24997,0.644078,1.923,2.38226
1.25621,0.644078,1.923,2.38554
1.26245,0.644078,1.923,2.38884
1.26143,0.640394,1.912,2.37846
1.26764,0.640394,1.912,2.38176
1.27385,0.640394,1.912,2.38506
1.27336,0.637044,1.902,2.37589
1.27953,0.637044,1.902,2.37921
1.2857,0.637044,1.902,2.38253
1.29188,0.637044,1.902,2.38587
-1.56229,0.761579,2.252,2.84469
-1.55498,0.761579,2.252,2.84068
-1.53736,0.756506,2.237,2.81779
-1.5301,0.756506,2.237,2.81384
-1.51331,0.751772,2.223,2.79231
-1.50609,0.751772,2.223,2.7884
-1.48944,0.747037,2.209,2.76698
-1.48227,0.747037,2.209,2.76312
-1.4751,0.747037,2.209,2.75929
-1.45796,0.741964,2.194,2.73675
-1.45084,0.741964,2.194,2.73296
-1.4345,0.73723,2.18,2.71177
-1.42743,0.73723,2.18,2.70804
-1.42035,0.73723,2.18,2.70431
-1.40485,0.732834,2.167,2.6845
-1.39782,0.732834,2.167,2.68082
-1.39078,0.732834,2.167,2.67716
-1.38375,0.732834,2.167,2.67352
-1.38497,0.73723,2.18,2.6859
-1.3779,0.73723,2.18,2.68226
-1.37082,0.73723,2.18,2.67863
-1.36375,0.73723,2.18,2.67502
-1.35667,0.73723,2.18,2.67142
-1.3496,0.73723,2.18,2.66783
-1.34252,0.73723,2.18,2.66426
-1.34402,0.741964,2.194,2.67779
-1.3369,0.741964,2.194,2.67422
-1.32978,0.741964,2.194,2.67067
-1.31422,0.73723,2.18,2.65011
-1.30714,0.73723,2.18,2.64661
-1.30007,0.73723,2.18,2.64312
-1.28528,0.732834,2.167,2.6239
-1.27825,0.732834,2.167,2.62047
-1.27121,0.732834,2.167,2.61704
-1.25601,0.728099,2.153,2.59675
-1.24148,0.723703,2.14,2.57772
-1.23454,0.723703,2.14,2.57438
-1.21956,0.718968,2.126,2.55423
-1.20524,0.714572,2.113,2.53535
-1.19838,0.714572,2.113,2.5321
-1.1842,0.710176,2.1,2.5133
-1.17738,0.710176,2.1,2.51009
-1.16332,0.705779,2.087,2.49139
-1.15654,0.705779,2.087,2.48823
-1.14977,0.705779,2.087,2.48509
-1.143,0.705779,2.087,2.48196
-1.13622,0.705779,2.087,2.47885
-1.12945,0.705779,2.087,2.47575
-1.12267,0.705779,2.087,2.47267
-1.12285,0.710176,2.1,2.48498
-1.11603,0.710176,2.1,2.48191
-1.10922,0.710176,2.1,2.47885
-1.1024,0.710176,2.1,2.47581
-1.09559,0.710176,2.1,2.47278
-1.08877,0.710176,2.1,2.46977
-1.08195,0.710176,2.1,2.46677
-1.07514,0.710176,2.1,2.46379
-1.06171,0.705779,2.087,2.44559
-1.05493,0.705779,2.087,2.44266
-1.04816,0.705779,2.087,2.43974
-1.0354,0.701721,2.075,2.42283
-1.02222,0.697325,2.062,2.40479
-1.01553,0.697325,2.062,2.40196
-1.00883,0.697325,2.062,2.39914
-0.996309,0.693267,2.05,2.38238
-0.989656,0.693267,2.05,2.37961
-0.983002,0.693267,2.05,2.37685
-0.970633,0.689209,2.038,2.36021
-0.958342,0.68515,2.026,2.34361
-0.951766,0.68515,2.026,2.34093
-0.94519,0.68515,2.026,2.33827
-0.944174,0.689209,2.038,2.34945
-0.9486,0.697325,2.062,2.37444
-0.936425,0.693267,2.05,2.35797
-0.924329,0.689209,2.038,2.34155
-0.917714,0.689209,2.038,2.33894
-0.911099,0.689209,2.038,2.33635
-0.904485,0.689209,2.038,2.33378
-0.892583,0.68515,2.026,2.3175
-0.886007,0.68515,2.026,2.31498
-0.879431,0.68515,2.026,2.31247
-0.872855,0.68515,2.026,2.30997
-0.87141,0.689209,2.038,2.32117
-0.864795,0.689209,2.038,2.31869
-0.858181,0.689209,2.038,2.31623
-0.851566,0.689209,2.038,2.31379
-0.844951,0.689209,2.038,2.31136
-0.838336,0.689209,2.038,2.30895
-0.826824,0.68515,2.026,2.29298
-0.820248,0.68515,2.026,2.29061
-0.813672,0.68515,2.026,2.28827
-0.811877,0.689209,2.038,2.29948
-0.805262,0.689209,2.038,2.29715
-0.793944,0.68515,2.026,2.28133
-0.787369,0.68515,2.026,2.27905
-0.780793,0.68515,2.026,2.27678
-0.774217,0.68515,2.026,2.27454
-0.767641,0.68515,2.026,2.27231
-0.761065,0.68515,2.026,2.27009
-0.75002,0.681092,2.014,2.25447
-0.743483,0.681092,2.014,2.2523
-0.736946,0.681092,2.014,2.25015
-0.730409,0.681092,2.014,2.24802
-0.719559,0.677034,2.002,2.23252
-0.708787,0.672976,1.99,2.21706
-0.702328,0.672976,1.99,2.21501
-0.692023,0.669256,1.979,2.20074
-0.685599,0.669256,1.979,2.19872
-0.679176,0.669256,1.979,2.19673
-0.672753,0.669256,1.979,2.19475
-0.666329,0.669256,1.979,2.19279
-0.659906,0.669256,1.979,2.19085
-0.64952,0.665198,1.967,2.17565
-0.643136,0.665198,1.967,2.17375
-0.636751,0.665198,1.967,2.17187
-0.630367,0.665198,1.967,2.17001
-0.620493,0.661478,1.956,2.15604
-0.614144,0.661478,1.956,2.15422
-0.607796,0.661478,1.956,2.15242
-0.601447,0.661478,1.956,2.15063
-0.591752,0.657758,1.945,2.13678
-0.585439,0.657758,1.945,2.13504
-0.579126,0.657758,1.945,2.13332
-0.572813,0.657758,1.945,2.13162
-0.5665,0.657758,1.945,2.12993
-0.557019,0.654038,1.934,2.11622
-0.550741,0.654038,1.934,2.11458
-0.544464,0.654038,1.934,2.11295
-0.538187,0.654038,1.934,2.11134
-0.531909,0.654038,1.934,2.10975
-0.522643,0.650318,1.923,2.09619
-0.516401,0.650318,1.923,2.09464
-0.510159,0.650318,1.923,2.09311
-0.503918,0.650318,1.923,2.0916
-0.497676,0.650318,1.923,2.0901
-0.491435,0.650318,1.923,2.08862
-0.485193,0.650318,1.923,2.08716
-0.478951,0.650318,1.923,2.08572
-0.47271,0.650318,1.923,2.0843
-0.466468,0.650318,1.923,2.08289
-0.460227,0.650318,1.923,2.0815
-0.453985,0.650318,1.923,2.08013
-0.445182,0.646598,1.912,2.06689
-0.438976,0.646598,1.912,2.06556
-0.432771,0.646598,1.912,2.06425
-0.426565,0.646598,1.912,2.06296
-0.420359,0.646598,1.912,2.06168
-0.414153,0.646598,1.912,2.06043
-0.407947,0.646598,1.912,2.05919
-0.401741,0.646598,1.912,2.05797
-0.395535,0.646598,1.912,2.05676
-0.389329,0.646598,1.912,2.05558
-0.383124,0.646598,1.912,2.05441
-0.374946,0.643216,1.902,2.04253
-0.368773,0.643216,1.902,2.0414
-0.3626,0.643216,1.902,2.0403
-0.356426,0.643216,1.902,2.03921
-0.350253,0.643216,1.902,2.03814
-0.342089,0.639496,1.891,2.02531
-0.335952,0.639496,1.891,2.02428
-0.329814,0.639496,1.891,2.02327
-0.323676,0.639496,1.891,2.02228
-0.317538,0.639496,1.891,2.0213
-0.311401,0.639496,1.891,2.02035
-0.305263,0.639496,1.891,2.01941
-0.299125,0.639496,1.891,2.01849
-0.292988,0.639496,1.891,2.01759
-0.28685,0.639496,1.891,2.01671
-0.280712,0.639496,1.891,2.01585
-0.274574,0.639496,1.891,2.015
-0.268437,0.639496,1.891,2.01417
-0.262299,0.639496,1.891,2.01336
-0.256161,0.639496,1.891,2.01257
-0.248701,0.636114,1.881,2.00116
-0.242596,0.636114,1.881,2.00041
-0.236491,0.636114,1.881,1.99968
-0.229161,0.632733,1.871,1.98834
-0.223088,0.632733,1.871,1.98765
-0.217015,0.632733,1.871,1.98698
-0.209815,0.629351,1.861,1.97571
-0.203775,0.629351,1.861,1.97508
-0.197734,0.629351,1.861,1.97446
-0.191694,0.629351,1.861,1.97387
-0.185654,0.629351,1.861,1.97329
-0.179613,0.629351,1.861,1.97273
-0.172547,0.625631,1.85,1.96053
-0.166542,0.625631,1.85,1.96001
-0.160538,0.625631,1.85,1.95951
-0.153781,0.622587,1.841,1.9495
-0.147806,0.622587,1.841,1.94904
-0.14183,0.622587,1.841,1.94859
-0.135855,0.622587,1.841,1.94817
-0.12988,0.622587,1.841,1.94776
-0.123904,0.622587,1.841,1.94737
-0.117929,0.622587,1.841,1.947
-0.111953,0.622587,1.841,1.94665
-0.105978,0.622587,1.841,1.94631
-0.100002,0.622587,1.841,1.946
-0.094027,0.622587,1.841,1.9457
-0.0875733,0.619205,1.831,1.93485
-0.0816303,0.619205,1.831,1.93459
-0.0756874,0.619205,1.831,1.93435
-0.0697444,0.619205,1.831,1.93413
-0.0638014,0.619205,1.831,1.93392
-0.0578585,0.619205,1.831,1.93373
-0.0519155,0.619205,1.831,1.93356
-0.0459725,0.619205,1.831,1.93341
-0.0400295,0.619205,1.831,1.93328
-0.0340866,0.619205,1.831,1.93317
-0.0281436,0.619205,1.831,1.93307
-0.0222006,0.619205,1.831,1.93299
-0.0162577,0.619205,1.831,1.93294
-0.010371,0.622587,1.841,1.94345
-0.00439559,0.622587,1.841,1.94343
0.00157984,0.622587,1.841,1.94342
0.00755527,0.622587,1.841,1.94344
0.0135307,0.622587,1.841,1.94347
0.0195061,0.622587,1.841,1.94352
0.0254816,0.622587,1.841,1.94359
0.0316108,0.625631,1.85,1.95318
0.0376154,0.625631,1.85,1.95329
0.04362,0.625631,1.85,1.95341
0.0496247,0.625631,1.85,1.95355
0.0556293,0.625631,1.85,1.95372
0.061634,0.625631,1.85,1.9539
0.0673096,0.622587,1.841,1.94459
0.073285,0.622587,1.841,1.94481
0.0792604,0.622587,1.841,1.94504
0.0852358,0.622587,1.841,1.94529
0.0912113,0.622587,1.841,1.94556
0.0966588,0.619205,1.831,1.93528
0.102602,0.619205,1.831,1.93559
0.108545,0.619205,1.831,1.93591
0.114488,0.619205,1.831,1.93626
0.120431,0.619205,1.831,1.93662
0.127064,0.622587,1.841,1.94757
0.133039,0.622587,1.841,1.94797
0.139015,0.622587,1.841,1.94839
0.14499,0.622587,1.841,1.94882
0.150966,0.622587,1.841,1.94928
0.156941,0.622587,1.841,1.94975
0.162031,0.619205,1.831,1.93965
0.167974,0.619205,1.831,1.94015
0.173917,0.619205,1.831,1.94068
0.17986,0.619205,1.831,1.94122
0.185803,0.619205,1.831,1.94178
0.191746,0.619205,1.831,1.94236
0.197689,0.619205,1.831,1.94295
0.203632,0.619205,1.831,1.94356
0.209575,0.619205,1.831,1.9442
0.215518,0.619205,1.831,1.94485
0.222671,0.622587,1.841,1.95614
0.228646,0.622587,1.841,1.95683
0.234622,0.622587,1.841,1.95754
0.240597,0.622587,1.841,1.95826
0.246572,0.622587,1.841,1.959
0.252548,0.622587,1.841,1.95976
0.259787,0.625631,1.85,1.97013
0.265792,0.625631,1.85,1.97093
0.271796,0.625631,1.85,1.97175
0.277801,0.625631,1.85,1.97258
0.285493,0.629351,1.861,1.98517
0.291534,0.629351,1.861,1.98605
0.297574,0.629351,1.861,1.98695
0.305246,0.632733,1.871,1.99854
0.311318,0.632733,1.871,1.99948
0.317391,0.632733,1.871,2.00043
0.323464,0.632733,1.871,2.0014
0.329537,0.632733,1.871,2.0024
0.33561,0.632733,1.871,2.0034
0.341682,0.632733,1.871,2.00443
0.347755,0.632733,1.871,2.00547
0.353828,0.632733,1.871,2.00654
0.359901,0.632733,1.871,2.00762
0.365974,0.632733,1.871,2.00871
0.372046,0.632733,1.871,2.00983
0.378119,0.632733,1.871,2.01096
0.384192,0.632733,1.871,2.01211
0.390265,0.632733,1.871,2.01328
0.396338,0.632733,1.871,2.01447
0.40241,0.632733,1.871,2.01567
0.410666,0.636114,1.881,2.02767
0.416772,0.636114,1.881,2.02892
0.422877,0.636114,1.881,2.03018
0.431263,0.639496,1.891,2.04226
0.437401,0.639496,1.891,2.04356
0.443538,0.639496,1.891,2.04489
0.449676,0.639496,1.891,2.04623
0.455814,0.639496,1.891,2.04758
0.461951,0.639496,1.891,2.04896
0.470812,0.643216,1.902,2.06228
0.476986,0.643216,1.902,2.0637
0.483159,0.643216,1.902,2.06513
0.489332,0.643216,1.902,2.06659
0.495506,0.643216,1.902,2.06806
0.501679,0.643216,1.902,2.06954
0.504915,0.639496,1.891,2.05907
0.511053,0.639496,1.891,2.06059
0.517191,0.639496,1.891,2.06212
0.523329,0.639496,1.891,2.06366
0.526666,0.636114,1.881,2.05431
0.532772,0.636114,1.881,2.05588
0.538877,0.636114,1.881,2.05747
0.542085,0.632733,1.871,2.04813
0.548158,0.632733,1.871,2.04975
0.551268,0.629351,1.861,2.04042
0.557309,0.629351,1.861,2.04206
0.563349,0.629351,1.861,2.04371
0.569389,0.629351,1.861,2.04539
0.57543,0.629351,1.861,2.04708
0.58147,0.629351,1.861,2.04878
0.58751,0.629351,1.861,2.05051
0.593551,0.629351,1.861,2.05224
0.602813,0.632733,1.871,2.06504
0.608886,0.632733,1.871,2.06682
0.614959,0.632733,1.871,2.06861
0.621031,0.632733,1.871,2.07043
0.627104,0.632733,1.871,2.07226
0.633177,0.632733,1.871,2.0741
0.642666,0.636114,1.881,2.08706
0.648772,0.636114,1.881,2.08895
0.654877,0.636114,1.881,2.09085
0.660982,0.636114,1.881,2.09277
0.663541,0.632733,1.871,2.08357
0.669614,0.632733,1.871,2.08552
0.672075,0.629351,1.861,2.07632
0.678116,0.629351,1.861,2.07828
0.684156,0.629351,1.861,2.08026
0.690196,0.629351,1.861,2.08225
0.692121,0.625631,1.85,2.07194
0.698126,0.625631,1.85,2.07396
0.704131,0.625631,1.85,2.07599
0.710135,0.625631,1.85,2.07803
0.71614,0.625631,1.85,2.08009
0.718631,0.622587,1.841,2.07203
0.720671,0.619205,1.831,2.06285
0.726614,0.619205,1.831,2.06493
0.728556,0.615824,1.821,2.05574
0.734466,0.615824,1.821,2.05784
0.740377,0.615824,1.821,2.05996
0.746287,0.615824,1.821,2.06209
0.748067,0.612442,1.811,2.0529
0.753945,0.612442,1.811,2.05505
0.759823,0.612442,1.811,2.05722
0.765701,0.612442,1.811,2.05939
0.77158,0.612442,1.811,2.06159
0.777458,0.612442,1.811,2.06379
0.779443,0.609398,1.802,2.05575
0.785291,0.609398,1.802,2.05797
0.79114,0.609398,1.802,2.06021
0.796989,0.609398,1.802,2.06247
0.802838,0.609398,1.802,2.06473
0.808687,0.609398,1.802,2.06701
0.814536,0.609398,1.802,2.06931
0.820385,0.609398,1.802,2.07162
0.826233,0.609398,1.802,2.07394
0.832082,0.609398,1.802,2.07628
0.837931,0.609398,1.802,2.07863
0.84378,0.609398,1.802,2.08099
0.849629,0.609398,1.802,2.08337
0.855478,0.609398,1.802,2.08576
0.865628,0.612442,1.811,2.0986
0.876319,0.615824,1.821,2.11263
0.882229,0.615824,1.821,2.11509
0.88814,0.615824,1.821,2.11756
0.89896,0.619205,1.831,2.13169
0.909845,0.622587,1.841,2.14586
0.91582,0.622587,1.841,2.1484
0.926302,0.625631,1.85,2.16147
0.932307,0.625631,1.85,2.16405
0.938312,0.625631,1.85,2.16664
0.955035,0.632733,1.871,2.19387
0.961108,0.632733,1.871,2.19652
0.967181,0.632733,1.871,2.19919
0.978456,0.636114,1.881,2.21363
0.984561,0.636114,1.881,2.21634
0.995933,0.639496,1.891,2.23086
1.00207,0.639496,1.891,2.2336
1.01407,0.643216,1.902,2.24937
1.02025,0.643216,1.902,2.25216
1.02642,0.643216,1.902,2.25497
1.03802,0.646598,1.912,2.26965
1.04423,0.646598,1.912,2.2725
1.05043,0.646598,1.912,2.27536
1.05664,0.646598,1.912,2.27823
1.06285,0.646598,1.912,2.28111
1.06905,0.646598,1.912,2.28401
1.07526,0.646598,1.912,2.28692
1.08146,0.646598,1.912,2.28985
1.08767,0.646598,1.912,2.29278
1.08815,0.643216,1.902,2.28373
1.09433,0.643216,1.902,2.28668
1.1005,0.643216,1.902,2.28964
1.10667,0.643216,1.902,2.29261
1.11285,0.643216,1.902,2.2956
1.11902,0.643216,1.902,2.2986
1.12519,0.643216,1.902,2.30161
1.13137,0.643216,1.902,2.30463
1.13754,0.643216,1.902,2.30767
1.14371,0.643216,1.902,2.31072
1.15593,0.646598,1.912,2.32594
1.16214,0.646598,1.912,2.32903
1.16224,0.643216,1.902,2.31994
1.16841,0.643216,1.902,2.32304
1.18076,0.646598,1.912,2.33838
1.18696,0.646598,1.912,2.34152
1.19317,0.646598,1.912,2.34467
1.20628,0.650318,1.923,2.36134
1.21252,0.650318,1.923,2.36454
1.21876,0.650318,1.923,2.36774
1.23201,0.654038,1.934,2.38453
1.23828,0.654038,1.934,2.38778
1.23748,0.650318,1.923,2.37744
1.24372,0.650318,1.923,2.38069
1.24997,0.650318,1.923,2.38396
1.25621,0.650318,1.923,2.38724
1.26245,0.650318,1.923,2.39053
1.26143,0.646598,1.912,2.38014
1.26764,0.646598,1.912,2.38343
1.27385,0.646598,1.912,2.38674
1.27336,0.643216,1.902,2.37756
1.27953,0.643216,1.902,2.38087
1.2857,0.643216,1.902,2.38419
1.29188,0.643216,1.902,2.38753
-1.53246,0.754205,2.209,2.7923
-1.52529,0.754205,2.209,2.78837
-1.50781,0.749084,2.194,2.76555
-1.50069,0.749084,2.194,2.76167
-1.49356,0.749084,2.194,2.75781
-1.47696,0.744304,2.18,2.73638
-1.46988,0.744304,2.18,2.73257
-1.46281,0.744304,2.18,2.72877
-1.44705,0.739865,2.167,2.70873
-1.44002,0.739865,2.167,2.70498
-1.43298,0.739865,2.167,2.70125
-1.41674,0.735085,2.153,2.68009
-1.40124,0.730647,2.14,2.66025
-1.39429,0.730647,2.14,2.65659
-1.38735,0.730647,2.14,2.65296
-1.3804,0.730647,2.14,2.64933
-1.37345,0.730647,2.14,2.64572
-1.36651,0.730647,2.14,2.64212
-1.35956,0.730647,2.14,2.63853
-1.35262,0.730647,2.14,2.63496
-1.34567,0.730647,2.14,2.6314
-1.33872,0.730647,2.14,2.62786
-1.33178,0.730647,2.14,2.62432
-1.3496,0.744304,2.18,2.66979
-1.34252,0.744304,2.18,2.66622
-1.34402,0.749084,2.194,2.67977
-1.3369,0.749084,2.194,2.6762
-1.32978,0.749084,2.194,2.67265
-1.31422,0.744304,2.18,2.65208
-1.30714,0.744304,2.18,2.64859
-1.30007,0.744304,2.18,2.6451
-1.28528,0.739865,2.167,2.62588
-1.27825,0.739865,2.167,2.62244
-1.27121,0.739865,2.167,2.61902
-1.25601,0.735085,2.153,2.59872
-1.24148,0.730647,2.14,2.57967
-1.23454,0.730647,2.14,2.57634
-1.21956,0.725867,2.126,2.55619
-1.20524,0.721428,2.113,2.53729
-1.19838,0.721428,2.113,2.53404
-1.1842,0.71699,2.1,2.51523
-1.17738,0.71699,2.1,2.51203
-1.16332,0.712551,2.087,2.49331
-1.15654,0.712551,2.087,2.49016
-1.14977,0.712551,2.087,2.48702
-1.143,0.712551,2.087,2.4839
-1.13622,0.712551,2.087,2.48079
-1.12945,0.712551,2.087,2.47769
-1.12267,0.712551,2.087,2.47461
-1.12285,0.71699,2.1,2.48694
-1.11603,0.71699,2.1,2.48387
-1.10922,0.71699,2.1,2.48081
-1.1024,0.71699,2.1,2.47777
-1.09559,0.71699,2.1,2.47475
-1.08877,0.71699,2.1,2.47174
-1.08195,0.71699,2.1,2.46874
-1.07514,0.71699,2.1,2.46576
-1.06171,0.712551,2.087,2.44755
-1.05493,0.712551,2.087,2.44462
-1.04816,0.712551,2.087,2.44171
-1.0354,0.708454,2.075,2.42479
-1.02222,0.704016,2.062,2.40674
-1.01553,0.704016,2.062,2.40391
-1.00883,0.704016,2.062,2.40109
-0.996309,0.699919,2.05,2.38433
-0.989656,0.699919,2.05,2.38156
-0.983002,0.699919,2.05,2.3788
-0.970633,0.695821,2.038,2.36215
-0.958342,0.691724,2.026,2.34554
-0.951766,0.691724,2.026,2.34287
-0.94519,0.691724,2.026,2.3402
-0.938614,0.691724,2.026,2.33755
-0.932038,0.691724,2.026,2.33492
-0.919981,0.687627,2.014,2.31849
-0.908001,0.68353,2.002,2.3021
-0.901503,0.68353,2.002,2.29955
-0.895005,0.68353,2.002,2.29701
-0.888507,0.68353,2.002,2.29449
-0.882009,0.68353,2.002,2.29198
-0.875511,0.68353,2.002,2.28948
-0.869013,0.68353,2.002,2.28701
-0.862515,0.68353,2.002,2.28455
-0.856017,0.68353,2.002,2.2821
-0.849519,0.68353,2.002,2.27967
-0.843021,0.68353,2.002,2.27726
-0.836523,0.68353,2.002,2.27486
-0.830025,0.68353,2.002,2.27248
-0.823527,0.68353,2.002,2.27011
-0.817029,0.68353,2.002,2.26776
-0.810531,0.68353,2.002,2.26543
-0.804033,0.68353,2.002,2.26311
-0.797535,0.68353,2.002,2.26081
-0.791037,0.68353,2.002,2.25853
-0.779837,0.679433,1.99,2.24274
-0.769103,0.675677,1.979,2.22812
-0.76268,0.675677,1.979,2.22591
-0.756256,0.675677,1.979,2.22371
-0.749833,0.675677,1.979,2.22154
-0.74341,0.675677,1.979,2.21938
-0.736986,0.675677,1.979,2.21723
-0.730563,0.675677,1.979,2.21511
-0.724139,0.675677,1.979,2.213
-0.717716,0.675677,1.979,2.2109
-0.70698,0.67158,1.967,2.19543
-0.696677,0.667825,1.956,2.18112
-0.690329,0.667825,1.956,2.1791
-0.68398,0.667825,1.956,2.1771
-0.673821,0.664069,1.945,2.16288
-0.667508,0.664069,1.945,2.16092
-0.661195,0.664069,1.945,2.15898
-0.654882,0.664069,1.945,2.15705
-0.648569,0.664069,1.945,2.15515
-0.638623,0.660313,1.934,2.14108
-0.632346,0.660313,1.934,2.13921
-0.622508,0.656558,1.923,2.12521
-0.616266,0.656558,1.923,2.12339
-0.610025,0.656558,1.923,2.12159
-0.603783,0.656558,1.923,2.1198
-0.597542,0.656558,1.923,2.11803
-0.587918,0.652802,1.912,2.10417
-0.581712,0.652802,1.912,2.10245
-0.575506,0.652802,1.912,2.10074
-0.566322,0.649388,1.902,2.08807
-0.560149,0.649388,1.902,2.0864
-0.553976,0.649388,1.902,2.08475
-0.547802,0.649388,1.902,2.08312
-0.541629,0.649388,1.902,2.08151
-0.535455,0.649388,1.902,2.07991
-0.529282,0.649388,1.902,2.07833
-0.520083,0.645632,1.891,2.06475
-0.513945,0.645632,1.891,2.06322
-0.507808,0.645632,1.891,2.0617
-0.50167,0.645632,1.891,2.06019
-0.495532,0.645632,1.891,2.05871
-0.489395,0.645632,1.891,2.05724
-0.483257,0.645632,1.891,2.05579
-0.477119,0.645632,1.891,2.05435
-0.470981,0.645632,1.891,2.05294
-0.462386,0.642218,1.881,2.04069
-0.45628,0.642218,1.881,2.03931
-0.450175,0.642218,1.881,2.03796
-0.44407,0.642218,1.881,2.03662
-0.437964,0.642218,1.881,2.03529
-0.431859,0.642218,1.881,2.03399
-0.425754,0.642218,1.881,2.0327
-0.419649,0.642218,1.881,2.03143
-0.413543,0.642218,1.881,2.03018
-0.407438,0.642218,1.881,2.02894
-0.401333,0.642218,1.881,2.02773
-0.395228,0.642218,1.881,2.02653
-0.389122,0.642218,1.881,2.02534
-0.383017,0.642218,1.881,2.02418
-0.374908,0.638804,1.871,2.01228
-0.368835,0.638804,1.871,2.01116
-0.362763,0.638804,1.871,2.01005
-0.35669,0.638804,1.871,2.00896
-0.350617,0.638804,1.871,2.0079
-0.344544,0.638804,1.871,2.00684
-0.338471,0.638804,1.871,2.00581
-0.332399,0.638804,1.871,2.00479
-0.326326,0.638804,1.871,2.0038
-0.320253,0.638804,1.871,2.00282
-0.312501,0.63539,1.861,1.99115
-0.306461,0.63539,1.861,1.99022
-0.30042,0.63539,1.861,1.98929
-0.29438,0.63539,1.861,1.98839
-0.288339,0.63539,1.861,1.98751
-0.282299,0.63539,1.861,1.98664
-0.276259,0.63539,1.861,1.98579
-0.270218,0.63539,1.861,1.98496
-0.264178,0.63539,1.861,1.98414
-0.258138,0.63539,1.861,1.98335
-0.252097,0.63539,1.861,1.98257
-0.246057,0.63539,1.861,1.98181
-0.240017,0.63539,1.861,1.98107
-0.232593,0.631634,1.85,1.96864
-0.226589,0.631634,1.85,1.96794
-0.220584,0.631634,1.85,1.96726
-0.213536,0.628561,1.841,1.95703
-0.20756,0.628561,1.841,1.95639
-0.201585,0.628561,1.841,1.95576
-0.194547,0.625147,1.831,1.94454
-0.188604,0.625147,1.831,1.94395
-0.182661,0.625147,1.831,1.94338
-0.176718,0.625147,1.831,1.94283
-0.172547,0.631634,1.85,1.96246
-0.166542,0.631634,1.85,1.96194
-0.160538,0.631634,1.85,1.96144
-0.153781,0.628561,1.841,1.95141
-0.147806,0.628561,1.841,1.95095
-0.14183,0.628561,1.841,1.95051
-0.135855,0.628561,1.841,1.95008
-0.12988,0.628561,1.841,1.94968
-0.123904,0.628561,1.841,1.94929
-0.117929,0.628561,1.841,1.94892
-0.111953,0.628561,1.841,1.94856
-0.105978,0.628561,1.841,1.94823
-0.100002,0.628561,1.841,1.94791
-0.094027,0.628561,1.841,1.94762
-0.0875733,0.625147,1.831,1.93676
-0.0816303,0.625147,1.831,1.9365
-0.0756874,0.625147,1.831,1.93626
-0.0697444,0.625147,1.831,1.93604
-0.0638014,0.625147,1.831,1.93583
-0.0578585,0.625147,1.831,1.93564
-0.0519155,0.625147,1.831,1.93548
-0.0459725,0.625147,1.831,1.93533
-0.0400295,0.625147,1.831,1.93519
-0.0340866,0.625147,1.831,1.93508
-0.0281436,0.625147,1.831,1.93498
-0.0222006,0.625147,1.831,1.93491
-0.0162577,0.625147,1.831,1.93485
-0.010371,0.628561,1.841,1.94537
-0.00439559,0.628561,1.841,1.94535
0.00157984,0.628561,1.841,1.94535
0.00755527,0.628561,1.841,1.94536
0.0135307,0.628561,1.841,1.94539
0.0195061,0.628561,1.841,1.94544
0.0254816,0.628561,1.841,1.94551
0.0316108,0.631634,1.85,1.95511
0.0376154,0.631634,1.85,1.95522
0.04362,0.631634,1.85,1.95534
0.0496247,0.631634,1.85,1.95549
0.0556293,0.631634,1.85,1.95565
0.061634,0.631634,1.85,1.95583
0.0673096,0.628561,1.841,1.94651
0.073285,0.628561,1.841,1.94673
0.0792604,0.628561,1.841,1.94696
0.0852358,0.628561,1.841,1.94721
0.0912113,0.628561,1.841,1.94748
0.0966588,0.625147,1.831,1.93719
0.102602,0.625147,1.831,1.9375
0.108545,0.625147,1.831,1.93782
0.114488,0.625147,1.831,1.93816
0.119773,0.621733,1.821,1.92794
0.125683,0.621733,1.821,1.92831
0.131594,0.621733,1.821,1.92871
0.137505,0.621733,1.821,1.92912
0.142627,0.618318,1.811,1.91895
0.148506,0.618318,1.811,1.9194
0.154384,0.618318,1.811,1.91986
0.160262,0.618318,1.811,1.92034
0.16614,0.618318,1.811,1.92084
0.171163,0.615246,1.802,1.91181
0.177012,0.615246,1.802,1.91235
0.182861,0.615246,1.802,1.9129
0.188709,0.615246,1.802,1.91346
0.194558,0.615246,1.802,1.91405
0.201408,0.618318,1.811,1.92422
0.207286,0.618318,1.811,1.92484
0.213164,0.618318,1.811,1.92548
0.219042,0.618318,1.811,1.92614
0.22492,0.618318,1.811,1.92682
0.230798,0.618318,1.811,1.92751
0.237983,0.621733,1.821,1.93887
0.243894,0.621733,1.821,1.93961
0.249804,0.621733,1.821,1.94036
0.255715,0.621733,1.821,1.94113
0.263062,0.625147,1.831,1.95258
0.269005,0.625147,1.831,1.95339
0.274948,0.625147,1.831,1.95422
0.280891,0.625147,1.831,1.95506
0.2884,0.628561,1.841,1.96661
0.294376,0.628561,1.841,1.96749
0.300351,0.628561,1.841,1.9684
0.306327,0.628561,1.841,1.96932
0.312302,0.628561,1.841,1.97025
0.319834,0.631634,1.85,1.98085
0.325838,0.631634,1.85,1.98183
0.331843,0.631634,1.85,1.98282
0.337847,0.631634,1.85,1.98384
0.343852,0.631634,1.85,1.98487
0.348155,0.628561,1.841,1.97625
0.35413,0.628561,1.841,1.97732
0.360106,0.628561,1.841,1.97839
0.366081,0.628561,1.841,1.97949
0.372056,0.628561,1.841,1.98061
0.378032,0.628561,1.841,1.98174
0.384007,0.628561,1.841,1.98288
0.389983,0.628561,1.841,1.98405
0.397894,0.631634,1.85,1.99494
0.403898,0.631634,1.85,1.99615
0.409903,0.631634,1.85,1.99737
0.415908,0.631634,1.85,1.99861
0.424421,0.63539,1.861,2.01176
0.430461,0.63539,1.861,2.01304
0.436502,0.63539,1.861,2.01434
0.44492,0.638804,1.871,2.02649
0.450993,0.638804,1.871,2.02783
0.457066,0.638804,1.871,2.02919
0.465614,0.642218,1.881,2.04142
0.471719,0.642218,1.881,2.04282
0.477824,0.642218,1.881,2.04424
0.486502,0.645632,1.891,2.05655
0.49264,0.645632,1.891,2.05801
0.498778,0.645632,1.891,2.05949
0.502245,0.642218,1.881,2.05009
0.508351,0.642218,1.881,2.05159
0.514456,0.642218,1.881,2.05311
0.520561,0.642218,1.881,2.05465
0.526666,0.642218,1.881,2.05621
0.532772,0.642218,1.881,2.05778
0.536012,0.638804,1.871,2.04842
0.539188,0.63539,1.861,2.03906
0.545228,0.63539,1.861,2.04067
0.551268,0.63539,1.861,2.04229
0.554015,0.631634,1.85,2.03185
0.560019,0.631634,1.85,2.03349
0.566024,0.631634,1.85,2.03515
0.57543,0.63539,1.861,2.04894
0.58147,0.63539,1.861,2.05065
0.58751,0.63539,1.861,2.05237
0.593551,0.63539,1.861,2.0541
0.599591,0.63539,1.861,2.05586
0.605631,0.63539,1.861,2.05763
0.608056,0.631634,1.85,2.04724
0.614061,0.631634,1.85,2.04903
0.620066,0.631634,1.85,2.05084
0.62607,0.631634,1.85,2.05266
0.632075,0.631634,1.85,2.0545
0.641873,0.63539,1.861,2.06858
0.647914,0.63539,1.861,2.07047
0.650089,0.631634,1.85,2.06012
0.656093,0.631634,1.85,2.06202
0.658877,0.628561,1.841,2.0539
0.664852,0.628561,1.841,2.05582
0.670828,0.628561,1.841,2.05776
0.676803,0.628561,1.841,2.05972
0.682779,0.628561,1.841,2.06169
0.685013,0.625147,1.831,2.05246
0.690956,0.625147,1.831,2.05446
0.693093,0.621733,1.821,2.04523
0.699003,0.621733,1.821,2.04724
0.704914,0.621733,1.821,2.04927
0.706921,0.618318,1.811,2.04004
0.709257,0.615246,1.802,2.03194
0.715105,0.615246,1.802,2.03399
0.720954,0.615246,1.802,2.03605
0.726803,0.615246,1.802,2.03813
0.728586,0.611831,1.792,2.0289
0.734403,0.611831,1.792,2.031
0.740219,0.611831,1.792,2.03311
0.746035,0.611831,1.792,2.03523
0.751852,0.611831,1.792,2.03737
0.757668,0.611831,1.792,2.03953
0.75965,0.608758,1.783,2.03144
0.765437,0.608758,1.783,2.03361
0.771224,0.608758,1.783,2.0358
0.785291,0.615246,1.802,2.05971
0.79114,0.615246,1.802,2.06195
0.796989,0.615246,1.802,2.0642
0.802838,0.615246,1.802,2.06647
0.808687,0.615246,1.802,2.06874
0.814536,0.615246,1.802,2.07104
0.820385,0.615246,1.802,2.07335
0.826233,0.615246,1.802,2.07567
0.832082,0.615246,1.802,2.078
0.837931,0.615246,1.802,2.08035
0.84378,0.615246,1.802,2.08271
0.849629,0.615246,1.802,2.08509
0.855478,0.615246,1.802,2.08748
0.865628,0.618318,1.811,2.10032
0.876319,0.621733,1.821,2.11436
0.882229,0.621733,1.821,2.11682
0.88814,0.621733,1.821,2.11929
0.89896,0.625147,1.831,2.13342
0.909845,0.628561,1.841,2.1476
0.91582,0.628561,1.841,2.15014
0.926302,0.631634,1.85,2.16321
0.932307,0.631634,1.85,2.16579
0.938312,0.631634,1.85,2.16838
0.955035,0.638804,1.871,2.19563
0.961108,0.638804,1.871,2.19828
0.967181,0.638804,1.871,2.20094
0.978456,0.642218,1.881,2.2154
0.984561,0.642218,1.881,2.2181
0.995933,0.645632,1.891,2.23262
1.00207,0.645632,1.891,2.23537
1.01407,0.649388,1.902,2.25114
1.02025,0.649388,1.902,2.25393
1.02642,0.649388,1.902,2.25673
1.03802,0.652802,1.912,2.27143
1.04423,0.652802,1.912,2.27427
1.05043,0.652802,1.912,2.27713
1.05664,0.652802,1.912,2.28
1.06285,0.652802,1.912,2.28288
1.06905,0.652802,1.912,2.28577
1.07526,0.652802,1.912,2.28868
1.08146,0.652802,1.912,2.29161
1.08767,0.652802,1.912,2.29454
1.08815,0.649388,1.902,2.28547
1.09433,0.649388,1.902,2.28842
1.1005,0.649388,1.902,2.29138
1.10667,0.649388,1.902,2.29435
1.11285,0.649388,1.902,2.29733
1.11902,0.649388,1.902,2.30033
1.12519,0.649388,1.902,2.30334
1.13137,0.649388,1.902,2.30636
1.13754,0.649388,1.902,2.3094
1.14371,0.649388,1.902,2.31244
1.15593,0.652802,1.912,2.32768
1.16214,0.652802,1.912,2.33076
1.16224,0.649388,1.902,2.32166
1.16841,0.649388,1.902,2.32476
1.17458,0.649388,1.902,2.32786
1.18076,0.649388,1.902,2.33099
1.18693,0.649388,1.902,2.33412
1.1931,0.649388,1.902,2.33726
1.20558,0.652802,1.912,2.35273
1.21179,0.652802,1.912,2.35591
1.21799,0.652802,1.912,2.35911
1.2242,0.652802,1.912,2.36232
1.22397,0.649388,1.902,2.35317
1.23014,0.649388,1.902,2.35639
1.23632,0.649388,1.902,2.35962
1.2353,0.645632,1.891,2.34919
1.24144,0.645632,1.891,2.35242
1.24758,0.645632,1.891,2.35567
1.25372,0.645632,1.891,2.35893
1.25985,0.645632,1.891,2.36219
1.2526,0.638804,1.871,2.34045
1.25868,0.638804,1.871,2.34371
1.26475,0.638804,1.871,2.34698
1.27761,0.642218,1.881,2.36282
-1.53246,0.761373,2.209,2.79424
-1.52529,0.761373,2.209,2.79032
-1.50781,0.756203,2.194,2.76748
-1.50069,0.756203,2.194,2.76361
-1.49356,0.756203,2.194,2.75975
-1.47696,0.751377,2.18,2.73832
-1.46988,0.751377,2.18,2.73451
-1.46281,0.751377,2.18,2.73071
-1.44705,0.746897,2.167,2.71066
-1.44002,0.746897,2.167,2.70692
-1.43298,0.746897,2.167,2.70318
-1.41674,0.742071,2.153,2.68202
-1.40124,0.737591,2.14,2.66216
-1.39429,0.737591,2.14,2.65851
-1.38735,0.737591,2.14,2.65488
-1.3804,0.737591,2.14,2.65125
-1.37345,0.737591,2.14,2.64764
-1.36651,0.737591,2.14,2.64405
-1.35956,0.737591,2.14,2.64046
-1.35262,0.737591,2.14,2.63689
-1.34567,0.737591,2.14,2.63334
-1.33872,0.737591,2.14,2.6298
-1.33178,0.737591,2.14,2.62627
-1.33288,0.742071,2.153,2.63868
-1.32589,0.742071,2.153,2.63516
-1.31094,0.737591,2.14,2.61576
-1.30399,0.737591,2.14,2.61229
-1.29705,0.737591,2.14,2.60883
-1.2901,0.737591,2.14,2.60538
-1.28316,0.737591,2.14,2.60195
-1.27621,0.737591,2.14,2.59853
-1.26096,0.732765,2.126,2.57815
-1.24639,0.728285,2.113,2.55904
-1.23953,0.728285,2.113,2.5557
-1.23268,0.728285,2.113,2.55238
-1.21828,0.723804,2.1,2.53339
-1.21146,0.723804,2.1,2.53012
-1.1903,0.715187,2.075,2.49679
-1.18357,0.715187,2.075,2.49358
-1.17683,0.715187,2.075,2.49039
-1.16277,0.710707,2.062,2.47163
-1.14935,0.70657,2.05,2.45413
-1.14269,0.70657,2.05,2.45102
-1.13604,0.70657,2.05,2.44792
-1.12939,0.70657,2.05,2.44484
-1.12273,0.70657,2.05,2.44178
-1.11608,0.70657,2.05,2.43872
-1.10942,0.70657,2.05,2.43569
-1.10923,0.710707,2.062,2.4469
-1.10253,0.710707,2.062,2.44388
-1.09584,0.710707,2.062,2.44086
-1.08915,0.710707,2.062,2.43787
-1.08245,0.710707,2.062,2.43488
-1.07576,0.710707,2.062,2.43192
-1.06907,0.710707,2.062,2.42896
-1.06238,0.710707,2.062,2.42602
-1.05568,0.710707,2.062,2.4231
-1.04899,0.710707,2.062,2.42019
-1.03623,0.70657,2.05,2.40323
-1.02958,0.70657,2.05,2.40037
-1.02292,0.70657,2.05,2.39752
-1.01032,0.702434,2.038,2.38067
-1.00371,0.702434,2.038,2.37787
-0.991221,0.698298,2.026,2.3611
-0.978813,0.694162,2.014,2.34438
-0.972276,0.694162,2.014,2.34166
-0.965739,0.694162,2.014,2.33896
-0.953487,0.690026,2.002,2.32234
-0.941313,0.68589,1.99,2.30578
-0.934854,0.68589,1.99,2.30315
-0.928395,0.68589,1.99,2.30054
-0.921936,0.68589,1.99,2.29794
-0.915477,0.68589,1.99,2.29535
-0.903993,0.682099,1.979,2.28011
-0.89757,0.682099,1.979,2.27757
-0.891146,0.682099,1.979,2.27505
-0.884723,0.682099,1.979,2.27254
-0.872974,0.677963,1.967,2.25628
-0.86659,0.677963,1.967,2.25382
-0.860205,0.677963,1.967,2.25137
-0.853821,0.677963,1.967,2.24894
-0.847436,0.677963,1.967,2.24652
-0.841052,0.677963,1.967,2.24412
-0.834668,0.677963,1.967,2.24174
-0.828283,0.677963,1.967,2.23937
-0.821899,0.677963,1.967,2.23702
-0.815514,0.677963,1.967,2.23468
-0.804605,0.674172,1.956,2.21987
-0.798256,0.674172,1.956,2.21758
-0.791908,0.674172,1.956,2.2153
-0.785559,0.674172,1.956,2.21304
-0.783592,0.677963,1.967,2.22323
-0.777208,0.677963,1.967,2.22099
-0.766513,0.674172,1.956,2.20635
-0.755889,0.67038,1.945,2.19176
-0.749576,0.67038,1.945,2.18959
-0.743263,0.67038,1.945,2.18744
-0.741118,0.674172,1.956,2.19766
-0.73477,0.674172,1.956,2.19552
-0.724324,0.67038,1.945,2.18107
-0.718011,0.67038,1.945,2.17898
-0.711698,0.67038,1.945,2.17691
-0.705385,0.67038,1.945,2.17486
-0.699072,0.67038,1.945,2.17282
-0.688842,0.666589,1.934,2.15852
-0.682564,0.666589,1.934,2.15652
-0.676287,0.666589,1.934,2.15454
-0.666199,0.662798,1.923,2.14034
-0.659957,0.662798,1.923,2.1384
-0.649976,0.659006,1.912,2.12427
-0.64377,0.659006,1.912,2.12237
-0.637565,0.659006,1.912,2.1205
-0.628057,0.65556,1.902,2.10756
-0.621883,0.65556,1.902,2.10573
-0.61571,0.65556,1.902,2.10392
-0.609536,0.65556,1.902,2.10212
-0.599873,0.651768,1.891,2.08819
-0.593736,0.651768,1.891,2.08643
-0.587598,0.651768,1.891,2.0847
-0.58146,0.651768,1.891,2.08297
-0.57228,0.648322,1.881,2.07026
-0.566175,0.648322,1.881,2.06858
-0.56007,0.648322,1.881,2.06692
-0.553964,0.648322,1.881,2.06527
-0.547859,0.648322,1.881,2.06365
-0.538874,0.644875,1.871,2.05107
-0.532801,0.644875,1.871,2.04948
-0.526728,0.644875,1.871,2.04791
-0.520655,0.644875,1.871,2.04636
-0.511832,0.641428,1.861,2.03389
-0.505792,0.641428,1.861,2.03238
-0.499752,0.641428,1.861,2.03089
-0.493711,0.641428,1.861,2.02941
-0.487671,0.641428,1.861,2.02795
-0.481631,0.641428,1.861,2.0265
-0.47559,0.641428,1.861,2.02508
-0.477119,0.651768,1.891,2.05629
-0.470981,0.651768,1.891,2.05487
-0.462386,0.648322,1.881,2.04262
-0.45628,0.648322,1.881,2.04124
-0.450175,0.648322,1.881,2.03989
-0.44407,0.648322,1.881,2.03855
-0.437964,0.648322,1.881,2.03723
-0.431859,0.648322,1.881,2.03592
-0.425754,0.648322,1.881,2.03464
-0.419649,0.648322,1.881,2.03337
-0.413543,0.648322,1.881,2.03212
-0.407438,0.648322,1.881,2.03088
-0.401333,0.648322,1.881,2.02967
-0.395228,0.648322,1.881,2.02847
-0.389122,0.648322,1.881,2.02729
-0.383017,0.648322,1.881,2.02613
-0.374908,0.644875,1.871,2.01421
-0.368835,0.644875,1.871,2.01309
-0.362763,0.644875,1.871,2.01199
-0.35669,0.644875,1.871,2.0109
-0.350617,0.644875,1.871,2.00984
-0.344544,0.644875,1.871,2.00878
-0.338471,0.644875,1.871,2.00775
-0.332399,0.644875,1.871,2.00674
-0.326326,0.644875,1.871,2.00574
-0.320253,0.644875,1.871,2.00476
-0.312501,0.641428,1.861,1.99309
-0.306461,0.641428,1.861,1.99215
-0.30042,0.641428,1.861,1.99123
-0.29438,0.641428,1.861,1.99033
-0.288339,0.641428,1.861,1.98944
-0.282299,0.641428,1.861,1.98858
-0.276259,0.641428,1.861,1.98773
-0.270218,0.641428,1.861,1.9869
-0.264178,0.641428,1.861,1.98609
-0.258138,0.641428,1.861,1.98529
-0.252097,0.641428,1.861,1.98452
-0.246057,0.641428,1.861,1.98376
-0.240017,0.641428,1.861,1.98302
-0.232593,0.637637,1.85,1.97058
-0.226589,0.637637,1.85,1.96988
-0.220584,0.637637,1.85,1.9692
-0.213536,0.634535,1.841,1.95896
-0.20756,0.634535,1.841,1.95831
-0.201585,0.634535,1.841,1.95769
-0.194547,0.631088,1.831,1.94645
-0.188604,0.631088,1.831,1.94587
-0.182661,0.631088,1.831,1.9453
-0.176718,0.631088,1.831,1.94475
-0.169842,0.627641,1.821,1.9336
-0.163932,0.627641,1.821,1.93309
-0.158021,0.627641,1.821,1.9326
-0.151275,0.624195,1.811,1.92152
-0.145397,0.624195,1.811,1.92106
-0.139519,0.624195,1.811,1.92063
-0.133641,0.624195,1.811,1.92021
-0.127763,0.624195,1.811,1.91981
-0.121885,0.624195,1.811,1.91943
-0.116007,0.624195,1.811,1.91906
-0.110129,0.624195,1.811,1.91872
-0.104251,0.624195,1.811,1.91839
-0.097884,0.621093,1.802,1.90854
-0.0920351,0.621093,1.802,1.90825
-0.0861863,0.621093,1.802,1.90798
-0.0803374,0.621093,1.802,1.90772
-0.0744886,0.621093,1.802,1.90749
-0.0686398,0.621093,1.802,1.90727
-0.0627909,0.621093,1.802,1.90707
-0.0569421,0.621093,1.802,1.90688
-0.0510932,0.621093,1.802,1.90672
-0.0452444,0.621093,1.802,1.90657
-0.0393955,0.621093,1.802,1.90644
-0.0335467,0.621093,1.802,1.90633
-0.0276979,0.621093,1.802,1.90623
-0.021849,0.621093,1.802,1.90616
-0.0160801,0.624195,1.811,1.91562
-0.010202,0.624195,1.811,1.91558
-0.00432396,0.624195,1.811,1.91556
0.00155409,0.624195,1.811,1.91555
0.00743215,0.624195,1.811,1.91557
0.0133102,0.624195,1.811,1.9156
0.0191883,0.624195,1.811,1.91565
0.0250663,0.624195,1.811,1.91572
0.0311152,0.627641,1.821,1.92638
0.0370258,0.627641,1.821,1.92649
0.0429363,0.627641,1.821,1.92661
0.0488468,0.627641,1.821,1.92675
0.0547573,0.627641,1.821,1.92691
0.0606678,0.627641,1.821,1.92708
0.0665783,0.627641,1.821,1.92728
0.0724888,0.627641,1.821,1.92749
0.0779688,0.624195,1.811,1.91714
0.0838469,0.624195,1.811,1.91739
0.0897249,0.624195,1.811,1.91765
0.095603,0.624195,1.811,1.91794
0.100977,0.621093,1.802,1.90871
0.106826,0.621093,1.802,1.90902
0.112674,0.621093,1.802,1.90936
0.118523,0.621093,1.802,1.90971
0.124372,0.621093,1.802,1.91009
0.129498,0.617646,1.792,1.89987
0.135315,0.617646,1.792,1.90028
0.141131,0.617646,1.792,1.9007
0.146947,0.617646,1.792,1.90114
0.151997,0.614544,1.783,1.89205
0.157784,0.614544,1.783,1.89252
0.163571,0.614544,1.783,1.89302
0.169358,0.614544,1.783,1.89352
0.175145,0.614544,1.783,1.89405
0.180933,0.614544,1.783,1.8946
0.18672,0.614544,1.783,1.89516
0.192507,0.614544,1.783,1.89574
0.198294,0.614544,1.783,1.89633
0.204081,0.614544,1.783,1.89695
0.209868,0.614544,1.783,1.89758
0.215656,0.614544,1.783,1.89823
0.221443,0.614544,1.783,1.89889
0.22723,0.614544,1.783,1.89958
0.234193,0.617646,1.792,1.90987
0.24001,0.617646,1.792,1.91059
0.245826,0.617646,1.792,1.91133
0.253047,0.621093,1.802,1.92276
0.258896,0.621093,1.802,1.92354
0.264744,0.621093,1.802,1.92433
0.270593,0.621093,1.802,1.92514
0.277823,0.624195,1.811,1.93559
0.283701,0.624195,1.811,1.93645
0.289579,0.624195,1.811,1.93732
0.295457,0.624195,1.811,1.9382
0.301335,0.624195,1.811,1.93911
0.307213,0.624195,1.811,1.94003
0.313091,0.624195,1.811,1.94097
0.318969,0.624195,1.811,1.94193
0.324847,0.624195,1.811,1.9429
0.330725,0.624195,1.811,1.94389
0.336603,0.624195,1.811,1.9449
0.342481,0.624195,1.811,1.94593
0.348359,0.624195,1.811,1.94697
0.354237,0.624195,1.811,1.94803
0.360116,0.624195,1.811,1.94911
0.365994,0.624195,1.811,1.9502
0.371872,0.624195,1.811,1.95131
0.37775,0.624195,1.811,1.95244
0.383628,0.624195,1.811,1.95359
0.389506,0.624195,1.811,1.95475
0.395384,0.624195,1.811,1.95593
0.401262,0.624195,1.811,1.95713
0.40714,0.624195,1.811,1.95834
0.415299,0.627641,1.821,1.97039
0.421209,0.627641,1.821,1.97165
0.42712,0.627641,1.821,1.97292
0.435408,0.631088,1.831,1.98505
0.441351,0.631088,1.831,1.98636
0.447294,0.631088,1.831,1.98769
0.455712,0.634535,1.841,1.9999
0.461688,0.634535,1.841,2.00127
0.467663,0.634535,1.841,2.00265
0.473639,0.634535,1.841,2.00406
0.479614,0.634535,1.841,2.00548
0.48559,0.634535,1.841,2.00692
0.491565,0.634535,1.841,2.00837
0.508351,0.648322,1.881,2.05351
0.514456,0.648322,1.881,2.05503
0.520561,0.648322,1.881,2.05657
0.526666,0.648322,1.881,2.05812
0.532772,0.648322,1.881,2.05969
0.536012,0.644875,1.871,2.05032
0.539188,0.641428,1.861,2.04095
0.545228,0.641428,1.861,2.04255
0.551268,0.641428,1.861,2.04417
0.554015,0.637637,1.85,2.03372
0.560019,0.637637,1.85,2.03536
0.566024,0.637637,1.85,2.03702
0.57543,0.641428,1.861,2.05082
0.58147,0.641428,1.861,2.05253
0.58751,0.641428,1.861,2.05424
0.593551,0.641428,1.861,2.05598
0.599591,0.641428,1.861,2.05773
0.605631,0.641428,1.861,2.0595
0.608056,0.637637,1.85,2.0491
0.614061,0.637637,1.85,2.05089
0.620066,0.637637,1.85,2.0527
0.62607,0.637637,1.85,2.05452
0.632075,0.637637,1.85,2.05636
0.641873,0.641428,1.861,2.07045
0.647914,0.641428,1.861,2.07233
0.650089,0.637637,1.85,2.06196
0.656093,0.637637,1.85,2.06387
0.658877,0.634535,1.841,2.05573
0.664852,0.634535,1.841,2.05766
0.670828,0.634535,1.841,2.05959
0.676803,0.634535,1.841,2.06155
0.682779,0.634535,1.841,2.06352
0.685013,0.631088,1.831,2.05428
0.690956,0.631088,1.831,2.05627
0.693093,0.627641,1.821,2.04704
0.699003,0.627641,1.821,2.04904
0.704914,0.627641,1.821,2.05107
0.706921,0.624195,1.811,2.04183
0.709257,0.621093,1.802,2.03372
0.715105,0.621093,1.802,2.03576
0.720954,0.621093,1.802,2.03783
0.726803,0.621093,1.802,2.0399
0.728586,0.617646,1.792,2.03066
0.734403,0.617646,1.792,2.03276
0.740219,0.617646,1.792,2.03486
0.746035,0.617646,1.792,2.03699
0.751852,0.617646,1.792,2.03913
0.757668,0.617646,1.792,2.04128
0.75965,0.614544,1.783,2.03318
0.765437,0.614544,1.783,2.03535
0.767331,0.611442,1.774,2.02725
0.773089,0.611442,1.774,2.02943
0.778847,0.611442,1.774,2.03164
0.784605,0.611442,1.774,2.03385
0.790363,0.611442,1.774,2.03608
0.796121,0.611442,1.774,2.03832
0.801879,0.611442,1.774,2.04058
0.807637,0.611442,1.774,2.04285
0.817522,0.614544,1.783,2.0555
0.823309,0.614544,1.783,2.05781
0.829096,0.614544,1.783,2.06013
0.834883,0.614544,1.783,2.06247
0.844914,0.617646,1.792,2.07524
0.85073,0.617646,1.792,2.07762
0.856547,0.617646,1.792,2.08001
0.867175,0.621093,1.802,2.09403
0.873024,0.621093,1.802,2.09646
0.878873,0.621093,1.802,2.0989
0.889141,0.624195,1.811,2.11185
0.899961,0.627641,1.821,2.12601
0.905871,0.627641,1.821,2.12852
0.911782,0.627641,1.821,2.13104
0.922732,0.631088,1.831,2.14529
0.928675,0.631088,1.831,2.14785
0.939722,0.634535,1.841,2.16217
0.950321,0.637637,1.85,2.17536
0.956325,0.637637,1.85,2.17799
0.968052,0.641428,1.861,2.1936
0.974092,0.641428,1.861,2.19627
0.980133,0.641428,1.861,2.19896
0.991472,0.644875,1.871,2.21349
0.997545,0.644875,1.871,2.21621
1.00898,0.648322,1.881,2.23081
1.01509,0.648322,1.881,2.23358
1.02119,0.648322,1.881,2.23636
1.0273,0.648322,1.881,2.23916
1.0334,0.648322,1.881,2.24196
1.03951,0.648322,1.881,2.24478
1.05117,0.651768,1.891,2.25957
1.05731,0.651768,1.891,2.26243
1.06345,0.651768,1.891,2.2653
1.06959,0.651768,1.891,2.26819
1.07572,0.651768,1.891,2.27109
1.07614,0.648322,1.881,2.26198
1.08224,0.648322,1.881,2.26489
1.09414,0.651768,1.891,2.27987
1.09446,0.648322,1.881,2.27075
1.10056,0.648322,1.881,2.2737
1.10667,0.648322,1.881,2.27666
1.11277,0.648322,1.881,2.27964
1.11888,0.648322,1.881,2.28262
1.12498,0.648322,1.881,2.28562
1.13109,0.648322,1.881,2.28863
1.14324,0.651768,1.891,2.30384
1.14938,0.651768,1.891,2.30689
1.15551,0.651768,1.891,2.30996
1.16165,0.651768,1.891,2.31303
1.16779,0.651768,1.891,2.31612
1.17393,0.651768,1.891,2.31922
1.18006,0.651768,1.891,2.32233
1.1862,0.651768,1.891,2.32546
1.19234,0.651768,1.891,2.3286
1.19848,0.651768,1.891,2.33174
1.20462,0.651768,1.891,2.3349
1.21075,0.651768,1.891,2.33808
1.21046,0.648322,1.881,2.32888
1.21009,0.644875,1.871,2.31966
1.21617,0.644875,1.871,2.32284
1.21571,0.641428,1.861,2.31359
1.22175,0.641428,1.861,2.31677
1.22779,0.641428,1.861,2.31996
1.23383,0.641428,1.861,2.32316
1.23254,0.637637,1.85,2.31262
1.23252,0.634535,1.841,2.30456
1.23849,0.634535,1.841,2.30777
1.24447,0.634535,1.841,2.31098
1.25044,0.634535,1.841,2.3142
-1.50332,0.753928,2.167,2.74304
-1.48662,0.749057,2.153,2.72149
-1.47963,0.749057,2.153,2.71768
-1.47264,0.749057,2.153,2.71389
-1.4568,0.744535,2.14,2.69374
-1.44986,0.744535,2.14,2.68999
-1.45168,0.749057,2.153,2.70257
-1.43597,0.744535,2.14,2.68252
-1.42902,0.744535,2.14,2.67881
-1.41277,0.739664,2.126,2.65761
-1.40587,0.739664,2.126,2.65395
-1.39042,0.735141,2.113,2.6341
-1.38356,0.735141,2.113,2.63048
-1.3767,0.735141,2.113,2.62688
-1.36984,0.735141,2.113,2.62329
-1.36298,0.735141,2.113,2.61972
-1.35612,0.735141,2.113,2.61616
-1.34927,0.735141,2.113,2.61261
-1.34241,0.735141,2.113,2.60907
-1.33555,0.735141,2.113,2.60555
-1.32869,0.735141,2.113,2.60204
-1.32183,0.735141,2.113,2.59855
-1.31498,0.735141,2.113,2.59506
-1.30812,0.735141,2.113,2.5916
-1.30126,0.735141,2.113,2.58814
-1.2944,0.735141,2.113,2.5847
-1.28754,0.735141,2.113,2.58127
-1.28068,0.735141,2.113,2.57786
-1.26599,0.730618,2.1,2.55862
-1.25917,0.730618,2.1,2.55525
-1.2446,0.726095,2.087,2.5361
-1.23783,0.726095,2.087,2.53279
-1.22398,0.72192,2.075,2.51494
-1.21724,0.72192,2.075,2.51167
-1.20292,0.717397,2.062,2.4927
-1.18927,0.713222,2.05,2.47498
-1.18262,0.713222,2.05,2.47179
-1.16908,0.709047,2.038,2.45417
-1.16246,0.709047,2.038,2.45102
-1.15585,0.709047,2.038,2.44789
-1.1357,0.700697,2.014,2.41599
-1.12916,0.700697,2.014,2.41292
-1.12263,0.700697,2.014,2.40987
-1.11609,0.700697,2.014,2.40683
-1.10955,0.700697,2.014,2.40381
-1.10302,0.700697,2.014,2.40079
-1.09648,0.700697,2.014,2.3978
-1.08994,0.700697,2.014,2.39482
-1.08986,0.704872,2.026,2.4061
-1.08328,0.704872,2.026,2.40313
-1.07671,0.704872,2.026,2.40017
-1.07013,0.704872,2.026,2.39723
-1.06986,0.709047,2.038,2.40848
-1.05698,0.704872,2.026,2.39139
-1.0504,0.704872,2.026,2.38849
-1.04383,0.704872,2.026,2.3856
-1.03725,0.704872,2.026,2.38273
-1.03068,0.704872,2.026,2.37988
-1.01804,0.700697,2.014,2.36296
-1.0115,0.700697,2.014,2.36015
-1.00496,0.700697,2.014,2.35735
-0.992475,0.696523,2.002,2.34055
-0.985977,0.696523,2.002,2.3378
-0.973608,0.692348,1.99,2.32107
-0.967149,0.692348,1.99,2.31837
-0.96069,0.692348,1.99,2.31568
-0.948956,0.688521,1.979,2.30022
-0.936818,0.684346,1.967,2.28365
-0.930433,0.684346,1.967,2.28104
-0.924049,0.684346,1.967,2.27844
-0.917665,0.684346,1.967,2.27586
-0.906184,0.680519,1.956,2.26058
-0.899835,0.680519,1.956,2.25804
-0.888462,0.676691,1.945,2.24283
-0.882149,0.676691,1.945,2.24034
-0.875836,0.676691,1.945,2.23786
-0.864605,0.672864,1.934,2.22276
-0.858328,0.672864,1.934,2.22032
-0.852051,0.672864,1.934,2.2179
-0.840963,0.669037,1.923,2.2029
-0.834722,0.669037,1.923,2.20052
-0.82848,0.669037,1.923,2.19816
-0.822238,0.669037,1.923,2.19582
-0.815997,0.669037,1.923,2.19349
-0.809755,0.669037,1.923,2.19117
-0.821899,0.684346,1.967,2.23896
-0.815514,0.684346,1.967,2.23662
-0.804605,0.680519,1.956,2.22181
-0.798256,0.680519,1.956,2.21952
-0.791908,0.680519,1.956,2.21724
-0.785559,0.680519,1.956,2.21498
-0.783592,0.684346,1.967,2.22518
-0.777208,0.684346,1.967,2.22294
-0.766513,0.680519,1.956,2.2083
-0.755889,0.676691,1.945,2.1937
-0.749576,0.676691,1.945,2.19153
-0.743263,0.676691,1.945,2.18938
-0.741118,0.680519,1.956,2.19961
-0.73477,0.680519,1.956,2.19748
-0.724324,0.676691,1.945,2.18302
-0.718011,0.676691,1.945,2.18093
-0.711698,0.676691,1.945,2.17886
-0.705385,0.676691,1.945,2.17681
-0.699072,0.676691,1.945,2.17477
-0.688842,0.672864,1.934,2.16046
-0.682564,0.672864,1.934,2.15847
-0.676287,0.672864,1.934,2.15649
-0.666199,0.669037,1.923,2.14228
-0.659957,0.669037,1.923,2.14035
-0.649976,0.66521,1.912,2.1262
-0.64377,0.66521,1.912,2.12431
-0.637565,0.66521,1.912,2.12244
-0.628057,0.661731,1.902,2.10949
-0.621883,0.661731,1.902,2.10766
-0.61571,0.661731,1.902,2.10585
-0.609536,0.661731,1.902,2.10405
-0.599873,0.657904,1.891,2.09011
-0.593736,0.657904,1.891,2.08836
-0.587598,0.657904,1.891,2.08662
-0.58146,0.657904,1.891,2.0849
-0.57228,0.654425,1.881,2.07218
-0.566175,0.654425,1.881,2.0705
-0.56007,0.654425,1.881,2.06884
-0.553964,0.654425,1.881,2.0672
-0.547859,0.654425,1.881,2.06557
-0.538874,0.650946,1.871,2.05299
-0.532801,0.650946,1.871,2.0514
-0.526728,0.650946,1.871,2.04983
-0.520655,0.650946,1.871,2.04828
-0.511832,0.647467,1.861,2.03581
-0.505792,0.647467,1.861,2.0343
-0.499752,0.647467,1.861,2.0328
-0.493711,0.647467,1.861,2.03133
-0.487671,0.647467,1.861,2.02987
-0.481631,0.647467,1.861,2.02842
-0.47559,0.647467,1.861,2.027
-0.46955,0.647467,1.861,2.02559
-0.463509,0.647467,1.861,2.0242
-0.457469,0.647467,1.861,2.02282
-0.451429,0.647467,1.861,2.02147
-0.445388,0.647467,1.861,2.02013
-0.439348,0.647467,1.861,2.0188
-0.433308,0.647467,1.861,2.0175
-0.424742,0.64364,1.85,2.00429
-0.418737,0.64364,1.85,2.00303
-0.412733,0.64364,1.85,2.00178
-0.406728,0.64364,1.85,2.00055
-0.400723,0.64364,1.85,1.99934
-0.394719,0.64364,1.85,1.99814
-0.388714,0.64364,1.85,1.99697
-0.382709,0.64364,1.85,1.99581
-0.376705,0.64364,1.85,1.99466
-0.3707,0.64364,1.85,1.99354
-0.362921,0.640508,1.841,1.98274
-0.356946,0.640508,1.841,1.98165
-0.35097,0.640508,1.841,1.98058
-0.344995,0.640508,1.841,1.97953
-0.33902,0.640508,1.841,1.9785
-0.333044,0.640508,1.841,1.97749
-0.327069,0.640508,1.841,1.97649
-0.321093,0.640508,1.841,1.97551
-0.315118,0.640508,1.841,1.97455
-0.309142,0.640508,1.841,1.9736
-0.303167,0.640508,1.841,1.97267
-0.297192,0.640508,1.841,1.97176
-0.291216,0.640508,1.841,1.97087
-0.285241,0.640508,1.841,1.97
-0.279265,0.640508,1.841,1.96914
-0.27329,0.640508,1.841,1.9683
-0.267314,0.640508,1.841,1.96748
-0.261339,0.640508,1.841,1.96668
-0.253977,0.637029,1.831,1.95522
-0.248034,0.637029,1.831,1.95445
-0.242091,0.637029,1.831,1.95371
-0.236148,0.637029,1.831,1.95298
-0.230205,0.637029,1.831,1.95227
-0.223037,0.63355,1.821,1.94092
-0.217126,0.63355,1.821,1.94025
-0.210056,0.630071,1.811,1.92895
-0.204178,0.630071,1.811,1.92832
-0.1983,0.630071,1.811,1.9277
-0.192422,0.630071,1.811,1.92711
-0.185617,0.62694,1.802,1.91695
-0.179768,0.62694,1.802,1.9164
-0.173919,0.62694,1.802,1.91586
-0.167137,0.623461,1.792,1.90471
-0.161321,0.623461,1.792,1.9042
-0.155505,0.623461,1.792,1.90372
-0.148936,0.620329,1.783,1.89369
-0.143149,0.620329,1.783,1.89325
-0.137362,0.620329,1.783,1.89282
-0.131575,0.620329,1.783,1.89241
-0.125788,0.620329,1.783,1.89201
-0.120001,0.620329,1.783,1.89164
-0.114213,0.620329,1.783,1.89128
-0.107879,0.617198,1.774,1.8814
-0.102121,0.617198,1.774,1.88107
-0.096363,0.617198,1.774,1.88077
-0.0906051,0.617198,1.774,1.88048
-0.0848471,0.617198,1.774,1.88022
-0.0790891,0.617198,1.774,1.87996
-0.0733312,0.617198,1.774,1.87973
-0.0675732,0.617198,1.774,1.87951
-0.0618153,0.617198,1.774,1.87932
-0.0560573,0.617198,1.774,1.87914
-0.0502993,0.617198,1.774,1.87897
-0.0445414,0.617198,1.774,1.87883
-0.0385866,0.614067,1.765,1.86917
-0.0328579,0.614067,1.765,1.86906
-0.0272675,0.617198,1.774,1.8785
-0.0215095,0.617198,1.774,1.87842
-0.0157515,0.617198,1.774,1.87837
-0.00999358,0.617198,1.774,1.87833
-0.00425711,0.620329,1.783,1.88783
0.00152234,0.617198,1.774,1.8783
0.00728031,0.617198,1.774,1.87831
0.0131044,0.620329,1.783,1.88787
0.0188916,0.620329,1.783,1.88792
0.0246788,0.620329,1.783,1.88799
0.0304659,0.620329,1.783,1.88807
0.0362531,0.620329,1.783,1.88818
0.0420403,0.620329,1.783,1.8883
0.0480689,0.623461,1.792,1.89797
0.0538853,0.623461,1.792,1.89812
0.0597017,0.623461,1.792,1.8983
0.065518,0.623461,1.792,1.89849
0.0713344,0.623461,1.792,1.8987
0.0767633,0.620329,1.783,1.88939
0.0825505,0.620329,1.783,1.88963
0.0883377,0.620329,1.783,1.88989
0.0941249,0.620329,1.783,1.89017
0.099912,0.620329,1.783,1.89047
0.105699,0.620329,1.783,1.89079
0.110924,0.617198,1.774,1.88157
0.116682,0.617198,1.774,1.88192
0.12244,0.617198,1.774,1.88229
0.127547,0.614067,1.765,1.87312
0.133276,0.614067,1.765,1.87352
0.139005,0.614067,1.765,1.87393
0.144733,0.614067,1.765,1.87437
0.150462,0.614067,1.765,1.87482
0.155394,0.610936,1.756,1.86572
0.161094,0.610936,1.756,1.86621
0.166794,0.610936,1.756,1.86671
0.172493,0.610936,1.756,1.86723
0.178193,0.610936,1.756,1.86776
0.183892,0.610936,1.756,1.86831
0.189592,0.610936,1.756,1.86888
0.198294,0.620329,1.783,1.89821
0.204081,0.620329,1.783,1.89883
0.209868,0.620329,1.783,1.89946
0.215656,0.620329,1.783,1.90011
0.221443,0.620329,1.783,1.90077
0.22723,0.620329,1.783,1.90146
0.234193,0.623461,1.792,1.91176
0.24001,0.623461,1.792,1.91248
0.245826,0.623461,1.792,1.91322
0.253047,0.62694,1.802,1.92465
0.258896,0.62694,1.802,1.92543
0.264744,0.62694,1.802,1.92623
0.270593,0.62694,1.802,1.92704
0.277823,0.630071,1.811,1.9375
0.283701,0.630071,1.811,1.93835
0.289579,0.630071,1.811,1.93922
0.295457,0.630071,1.811,1.9401
0.301335,0.630071,1.811,1.94101
0.307213,0.630071,1.811,1.94193
0.313091,0.630071,1.811,1.94287
0.318969,0.630071,1.811,1.94382
0.324847,0.630071,1.811,1.9448
0.330725,0.630071,1.811,1.94579
0.336603,0.630071,1.811,1.9468
0.342481,0.630071,1.811,1.94782
0.348359,0.630071,1.811,1.94886
0.354237,0.630071,1.811,1.94992
0.360116,0.630071,1.811,1.951
0.365994,0.630071,1.811,1.95209
0.371872,0.630071,1.811,1.9532
0.37775,0.630071,1.811,1.95433
0.383628,0.630071,1.811,1.95547
0.389506,0.630071,1.811,1.95664
0.395384,0.630071,1.811,1.95781
0.401262,0.630071,1.811,1.95901
0.40714,0.630071,1.811,1.96022
0.415299,0.63355,1.821,1.97228
0.421209,0.63355,1.821,1.97354
0.42712,0.63355,1.821,1.97481
0.435408,0.637029,1.831,1.98694
0.441351,0.637029,1.831,1.98826
0.447294,0.637029,1.831,1.98958
0.455712,0.640508,1.841,2.0018
0.461688,0.640508,1.841,2.00317
0.467663,0.640508,1.841,2.00456
0.473639,0.640508,1.841,2.00596
0.479614,0.640508,1.841,2.00738
0.48559,0.640508,1.841,2.00881
0.491565,0.640508,1.841,2.01027
0.49754,0.640508,1.841,2.01174
0.503516,0.640508,1.841,2.01322
0.506724,0.637029,1.831,2.00378
0.512667,0.637029,1.831,2.00529
0.51861,0.637029,1.831,2.00682
0.524553,0.637029,1.831,2.00836
0.530496,0.637029,1.831,2.00992
0.536439,0.637029,1.831,2.0115
0.539419,0.63355,1.821,2.0021
0.54533,0.63355,1.821,2.0037
0.55124,0.63355,1.821,2.00532
0.554091,0.630071,1.811,1.99593
0.559969,0.630071,1.811,1.99757
0.568972,0.63355,1.821,2.01026
0.574883,0.63355,1.821,2.01194
0.580793,0.63355,1.821,2.01364
0.589925,0.637029,1.831,2.02642
0.595868,0.637029,1.831,2.02816
0.598525,0.63355,1.821,2.01883
0.604435,0.63355,1.821,2.02059
0.610346,0.63355,1.821,2.02236
0.616256,0.63355,1.821,2.02415
0.622167,0.63355,1.821,2.02596
0.631526,0.637029,1.831,2.03892
0.633988,0.63355,1.821,2.02962
0.639898,0.63355,1.821,2.03148
0.645809,0.63355,1.821,2.03335
0.64814,0.630071,1.811,2.02405
0.654018,0.630071,1.811,2.02594
0.656617,0.62694,1.802,2.01777
0.662466,0.62694,1.802,2.01968
0.668315,0.62694,1.802,2.02161
0.674163,0.62694,1.802,2.02355
0.680012,0.62694,1.802,2.02551
0.682055,0.623461,1.792,2.01623
0.684417,0.620329,1.783,2.00806
0.690204,0.620329,1.783,2.01004
0.695991,0.620329,1.783,2.01204
0.698236,0.617198,1.774,2.00388
0.703994,0.617198,1.774,2.0059
0.709752,0.617198,1.774,2.00792
0.71188,0.614067,1.765,1.99977
0.717609,0.614067,1.765,2.00182
0.723337,0.614067,1.765,2.00388
0.729066,0.614067,1.765,2.00595
0.734795,0.614067,1.765,2.00804
0.740524,0.614067,1.765,2.01014
0.742447,0.610936,1.756,2.002
0.748147,0.610936,1.756,2.00412
0.753846,0.610936,1.756,2.00626
0.755653,0.607805,1.747,1.99811
0.761323,0.607805,1.747,2.00026
0.770945,0.610936,1.756,2.01274
0.776644,0.610936,1.756,2.01493
0.782344,0.610936,1.756,2.01714
0.788043,0.610936,1.756,2.01935
0.793743,0.610936,1.756,2.02159
0.799442,0.610936,1.756,2.02383
0.805142,0.610936,1.756,2.02609
0.810842,0.610936,1.756,2.02836
0.816541,0.610936,1.756,2.03064
0.826455,0.614067,1.765,2.04336
0.832184,0.614067,1.765,2.04569
0.837912,0.614067,1.765,2.04802
0.843641,0.614067,1.765,2.05037
0.853701,0.617198,1.774,2.06321
0.859459,0.617198,1.774,2.06559
0.869606,0.620329,1.783,2.07849
0.879812,0.623461,1.792,2.09142
0.885629,0.623461,1.792,2.09387
0.891445,0.623461,1.792,2.09634
0.902268,0.62694,1.802,2.11053
0.912653,0.630071,1.811,2.12359
0.918531,0.630071,1.811,2.12613
0.929513,0.63355,1.821,2.14043
0.940561,0.637029,1.831,2.15477
0.946504,0.637029,1.831,2.15737
0.957649,0.640508,1.841,2.17178
0.963624,0.640508,1.841,2.17442
0.969599,0.640508,1.841,2.17707
0.980344,0.64364,1.85,2.1904
0.992213,0.647467,1.861,2.20613
0.998254,0.647467,1.861,2.20886
1.00429,0.647467,1.861,2.21159
1.01033,0.647467,1.861,2.21434
1.01637,0.647467,1.861,2.2171
1.02242,0.647467,1.861,2.21988
1.02846,0.647467,1.861,2.22267
1.0345,0.647467,1.861,2.22547
1.04054,0.647467,1.861,2.22828
1.04658,0.647467,1.861,2.23111
1.05262,0.647467,1.861,2.23395
1.0524,0.64364,1.85,2.22358
1.0584,0.64364,1.85,2.22643
1.06441,0.64364,1.85,2.22929
1.07041,0.64364,1.85,2.23216
1.07642,0.64364,1.85,2.23505
1.08242,0.64364,1.85,2.23795
1.08843,0.64364,1.85,2.24086
1.08911,0.640508,1.841,2.23287
1.09508,0.640508,1.841,2.23579
1.10106,0.640508,1.841,2.23872
1.10703,0.640508,1.841,2.24166
1.11845,0.64364,1.85,2.25559
1.12446,0.64364,1.85,2.25858
1.12496,0.640508,1.841,2.25057
1.13094,0.640508,1.841,2.25356
1.14247,0.64364,1.85,2.2676
1.14847,0.64364,1.85,2.27063
1.15448,0.64364,1.85,2.27367
1.16048,0.64364,1.85,2.27673
1.16649,0.64364,1.85,2.2798
1.17249,0.64364,1.85,2.28287
1.20462,0.657904,1.891,2.33663
1.21075,0.657904,1.891,2.3398
1.21046,0.654425,1.881,2.33059
1.21009,0.650946,1.871,2.32136
1.21617,0.650946,1.871,2.32453
1.21571,0.647467,1.861,2.31527
1.22175,0.647467,1.861,2.31845
1.22779,0.647467,1.861,2.32164
1.23383,0.647467,1.861,2.32484
1.23254,0.64364,1.85,2.31429
1.23252,0.640508,1.841,2.30622
1.23849,0.640508,1.841,2.30942
1.24447,0.640508,1.841,2.31263
1.25044,0.640508,1.841,2.31585
-1.44782,0.732867,2.087,2.64364
-1.44105,0.732867,2.087,2.63994
-1.43427,0.732867,2.087,2.63625
-1.4275,0.732867,2.087,2.63257
-1.42072,0.732867,2.087,2.6289
-1.42276,0.737432,2.1,2.6416
-1.41594,0.737432,2.1,2.63793
-1.40913,0.737432,2.1,2.63428
-1.40231,0.737432,2.1,2.63064
-1.38686,0.732867,2.087,2.61075
-1.38008,0.732867,2.087,2.60716
-1.37331,0.732867,2.087,2.60358
-1.36653,0.732867,2.087,2.60001
-1.35976,0.732867,2.087,2.59646
-1.34521,0.728653,2.075,2.57801
-1.33847,0.728653,2.075,2.5745
-1.33174,0.728653,2.075,2.57101
-1.325,0.728653,2.075,2.56753
-1.31827,0.728653,2.075,2.56406
-1.30331,0.724088,2.062,2.54456
-1.29662,0.724088,2.062,2.54114
-1.28993,0.724088,2.062,2.53773
-1.29133,0.728653,2.075,2.55031
-1.28459,0.728653,2.075,2.54691
-1.27786,0.728653,2.075,2.54352
-1.26316,0.724088,2.062,2.52423
-1.25647,0.724088,2.062,2.52088
-1.24977,0.724088,2.062,2.51755
-1.24308,0.724088,2.062,2.51424
-1.23639,0.724088,2.062,2.51094
-1.22969,0.724088,2.062,2.50765
-1.21588,0.719874,2.05,2.4898
-1.20215,0.71566,2.038,2.472
-1.19554,0.71566,2.038,2.46879
-1.18192,0.711446,2.026,2.45108
-1.17535,0.711446,2.026,2.44791
-1.18262,0.719874,2.05,2.47372
-1.16908,0.71566,2.038,2.45609
-1.16246,0.71566,2.038,2.45294
-1.15585,0.71566,2.038,2.44982
-1.1357,0.707233,2.014,2.41789
-1.12916,0.707233,2.014,2.41483
-1.12263,0.707233,2.014,2.41178
-1.11609,0.707233,2.014,2.40874
-1.10955,0.707233,2.014,2.40572
-1.10302,0.707233,2.014,2.40271
-1.09648,0.707233,2.014,2.39972
-1.08994,0.707233,2.014,2.39674
-1.08986,0.711446,2.026,2.40803
-1.08328,0.711446,2.026,2.40506
-1.07671,0.711446,2.026,2.40211
-1.07013,0.711446,2.026,2.39917
-1.06986,0.71566,2.038,2.41044
-1.05698,0.711446,2.026,2.39333
-1.0504,0.711446,2.026,2.39044
-1.04383,0.711446,2.026,2.38755
-1.03725,0.711446,2.026,2.38469
-1.03068,0.711446,2.026,2.38183
-1.01804,0.707233,2.014,2.3649
-1.0115,0.707233,2.014,2.3621
-1.00496,0.707233,2.014,2.35931
-0.992475,0.703019,2.002,2.34249
-0.985977,0.703019,2.002,2.33974
-0.973608,0.698805,1.99,2.323
-0.967149,0.698805,1.99,2.3203
-0.96069,0.698805,1.99,2.31762
-0.948956,0.694942,1.979,2.30215
-0.936818,0.690728,1.967,2.28557
-0.930433,0.690728,1.967,2.28296
-0.924049,0.690728,1.967,2.28036
-0.917665,0.690728,1.967,2.27778
-0.906184,0.686865,1.956,2.2625
-0.899835,0.686865,1.956,2.25996
-0.888462,0.683003,1.945,2.24475
-0.882149,0.683003,1.945,2.24225
-0.875836,0.683003,1.945,2.23978
-0.864605,0.67914,1.934,2.22466
-0.858328,0.67914,1.934,2.22223
-0.852051,0.67914,1.934,2.21981
-0.840963,0.675277,1.923,2.2048
-0.834722,0.675277,1.923,2.20243
-0.82848,0.675277,1.923,2.20007
-0.822238,0.675277,1.923,2.19773
-0.815997,0.675277,1.923,2.1954
-0.809755,0.675277,1.923,2.19309
-0.803514,0.675277,1.923,2.19079
-0.797272,0.675277,1.923,2.18851
-0.791031,0.675277,1.923,2.18624
-0.784789,0.675277,1.923,2.18399
-0.778547,0.675277,1.923,2.18176
-0.772306,0.675277,1.923,2.17954
-0.766064,0.675277,1.923,2.17733
-0.759823,0.675277,1.923,2.17515
-0.753581,0.675277,1.923,2.17297
-0.743065,0.671414,1.912,2.1584
-0.736859,0.671414,1.912,2.15627
-0.730653,0.671414,1.912,2.15416
-0.728615,0.675277,1.923,2.16444
-0.722373,0.675277,1.923,2.16235
-0.712035,0.671414,1.912,2.14791
-0.705829,0.671414,1.912,2.14586
-0.699623,0.671414,1.912,2.14383
-0.693417,0.671414,1.912,2.14181
-0.683617,0.667903,1.902,2.12862
-0.677444,0.667903,1.902,2.12665
-0.671271,0.667903,1.902,2.12469
-0.665097,0.667903,1.902,2.12275
-0.655113,0.66404,1.891,2.10855
-0.648975,0.66404,1.891,2.10666
-0.639438,0.660529,1.881,2.09364
-0.633333,0.660529,1.881,2.09179
-0.627228,0.660529,1.881,2.08995
-0.621122,0.660529,1.881,2.08812
-0.611747,0.657017,1.871,2.07522
-0.605675,0.657017,1.871,2.07344
-0.599602,0.657017,1.871,2.07167
-0.590357,0.653505,1.861,2.05886
-0.584316,0.653505,1.861,2.05714
-0.578276,0.653505,1.861,2.05543
-0.568853,0.649643,1.85,2.0416
-0.562849,0.649643,1.85,2.03994
-0.556844,0.649643,1.85,2.03829
-0.550839,0.649643,1.85,2.03665
-0.542184,0.646482,1.841,2.02514
-0.536209,0.646482,1.841,2.02355
-0.530233,0.646482,1.841,2.02197
-0.524258,0.646482,1.841,2.02041
-0.518282,0.646482,1.841,2.01887
-0.512307,0.646482,1.841,2.01734
-0.503581,0.642971,1.831,2.00489
-0.497638,0.642971,1.831,2.0034
-0.491695,0.642971,1.831,2.00193
-0.485752,0.642971,1.831,2.00048
-0.479809,0.642971,1.831,1.99905
-0.473866,0.642971,1.831,1.99763
-0.467923,0.642971,1.831,1.99623
-0.461981,0.642971,1.831,1.99484
-0.456038,0.642971,1.831,1.99348
-0.450095,0.642971,1.831,1.99212
-0.444152,0.642971,1.831,1.99079
-0.438209,0.642971,1.831,1.98947
-0.432266,0.642971,1.831,1.98817
-0.426323,0.642971,1.831,1.98689
-0.418084,0.639459,1.821,1.97478
-0.412173,0.639459,1.821,1.97353
-0.406263,0.639459,1.821,1.97231
-0.400352,0.639459,1.821,1.9711
-0.394442,0.639459,1.821,1.96991
-0.388531,0.639459,1.821,1.96873
-0.382621,0.639459,1.821,1.96757
-0.37671,0.639459,1.821,1.96643
-0.3708,0.639459,1.821,1.96531
-0.364889,0.639459,1.821,1.9642
-0.358979,0.639459,1.821,1.96311
-0.353068,0.639459,1.821,1.96204
-0.347158,0.639459,1.821,1.96099
-0.341247,0.639459,1.821,1.95995
-0.335337,0.639459,1.821,1.95893
-0.327617,0.635948,1.811,1.94717
-0.321739,0.635948,1.811,1.94619
-0.315861,0.635948,1.811,1.94523
-0.309983,0.635948,1.811,1.94428
-0.304105,0.635948,1.811,1.94336
-0.298227,0.635948,1.811,1.94244
-0.292349,0.635948,1.811,1.94155
-0.286471,0.635948,1.811,1.94067
-0.280593,0.635948,1.811,1.93982
-0.274715,0.635948,1.811,1.93897
-0.268836,0.635948,1.811,1.93815
-0.262958,0.635948,1.811,1.93734
-0.25708,0.635948,1.811,1.93655
-0.251202,0.635948,1.811,1.93578
-0.245324,0.635948,1.811,1.93503
-0.239446,0.635948,1.811,1.93429
-0.232407,0.632787,1.802,1.92396
-0.226559,0.632787,1.802,1.92327
-0.22071,0.632787,1.802,1.92259
-0.214861,0.632787,1.802,1.92192
-0.207852,0.629276,1.792,1.91062
-0.201021,0.626115,1.783,1.9004
-0.195234,0.626115,1.783,1.8998
-0.189447,0.626115,1.783,1.89921
-0.18366,0.626115,1.783,1.89864
-0.177872,0.626115,1.783,1.89809
-0.171217,0.622955,1.774,1.88798
-0.165459,0.622955,1.774,1.88747
-0.159701,0.622955,1.774,1.88697
-0.153162,0.619794,1.765,1.87692
-0.147433,0.619794,1.765,1.87646
-0.140982,0.616634,1.756,1.86645
-0.135282,0.616634,1.756,1.86603
-0.129583,0.616634,1.756,1.86563
-0.123883,0.616634,1.756,1.86524
-0.118183,0.616634,1.756,1.86487
-0.112484,0.616634,1.756,1.86452
-0.106237,0.613473,1.747,1.85463
-0.100567,0.613473,1.747,1.85431
-0.0948964,0.613473,1.747,1.85401
-0.0906051,0.622955,1.774,1.88238
-0.0848471,0.622955,1.774,1.88211
-0.0790891,0.622955,1.774,1.88186
-0.0733312,0.622955,1.774,1.88163
-0.0675732,0.622955,1.774,1.88141
-0.0618153,0.622955,1.774,1.88121
-0.0560573,0.622955,1.774,1.88103
-0.0502993,0.622955,1.774,1.88087
-0.0445414,0.622955,1.774,1.88073
-0.0385866,0.619794,1.765,1.87106
-0.0328579,0.619794,1.765,1.87095
-0.0272675,0.622955,1.774,1.8804
-0.0215095,0.622955,1.774,1.88032
-0.0157515,0.622955,1.774,1.88026
-0.00999358,0.622955,1.774,1.88023
-0.00425711,0.626115,1.783,1.88974
0.00152234,0.622955,1.774,1.8802
0.00728031,0.622955,1.774,1.88021
0.0131044,0.626115,1.783,1.88978
0.0188916,0.626115,1.783,1.88983
0.0246788,0.626115,1.783,1.8899
0.0304659,0.626115,1.783,1.88998
0.0362531,0.626115,1.783,1.89009
0.0420403,0.626115,1.783,1.89021
0.0480689,0.629276,1.792,1.89988
0.0538853,0.629276,1.792,1.90004
0.0597017,0.629276,1.792,1.90021
0.065518,0.629276,1.792,1.90041
0.0713344,0.629276,1.792,1.90062
0.0767633,0.626115,1.783,1.8913
0.0825505,0.626115,1.783,1.89154
0.0883377,0.626115,1.783,1.8918
0.0941249,0.626115,1.783,1.89208
0.099912,0.626115,1.783,1.89238
0.105699,0.626115,1.783,1.89269
0.110924,0.622955,1.774,1.88347
0.116682,0.622955,1.774,1.88382
0.12244,0.622955,1.774,1.88418
0.127547,0.619794,1.765,1.875
0.133276,0.619794,1.765,1.8754
0.139005,0.619794,1.765,1.87582
0.144733,0.619794,1.765,1.87625
0.150462,0.619794,1.765,1.8767
0.155394,0.616634,1.756,1.8676
0.161094,0.616634,1.756,1.86808
0.166794,0.616634,1.756,1.86858
0.172493,0.616634,1.756,1.8691
0.178193,0.616634,1.756,1.86963
0.183892,0.616634,1.756,1.87018
0.189592,0.616634,1.756,1.87075
0.195291,0.616634,1.756,1.87134
0.200991,0.616634,1.756,1.87194
0.20669,0.616634,1.756,1.87256
0.21239,0.616634,1.756,1.8732
0.218089,0.616634,1.756,1.87386
0.223789,0.616634,1.756,1.87453
0.230665,0.619794,1.765,1.88483
0.236393,0.619794,1.765,1.88554
0.242122,0.619794,1.765,1.88626
0.247851,0.619794,1.765,1.88701
0.254873,0.622955,1.774,1.8974
0.260631,0.622955,1.774,1.89818
0.266389,0.622955,1.774,1.89898
0.272147,0.622955,1.774,1.89979
0.279314,0.626115,1.783,1.91027
0.285102,0.626115,1.783,1.91112
0.290889,0.626115,1.783,1.912
0.296676,0.626115,1.783,1.91288
0.302463,0.626115,1.783,1.91379
0.30825,0.626115,1.783,1.91471
0.314038,0.626115,1.783,1.91565
0.319825,0.626115,1.783,1.91661
0.325612,0.626115,1.783,1.91759
0.331399,0.626115,1.783,1.91858
0.337186,0.626115,1.783,1.91958
0.341242,0.622955,1.774,1.91091
0.347,0.622955,1.774,1.91195
0.352758,0.622955,1.774,1.913
0.358516,0.622955,1.774,1.91407
0.364274,0.622955,1.774,1.91516
0.370032,0.622955,1.774,1.91627
0.37579,0.622955,1.774,1.91739
0.381548,0.622955,1.774,1.91852
0.387306,0.622955,1.774,1.91968
0.393064,0.622955,1.774,1.92085
0.398822,0.622955,1.774,1.92203
0.40458,0.622955,1.774,1.92324
0.410338,0.622955,1.774,1.92445
0.416096,0.622955,1.774,1.92569
0.423994,0.626115,1.783,1.93672
0.429781,0.626115,1.783,1.93799
0.435568,0.626115,1.783,1.93929
0.441355,0.626115,1.783,1.94059
0.4494,0.629276,1.792,1.95172
0.455216,0.629276,1.792,1.95307
0.461032,0.629276,1.792,1.95443
0.466849,0.629276,1.792,1.95581
0.472665,0.629276,1.792,1.95721
0.478482,0.629276,1.792,1.95862
0.484298,0.629276,1.792,1.96005
0.490114,0.629276,1.792,1.9615
0.495931,0.629276,1.792,1.96296
0.501747,0.629276,1.792,1.96443
0.507563,0.629276,1.792,1.96593
0.51338,0.629276,1.792,1.96744
0.519196,0.629276,1.792,1.96896
0.525013,0.629276,1.792,1.9705
0.528163,0.626115,1.783,1.96216
0.53395,0.626115,1.783,1.96372
0.539737,0.626115,1.783,1.96531
0.545525,0.626115,1.783,1.9669
0.551312,0.626115,1.783,1.96852
0.559911,0.629276,1.792,1.98009
0.565727,0.629276,1.792,1.98174
0.571544,0.629276,1.792,1.98341
0.57736,0.629276,1.792,1.98509
0.583176,0.629276,1.792,1.98679
0.588993,0.629276,1.792,1.98851
0.594809,0.629276,1.792,1.99024
0.600626,0.629276,1.792,1.99198
0.606442,0.629276,1.792,1.99375
0.612258,0.629276,1.792,1.99552
0.618075,0.629276,1.792,1.99732
0.623891,0.629276,1.792,1.99912
0.626545,0.626115,1.783,1.9909
0.632332,0.626115,1.783,1.99273
0.638119,0.626115,1.783,1.99457
0.640656,0.622955,1.774,1.98635
0.646414,0.622955,1.774,1.98822
0.652172,0.622955,1.774,1.99009
0.654592,0.619794,1.765,1.98188
0.660321,0.619794,1.765,1.98378
0.66605,0.619794,1.765,1.9857
0.668353,0.616634,1.756,1.97749
0.674053,0.616634,1.756,1.97942
0.679752,0.616634,1.756,1.98137
0.681939,0.613473,1.747,1.97317
0.687609,0.613473,1.747,1.97514
0.693279,0.613473,1.747,1.97712
0.69895,0.613473,1.747,1.97911
0.70099,0.610313,1.738,1.97092
0.706631,0.610313,1.738,1.97293
0.712272,0.610313,1.738,1.97496
0.717913,0.610313,1.738,1.977
0.723554,0.610313,1.738,1.97905
0.729195,0.610313,1.738,1.98112
0.731031,0.607153,1.729,1.97294
0.736643,0.607153,1.729,1.97502
0.742255,0.607153,1.729,1.97712
0.747867,0.607153,1.729,1.97924
0.753479,0.607153,1.729,1.98136
0.759091,0.607153,1.729,1.98351
0.764703,0.607153,1.729,1.98566
0.770315,0.607153,1.729,1.98783
0.775927,0.607153,1.729,1.99001
0.781538,0.607153,1.729,1.9922
0.78715,0.607153,1.729,1.99441
0.792762,0.607153,1.729,1.99663
0.798374,0.607153,1.729,1.99887
0.803986,0.607153,1.729,2.00112
0.813812,0.610313,1.738,2.01381
0.832184,0.619794,1.765,2.04741
0.837912,0.619794,1.765,2.04975
0.843641,0.619794,1.765,2.0521
0.853701,0.622955,1.774,2.06493
0.859459,0.622955,1.774,2.06732
0.869606,0.626115,1.783,2.08022
0.879812,0.629276,1.792,2.09316
0.885629,0.629276,1.792,2.09561
0.891445,0.629276,1.792,2.09808
0.902268,0.632787,1.802,2.11228
0.912653,0.635948,1.811,2.12534
0.918531,0.635948,1.811,2.12787
0.929513,0.639459,1.821,2.14218
0.940561,0.642971,1.831,2.15653
0.946504,0.642971,1.831,2.15913
0.957649,0.646482,1.841,2.17355
0.963624,0.646482,1.841,2.17619
0.969599,0.646482,1.841,2.17884
0.980344,0.649643,1.85,2.19217
0.992213,0.653505,1.861,2.20791
0.998254,0.653505,1.861,2.21063
1.00429,0.653505,1.861,2.21337
1.01033,0.653505,1.861,2.21611
1.01637,0.653505,1.861,2.21888
1.02242,0.653505,1.861,2.22165
1.02846,0.653505,1.861,2.22444
1.0345,0.653505,1.861,2.22723
1.04054,0.653505,1.861,2.23005
1.04658,0.653505,1.861,2.23287
1.05262,0.653505,1.861,2.23571
1.0524,0.649643,1.85,2.22533
1.0584,0.649643,1.85,2.22817
1.06441,0.649643,1.85,2.23103
1.07041,0.649643,1.85,2.2339
1.07642,0.649643,1.85,2.23679
1.08242,0.649643,1.85,2.23968
1.08843,0.649643,1.85,2.24259
1.08911,0.646482,1.841,2.23459
1.09508,0.646482,1.841,2.2375
1.10106,0.646482,1.841,2.24044
1.10703,0.646482,1.841,2.24338
1.11845,0.649643,1.85,2.25731
1.12446,0.649643,1.85,2.2603
1.12496,0.646482,1.841,2.25228
1.13094,0.646482,1.841,2.25527
1.14247,0.649643,1.85,2.26931
1.14847,0.649643,1.85,2.27234
1.15448,0.649643,1.85,2.27538
1.16048,0.649643,1.85,2.27843
1.16649,0.649643,1.85,2.2815
1.17249,0.649643,1.85,2.28457
1.17276,0.646482,1.841,2.27653
1.17874,0.646482,1.841,2.27962
1.17828,0.642971,1.831,2.27031
1.18422,0.642971,1.831,2.2734
1.19017,0.642971,1.831,2.2765
1.18958,0.639459,1.821,2.26717
1.19549,0.639459,1.821,2.27027
1.2014,0.639459,1.821,2.27339
1.20068,0.635948,1.811,2.26402
1.20656,0.635948,1.811,2.26714
1.21243,0.635948,1.811,2.27027
1.21831,0.635948,1.811,2.27342
1.22419,0.635948,1.811,2.27657
1.23007,0.635948,1.811,2.27974
-1.44782,0.739639,2.087,2.64553
-1.44105,0.739639,2.087,2.64183
-1.43427,0.739639,2.087,2.63814
-1.4275,0.739639,2.087,2.63446
-1.42072,0.739639,2.087,2.6308
-1.42276,0.744246,2.1,2.64351
-1.41594,0.744246,2.1,2.63985
-1.40913,0.744246,2.1,2.6362
-1.40231,0.744246,2.1,2.63256
-1.38686,0.739639,2.087,2.61266
-1.38008,0.739639,2.087,2.60907
-1.37331,0.739639,2.087,2.6055
-1.36653,0.739639,2.087,2.60193
-1.35976,0.739639,2.087,2.59838
-1.34521,0.735386,2.075,2.57992
-1.33847,0.735386,2.075,2.57642
-1.33174,0.735386,2.075,2.57292
-1.325,0.735386,2.075,2.56944
-1.31827,0.735386,2.075,2.56598
-1.30331,0.730779,2.062,2.54647
-1.29662,0.730779,2.062,2.54305
-1.28993,0.730779,2.062,2.53965
-1.29133,0.735386,2.075,2.55224
-1.28459,0.735386,2.075,2.54884
-1.27786,0.735386,2.075,2.54545
-1.26316,0.730779,2.062,2.52615
-1.25647,0.730779,2.062,2.52281
-1.24977,0.730779,2.062,2.51949
-1.24308,0.730779,2.062,2.51617
-1.23639,0.730779,2.062,2.51287
-1.22969,0.730779,2.062,2.50959
-1.21588,0.726526,2.05,2.49173
-1.20215,0.722273,2.038,2.47392
-1.19554,0.722273,2.038,2.47072
-1.18192,0.71802,2.026,2.45299
-1.16838,0.713768,2.014,2.43532
-1.16185,0.713768,2.014,2.43219
-1.14843,0.709515,2.002,2.4146
-1.13508,0.705262,1.99,2.39706
-1.12863,0.705262,1.99,2.39401
-1.12217,0.705262,1.99,2.39097
-1.10954,0.701364,1.979,2.37475
-1.10312,0.701364,1.979,2.37175
-1.09669,0.701364,1.979,2.36877
-1.09027,0.701364,1.979,2.36581
-1.08385,0.701364,1.979,2.36285
-1.07742,0.701364,1.979,2.35991
-1.071,0.701364,1.979,2.35699
-1.07049,0.705262,1.99,2.36716
-1.06403,0.705262,1.99,2.36425
-1.05758,0.705262,1.99,2.36135
-1.05112,0.705262,1.99,2.35846
-1.05096,0.709515,2.002,2.36979
-1.04446,0.709515,2.002,2.36692
-1.03796,0.709515,2.002,2.36406
-1.03146,0.709515,2.002,2.36121
-1.02497,0.709515,2.002,2.35838
-1.01236,0.705262,1.99,2.34145
-1.0059,0.705262,1.99,2.33866
-0.999444,0.705262,1.99,2.33589
-0.987497,0.701364,1.979,2.32024
-0.981073,0.701364,1.979,2.31751
-0.97465,0.701364,1.979,2.3148
-0.962355,0.697111,1.967,2.29808
-0.955971,0.697111,1.967,2.29542
-0.949587,0.697111,1.967,2.29276
-0.937928,0.693212,1.956,2.27732
-0.92634,0.689314,1.945,2.26192
-0.914824,0.685415,1.934,2.24656
-0.908546,0.685415,1.934,2.24402
-0.902269,0.685415,1.934,2.24148
-0.890896,0.681517,1.923,2.22623
-0.884654,0.681517,1.923,2.22374
-0.873388,0.677619,1.912,2.20856
-0.867182,0.677619,1.912,2.20611
-0.860976,0.677619,1.912,2.20368
-0.8503,0.674075,1.902,2.18975
-0.844126,0.674075,1.902,2.18736
-0.837953,0.674075,1.902,2.18498
-0.831779,0.674075,1.902,2.18262
-0.825606,0.674075,1.902,2.18028
-0.819433,0.674075,1.902,2.17795
-0.813259,0.674075,1.902,2.17563
-0.807086,0.674075,1.902,2.17333
-0.800912,0.674075,1.902,2.17105
-0.794739,0.674075,1.902,2.16878
-0.788566,0.674075,1.902,2.16652
-0.777867,0.670176,1.891,2.15177
-0.77173,0.670176,1.891,2.14955
-0.765592,0.670176,1.891,2.14736
-0.759454,0.670176,1.891,2.14518
-0.757698,0.674075,1.902,2.15548
-0.751525,0.674075,1.902,2.15332
-0.741041,0.670176,1.891,2.13873
-0.734903,0.670176,1.891,2.13661
-0.728766,0.670176,1.891,2.13451
-0.722628,0.670176,1.891,2.13242
-0.71649,0.670176,1.891,2.13035
-0.714485,0.674075,1.902,2.14067
-0.704215,0.670176,1.891,2.12625
-0.698077,0.670176,1.891,2.12422
-0.691939,0.670176,1.891,2.12222
-0.685802,0.670176,1.891,2.12022
-0.67607,0.666632,1.881,2.10704
-0.669964,0.666632,1.881,2.10509
-0.663859,0.666632,1.881,2.10316
-0.657754,0.666632,1.881,2.10124
-0.648184,0.663088,1.871,2.08817
-0.642111,0.663088,1.871,2.0863
-0.632639,0.659544,1.861,2.07329
-0.626599,0.659544,1.861,2.07146
-0.620558,0.659544,1.861,2.06964
-0.610886,0.655646,1.85,2.05562
-0.604881,0.655646,1.85,2.05384
-0.598876,0.655646,1.85,2.05208
-0.589988,0.652456,1.841,2.04036
-0.584012,0.652456,1.841,2.03864
-0.574897,0.648912,1.831,2.02587
-0.568954,0.648912,1.831,2.02419
-0.563011,0.648912,1.831,2.02253
-0.554026,0.645368,1.821,2.00985
-0.548115,0.645368,1.821,2.00823
-0.542205,0.645368,1.821,2.00662
-0.536294,0.645368,1.821,2.00503
-0.530384,0.645368,1.821,2.00346
-0.521593,0.641824,1.811,1.99091
-0.515715,0.641824,1.811,1.98938
-0.509837,0.641824,1.811,1.98786
-0.503959,0.641824,1.811,1.98636
-0.498081,0.641824,1.811,1.98488
-0.489757,0.638634,1.802,1.97355
-0.483908,0.638634,1.802,1.97211
-0.478059,0.638634,1.802,1.97068
-0.47221,0.638634,1.802,1.96927
-0.466361,0.638634,1.802,1.96788
-0.460512,0.638634,1.802,1.9665
-0.454664,0.638634,1.802,1.96514
-0.448815,0.638634,1.802,1.9638
-0.442966,0.638634,1.802,1.96247
-0.437117,0.638634,1.802,1.96116
-0.431268,0.638634,1.802,1.95986
-0.425419,0.638634,1.802,1.95858
-0.41957,0.638634,1.802,1.95732
-0.413722,0.638634,1.802,1.95607
-0.407873,0.638634,1.802,1.95484
-0.402024,0.638634,1.802,1.95363
-0.393977,0.63509,1.792,1.9416
-0.38816,0.63509,1.792,1.94043
-0.382344,0.63509,1.792,1.93928
-0.382621,0.645368,1.821,1.9695
-0.37671,0.645368,1.821,1.96836
-0.3708,0.645368,1.821,1.96724
-0.364889,0.645368,1.821,1.96613
-0.358979,0.645368,1.821,1.96505
-0.353068,0.645368,1.821,1.96398
-0.347158,0.645368,1.821,1.96292
-0.341247,0.645368,1.821,1.96188
-0.335337,0.645368,1.821,1.96087
-0.327617,0.641824,1.811,1.9491
-0.321739,0.641824,1.811,1.94812
-0.315861,0.641824,1.811,1.94716
-0.309983,0.641824,1.811,1.94621
-0.304105,0.641824,1.811,1.94529
-0.298227,0.641824,1.811,1.94438
-0.292349,0.641824,1.811,1.94348
-0.286471,0.641824,1.811,1.94261
-0.280593,0.641824,1.811,1.94175
-0.274715,0.641824,1.811,1.94091
-0.268836,0.641824,1.811,1.94009
-0.262958,0.641824,1.811,1.93928
-0.25708,0.641824,1.811,1.93849
-0.251202,0.641824,1.811,1.93772
-0.245324,0.641824,1.811,1.93697
-0.239446,0.641824,1.811,1.93623
-0.232407,0.638634,1.802,1.92589
-0.226559,0.638634,1.802,1.9252
-0.22071,0.638634,1.802,1.92452
-0.214861,0.638634,1.802,1.92386
-0.207852,0.63509,1.792,1.91254
-0.201021,0.631901,1.783,1.90231
-0.195234,0.631901,1.783,1.90171
-0.189447,0.631901,1.783,1.90113
-0.18366,0.631901,1.783,1.90056
-0.177872,0.631901,1.783,1.90001
-0.171217,0.628711,1.774,1.88989
-0.165459,0.628711,1.774,1.88937
-0.159701,0.628711,1.774,1.88888
-0.153162,0.625521,1.765,1.87882
-0.147433,0.625521,1.765,1.87836
-0.140982,0.622332,1.756,1.86834
-0.135282,0.622332,1.756,1.86792
-0.129583,0.622332,1.756,1.86752
-0.123883,0.622332,1.756,1.86713
-0.118183,0.622332,1.756,1.86676
-0.112484,0.622332,1.756,1.86641
-0.106237,0.619142,1.747,1.85651
-0.100567,0.619142,1.747,1.85619
-0.0948964,0.619142,1.747,1.8559
-0.0887664,0.615952,1.738,1.84606
-0.0831253,0.615952,1.738,1.84579
-0.0774842,0.615952,1.738,1.84555
-0.0718431,0.615952,1.738,1.84532
-0.0662019,0.615952,1.738,1.84511
-0.0605608,0.615952,1.738,1.84491
-0.0549197,0.615952,1.738,1.84474
-0.0492786,0.615952,1.738,1.84458
-0.0436375,0.615952,1.738,1.84444
-0.0379964,0.615952,1.738,1.84431
-0.0323552,0.615952,1.738,1.8442
-0.0267141,0.615952,1.738,1.84411
-0.021073,0.615952,1.738,1.84404
-0.0154319,0.615952,1.738,1.84398
-0.00979078,0.615952,1.738,1.84395
-0.00414967,0.615952,1.738,1.84392
0.00149145,0.615952,1.738,1.84392
0.00713257,0.615952,1.738,1.84393
0.0128398,0.619142,1.747,1.85351
0.0185102,0.619142,1.747,1.85356
0.0241805,0.619142,1.747,1.85363
0.0300046,0.622332,1.756,1.86326
0.0357041,0.622332,1.756,1.86336
0.0414037,0.622332,1.756,1.86348
0.0471032,0.622332,1.756,1.86361
0.0528028,0.622332,1.756,1.86377
0.0585023,0.622332,1.756,1.86394
0.0642018,0.622332,1.756,1.86412
0.0699014,0.622332,1.756,1.86433
0.0756009,0.622332,1.756,1.86455
0.0813005,0.622332,1.756,1.86479
0.087,0.622332,1.756,1.86505
0.0926995,0.622332,1.756,1.86532
0.0983991,0.622332,1.756,1.86561
0.104099,0.622332,1.756,1.86592
0.109235,0.619142,1.747,1.85668
0.114906,0.619142,1.747,1.85703
0.120576,0.619142,1.747,1.85739
0.126246,0.619142,1.747,1.85776
0.131237,0.615952,1.738,1.84858
0.136878,0.615952,1.738,1.84899
0.142519,0.615952,1.738,1.84942
0.14816,0.615952,1.738,1.84986
0.153005,0.612763,1.729,1.84074
0.158617,0.612763,1.729,1.84122
0.164229,0.612763,1.729,1.84171
0.169841,0.612763,1.729,1.84222
0.175453,0.612763,1.729,1.84274
0.181065,0.612763,1.729,1.84329
0.186677,0.612763,1.729,1.84385
0.192288,0.612763,1.729,1.84442
0.1979,0.612763,1.729,1.84502
0.203512,0.612763,1.729,1.84563
0.209124,0.612763,1.729,1.84625
0.214736,0.612763,1.729,1.8469
0.220348,0.612763,1.729,1.84756
0.22596,0.612763,1.729,1.84824
0.232777,0.615952,1.738,1.85856
0.238418,0.615952,1.738,1.85927
0.244059,0.615952,1.738,1.86
0.249701,0.615952,1.738,1.86075
0.255342,0.615952,1.738,1.86152
0.262334,0.619142,1.747,1.87194
0.268005,0.619142,1.747,1.87274
0.273675,0.619142,1.747,1.87356
0.279345,0.619142,1.747,1.8744
0.285016,0.619142,1.747,1.87525
0.290686,0.619142,1.747,1.87612
0.296356,0.619142,1.747,1.87701
0.303583,0.622332,1.756,1.88759
0.309282,0.622332,1.756,1.88851
0.313367,0.619142,1.747,1.87977
0.319038,0.619142,1.747,1.88073
0.324708,0.619142,1.747,1.8817
0.330378,0.619142,1.747,1.88268
0.336049,0.619142,1.747,1.88369
0.341719,0.619142,1.747,1.88471
0.347389,0.619142,1.747,1.88574
0.351241,0.615952,1.738,1.87708
0.356882,0.615952,1.738,1.87814
0.3644,0.619142,1.747,1.88895
0.370071,0.619142,1.747,1.89005
0.375741,0.619142,1.747,1.89117
0.381411,0.619142,1.747,1.89231
0.387082,0.619142,1.747,1.89346
0.392752,0.619142,1.747,1.89462
0.398422,0.619142,1.747,1.89581
0.404092,0.619142,1.747,1.89701
0.409763,0.619142,1.747,1.89822
0.415433,0.619142,1.747,1.89946
0.421103,0.619142,1.747,1.9007
0.426774,0.619142,1.747,1.90197
0.432444,0.619142,1.747,1.90325
0.440371,0.622332,1.756,1.91436
0.446071,0.622332,1.756,1.91568
0.451771,0.622332,1.756,1.91701
0.45747,0.622332,1.756,1.91836
0.46317,0.622332,1.756,1.91973
0.468869,0.622332,1.756,1.92111
0.474569,0.622332,1.756,1.92251
0.480268,0.622332,1.756,1.92393
0.485968,0.622332,1.756,1.92536
0.491667,0.622332,1.756,1.9268
0.494818,0.619142,1.747,1.91838
0.500488,0.619142,1.747,1.91985
0.506158,0.619142,1.747,1.92134
0.511829,0.619142,1.747,1.92284
0.517499,0.619142,1.747,1.92436
0.523169,0.619142,1.747,1.92589
0.52884,0.619142,1.747,1.92744
0.53451,0.619142,1.747,1.929
0.542963,0.622332,1.756,1.94053
0.559911,0.63509,1.792,1.98194
0.565727,0.63509,1.792,1.9836
0.571544,0.63509,1.792,1.98526
0.57736,0.63509,1.792,1.98694
0.583176,0.63509,1.792,1.98864
0.588993,0.63509,1.792,1.99036
0.594809,0.63509,1.792,1.99208
0.600626,0.63509,1.792,1.99383
0.606442,0.63509,1.792,1.99559
0.612258,0.63509,1.792,1.99736
0.618075,0.63509,1.792,1.99915
0.623891,0.63509,1.792,2.00096
0.626545,0.631901,1.783,1.99272
0.632332,0.631901,1.783,1.99455
0.638119,0.631901,1.783,1.99639
0.640656,0.628711,1.774,1.98816
0.646414,0.628711,1.774,1.99003
0.652172,0.628711,1.774,1.9919
0.654592,0.625521,1.765,1.98368
0.660321,0.625521,1.765,1.98558
0.66605,0.625521,1.765,1.98749
0.668353,0.622332,1.756,1.97927
0.674053,0.622332,1.756,1.98121
0.679752,0.622332,1.756,1.98315
0.681939,0.619142,1.747,1.97494
0.687609,0.619142,1.747,1.9769
0.693279,0.619142,1.747,1.97888
0.69895,0.619142,1.747,1.98088
0.70099,0.615952,1.738,1.97267
0.706631,0.615952,1.738,1.97468
0.712272,0.615952,1.738,1.97671
0.717913,0.615952,1.738,1.97875
0.723554,0.615952,1.738,1.9808
0.729195,0.615952,1.738,1.98287
0.731031,0.612763,1.729,1.97467
0.736643,0.612763,1.729,1.97676
0.742255,0.612763,1.729,1.97885
0.747867,0.612763,1.729,1.98097
0.753479,0.612763,1.729,1.98309
0.759091,0.612763,1.729,1.98523
0.764703,0.612763,1.729,1.98738
0.770315,0.612763,1.729,1.98955
0.775927,0.612763,1.729,1.99173
0.781538,0.612763,1.729,1.99392
0.78715,0.612763,1.729,1.99613
0.792762,0.612763,1.729,1.99835
0.798374,0.612763,1.729,2.00058
0.803986,0.612763,1.729,2.00283
0.813812,0.615952,1.738,2.01552
0.819453,0.615952,1.738,2.01781
0.825094,0.615952,1.738,2.0201
0.835037,0.619142,1.747,2.03289
0.845039,0.622332,1.756,2.04571
0.850738,0.622332,1.756,2.04807
0.856438,0.622332,1.756,2.05044
0.866556,0.625521,1.765,2.06335
0.876733,0.628711,1.774,2.0763
0.882491,0.628711,1.774,2.07874
0.892755,0.631901,1.783,2.09175
0.898542,0.631901,1.783,2.09422
0.904329,0.631901,1.783,2.09671
0.919815,0.638634,1.802,2.12158
0.930287,0.641824,1.811,2.13474
0.936165,0.641824,1.811,2.1373
0.942043,0.641824,1.811,2.13988
0.953155,0.645368,1.821,2.15431
0.959066,0.645368,1.821,2.15693
0.964976,0.645368,1.821,2.15956
0.976219,0.648912,1.831,2.17409
0.982162,0.648912,1.831,2.17676
0.988105,0.648912,1.831,2.17945
0.994047,0.648912,1.831,2.18215
0.99999,0.648912,1.831,2.18486
1.00593,0.648912,1.831,2.18759
1.01188,0.648912,1.831,2.19033
1.01782,0.648912,1.831,2.19308
1.02376,0.648912,1.831,2.19585
1.02408,0.645368,1.821,2.18661
1.02999,0.645368,1.821,2.18939
1.0359,0.645368,1.821,2.19218
1.03609,0.641824,1.811,2.18292
1.04197,0.641824,1.811,2.18572
1.04785,0.641824,1.811,2.18853
1.04849,0.638634,1.802,2.18046
1.05434,0.638634,1.802,2.18327
1.06548,0.641824,1.811,2.19702
1.07136,0.641824,1.811,2.19988
1.07724,0.641824,1.811,2.20275
1.08312,0.641824,1.811,2.20563
1.08358,0.638634,1.802,2.19755
1.08943,0.638634,1.802,2.20044
1.10075,0.641824,1.811,2.21434
1.10113,0.638634,1.802,2.20625
1.10083,0.63509,1.792,2.19692
1.10665,0.63509,1.792,2.19984
1.11247,0.63509,1.792,2.20277
1.12452,0.638634,1.802,2.21802
1.13037,0.638634,1.802,2.22099
1.13622,0.638634,1.802,2.22397
1.14207,0.638634,1.802,2.22697
1.14792,0.638634,1.802,2.22997
1.15377,0.638634,1.802,2.23299
1.15962,0.638634,1.802,2.23602
1.159,0.63509,1.792,2.22663
1.16482,0.63509,1.792,2.22966
1.16475,0.631901,1.783,2.22149
1.17054,0.631901,1.783,2.22453
1.17633,0.631901,1.783,2.22758
1.18211,0.631901,1.783,2.23065
1.1879,0.631901,1.783,2.23372
1.19369,0.631901,1.783,2.2368
1.19948,0.631901,1.783,2.23989
1.20526,0.631901,1.783,2.243
1.21105,0.631901,1.783,2.24611
-1.38053,0.711719,1.99,2.52438
-1.37407,0.711719,1.99,2.52086
-1.36761,0.711719,1.99,2.51734
-1.36936,0.716011,2.002,2.529
-1.36286,0.716011,2.002,2.52548
-1.36449,0.720303,2.014,2.5371
-1.36605,0.724595,2.026,2.54869
-1.35947,0.724595,2.026,2.54517
-1.3529,0.724595,2.026,2.54166
-1.34632,0.724595,2.026,2.53817
-1.34768,0.728886,2.038,2.5497
-1.34106,0.728886,2.038,2.54621
-1.32659,0.724595,2.026,2.52776
-1.32002,0.724595,2.026,2.52431
-1.31344,0.724595,2.026,2.52088
-1.30686,0.724595,2.026,2.51746
-1.30029,0.724595,2.026,2.51405
-1.29371,0.724595,2.026,2.51066
-1.27951,0.720303,2.014,2.49243
-1.27298,0.720303,2.014,2.48908
-1.26644,0.720303,2.014,2.48574
-1.2599,0.720303,2.014,2.48242
-1.26083,0.724595,2.026,2.49388
-1.25426,0.724595,2.026,2.49056
-1.24768,0.724595,2.026,2.48725
-1.24111,0.724595,2.026,2.48396
-1.23453,0.724595,2.026,2.48068
-1.22795,0.724595,2.026,2.47741
-1.21414,0.720303,2.014,2.45951
-1.20761,0.720303,2.014,2.45629
-1.20107,0.720303,2.014,2.45308
-1.19453,0.720303,2.014,2.44989
-1.18092,0.716011,2.002,2.43213
-1.17442,0.716011,2.002,2.42898
-1.16092,0.711719,1.99,2.4113
-1.14808,0.707785,1.979,2.39489
-1.14166,0.707785,1.979,2.39182
-1.12835,0.703493,1.967,2.37427
-1.12197,0.703493,1.967,2.37124
-1.11558,0.703493,1.967,2.36823
-1.10299,0.699559,1.956,2.352
-1.09048,0.695625,1.945,2.33582
-1.08416,0.695625,1.945,2.33288
-1.07785,0.695625,1.945,2.32995
-1.07154,0.695625,1.945,2.32704
-1.07125,0.699559,1.956,2.33728
-1.0649,0.699559,1.956,2.33438
-1.05855,0.699559,1.956,2.33149
-1.0522,0.699559,1.956,2.32862
-1.04586,0.699559,1.956,2.32575
-1.03951,0.699559,1.956,2.32291
-1.03897,0.703493,1.967,2.33312
-1.03258,0.703493,1.967,2.33028
-1.0262,0.703493,1.967,2.32746
-1.02604,0.707785,1.979,2.33884
-1.01343,0.703493,1.967,2.32186
-1.00705,0.703493,1.967,2.31908
-1.00066,0.703493,1.967,2.31632
-0.994277,0.703493,1.967,2.31356
-0.987893,0.703493,1.967,2.31083
-0.97602,0.699559,1.956,2.2952
-0.964218,0.695625,1.945,2.27961
-0.957905,0.695625,1.945,2.27695
-0.951592,0.695625,1.945,2.2743
-0.939933,0.691691,1.934,2.25882
-0.933656,0.691691,1.934,2.25621
-0.922104,0.687757,1.923,2.24081
-0.910623,0.683823,1.912,2.22544
-0.899687,0.680246,1.902,2.21128
-0.893514,0.680246,1.902,2.20878
-0.88734,0.680246,1.902,2.20629
-0.876071,0.676312,1.891,2.19107
-0.869933,0.676312,1.891,2.18862
-0.859227,0.672736,1.881,2.17463
-0.853122,0.672736,1.881,2.17222
-0.847017,0.672736,1.881,2.16983
-0.836441,0.669159,1.871,2.15593
-0.830368,0.669159,1.871,2.15358
-0.824295,0.669159,1.871,2.15125
-0.818223,0.669159,1.871,2.14893
-0.81215,0.669159,1.871,2.14663
-0.806077,0.669159,1.871,2.14434
-0.80428,0.672736,1.881,2.15351
-0.798175,0.672736,1.881,2.15124
-0.792069,0.672736,1.881,2.14898
-0.785964,0.672736,1.881,2.14674
-0.775713,0.669159,1.871,2.13311
-0.76964,0.669159,1.871,2.13091
-0.763567,0.669159,1.871,2.12872
-0.757495,0.669159,1.871,2.12655
-0.751422,0.669159,1.871,2.12439
-0.749333,0.672736,1.881,2.1336
-0.743227,0.672736,1.881,2.13146
-0.733203,0.669159,1.871,2.11802
-0.727131,0.669159,1.871,2.11592
-0.721058,0.669159,1.871,2.11384
-0.714985,0.669159,1.871,2.11178
-0.708912,0.669159,1.871,2.10973
-0.714485,0.680246,1.902,2.14262
-0.704215,0.676312,1.891,2.12819
-0.698077,0.676312,1.891,2.12617
-0.691939,0.676312,1.891,2.12416
-0.685802,0.676312,1.891,2.12217
-0.67607,0.672736,1.881,2.10898
-0.669964,0.672736,1.881,2.10703
-0.663859,0.672736,1.881,2.1051
-0.657754,0.672736,1.881,2.10318
-0.648184,0.669159,1.871,2.09011
-0.642111,0.669159,1.871,2.08823
-0.632639,0.665583,1.861,2.07522
-0.626599,0.665583,1.861,2.07339
-0.620558,0.665583,1.861,2.07157
-0.610886,0.661649,1.85,2.05754
-0.604881,0.661649,1.85,2.05576
-0.598876,0.661649,1.85,2.054
-0.589988,0.65843,1.841,2.04228
-0.584012,0.65843,1.841,2.04056
-0.574897,0.654853,1.831,2.02778
-0.568954,0.654853,1.831,2.02611
-0.563011,0.654853,1.831,2.02444
-0.554026,0.651277,1.821,2.01175
-0.548115,0.651277,1.821,2.01013
-0.542205,0.651277,1.821,2.00853
-0.536294,0.651277,1.821,2.00694
-0.530384,0.651277,1.821,2.00537
-0.521593,0.6477,1.811,1.99281
-0.515715,0.6477,1.811,1.99128
-0.509837,0.6477,1.811,1.98977
-0.503959,0.6477,1.811,1.98827
-0.498081,0.6477,1.811,1.98679
-0.489757,0.644481,1.802,1.97545
-0.483908,0.644481,1.802,1.97401
-0.478059,0.644481,1.802,1.97259
-0.47221,0.644481,1.802,1.97118
-0.466361,0.644481,1.802,1.96979
-0.460512,0.644481,1.802,1.96841
-0.454664,0.644481,1.802,1.96705
-0.448815,0.644481,1.802,1.9657
-0.442966,0.644481,1.802,1.96438
-0.437117,0.644481,1.802,1.96307
-0.431268,0.644481,1.802,1.96177
-0.425419,0.644481,1.802,1.9605
-0.41957,0.644481,1.802,1.95923
-0.413722,0.644481,1.802,1.95799
-0.407873,0.644481,1.802,1.95676
-0.402024,0.644481,1.802,1.95555
-0.393977,0.640905,1.792,1.94351
-0.38816,0.640905,1.792,1.94234
-0.382344,0.640905,1.792,1.94119
-0.376527,0.640905,1.792,1.94005
-0.370711,0.640905,1.792,1.93893
-0.364895,0.640905,1.792,1.93783
-0.359078,0.640905,1.792,1.93674
-0.353262,0.640905,1.792,1.93567
-0.347445,0.640905,1.792,1.93462
-0.341629,0.640905,1.792,1.93358
-0.335813,0.640905,1.792,1.93256
-0.329996,0.640905,1.792,1.93156
-0.32418,0.640905,1.792,1.93057
-0.318364,0.640905,1.792,1.92961
-0.312547,0.640905,1.792,1.92865
-0.30519,0.637686,1.783,1.91804
-0.299403,0.637686,1.783,1.91713
-0.293616,0.637686,1.783,1.91623
-0.287829,0.637686,1.783,1.91535
-0.282042,0.637686,1.783,1.91449
-0.276254,0.637686,1.783,1.91365
-0.270467,0.637686,1.783,1.91282
-0.26468,0.637686,1.783,1.91201
-0.258893,0.637686,1.783,1.91122
-0.253106,0.637686,1.783,1.91044
-0.247318,0.637686,1.783,1.90969
-0.241531,0.637686,1.783,1.90894
-0.235744,0.637686,1.783,1.90822
-0.229957,0.637686,1.783,1.90751
-0.223038,0.634467,1.774,1.8972
-0.21728,0.634467,1.774,1.89653
-0.211522,0.634467,1.774,1.89588
-0.20472,0.631248,1.765,1.88563
-0.198992,0.631248,1.765,1.88502
-0.193263,0.631248,1.765,1.88442
-0.186578,0.62803,1.756,1.87424
-0.180878,0.62803,1.756,1.87368
-0.175179,0.62803,1.756,1.87314
-0.168611,0.624811,1.747,1.86302
-0.16294,0.624811,1.747,1.86251
-0.15727,0.624811,1.747,1.86202
-0.150819,0.621592,1.738,1.85196
-0.145178,0.621592,1.738,1.85151
-0.138814,0.618373,1.729,1.84149
-0.133202,0.618373,1.729,1.84108
-0.12759,0.618373,1.729,1.84068
-0.121978,0.618373,1.729,1.8403
-0.116366,0.618373,1.729,1.83994
-0.110754,0.618373,1.729,1.83959
-0.104595,0.615154,1.72,1.82969
-0.0990125,0.615154,1.72,1.82938
-0.0929952,0.612293,1.712,1.82058
-0.0874385,0.612293,1.712,1.8203
-0.0818818,0.612293,1.712,1.82004
-0.076325,0.612293,1.712,1.8198
-0.0707683,0.612293,1.712,1.81958
-0.0652116,0.612293,1.712,1.81937
-0.0596549,0.612293,1.712,1.81918
-0.0540981,0.612293,1.712,1.819
-0.0485414,0.612293,1.712,1.81885
-0.0429847,0.612293,1.712,1.81871
-0.037428,0.612293,1.712,1.81858
-0.0318712,0.612293,1.712,1.81848
-0.0263145,0.612293,1.712,1.81839
-0.0207578,0.612293,1.712,1.81832
-0.015201,0.612293,1.712,1.81826
-0.00964432,0.612293,1.712,1.81822
-0.00408759,0.612293,1.712,1.8182
0.00146914,0.612293,1.712,1.8182
0.00702586,0.612293,1.712,1.81821
0.0125826,0.612293,1.712,1.81824
0.0181393,0.612293,1.712,1.81829
0.023696,0.612293,1.712,1.81835
0.0293895,0.615154,1.72,1.82693
0.0349722,0.615154,1.72,1.82703
0.0405549,0.615154,1.72,1.82715
0.0461375,0.615154,1.72,1.82728
0.0517202,0.615154,1.72,1.82743
0.0573029,0.615154,1.72,1.82759
0.0632147,0.618373,1.729,1.83734
0.0688266,0.618373,1.729,1.83754
0.0744385,0.618373,1.729,1.83776
0.0800504,0.618373,1.729,1.838
0.0856623,0.618373,1.729,1.83825
0.0912742,0.618373,1.729,1.83852
0.0968861,0.618373,1.729,1.83881
0.102498,0.618373,1.729,1.83911
0.10811,0.618373,1.729,1.83943
0.11313,0.615154,1.72,1.83019
0.118713,0.615154,1.72,1.83055
0.124295,0.615154,1.72,1.83092
0.129878,0.615154,1.72,1.83131
0.135461,0.615154,1.72,1.83171
0.140387,0.612293,1.712,1.82361
0.145944,0.612293,1.712,1.82405
0.150704,0.609074,1.703,1.81491
0.156232,0.609074,1.703,1.81538
0.161759,0.609074,1.703,1.81586
0.167287,0.609074,1.703,1.81636
0.172814,0.609074,1.703,1.81688
0.178342,0.609074,1.703,1.81741
0.183869,0.609074,1.703,1.81796
0.189397,0.609074,1.703,1.81853
0.194924,0.609074,1.703,1.81911
0.200452,0.609074,1.703,1.81971
0.207068,0.612293,1.712,1.82995
0.212625,0.612293,1.712,1.83059
0.218181,0.612293,1.712,1.83124
0.223738,0.612293,1.712,1.83191
0.229295,0.612293,1.712,1.8326
0.234852,0.612293,1.712,1.8333
0.240408,0.612293,1.712,1.83402
0.245965,0.612293,1.712,1.83476
0.251522,0.612293,1.712,1.83551
0.262334,0.624811,1.747,1.87382
0.268005,0.624811,1.747,1.87463
0.273675,0.624811,1.747,1.87545
0.279345,0.624811,1.747,1.87628
0.285016,0.624811,1.747,1.87713
0.290686,0.624811,1.747,1.878
0.296356,0.624811,1.747,1.87889
0.303583,0.62803,1.756,1.88948
0.309282,0.62803,1.756,1.8904
0.313367,0.624811,1.747,1.88165
0.319038,0.624811,1.747,1.8826
0.324708,0.624811,1.747,1.88357
0.330378,0.624811,1.747,1.88456
0.336049,0.624811,1.747,1.88556
0.341719,0.624811,1.747,1.88658
0.347389,0.624811,1.747,1.88761
0.351241,0.621592,1.738,1.87893
0.356882,0.621592,1.738,1.88
0.3644,0.624811,1.747,1.89082
0.370071,0.624811,1.747,1.89192
0.375741,0.624811,1.747,1.89303
0.381411,0.624811,1.747,1.89417
0.387082,0.624811,1.747,1.89532
0.392752,0.624811,1.747,1.89648
0.398422,0.624811,1.747,1.89767
0.404092,0.624811,1.747,1.89887
0.409763,0.624811,1.747,1.90008
0.415433,0.624811,1.747,1.90131
0.421103,0.624811,1.747,1.90256
0.426774,0.624811,1.747,1.90382
0.432444,0.624811,1.747,1.9051
0.440371,0.62803,1.756,1.91622
0.446071,0.62803,1.756,1.91753
0.451771,0.62803,1.756,1.91887
0.45747,0.62803,1.756,1.92022
0.46317,0.62803,1.756,1.92158
0.468869,0.62803,1.756,1.92297
0.474569,0.62803,1.756,1.92436
0.480268,0.62803,1.756,1.92578
0.485968,0.62803,1.756,1.92721
0.491667,0.62803,1.756,1.92865
0.494818,0.624811,1.747,1.92022
0.500488,0.624811,1.747,1.92169
0.506158,0.624811,1.747,1.92317
0.511829,0.624811,1.747,1.92467
0.517499,0.624811,1.747,1.92619
0.523169,0.624811,1.747,1.92772
0.52884,0.624811,1.747,1.92927
0.53451,0.624811,1.747,1.93083
0.542963,0.62803,1.756,1.94236
0.548663,0.62803,1.756,1.94396
0.554362,0.62803,1.756,1.94558
0.560062,0.62803,1.756,1.94721
0.568661,0.631248,1.765,1.95885
0.57439,0.631248,1.765,1.96052
0.57716,0.62803,1.756,1.9522
0.58286,0.62803,1.756,1.95389
0.58856,0.62803,1.756,1.9556
0.594259,0.62803,1.756,1.95732
0.599959,0.62803,1.756,1.95906
0.605658,0.62803,1.756,1.96081
0.611358,0.62803,1.756,1.96258
0.613895,0.624811,1.747,1.95429
0.619565,0.624811,1.747,1.95608
0.625235,0.624811,1.747,1.95789
0.627655,0.621592,1.738,1.94961
0.633296,0.621592,1.738,1.95143
0.638938,0.621592,1.738,1.95327
0.641241,0.618373,1.729,1.945
0.646853,0.618373,1.729,1.94686
0.652465,0.618373,1.729,1.94873
0.658077,0.618373,1.729,1.95061
0.660234,0.615154,1.72,1.94235
0.665816,0.615154,1.72,1.94425
0.671399,0.615154,1.72,1.94617
0.676982,0.615154,1.72,1.94811
0.682565,0.615154,1.72,1.95005
0.684947,0.612293,1.712,1.94294
0.690503,0.612293,1.712,1.9449
0.69606,0.612293,1.712,1.94688
0.701617,0.612293,1.712,1.94887
0.703456,0.609074,1.703,1.94063
0.708983,0.609074,1.703,1.94264
0.714511,0.609074,1.703,1.94466
0.720038,0.609074,1.703,1.9467
0.725566,0.609074,1.703,1.94875
0.731093,0.609074,1.703,1.95081
0.736621,0.609074,1.703,1.95289
0.742148,0.609074,1.703,1.95498
0.747676,0.609074,1.703,1.95709
0.753203,0.609074,1.703,1.95921
0.758731,0.609074,1.703,1.96134
0.764259,0.609074,1.703,1.96348
0.769786,0.609074,1.703,1.96564
0.775313,0.609074,1.703,1.96781
0.780841,0.609074,1.703,1.97
0.786369,0.609074,1.703,1.9722
0.791896,0.609074,1.703,1.97441
0.801638,0.612293,1.712,1.98708
0.807195,0.612293,1.712,1.98932
0.812751,0.612293,1.712,1.99159
0.822132,0.615154,1.72,2.00318
0.832046,0.618373,1.729,2.01597
0.837658,0.618373,1.729,2.01829
0.843269,0.618373,1.729,2.02063
0.8533,0.621592,1.738,2.0335
0.858941,0.621592,1.738,2.03588
0.869059,0.624811,1.747,2.04882
0.879236,0.62803,1.756,2.0618
0.889471,0.631248,1.765,2.07482
0.8952,0.631248,1.765,2.07728
0.905523,0.634467,1.774,2.09036
0.915904,0.637686,1.783,2.10348
0.921691,0.637686,1.783,2.106
0.93216,0.640905,1.792,2.11918
0.937976,0.640905,1.792,2.12175
0.943792,0.640905,1.792,2.12433
0.954908,0.644481,1.802,2.13879
0.960757,0.644481,1.802,2.1414
0.966606,0.644481,1.802,2.14404
0.972455,0.644481,1.802,2.14668
0.978303,0.644481,1.802,2.14933
0.989068,0.6477,1.811,2.16275
0.990001,0.644481,1.802,2.15468
0.99585,0.644481,1.802,2.15738
1.0017,0.644481,1.802,2.16008
1.00196,0.640905,1.792,2.1508
1.00777,0.640905,1.792,2.15352
1.01359,0.640905,1.792,2.15624
1.01429,0.637686,1.783,2.14814
1.02007,0.637686,1.783,2.15088
1.02586,0.637686,1.783,2.15363
1.02644,0.634467,1.774,2.14551
1.0322,0.634467,1.774,2.14827
1.03796,0.634467,1.774,2.15104
1.04371,0.634467,1.774,2.15383
1.04415,0.631248,1.765,2.14568
1.04988,0.631248,1.765,2.14847
1.0556,0.631248,1.765,2.15128
1.06133,0.631248,1.765,2.1541
1.06706,0.631248,1.765,2.15692
1.07279,0.631248,1.765,2.15976
1.07852,0.631248,1.765,2.16262
1.07872,0.62803,1.756,2.15444
1.08442,0.62803,1.756,2.1573
1.09012,0.62803,1.756,2.16017
1.10143,0.631248,1.765,2.17413
1.10152,0.62803,1.756,2.16594
1.10722,0.62803,1.756,2.16884
1.11292,0.62803,1.756,2.17176
1.11862,0.62803,1.756,2.17469
1.12432,0.62803,1.756,2.17762
1.13002,0.62803,1.756,2.18057
1.13572,0.62803,1.756,2.18353
1.14141,0.62803,1.756,2.1865
1.14711,0.62803,1.756,2.18948
1.15281,0.62803,1.756,2.19247
1.15851,0.62803,1.756,2.19548
1.15825,0.624811,1.747,2.18722
1.16392,0.624811,1.747,2.19023
1.17561,0.62803,1.756,2.20455
1.17526,0.624811,1.747,2.19628
1.18093,0.624811,1.747,2.19932
1.21105,0.637686,1.783,2.24775
-1.29797,0.67523,1.871,2.37514
-1.29881,0.678839,1.881,2.38451
-1.29957,0.682448,1.891,2.39385
-1.30096,0.686418,1.902,2.40443
-1.29479,0.686418,1.902,2.40109
-1.30284,0.693997,1.923,2.42424
-1.31143,0.701936,1.945,2.44859
-1.30512,0.701936,1.945,2.44521
-1.30615,0.705906,1.956,2.45566
-1.2998,0.705906,1.956,2.45229
-1.29345,0.705906,1.956,2.44893
-1.29434,0.709876,1.967,2.45934
-1.29582,0.714207,1.979,2.47097
-1.28939,0.714207,1.979,2.4676
-1.27519,0.709876,1.967,2.44931
-1.26881,0.709876,1.967,2.44599
-1.26242,0.709876,1.967,2.44269
-1.25604,0.709876,1.967,2.43939
-1.24965,0.709876,1.967,2.43611
-1.25085,0.714207,1.979,2.44769
-1.24443,0.714207,1.979,2.44441
-1.23801,0.714207,1.979,2.44115
-1.23158,0.714207,1.979,2.43789
-1.23197,0.718176,1.99,2.44819
-1.21874,0.714207,1.979,2.43143
-1.21231,0.714207,1.979,2.42822
-1.20589,0.714207,1.979,2.42502
-1.19947,0.714207,1.979,2.42183
-1.19967,0.718176,1.99,2.4321
-1.19322,0.718176,1.99,2.42892
-1.1802,0.714207,1.979,2.41234
-1.17377,0.714207,1.979,2.40921
-1.16027,0.709876,1.967,2.39149
-1.15389,0.709876,1.967,2.3884
-1.1475,0.709876,1.967,2.38533
-1.13474,0.705906,1.956,2.36894
-1.12839,0.705906,1.956,2.3659
-1.11573,0.701936,1.945,2.34959
-1.10314,0.697966,1.934,2.33333
-1.09686,0.697966,1.934,2.33037
-1.08438,0.693997,1.923,2.31418
-1.07814,0.693997,1.923,2.31127
-1.0719,0.693997,1.923,2.30836
-1.05956,0.690027,1.912,2.29228
-1.05336,0.690027,1.912,2.28942
-1.05318,0.693997,1.923,2.29973
-1.04694,0.693997,1.923,2.29688
-1.04069,0.693997,1.923,2.29404
-1.04037,0.697966,1.934,2.30432
-1.04586,0.705906,1.956,2.32767
-1.03951,0.705906,1.956,2.32483
-1.03897,0.709876,1.967,2.33505
-1.03258,0.709876,1.967,2.33222
-1.0262,0.709876,1.967,2.3294
-1.02604,0.714207,1.979,2.34079
-1.01343,0.709876,1.967,2.3238
-1.00705,0.709876,1.967,2.32102
-1.00066,0.709876,1.967,2.31826
-0.994277,0.709876,1.967,2.31551
-0.987893,0.709876,1.967,2.31278
-0.97602,0.705906,1.956,2.29714
-0.964218,0.701936,1.945,2.28155
-0.957905,0.701936,1.945,2.27889
-0.951592,0.701936,1.945,2.27624
-0.939933,0.697966,1.934,2.26075
-0.933656,0.697966,1.934,2.25815
-0.922104,0.693997,1.923,2.24273
-0.910623,0.690027,1.912,2.22736
-0.899687,0.686418,1.902,2.21319
-0.893514,0.686418,1.902,2.21069
-0.88734,0.686418,1.902,2.2082
-0.876071,0.682448,1.891,2.19297
-0.869933,0.682448,1.891,2.19053
-0.859227,0.678839,1.881,2.17652
-0.853122,0.678839,1.881,2.17412
-0.847017,0.678839,1.881,2.17173
-0.836441,0.67523,1.871,2.15783
-0.830368,0.67523,1.871,2.15548
-0.824295,0.67523,1.871,2.15315
-0.818223,0.67523,1.871,2.15083
-0.81215,0.67523,1.871,2.14853
-0.806077,0.67523,1.871,2.14624
-0.80428,0.678839,1.881,2.15542
-0.798175,0.678839,1.881,2.15315
-0.792069,0.678839,1.881,2.1509
-0.785964,0.678839,1.881,2.14866
-0.775713,0.67523,1.871,2.13502
-0.76964,0.67523,1.871,2.13282
-0.763567,0.67523,1.871,2.13064
-0.757495,0.67523,1.871,2.12847
-0.751422,0.67523,1.871,2.12631
-0.749333,0.678839,1.881,2.13553
-0.743227,0.678839,1.881,2.13339
-0.733203,0.67523,1.871,2.11994
-0.727131,0.67523,1.871,2.11785
-0.721058,0.67523,1.871,2.11577
-0.714985,0.67523,1.871,2.11371
-0.708912,0.67523,1.871,2.11167
-0.706596,0.678839,1.881,2.12091
-0.696767,0.67523,1.871,2.10762
-0.690694,0.67523,1.871,2.10562
-0.684621,0.67523,1.871,2.10364
-0.674922,0.671621,1.861,2.09043
-0.668881,0.671621,1.861,2.08849
-0.662841,0.671621,1.861,2.08657
-0.6568,0.671621,1.861,2.08465
-0.646914,0.667651,1.85,2.07045
-0.640909,0.667651,1.85,2.06858
-0.634904,0.667651,1.85,2.06673
-0.62584,0.664403,1.841,2.05485
-0.616498,0.660795,1.831,2.04188
-0.610555,0.660795,1.831,2.0401
-0.604612,0.660795,1.831,2.03832
-0.595399,0.657186,1.821,2.02545
-0.589489,0.657186,1.821,2.02372
-0.583578,0.657186,1.821,2.022
-0.574495,0.653577,1.811,2.00921
-0.568617,0.653577,1.811,2.00754
-0.562739,0.653577,1.811,2.00588
-0.554094,0.650329,1.802,1.99428
-0.548245,0.650329,1.802,1.99266
-0.542396,0.650329,1.802,1.99106
-0.536547,0.650329,1.802,1.98948
-0.527753,0.64672,1.792,1.97687
-0.521937,0.64672,1.792,1.97533
-0.516121,0.64672,1.792,1.9738
-0.510304,0.64672,1.792,1.97229
-0.504488,0.64672,1.792,1.97079
-0.496167,0.643472,1.783,1.95942
-0.49038,0.643472,1.783,1.95796
-0.484593,0.643472,1.783,1.95652
-0.478805,0.643472,1.783,1.9551
-0.473018,0.643472,1.783,1.95369
-0.467231,0.643472,1.783,1.95229
-0.461444,0.643472,1.783,1.95092
-0.455657,0.643472,1.783,1.94956
-0.44987,0.643472,1.783,1.94821
-0.444082,0.643472,1.783,1.94688
-0.438295,0.643472,1.783,1.94557
-0.432508,0.643472,1.783,1.94428
-0.426721,0.643472,1.783,1.943
-0.420934,0.643472,1.783,1.94173
-0.415147,0.643472,1.783,1.94049
-0.409359,0.643472,1.783,1.93926
-0.403572,0.643472,1.783,1.93804
-0.395777,0.640224,1.774,1.92707
-0.390019,0.640224,1.774,1.9259
-0.384261,0.640224,1.774,1.92474
-0.378503,0.640224,1.774,1.9236
-0.370854,0.636976,1.765,1.91272
-0.365125,0.636976,1.765,1.91162
-0.359397,0.636976,1.765,1.91053
-0.353668,0.636976,1.765,1.90946
-0.347939,0.636976,1.765,1.90841
-0.34221,0.636976,1.765,1.90737
-0.336482,0.636976,1.765,1.90635
-0.330753,0.636976,1.765,1.90535
-0.325024,0.636976,1.765,1.90436
-0.319295,0.636976,1.765,1.9034
-0.313567,0.636976,1.765,1.90244
-0.307838,0.636976,1.765,1.90151
-0.302109,0.636976,1.765,1.90059
-0.29638,0.636976,1.765,1.89969
-0.290652,0.636976,1.765,1.8988
-0.28347,0.633728,1.756,1.88825
-0.277771,0.633728,1.756,1.88741
-0.272071,0.633728,1.756,1.88658
-0.266371,0.633728,1.756,1.88576
-0.260672,0.633728,1.756,1.88497
-0.254972,0.633728,1.756,1.88419
-0.249273,0.633728,1.756,1.88342
-0.243573,0.633728,1.756,1.88268
-0.237874,0.633728,1.756,1.88195
-0.232174,0.633728,1.756,1.88124
-0.226475,0.633728,1.756,1.88054
-0.219644,0.63048,1.747,1.87023
-0.213973,0.63048,1.747,1.86957
-0.208303,0.63048,1.747,1.86893
-0.201589,0.627232,1.738,1.85868
-0.195948,0.627232,1.738,1.85808
-0.190307,0.627232,1.738,1.85749
-0.184665,0.627232,1.738,1.85692
-0.178097,0.623984,1.729,1.84676
-0.172485,0.623984,1.729,1.84623
-0.166873,0.623984,1.729,1.84571
-0.160422,0.620735,1.72,1.83561
-0.154839,0.620735,1.72,1.83513
-0.149257,0.620735,1.72,1.83466
-0.143006,0.617848,1.712,1.82569
-0.137449,0.617848,1.712,1.82526
-0.131199,0.6146,1.703,1.81526
-0.125671,0.6146,1.703,1.81487
-0.120144,0.6146,1.703,1.81449
-0.114616,0.6146,1.703,1.81413
-0.108576,0.611713,1.695,1.80527
-0.102528,0.608465,1.686,1.79537
-0.0970552,0.608465,1.686,1.79506
-0.0915829,0.608465,1.686,1.79477
-0.0861106,0.608465,1.686,1.7945
-0.0806382,0.608465,1.686,1.79425
-0.0751659,0.608465,1.686,1.79401
-0.0693629,0.605578,1.678,1.78528
-0.0639165,0.605578,1.678,1.78508
-0.0584701,0.605578,1.678,1.78489
-0.0530238,0.605578,1.678,1.78472
-0.0475774,0.605578,1.678,1.78457
-0.042131,0.605578,1.678,1.78443
-0.0365097,0.602691,1.67,1.7758
-0.0310893,0.602691,1.67,1.7757
-0.0257919,0.605578,1.678,1.78412
-0.0203455,0.605578,1.678,1.78405
-0.015201,0.617848,1.712,1.82014
-0.00964432,0.617848,1.712,1.8201
-0.00408759,0.617848,1.712,1.82008
0.00146914,0.617848,1.712,1.82008
0.00702586,0.617848,1.712,1.82009
0.0125826,0.617848,1.712,1.82012
0.0181393,0.617848,1.712,1.82017
0.023696,0.617848,1.712,1.82023
0.0293895,0.620735,1.72,1.82882
0.0349722,0.620735,1.72,1.82892
0.0405549,0.620735,1.72,1.82903
0.0461375,0.620735,1.72,1.82916
0.0517202,0.620735,1.72,1.82931
0.0573029,0.620735,1.72,1.82948
0.0632147,0.623984,1.729,1.83924
0.0688266,0.623984,1.729,1.83944
0.0744385,0.623984,1.729,1.83966
0.0800504,0.623984,1.729,1.83989
0.0856623,0.623984,1.729,1.84015
0.0912742,0.623984,1.729,1.84042
0.0968861,0.623984,1.729,1.8407
0.102498,0.623984,1.729,1.84101
0.10811,0.623984,1.729,1.84133
0.11313,0.620735,1.72,1.83208
0.118713,0.620735,1.72,1.83243
0.124295,0.620735,1.72,1.8328
0.129878,0.620735,1.72,1.83319
0.135461,0.620735,1.72,1.83359
0.140387,0.617848,1.712,1.82548
0.145944,0.617848,1.712,1.82592
0.150704,0.6146,1.703,1.81677
0.156232,0.6146,1.703,1.81724
0.161759,0.6146,1.703,1.81772
0.167287,0.6146,1.703,1.81822
0.172814,0.6146,1.703,1.81874
0.178342,0.6146,1.703,1.81927
0.183869,0.6146,1.703,1.81982
0.189397,0.6146,1.703,1.82039
0.194924,0.6146,1.703,1.82097
0.200452,0.6146,1.703,1.82157
0.207068,0.617848,1.712,1.83182
0.212625,0.617848,1.712,1.83245
0.218181,0.617848,1.712,1.83311
0.223738,0.617848,1.712,1.83378
0.229295,0.617848,1.712,1.83446
0.234852,0.617848,1.712,1.83517
0.240408,0.617848,1.712,1.83589
0.245965,0.617848,1.712,1.83662
0.251522,0.617848,1.712,1.83737
0.257079,0.617848,1.712,1.83814
0.263863,0.620735,1.72,1.84752
0.269445,0.620735,1.72,1.84833
0.275028,0.620735,1.72,1.84915
0.280611,0.620735,1.72,1.84999
0.286193,0.620735,1.72,1.85084
0.291776,0.620735,1.72,1.85171
0.297359,0.620735,1.72,1.8526
0.302941,0.620735,1.72,1.85351
0.307089,0.617848,1.712,1.8458
0.312646,0.617848,1.712,1.84673
0.318203,0.617848,1.712,1.84768
0.323759,0.617848,1.712,1.84865
0.329316,0.617848,1.712,1.84963
0.334873,0.617848,1.712,1.85063
0.33864,0.6146,1.703,1.84191
0.344167,0.6146,1.703,1.84293
0.349695,0.6146,1.703,1.84397
0.3571,0.617848,1.712,1.85478
0.362656,0.617848,1.712,1.85586
0.366277,0.6146,1.703,1.84719
0.371805,0.6146,1.703,1.84829
0.377332,0.6146,1.703,1.84941
0.38286,0.6146,1.703,1.85055
0.388388,0.6146,1.703,1.8517
0.393915,0.6146,1.703,1.85287
0.399443,0.6146,1.703,1.85405
0.40497,0.6146,1.703,1.85525
0.410498,0.6146,1.703,1.85646
0.416025,0.6146,1.703,1.85769
0.421553,0.6146,1.703,1.85894
0.429337,0.617848,1.712,1.87003
0.434894,0.617848,1.712,1.87131
0.440451,0.617848,1.712,1.87261
0.446007,0.617848,1.712,1.87393
0.451564,0.617848,1.712,1.87526
0.457121,0.617848,1.712,1.8766
0.462678,0.617848,1.712,1.87796
0.468234,0.617848,1.712,1.87934
0.473791,0.617848,1.712,1.88073
0.479348,0.617848,1.712,1.88214
0.484904,0.617848,1.712,1.88356
0.492753,0.620735,1.72,1.89381
0.498336,0.620735,1.72,1.89527
0.503918,0.620735,1.72,1.89675
0.509501,0.620735,1.72,1.89824
0.515084,0.620735,1.72,1.89974
0.520666,0.620735,1.72,1.90126
0.526249,0.620735,1.72,1.9028
0.531832,0.620735,1.72,1.90435
0.537415,0.620735,1.72,1.90592
0.542997,0.620735,1.72,1.9075
0.54858,0.620735,1.72,1.9091
0.557062,0.623984,1.729,1.92071
0.562674,0.623984,1.729,1.92234
0.568286,0.623984,1.729,1.92399
0.573898,0.623984,1.729,1.92566
0.57951,0.623984,1.729,1.92734
0.585122,0.623984,1.729,1.92903
0.590734,0.623984,1.729,1.93074
0.596346,0.623984,1.729,1.93247
0.598824,0.620735,1.72,1.92414
0.604407,0.620735,1.72,1.92588
0.60999,0.620735,1.72,1.92764
0.612709,0.617848,1.712,1.92044
0.615016,0.6146,1.703,1.91212
0.620543,0.6146,1.703,1.9139
0.626071,0.6146,1.703,1.9157
0.631598,0.6146,1.703,1.91751
0.637126,0.6146,1.703,1.91934
0.642653,0.6146,1.703,1.92118
0.645136,0.611713,1.695,1.91401
0.650637,0.611713,1.695,1.91587
0.656139,0.611713,1.695,1.91774
0.66164,0.611713,1.695,1.91963
0.6636,0.608465,1.686,1.91133
0.669072,0.608465,1.686,1.91324
0.674544,0.608465,1.686,1.91516
0.680017,0.608465,1.686,1.91709
0.685489,0.608465,1.686,1.91904
0.687683,0.605578,1.678,1.91189
0.693129,0.605578,1.678,1.91385
0.698575,0.605578,1.678,1.91583
0.704022,0.605578,1.678,1.91783
0.709468,0.605578,1.678,1.91983
0.714915,0.605578,1.678,1.92185
0.720361,0.605578,1.678,1.92388
0.725807,0.605578,1.678,1.92593
0.731254,0.605578,1.678,1.92799
0.7367,0.605578,1.678,1.93006
0.742146,0.605578,1.678,1.93215
0.747593,0.605578,1.678,1.93425
0.753039,0.605578,1.678,1.93636
0.758486,0.605578,1.678,1.93848
0.763932,0.605578,1.678,1.94062
0.769378,0.605578,1.678,1.94277
0.774825,0.605578,1.678,1.94493
0.780271,0.605578,1.678,1.94711
0.789463,0.608465,1.686,1.95859
0.794936,0.608465,1.686,1.9608
0.800408,0.608465,1.686,1.96303
0.810182,0.611713,1.695,1.97576
0.819534,0.6146,1.703,1.98735
0.825061,0.6146,1.703,1.98964
0.830589,0.6146,1.703,1.99194
0.840535,0.617848,1.712,2.00479
0.846092,0.617848,1.712,2.00713
0.855628,0.620735,1.72,2.01886
0.870223,0.627232,1.738,2.04239
0.8804,0.63048,1.747,2.05539
0.88607,0.63048,1.747,2.05782
0.896335,0.633728,1.756,2.07088
0.915904,0.643472,1.783,2.10524
0.921691,0.643472,1.783,2.10776
0.93216,0.64672,1.792,2.12095
0.937976,0.64672,1.792,2.12351
0.943792,0.64672,1.792,2.12609
0.954908,0.650329,1.802,2.14056
0.960757,0.650329,1.802,2.14317
0.966606,0.650329,1.802,2.1458
0.972455,0.650329,1.802,2.14844
0.978303,0.650329,1.802,2.15109
0.989068,0.653577,1.811,2.16452
0.990001,0.650329,1.802,2.15644
0.99585,0.650329,1.802,2.15913
1.0017,0.650329,1.802,2.16184
1.00196,0.64672,1.792,2.15254
1.00777,0.64672,1.792,2.15525
1.01359,0.64672,1.792,2.15798
1.01429,0.643472,1.783,2.14987
1.02007,0.643472,1.783,2.1526
1.02586,0.643472,1.783,2.15535
1.02644,0.640224,1.774,2.14722
1.0322,0.640224,1.774,2.14998
1.03796,0.640224,1.774,2.15275
1.04371,0.640224,1.774,2.15553
1.04415,0.636976,1.765,2.14737
1.04988,0.636976,1.765,2.15016
1.0556,0.636976,1.765,2.15297
1.06133,0.636976,1.765,2.15578
1.06706,0.636976,1.765,2.15861
1.07279,0.636976,1.765,2.16144
1.07852,0.636976,1.765,2.16429
1.07872,0.633728,1.756,2.1561
1.08442,0.633728,1.756,2.15896
1.09012,0.633728,1.756,2.16183
1.10143,0.636976,1.765,2.1758
1.10152,0.633728,1.756,2.1676
1.10722,0.633728,1.756,2.1705
1.11292,0.633728,1.756,2.17341
1.11862,0.633728,1.756,2.17634
1.12432,0.633728,1.756,2.17927
1.13002,0.633728,1.756,2.18222
1.13572,0.633728,1.756,2.18518
1.14141,0.633728,1.756,2.18814
1.14711,0.633728,1.756,2.19112
1.15281,0.633728,1.756,2.19411
1.15851,0.633728,1.756,2.19711
1.15825,0.63048,1.747,2.18885
1.16392,0.63048,1.747,2.19185
1.17561,0.633728,1.756,2.20618
1.17526,0.63048,1.747,2.1979
1.18093,0.63048,1.747,2.20093
1.1866,0.63048,1.747,2.20398
-1.25011,0.656176,1.802,2.28922
-1.29881,0.684943,1.881,2.38625
-1.29957,0.688584,1.891,2.3956
-1.30096,0.69259,1.902,2.4062
-1.29479,0.69259,1.902,2.40286
-1.30284,0.700236,1.923,2.42604
-1.31143,0.708248,1.945,2.45041
-1.30512,0.708248,1.945,2.44703
-1.30615,0.712253,1.956,2.45749
-1.2998,0.712253,1.956,2.45412
-1.29345,0.712253,1.956,2.45077
-1.29434,0.716259,1.967,2.46119
-1.29582,0.720628,1.979,2.47283
-1.28939,0.720628,1.979,2.46947
-1.27519,0.716259,1.967,2.45117
-1.26881,0.716259,1.967,2.44785
-1.26242,0.716259,1.967,2.44455
-1.25604,0.716259,1.967,2.44126
-1.24965,0.716259,1.967,2.43798
-1.25085,0.720628,1.979,2.44957
-1.24443,0.720628,1.979,2.44629
-1.23801,0.720628,1.979,2.44303
-1.23158,0.720628,1.979,2.43978
-1.23197,0.724634,1.99,2.45009
-1.21874,0.720628,1.979,2.43332
-1.21231,0.720628,1.979,2.43011
-1.20589,0.720628,1.979,2.42692
-1.19947,0.720628,1.979,2.42373
-1.19967,0.724634,1.99,2.43401
-1.19322,0.724634,1.99,2.43084
-1.1802,0.720628,1.979,2.41425
-1.17377,0.720628,1.979,2.41112
-1.16027,0.716259,1.967,2.3934
-1.15389,0.716259,1.967,2.39031
-1.1475,0.716259,1.967,2.38723
-1.13474,0.712253,1.956,2.37084
-1.12839,0.712253,1.956,2.36781
-1.11573,0.708248,1.945,2.35149
-1.10314,0.704242,1.934,2.33522
-1.09686,0.704242,1.934,2.33226
-1.08438,0.700236,1.923,2.31606
-1.07814,0.700236,1.923,2.31315
-1.0719,0.700236,1.923,2.31025
-1.05956,0.696231,1.912,2.29416
-1.05336,0.696231,1.912,2.2913
-1.05318,0.700236,1.923,2.30162
-1.04694,0.700236,1.923,2.29877
-1.04069,0.700236,1.923,2.29593
-1.04037,0.704242,1.934,2.30623
-1.03409,0.704242,1.934,2.3034
-1.02781,0.704242,1.934,2.30059
-1.02154,0.704242,1.934,2.29779
-1.02103,0.708248,1.945,2.30806
-1.01472,0.708248,1.945,2.30528
-1.00841,0.708248,1.945,2.3025
-1.0021,0.708248,1.945,2.29975
-0.995783,0.708248,1.945,2.297
-0.98947,0.708248,1.945,2.29427
-0.977597,0.704242,1.934,2.2786
-0.971319,0.704242,1.934,2.27591
-0.965042,0.704242,1.934,2.27324
-0.953312,0.700236,1.923,2.25767
-0.94707,0.700236,1.923,2.25504
-0.935447,0.696231,1.912,2.23954
-0.929241,0.696231,1.912,2.23696
-0.923035,0.696231,1.912,2.23438
-0.912034,0.69259,1.902,2.22016
-0.895859,0.684943,1.881,2.19314
-0.889754,0.684943,1.881,2.19065
-0.883648,0.684943,1.881,2.18818
-0.877543,0.684943,1.881,2.18572
-0.862172,0.67766,1.861,2.16007
-0.856132,0.67766,1.861,2.15766
-0.850091,0.67766,1.861,2.15527
-0.839062,0.673654,1.85,2.14017
-0.833057,0.673654,1.85,2.13783
-0.827053,0.673654,1.85,2.13549
-0.821048,0.673654,1.85,2.13317
-0.815044,0.673654,1.85,2.13087
-0.809039,0.673654,1.85,2.12858
-0.803034,0.673654,1.85,2.12631
-0.79703,0.673654,1.85,2.12404
-0.791025,0.673654,1.85,2.1218
-0.78502,0.673654,1.85,2.11957
-0.779016,0.673654,1.85,2.11735
-0.777607,0.67766,1.861,2.12773
-0.767006,0.673654,1.85,2.11296
-0.761002,0.673654,1.85,2.11079
-0.754997,0.673654,1.85,2.10863
-0.748993,0.673654,1.85,2.10649
-0.742988,0.673654,1.85,2.10436
-0.741365,0.67766,1.861,2.11475
-0.735325,0.67766,1.861,2.11264
-0.724974,0.673654,1.85,2.09807
-0.718969,0.673654,1.85,2.096
-0.712965,0.673654,1.85,2.09395
-0.70696,0.673654,1.85,2.09191
-0.700955,0.673654,1.85,2.08989
-0.699083,0.67766,1.861,2.1003
-0.688946,0.673654,1.85,2.0859
-0.682941,0.673654,1.85,2.08392
-0.676937,0.673654,1.85,2.08196
-0.667668,0.670377,1.841,2.0699
-0.661693,0.670377,1.841,2.06798
-0.655717,0.670377,1.841,2.06607
-0.649742,0.670377,1.841,2.06418
-0.64027,0.666736,1.831,2.05111
-0.634327,0.666736,1.831,2.04926
-0.628384,0.666736,1.831,2.04743
-0.619041,0.663094,1.821,2.03444
-0.609764,0.659453,1.811,2.02149
-0.603886,0.659453,1.811,2.01972
-0.595036,0.656176,1.802,2.00794
-0.589187,0.656176,1.802,2.00622
-0.583338,0.656176,1.802,2.00451
-0.574285,0.652534,1.792,1.9917
-0.568468,0.652534,1.792,1.99003
-0.559826,0.649257,1.783,1.97839
-0.554039,0.649257,1.783,1.97676
-0.548252,0.649257,1.783,1.97515
-0.539726,0.64598,1.774,1.96359
-0.533968,0.64598,1.774,1.96201
-0.52821,0.64598,1.774,1.96045
-0.522452,0.64598,1.774,1.95891
-0.516694,0.64598,1.774,1.95738
-0.508344,0.642703,1.765,1.94595
-0.502616,0.642703,1.765,1.94446
-0.496887,0.642703,1.765,1.94298
-0.488654,0.639426,1.756,1.93163
-0.482954,0.639426,1.756,1.93019
-0.477254,0.639426,1.756,1.92877
-0.471555,0.639426,1.756,1.92737
-0.465855,0.639426,1.756,1.92599
-0.460156,0.639426,1.756,1.92462
-0.454456,0.639426,1.756,1.92326
-0.448757,0.639426,1.756,1.92192
-0.443057,0.639426,1.756,1.9206
-0.437358,0.639426,1.756,1.91929
-0.431658,0.639426,1.756,1.918
-0.425959,0.639426,1.756,1.91673
-0.420259,0.639426,1.756,1.91547
-0.41456,0.639426,1.756,1.91423
-0.40886,0.639426,1.756,1.913
-0.40316,0.639426,1.756,1.91179
-0.397461,0.639426,1.756,1.9106
-0.389753,0.636148,1.747,1.89963
-0.384083,0.636148,1.747,1.89848
-0.378413,0.636148,1.747,1.89734
-0.372742,0.636148,1.747,1.89621
-0.365181,0.632871,1.738,1.88535
-0.35954,0.632871,1.738,1.88426
-0.353899,0.632871,1.738,1.88319
-0.348258,0.632871,1.738,1.88214
-0.342617,0.632871,1.738,1.88111
-0.336976,0.632871,1.738,1.88009
-0.331334,0.632871,1.738,1.87908
-0.325693,0.632871,1.738,1.8781
-0.320052,0.632871,1.738,1.87713
-0.314411,0.632871,1.738,1.87617
-0.30877,0.632871,1.738,1.87524
-0.307838,0.642703,1.765,1.90343
-0.302109,0.642703,1.765,1.90251
-0.29638,0.642703,1.765,1.90161
-0.290652,0.642703,1.765,1.90073
-0.28347,0.639426,1.756,1.89017
-0.277771,0.639426,1.756,1.88933
-0.272071,0.639426,1.756,1.8885
-0.266371,0.639426,1.756,1.88769
-0.260672,0.639426,1.756,1.88689
-0.254972,0.639426,1.756,1.88611
-0.249273,0.639426,1.756,1.88535
-0.243573,0.639426,1.756,1.8846
-0.237874,0.639426,1.756,1.88388
-0.232174,0.639426,1.756,1.88316
-0.226475,0.639426,1.756,1.88247
-0.219644,0.636148,1.747,1.87215
-0.213973,0.636148,1.747,1.87149
-0.208303,0.636148,1.747,1.87085
-0.201589,0.632871,1.738,1.86059
-0.195948,0.632871,1.738,1.85999
-0.190307,0.632871,1.738,1.8594
-0.184665,0.632871,1.738,1.85884
-0.178097,0.629594,1.729,1.84866
-0.172485,0.629594,1.729,1.84813
-0.166873,0.629594,1.729,1.84761
-0.160422,0.626317,1.72,1.8375
-0.154839,0.626317,1.72,1.83702
-0.149257,0.626317,1.72,1.83656
-0.143006,0.623403,1.712,1.82757
-0.137449,0.623403,1.712,1.82715
-0.131199,0.620126,1.703,1.81713
-0.125671,0.620126,1.703,1.81674
-0.120144,0.620126,1.703,1.81637
-0.114616,0.620126,1.703,1.81601
-0.108576,0.617213,1.695,1.80714
-0.102528,0.613936,1.686,1.79723
-0.0970552,0.613936,1.686,1.79692
-0.0915829,0.613936,1.686,1.79664
-0.0861106,0.613936,1.686,1.79637
-0.0806382,0.613936,1.686,1.79611
-0.0751659,0.613936,1.686,1.79587
-0.0693629,0.611023,1.678,1.78713
-0.0639165,0.611023,1.678,1.78693
-0.0584701,0.611023,1.678,1.78674
-0.0530238,0.611023,1.678,1.78657
-0.0475774,0.611023,1.678,1.78642
-0.042131,0.611023,1.678,1.78628
-0.0365097,0.60811,1.67,1.77765
-0.0310893,0.60811,1.67,1.77754
-0.0257919,0.611023,1.678,1.78597
-0.0203455,0.611023,1.678,1.7859
-0.0148992,0.611023,1.678,1.78585
-0.00945278,0.611023,1.678,1.78581
-0.00400641,0.611023,1.678,1.78579
0.0014331,0.60811,1.67,1.77727
0.0068535,0.60811,1.67,1.77729
0.0123327,0.611023,1.678,1.78583
0.0177791,0.611023,1.678,1.78587
0.0233362,0.613936,1.686,1.79445
0.0288085,0.613936,1.686,1.79453
0.0342809,0.613936,1.686,1.79463
0.0397532,0.613936,1.686,1.79474
0.0454669,0.617213,1.695,1.80445
0.0509685,0.617213,1.695,1.8046
0.05647,0.617213,1.695,1.80476
0.0619716,0.617213,1.695,1.80494
0.0674731,0.617213,1.695,1.80514
0.0729747,0.617213,1.695,1.80535
0.0788466,0.620126,1.703,1.81411
0.0843741,0.620126,1.703,1.81436
0.0899017,0.620126,1.703,1.81462
0.0954292,0.620126,1.703,1.8149
0.100957,0.620126,1.703,1.8152
0.106484,0.620126,1.703,1.81552
0.111486,0.617213,1.695,1.80732
0.116987,0.617213,1.695,1.80767
0.122489,0.617213,1.695,1.80803
0.12799,0.617213,1.695,1.80841
0.133492,0.617213,1.695,1.80881
0.138993,0.617213,1.695,1.80923
0.143728,0.613936,1.686,1.80005
0.1492,0.613936,1.686,1.80049
0.154672,0.613936,1.686,1.80095
0.160145,0.613936,1.686,1.80143
0.165617,0.613936,1.686,1.80193
0.171089,0.613936,1.686,1.80244
0.176562,0.613936,1.686,1.80297
0.182034,0.613936,1.686,1.80351
0.187506,0.613936,1.686,1.80407
0.192979,0.613936,1.686,1.80465
0.198451,0.613936,1.686,1.80524
0.203923,0.613936,1.686,1.80585
0.209396,0.613936,1.686,1.80648
0.214868,0.613936,1.686,1.80712
0.22034,0.613936,1.686,1.80778
0.225813,0.613936,1.686,1.80845
0.231285,0.613936,1.686,1.80915
0.236757,0.613936,1.686,1.80985
0.24223,0.613936,1.686,1.81058
0.247702,0.613936,1.686,1.81132
0.253174,0.613936,1.686,1.81207
0.258647,0.613936,1.686,1.81285
0.264119,0.613936,1.686,1.81364
0.269591,0.613936,1.686,1.81444
0.275064,0.613936,1.686,1.81526
0.280536,0.613936,1.686,1.8161
0.286008,0.613936,1.686,1.81695
0.291481,0.613936,1.686,1.81782
0.296953,0.613936,1.686,1.81871
0.302425,0.613936,1.686,1.81961
0.306437,0.611023,1.678,1.81189
0.311883,0.611023,1.678,1.81282
0.31733,0.611023,1.678,1.81376
0.322776,0.611023,1.678,1.81472
0.328222,0.611023,1.678,1.8157
0.332078,0.60811,1.67,1.80803
0.337498,0.60811,1.67,1.80903
0.342919,0.60811,1.67,1.81005
0.350008,0.611023,1.678,1.81976
0.355454,0.611023,1.678,1.82082
0.35918,0.60811,1.67,1.8132
0.3646,0.60811,1.67,1.81429
0.370021,0.60811,1.67,1.81538
0.375441,0.60811,1.67,1.81649
0.380861,0.60811,1.67,1.81762
0.386282,0.60811,1.67,1.81877
0.391702,0.60811,1.67,1.81993
0.397123,0.60811,1.67,1.8211
0.402543,0.60811,1.67,1.82229
0.407964,0.60811,1.67,1.82349
0.413384,0.60811,1.67,1.82471
0.416798,0.605197,1.662,1.8172
0.422192,0.605197,1.662,1.81845
0.431703,0.611023,1.678,1.83723
0.43715,0.611023,1.678,1.83851
0.442596,0.611023,1.678,1.83982
0.448042,0.611023,1.678,1.84113
0.455651,0.613936,1.686,1.85125
0.461123,0.613936,1.686,1.85261
0.466596,0.613936,1.686,1.85398
0.472068,0.613936,1.686,1.85536
0.47754,0.613936,1.686,1.85676
0.483013,0.613936,1.686,1.85818
0.488485,0.613936,1.686,1.85961
0.493957,0.613936,1.686,1.86105
0.49943,0.613936,1.686,1.86251
0.504902,0.613936,1.686,1.86398
0.510374,0.613936,1.686,1.86547
0.515847,0.613936,1.686,1.86698
0.521319,0.613936,1.686,1.8685
0.529603,0.617213,1.695,1.88002
0.535105,0.617213,1.695,1.88157
0.540606,0.617213,1.695,1.88314
0.546108,0.617213,1.695,1.88473
0.551609,0.617213,1.695,1.88633
0.557111,0.617213,1.695,1.88795
0.562613,0.617213,1.695,1.88958
0.568114,0.617213,1.695,1.89122
0.573616,0.617213,1.695,1.89288
0.579117,0.617213,1.695,1.89456
0.584619,0.617213,1.695,1.89625
0.59012,0.617213,1.695,1.89795
0.604407,0.626317,1.72,1.92769
0.60999,0.626317,1.72,1.92945
0.612709,0.623403,1.712,1.92224
0.615016,0.620126,1.703,1.9139
0.620543,0.620126,1.703,1.91568
0.626071,0.620126,1.703,1.91748
0.631598,0.620126,1.703,1.91929
0.637126,0.620126,1.703,1.92112
0.642653,0.620126,1.703,1.92296
0.645136,0.617213,1.695,1.91577
0.650637,0.617213,1.695,1.91763
0.656139,0.617213,1.695,1.9195
0.66164,0.617213,1.695,1.92139
0.6636,0.613936,1.686,1.91308
0.669072,0.613936,1.686,1.91499
0.674544,0.613936,1.686,1.9169
0.680017,0.613936,1.686,1.91884
0.685489,0.613936,1.686,1.92078
0.687683,0.611023,1.678,1.91362
0.693129,0.611023,1.678,1.91558
0.698575,0.611023,1.678,1.91756
0.704022,0.611023,1.678,1.91955
0.709468,0.611023,1.678,1.92156
0.714915,0.611023,1.678,1.92357
0.720361,0.611023,1.678,1.9256
0.725807,0.611023,1.678,1.92765
0.731254,0.611023,1.678,1.92971
0.7367,0.611023,1.678,1.93178
0.742146,0.611023,1.678,1.93386
0.747593,0.611023,1.678,1.93596
0.753039,0.611023,1.678,1.93807
0.758486,0.611023,1.678,1.94019
0.763932,0.611023,1.678,1.94232
0.769378,0.611023,1.678,1.94447
0.774825,0.611023,1.678,1.94663
0.780271,0.611023,1.678,1.94881
0.789463,0.613936,1.686,1.9603
0.794936,0.613936,1.686,1.96251
0.800408,0.613936,1.686,1.96473
0.810182,0.617213,1.695,1.97747
0.819534,0.620126,1.703,1.98907
0.825061,0.620126,1.703,1.99135
0.830589,0.620126,1.703,1.99365
0.840535,0.623403,1.712,2.00651
0.846092,0.623403,1.712,2.00884
0.855628,0.626317,1.72,2.02059
0.870223,0.632871,1.738,2.04413
0.8804,0.636148,1.747,2.05713
0.88607,0.636148,1.747,2.05957
0.896335,0.639426,1.756,2.07264
0.906657,0.642703,1.765,2.08574
0.912386,0.642703,1.765,2.08824
0.922797,0.64598,1.774,2.10141
0.933265,0.649257,1.783,2.11462
0.939052,0.649257,1.783,2.11718
0.949609,0.652534,1.792,2.13045
0.955425,0.652534,1.792,2.13305
0.961242,0.652534,1.792,2.13566
0.967058,0.652534,1.792,2.13829
0.972874,0.652534,1.792,2.14092
0.978691,0.652534,1.792,2.14357
0.979563,0.649257,1.783,2.13545
0.975402,0.642703,1.765,2.11653
0.981131,0.642703,1.765,2.11918
0.98686,0.642703,1.765,2.12184
0.992589,0.642703,1.765,2.12451
0.998317,0.642703,1.765,2.12719
0.998926,0.639426,1.756,2.11902
0.999477,0.636148,1.747,2.11084
1.00515,0.636148,1.747,2.11353
1.01082,0.636148,1.747,2.11623
1.01125,0.632871,1.738,2.10803
1.01689,0.632871,1.738,2.11074
1.02253,0.632871,1.738,2.11347
1.02817,0.632871,1.738,2.1162
1.02846,0.629594,1.729,2.10798
1.03407,0.629594,1.729,2.11072
1.03427,0.626317,1.72,2.10247
1.03986,0.626317,1.72,2.10523
1.04544,0.626317,1.72,2.10799
1.04613,0.623403,1.712,2.10095
1.05169,0.623403,1.712,2.10372
1.05725,0.623403,1.712,2.1065
1.0628,0.623403,1.712,2.1093
1.07335,0.626317,1.72,2.12197
1.07894,0.626317,1.72,2.1248
1.08452,0.626317,1.72,2.12764
1.0901,0.626317,1.72,2.13049
1.09568,0.626317,1.72,2.13335
1.10127,0.626317,1.72,2.13623
1.10685,0.626317,1.72,2.13911
1.11243,0.626317,1.72,2.142
1.11801,0.626317,1.72,2.14491
1.1236,0.626317,1.72,2.14782
1.12918,0.626317,1.72,2.15075
1.13476,0.626317,1.72,2.15368
1.14035,0.626317,1.72,2.15663
1.14593,0.626317,1.72,2.15959
1.15754,0.629594,1.729,2.17387
1.15709,0.626317,1.72,2.16553
1.16268,0.626317,1.72,2.16852
1.17437,0.629594,1.729,2.18288
-1.25011,0.662023,1.802,2.2909
-1.24426,0.662023,1.802,2.28772
-1.25147,0.669003,1.821,2.30863
-1.24556,0.669003,1.821,2.30543
-1.23965,0.669003,1.821,2.30224
-1.24728,0.676351,1.841,2.32432
-1.25479,0.683699,1.861,2.34633
-1.24875,0.683699,1.861,2.34311
-1.24939,0.687372,1.871,2.35247
-1.24996,0.691046,1.881,2.3618
-1.24386,0.691046,1.881,2.35858
-1.24433,0.69472,1.891,2.36789
-1.2454,0.698761,1.902,2.37842
-1.24574,0.702435,1.912,2.38768
-1.23953,0.702435,1.912,2.38445
-1.23333,0.702435,1.912,2.38123
-1.22712,0.702435,1.912,2.37802
-1.22092,0.702435,1.912,2.37483
-1.21471,0.702435,1.912,2.37164
-1.20851,0.702435,1.912,2.36847
-1.2023,0.702435,1.912,2.36531
-1.20297,0.706476,1.923,2.37575
-1.20358,0.710517,1.934,2.38617
-1.1973,0.710517,1.934,2.38301
-1.19102,0.710517,1.934,2.37986
-1.18475,0.710517,1.934,2.37672
-1.17847,0.710517,1.934,2.3736
-1.17219,0.710517,1.934,2.37049
-1.16592,0.710517,1.934,2.36739
-1.15964,0.710517,1.934,2.36431
-1.15336,0.710517,1.934,2.36124
-1.14056,0.706476,1.923,2.34476
-1.13432,0.706476,1.923,2.34173
-1.12808,0.706476,1.923,2.33872
-1.11542,0.702435,1.912,2.32235
-1.10921,0.702435,1.912,2.31938
-1.10301,0.702435,1.912,2.31642
-1.09106,0.698761,1.902,2.30137
-1.07862,0.69472,1.891,2.28515
-1.07248,0.69472,1.891,2.28226
-1.0607,0.691046,1.881,2.26733
-1.0546,0.691046,1.881,2.26448
-1.05406,0.69472,1.891,2.27367
-1.04239,0.691046,1.881,2.25882
-1.03628,0.691046,1.881,2.25601
-1.03565,0.69472,1.891,2.26519
-1.0355,0.698761,1.902,2.27555
-1.02933,0.698761,1.902,2.27275
-1.02316,0.698761,1.902,2.26996
-1.01698,0.698761,1.902,2.26718
-1.01081,0.698761,1.902,2.26442
-1.00992,0.702435,1.912,2.27356
-1.00949,0.706476,1.923,2.28388
-1.00324,0.706476,1.923,2.28113
-1.00271,0.710517,1.934,2.29142
-0.996428,0.710517,1.934,2.28868
-0.990151,0.710517,1.934,2.28596
-0.978278,0.706476,1.923,2.27026
-0.966476,0.702435,1.912,2.2546
-0.96027,0.702435,1.912,2.25195
-0.954064,0.702435,1.912,2.24931
-0.942901,0.698761,1.902,2.23493
-0.936728,0.698761,1.902,2.23234
-0.925172,0.69472,1.891,2.21686
-0.914175,0.691046,1.881,2.20259
-0.908069,0.691046,1.881,2.20007
-0.897169,0.687372,1.871,2.18587
-0.886334,0.683699,1.861,2.17172
-0.87509,0.679657,1.85,2.15644
-0.869085,0.679657,1.85,2.15401
-0.858882,0.676351,1.841,2.14112
-0.852906,0.676351,1.841,2.13873
-0.846931,0.676351,1.841,2.13636
-0.836388,0.672677,1.831,2.1224
-0.825909,0.669003,1.821,2.10849
-0.819999,0.669003,1.821,2.10618
-0.814088,0.669003,1.821,2.10389
-0.808178,0.669003,1.821,2.10161
-0.802267,0.669003,1.821,2.09934
-0.796357,0.669003,1.821,2.09709
-0.794787,0.672677,1.831,2.10636
-0.788844,0.672677,1.831,2.10412
-0.782901,0.672677,1.831,2.1019
-0.776958,0.672677,1.831,2.0997
-0.771015,0.672677,1.831,2.0975
-0.765072,0.672677,1.831,2.09533
-0.759129,0.672677,1.831,2.09316
-0.753186,0.672677,1.831,2.09102
-0.747243,0.672677,1.831,2.08888
-0.7413,0.672677,1.831,2.08676
-0.739373,0.676351,1.841,2.09605
-0.729414,0.672677,1.831,2.08257
-0.723471,0.672677,1.831,2.0805
-0.717528,0.672677,1.831,2.07844
-0.711585,0.672677,1.831,2.07639
-0.705642,0.672677,1.831,2.07436
-0.699699,0.672677,1.831,2.07235
-0.693756,0.672677,1.831,2.07035
-0.69157,0.676351,1.841,2.07966
-0.678146,0.669003,1.821,2.05511
-0.672236,0.669003,1.821,2.05317
-0.666325,0.669003,1.821,2.05124
-0.660415,0.669003,1.821,2.04933
-0.654504,0.669003,1.821,2.04743
-0.645032,0.66533,1.811,2.03432
-0.639154,0.66533,1.811,2.03246
-0.633276,0.66533,1.811,2.03062
-0.62428,0.662023,1.802,2.01871
-0.618431,0.662023,1.802,2.01691
-0.609183,0.658349,1.792,2.00394
-0.603366,0.658349,1.792,2.00218
-0.603886,0.66533,1.811,2.02165
-0.595036,0.662023,1.802,2.00986
-0.589187,0.662023,1.802,2.00814
-0.583338,0.662023,1.802,2.00643
-0.574285,0.658349,1.792,1.99361
-0.568468,0.658349,1.792,1.99194
-0.559826,0.655043,1.783,1.9803
-0.554039,0.655043,1.783,1.97867
-0.548252,0.655043,1.783,1.97706
-0.539726,0.651736,1.774,1.96549
-0.533968,0.651736,1.774,1.96391
-0.52821,0.651736,1.774,1.96236
-0.522452,0.651736,1.774,1.96081
-0.516694,0.651736,1.774,1.95929
-0.508344,0.64843,1.765,1.94785
-0.502616,0.64843,1.765,1.94636
-0.496887,0.64843,1.765,1.94489
-0.488654,0.645123,1.756,1.93352
-0.482954,0.645123,1.756,1.93209
-0.477254,0.645123,1.756,1.93067
-0.471555,0.645123,1.756,1.92927
-0.465855,0.645123,1.756,1.92789
-0.460156,0.645123,1.756,1.92652
-0.454456,0.645123,1.756,1.92516
-0.448757,0.645123,1.756,1.92383
-0.443057,0.645123,1.756,1.9225
-0.437358,0.645123,1.756,1.9212
-0.431658,0.645123,1.756,1.91991
-0.425959,0.645123,1.756,1.91864
-0.420259,0.645123,1.756,1.91738
-0.41456,0.645123,1.756,1.91614
-0.40886,0.645123,1.756,1.91491
-0.40316,0.645123,1.756,1.9137
-0.397461,0.645123,1.756,1.91251
-0.389753,0.641817,1.747,1.90154
-0.384083,0.641817,1.747,1.90038
-0.378413,0.641817,1.747,1.89925
-0.372742,0.641817,1.747,1.89812
-0.365181,0.638511,1.738,1.88725
-0.35954,0.638511,1.738,1.88616
-0.353899,0.638511,1.738,1.8851
-0.348258,0.638511,1.738,1.88404
-0.342617,0.638511,1.738,1.88301
-0.336976,0.638511,1.738,1.88199
-0.331334,0.638511,1.738,1.88099
-0.325693,0.638511,1.738,1.88
-0.320052,0.638511,1.738,1.87904
-0.314411,0.638511,1.738,1.87808
-0.30877,0.638511,1.738,1.87715
-0.303129,0.638511,1.738,1.87623
-0.297488,0.638511,1.738,1.87532
-0.291847,0.638511,1.738,1.87444
-0.286206,0.638511,1.738,1.87357
-0.280564,0.638511,1.738,1.87271
-0.274923,0.638511,1.738,1.87188
-0.267888,0.635204,1.729,1.86137
-0.262276,0.635204,1.729,1.86057
-0.256664,0.635204,1.729,1.85979
-0.251052,0.635204,1.729,1.85902
-0.24544,0.635204,1.729,1.85827
-0.239828,0.635204,1.729,1.85754
-0.234216,0.635204,1.729,1.85682
-0.228604,0.635204,1.729,1.85612
-0.221832,0.631898,1.72,1.84578
-0.216249,0.631898,1.72,1.84512
-0.210666,0.631898,1.72,1.84447
-0.205084,0.631898,1.72,1.84384
-0.198573,0.628959,1.712,1.83466
-0.193016,0.628959,1.712,1.83406
-0.18746,0.628959,1.712,1.83349
-0.181903,0.628959,1.712,1.83293
-0.175419,0.625652,1.703,1.82275
-0.169892,0.625652,1.703,1.82223
-0.164364,0.625652,1.703,1.82172
-0.15809,0.622713,1.695,1.81267
-0.152589,0.622713,1.695,1.8122
-0.147087,0.622713,1.695,1.81175
-0.141586,0.622713,1.695,1.81131
-0.136084,0.622713,1.695,1.81089
-0.129889,0.619407,1.686,1.80087
-0.124417,0.619407,1.686,1.80048
-0.117816,0.613529,1.67,1.78303
-0.112395,0.613529,1.67,1.78268
-0.106975,0.613529,1.67,1.78235
-0.101068,0.61059,1.662,1.77349
-0.0956737,0.61059,1.662,1.77319
-0.0902792,0.61059,1.662,1.77291
-0.0848848,0.61059,1.662,1.77264
-0.0794904,0.61059,1.662,1.77239
-0.0737393,0.60765,1.654,1.76363
-0.0683708,0.60765,1.654,1.76341
-0.0630023,0.60765,1.654,1.76321
-0.0573551,0.604711,1.646,1.7545
-0.0520126,0.604711,1.646,1.75434
-0.0466701,0.604711,1.646,1.75419
-0.0413276,0.604711,1.646,1.75405
-0.035985,0.604711,1.646,1.75393
-0.0306425,0.604711,1.646,1.75383
-0.0253,0.604711,1.646,1.75375
-0.0199575,0.604711,1.646,1.75368
-0.0146861,0.60765,1.654,1.76215
-0.00931758,0.60765,1.654,1.76211
-0.00394911,0.60765,1.654,1.76209
0.0014125,0.604711,1.646,1.75357
0.00675501,0.604711,1.646,1.75358
0.0120975,0.604711,1.646,1.75361
0.0175248,0.60765,1.654,1.76218
0.0228933,0.60765,1.654,1.76224
0.0282617,0.60765,1.654,1.76231
0.0336302,0.60765,1.654,1.76241
0.0391873,0.61059,1.662,1.77104
0.0447963,0.613529,1.67,1.7797
0.0502167,0.613529,1.67,1.77984
0.0556371,0.613529,1.67,1.78
0.0610576,0.613529,1.67,1.78018
0.066478,0.613529,1.67,1.78038
0.0722428,0.616468,1.678,1.78912
0.0776892,0.616468,1.678,1.78934
0.0831355,0.616468,1.678,1.78959
0.0885819,0.616468,1.678,1.78985
0.0940283,0.616468,1.678,1.79013
0.0994746,0.616468,1.678,1.79042
0.104921,0.616468,1.678,1.79073
0.110367,0.616468,1.678,1.79106
0.115814,0.616468,1.678,1.7914
0.12126,0.616468,1.678,1.79176
0.126102,0.613529,1.67,1.7836
0.131523,0.613529,1.67,1.78399
0.136943,0.613529,1.67,1.7844
0.142364,0.613529,1.67,1.78482
0.147784,0.613529,1.67,1.78526
0.153204,0.613529,1.67,1.78572
0.158625,0.613529,1.67,1.78619
0.163259,0.61059,1.662,1.77812
0.168654,0.61059,1.662,1.77863
0.174048,0.61059,1.662,1.77914
0.179443,0.61059,1.662,1.77968
0.184837,0.61059,1.662,1.78023
0.190232,0.61059,1.662,1.7808
0.196568,0.613529,1.67,1.78996
0.201988,0.613529,1.67,1.79056
0.207409,0.613529,1.67,1.79118
0.211809,0.61059,1.662,1.78323
0.217204,0.61059,1.662,1.78388
0.222598,0.61059,1.662,1.78455
0.227993,0.61059,1.662,1.78523
0.234511,0.613529,1.67,1.79452
0.239931,0.613529,1.67,1.79524
0.244176,0.61059,1.662,1.78737
0.24957,0.61059,1.662,1.78811
0.254965,0.61059,1.662,1.78887
0.260359,0.61059,1.662,1.78965
0.265754,0.61059,1.662,1.79044
0.271148,0.61059,1.662,1.79125
0.275211,0.60765,1.654,1.78345
0.28058,0.60765,1.654,1.78429
0.285948,0.60765,1.654,1.78514
0.291317,0.60765,1.654,1.78601
0.296685,0.60765,1.654,1.78689
0.300593,0.604711,1.646,1.77914
0.305935,0.604711,1.646,1.78005
0.311278,0.604711,1.646,1.78098
0.322776,0.616468,1.678,1.81656
0.328222,0.616468,1.678,1.81754
0.332078,0.613529,1.67,1.80986
0.337498,0.613529,1.67,1.81086
0.342919,0.613529,1.67,1.81188
0.350008,0.616468,1.678,1.8216
0.355454,0.616468,1.678,1.82265
0.35918,0.613529,1.67,1.81503
0.3646,0.613529,1.67,1.81611
0.370021,0.613529,1.67,1.8172
0.375441,0.613529,1.67,1.81832
0.380861,0.613529,1.67,1.81944
0.386282,0.613529,1.67,1.82059
0.391702,0.613529,1.67,1.82174
0.397123,0.613529,1.67,1.82292
0.402543,0.613529,1.67,1.8241
0.407964,0.613529,1.67,1.82531
0.413384,0.613529,1.67,1.82653
0.416798,0.61059,1.662,1.81901
0.422192,0.61059,1.662,1.82025
0.431703,0.616468,1.678,1.83904
0.43715,0.616468,1.678,1.84033
0.442596,0.616468,1.678,1.84163
0.448042,0.616468,1.678,1.84295
0.455651,0.619407,1.686,1.85307
0.461123,0.619407,1.686,1.85443
0.466596,0.619407,1.686,1.85579
0.472068,0.619407,1.686,1.85718
0.47754,0.619407,1.686,1.85858
0.483013,0.619407,1.686,1.85999
0.488485,0.619407,1.686,1.86142
0.493957,0.619407,1.686,1.86286
0.49943,0.619407,1.686,1.86432
0.504902,0.619407,1.686,1.86579
0.510374,0.619407,1.686,1.86728
0.515847,0.619407,1.686,1.86879
0.521319,0.619407,1.686,1.8703
0.529603,0.622713,1.695,1.88183
0.535105,0.622713,1.695,1.88338
0.540606,0.622713,1.695,1.88495
0.546108,0.622713,1.695,1.88654
0.551609,0.622713,1.695,1.88814
0.557111,0.622713,1.695,1.88975
0.562613,0.622713,1.695,1.89138
0.568114,0.622713,1.695,1.89303
0.573616,0.622713,1.695,1.89469
0.579117,0.622713,1.695,1.89636
0.584619,0.622713,1.695,1.89805
0.59012,0.622713,1.695,1.89975
0.592459,0.619407,1.686,1.89137
0.597932,0.619407,1.686,1.89309
0.600541,0.616468,1.678,1.88583
0.605987,0.616468,1.678,1.88757
0.611434,0.616468,1.678,1.88933
0.61688,0.616468,1.678,1.8911
0.622326,0.616468,1.678,1.89288
0.62478,0.613529,1.67,1.88565
0.6302,0.613529,1.67,1.88745
0.635621,0.613529,1.67,1.88927
0.641041,0.613529,1.67,1.8911
0.646461,0.613529,1.67,1.89294
0.648759,0.61059,1.662,1.88572
0.654153,0.61059,1.662,1.88759
0.659548,0.61059,1.662,1.88946
0.664942,0.61059,1.662,1.89135
0.670337,0.61059,1.662,1.89326
0.675731,0.61059,1.662,1.89517
0.677847,0.60765,1.654,1.88797
0.683215,0.60765,1.654,1.8899
0.688584,0.60765,1.654,1.89185
0.693952,0.60765,1.654,1.89381
0.699321,0.60765,1.654,1.89579
0.704689,0.60765,1.654,1.89777
0.710058,0.60765,1.654,1.89977
0.715426,0.60765,1.654,1.90179
0.720795,0.60765,1.654,1.90381
0.726163,0.60765,1.654,1.90585
0.731532,0.60765,1.654,1.9079
0.740464,0.61059,1.662,1.91921
0.745859,0.61059,1.662,1.92129
0.751253,0.61059,1.662,1.92339
0.756648,0.61059,1.662,1.92551
0.762042,0.61059,1.662,1.92763
0.767437,0.61059,1.662,1.92977
0.776551,0.613529,1.67,1.94122
0.781971,0.613529,1.67,1.9434
0.787392,0.613529,1.67,1.94559
0.792812,0.613529,1.67,1.94779
0.798233,0.613529,1.67,1.95
0.807503,0.616468,1.678,1.96158
0.812949,0.616468,1.678,1.96382
0.822297,0.619407,1.686,1.97546
0.832188,0.622713,1.695,1.9883
0.83769,0.622713,1.695,1.99061
0.843192,0.622713,1.695,1.99293
0.857205,0.628959,1.712,2.01528
0.866793,0.631898,1.72,2.02707
0.872376,0.631898,1.72,2.02947
0.887147,0.638511,1.738,2.05314
0.897411,0.641817,1.747,2.06622
0.903081,0.641817,1.747,2.06869
0.913433,0.645123,1.756,2.08185
0.919133,0.645123,1.756,2.08435
0.924832,0.645123,1.756,2.08687
0.935301,0.64843,1.765,2.10011
0.94103,0.64843,1.765,2.10267
0.946759,0.64843,1.765,2.10524
0.952487,0.64843,1.765,2.10782
0.958216,0.64843,1.765,2.11042
0.963945,0.64843,1.765,2.11303
0.964729,0.645123,1.756,2.10486
0.965455,0.641817,1.747,2.09667
0.971125,0.641817,1.747,2.09929
0.971763,0.638511,1.738,2.09109
0.977405,0.638511,1.738,2.09372
0.983046,0.638511,1.738,2.09636
0.978447,0.631898,1.72,2.07727
0.98403,0.631898,1.72,2.07991
0.989613,0.631898,1.72,2.08255
0.990566,0.628959,1.712,2.07551
0.990887,0.625652,1.703,2.06725
0.996414,0.625652,1.703,2.0699
1.00194,0.625652,1.703,2.07257
1.00274,0.622713,1.695,2.0655
1.00824,0.622713,1.695,2.06817
1.01374,0.622713,1.695,2.07086
1.01924,0.622713,1.695,2.07356
1.0193,0.619407,1.686,2.06524
1.02477,0.619407,1.686,2.06795
1.03025,0.619407,1.686,2.07067
1.03572,0.619407,1.686,2.0734
1.04119,0.619407,1.686,2.07614
1.04666,0.619407,1.686,2.07889
1.05214,0.619407,1.686,2.08165
1.05761,0.619407,1.686,2.08442
1.05804,0.616468,1.678,2.0773
1.06348,0.616468,1.678,2.08008
1.07402,0.619407,1.686,2.09279
1.0795,0.619407,1.686,2.09561
1.08497,0.619407,1.686,2.09843
1.09044,0.619407,1.686,2.10127
1.09591,0.619407,1.686,2.10411
1.10139,0.619407,1.686,2.10697
1.11277,0.622713,1.695,2.1211
1.11827,0.622713,1.695,2.12399
1.12377,0.622713,1.695,2.12689
1.12927,0.622713,1.695,2.1298
1.13477,0.622713,1.695,2.13272
1.14028,0.622713,1.695,2.13566
1.14578,0.622713,1.695,2.1386
1.15671,0.625652,1.703,2.15166
-1.19946,0.640814,1.729,2.19973
-1.20628,0.647486,1.747,2.21954
-1.20061,0.647486,1.747,2.21646
-1.19494,0.647486,1.747,2.2134
-1.1954,0.650821,1.756,2.22173
-1.20799,0.660828,1.783,2.25278
-1.20827,0.664164,1.792,2.26104
-1.20245,0.664164,1.792,2.25794
-1.20933,0.671206,1.811,2.27875
-1.21009,0.674912,1.821,2.2882
-1.20418,0.674912,1.821,2.28508
-1.21143,0.682325,1.841,2.30704
-1.21135,0.68566,1.85,2.31517
-1.21251,0.689737,1.861,2.32578
-1.20647,0.689737,1.861,2.32263
-1.20043,0.689737,1.861,2.3195
-1.19439,0.689737,1.861,2.31638
-1.18835,0.689737,1.861,2.31327
-1.18231,0.689737,1.861,2.31018
-1.17627,0.689737,1.861,2.30709
-1.17023,0.689737,1.861,2.30402
-1.17045,0.693444,1.871,2.31332
-1.1706,0.69715,1.881,2.3226
-1.16449,0.69715,1.881,2.31953
-1.15839,0.69715,1.881,2.31647
-1.15841,0.700856,1.891,2.32572
-1.15227,0.700856,1.891,2.32267
-1.14613,0.700856,1.891,2.31963
-1.13999,0.700856,1.891,2.31661
-1.13385,0.700856,1.891,2.31359
-1.12175,0.69715,1.881,2.29837
-1.11565,0.69715,1.881,2.2954
-1.10954,0.69715,1.881,2.29244
-1.10344,0.69715,1.881,2.28949
-1.0915,0.693444,1.871,2.2744
-1.07962,0.689737,1.861,2.25935
-1.07358,0.689737,1.861,2.25647
-1.06754,0.689737,1.861,2.2536
-1.05523,0.68566,1.85,2.23744
-1.04922,0.68566,1.85,2.23461
-1.04322,0.68566,1.85,2.2318
-1.03722,0.68566,1.85,2.229
-1.03734,0.689737,1.861,2.23945
-1.0313,0.689737,1.861,2.23666
-1.02526,0.689737,1.861,2.23388
-1.0247,0.693444,1.871,2.2431
-1.01863,0.693444,1.871,2.24034
-1.01255,0.693444,1.871,2.23758
-1.01724,0.700856,1.891,2.25873
-1.0111,0.700856,1.891,2.25597
-1.00496,0.700856,1.891,2.25323
-1.00464,0.704933,1.902,2.26359
-1.00371,0.708639,1.912,2.27274
-0.997505,0.708639,1.912,2.27001
-0.9913,0.708639,1.912,2.26729
-0.985094,0.708639,1.912,2.26458
-0.978888,0.708639,1.912,2.26189
-0.967595,0.704933,1.902,2.24739
-0.961421,0.704933,1.902,2.24474
-0.955248,0.704933,1.902,2.2421
-0.943586,0.700856,1.891,2.22653
-0.937448,0.700856,1.891,2.22394
-0.936728,0.704933,1.902,2.23428
-0.925172,0.700856,1.891,2.21879
-0.914175,0.69715,1.881,2.20452
-0.908069,0.69715,1.881,2.20199
-0.897169,0.693444,1.871,2.18779
-0.886334,0.689737,1.861,2.17362
-0.87509,0.68566,1.85,2.15834
-0.869085,0.68566,1.85,2.15591
-0.858882,0.682325,1.841,2.14302
-0.852906,0.682325,1.841,2.14063
-0.846931,0.682325,1.841,2.13826
-0.836388,0.678618,1.831,2.12429
-0.825909,0.674912,1.821,2.11037
-0.819999,0.674912,1.821,2.10807
-0.814088,0.674912,1.821,2.10577
-0.808178,0.674912,1.821,2.1035
-0.802267,0.674912,1.821,2.10123
-0.796357,0.674912,1.821,2.09898
-0.794787,0.678618,1.831,2.10826
-0.788844,0.678618,1.831,2.10603
-0.782901,0.678618,1.831,2.10381
-0.776958,0.678618,1.831,2.10161
-0.771015,0.678618,1.831,2.09942
-0.765072,0.678618,1.831,2.09724
-0.759129,0.678618,1.831,2.09508
-0.753186,0.678618,1.831,2.09293
-0.747243,0.678618,1.831,2.0908
-0.7413,0.678618,1.831,2.08869
-0.739373,0.682325,1.841,2.09798
-0.729414,0.678618,1.831,2.0845
-0.723471,0.678618,1.831,2.08243
-0.717528,0.678618,1.831,2.08037
-0.711585,0.678618,1.831,2.07833
-0.705642,0.678618,1.831,2.0763
-0.699699,0.678618,1.831,2.07429
-0.693756,0.678618,1.831,2.07229
-0.69157,0.682325,1.841,2.08161
-0.678146,0.674912,1.821,2.05704
-0.672236,0.674912,1.821,2.0551
-0.666325,0.674912,1.821,2.05318
-0.660415,0.674912,1.821,2.05127
-0.654504,0.674912,1.821,2.04937
-0.645032,0.671206,1.811,2.03625
-0.639154,0.671206,1.811,2.03439
-0.633276,0.671206,1.811,2.03255
-0.62428,0.66787,1.802,2.02064
-0.618431,0.66787,1.802,2.01884
-0.609183,0.664164,1.792,2.00586
-0.600336,0.660828,1.783,1.99404
-0.594549,0.660828,1.783,1.9923
-0.58579,0.657493,1.774,1.98054
-0.580032,0.657493,1.774,1.97884
-0.574274,0.657493,1.774,1.97716
-0.565632,0.654157,1.765,1.96547
-0.559903,0.654157,1.765,1.96383
-0.551349,0.650821,1.756,1.9522
-0.545649,0.650821,1.756,1.9506
-0.539949,0.650821,1.756,1.94901
-0.53425,0.650821,1.756,1.94744
-0.52855,0.650821,1.756,1.94589
-0.520171,0.647486,1.747,1.93438
-0.514501,0.647486,1.747,1.93286
-0.50883,0.647486,1.747,1.93136
-0.500568,0.64415,1.738,1.91993
-0.494927,0.64415,1.738,1.91847
-0.489286,0.64415,1.738,1.91702
-0.483645,0.64415,1.738,1.91559
-0.475528,0.640814,1.729,1.90426
-0.469916,0.640814,1.729,1.90287
-0.464304,0.640814,1.729,1.90149
-0.458692,0.640814,1.729,1.90013
-0.453081,0.640814,1.729,1.89878
-0.449798,0.64415,1.738,1.90733
-0.444157,0.64415,1.738,1.906
-0.438516,0.64415,1.738,1.9047
-0.432875,0.64415,1.738,1.90341
-0.427233,0.64415,1.738,1.90213
-0.419409,0.640814,1.729,1.89103
-0.413797,0.640814,1.729,1.88979
-0.408185,0.640814,1.729,1.88857
-0.402573,0.640814,1.729,1.88737
-0.396962,0.640814,1.729,1.88618
-0.39135,0.640814,1.729,1.885
-0.385738,0.640814,1.729,1.88385
-0.378147,0.637479,1.72,1.87291
-0.372564,0.637479,1.72,1.87179
-0.366982,0.637479,1.72,1.87068
-0.361399,0.637479,1.72,1.8696
-0.355816,0.637479,1.72,1.86852
-0.350234,0.637479,1.72,1.86747
-0.344651,0.637479,1.72,1.86643
-0.339068,0.637479,1.72,1.86541
-0.333486,0.637479,1.72,1.8644
-0.326378,0.634514,1.712,1.85474
-0.320821,0.634514,1.712,1.85377
-0.315264,0.634514,1.712,1.85282
-0.309708,0.634514,1.712,1.85188
-0.304151,0.634514,1.712,1.85096
-0.298594,0.634514,1.712,1.85006
-0.293037,0.634514,1.712,1.84917
-0.287481,0.634514,1.712,1.8483
-0.281924,0.634514,1.712,1.84744
-0.274914,0.631178,1.703,1.83689
-0.269387,0.631178,1.703,1.83607
-0.263859,0.631178,1.703,1.83527
-0.258332,0.631178,1.703,1.83448
-0.252804,0.631178,1.703,1.83371
-0.247277,0.631178,1.703,1.83296
-0.241749,0.631178,1.703,1.83222
-0.236222,0.631178,1.703,1.8315
-0.230694,0.631178,1.703,1.8308
-0.225167,0.631178,1.703,1.83011
-0.219639,0.631178,1.703,1.82944
-0.214112,0.631178,1.703,1.82878
-0.208584,0.631178,1.703,1.82814
-0.202103,0.628213,1.695,1.81893
-0.196601,0.628213,1.695,1.81833
-0.190085,0.624878,1.686,1.80809
-0.184613,0.624878,1.686,1.80753
-0.17914,0.624878,1.686,1.80698
-0.173668,0.624878,1.686,1.80644
-0.168196,0.624878,1.686,1.80592
-0.161951,0.621912,1.678,1.79685
-0.156505,0.621912,1.678,1.79637
-0.151058,0.621912,1.678,1.79591
-0.144918,0.618947,1.67,1.7869
-0.139497,0.618947,1.67,1.78646
-0.134077,0.618947,1.67,1.78605
-0.12804,0.615982,1.662,1.7771
-0.122646,0.615982,1.662,1.77672
-0.116687,0.613017,1.654,1.7678
-0.111319,0.613017,1.654,1.76746
-0.105438,0.610052,1.646,1.75858
-0.100095,0.610052,1.646,1.75827
-0.0947526,0.610052,1.646,1.75797
-0.0889756,0.607087,1.638,1.74915
-0.0832504,0.604122,1.63,1.74034
-0.0779599,0.604122,1.63,1.7401
-0.0726693,0.604122,1.63,1.73987
-0.0673787,0.604122,1.63,1.73966
-0.0620881,0.604122,1.63,1.73946
-0.0565188,0.601157,1.622,1.73074
-0.0512542,0.601157,1.622,1.73058
-0.0459896,0.601157,1.622,1.73043
-0.040725,0.601157,1.622,1.7303
-0.0354604,0.601157,1.622,1.73018
-0.0301958,0.601157,1.622,1.73008
-0.0249311,0.601157,1.622,1.73
-0.0196665,0.601157,1.622,1.72993
-0.0144019,0.601157,1.622,1.72988
-0.00913731,0.601157,1.622,1.72984
-0.0038727,0.601157,1.622,1.72982
0.00139191,0.601157,1.622,1.72982
0.00665651,0.601157,1.622,1.72983
0.0119211,0.601157,1.622,1.72986
0.0171857,0.601157,1.622,1.7299
0.0225611,0.604122,1.63,1.7385
0.0279883,0.607087,1.638,1.74711
0.0333049,0.607087,1.638,1.7472
0.0386214,0.607087,1.638,1.74731
0.0447963,0.618947,1.67,1.78157
0.0502167,0.618947,1.67,1.78172
0.0556371,0.618947,1.67,1.78188
0.0610576,0.618947,1.67,1.78206
0.066478,0.618947,1.67,1.78225
0.0722428,0.621912,1.678,1.791
0.0776892,0.621912,1.678,1.79123
0.0831355,0.621912,1.678,1.79147
0.0885819,0.621912,1.678,1.79173
0.0940283,0.621912,1.678,1.79201
0.0994746,0.621912,1.678,1.7923
0.104921,0.621912,1.678,1.79261
0.110367,0.621912,1.678,1.79294
0.115814,0.621912,1.678,1.79329
0.12126,0.621912,1.678,1.79365
0.126102,0.618947,1.67,1.78547
0.131523,0.618947,1.67,1.78586
0.136943,0.618947,1.67,1.78627
0.142364,0.618947,1.67,1.78669
0.147784,0.618947,1.67,1.78713
0.153204,0.618947,1.67,1.78759
0.158625,0.618947,1.67,1.78806
0.163259,0.615982,1.662,1.77998
0.168654,0.615982,1.662,1.78048
0.174048,0.615982,1.662,1.781
0.179443,0.615982,1.662,1.78154
0.184837,0.615982,1.662,1.78209
0.190232,0.615982,1.662,1.78266
0.196568,0.618947,1.67,1.79182
0.201988,0.618947,1.67,1.79243
0.207409,0.618947,1.67,1.79305
0.211809,0.615982,1.662,1.78509
0.217204,0.615982,1.662,1.78574
0.222598,0.615982,1.662,1.7864
0.227993,0.615982,1.662,1.78708
0.234511,0.618947,1.67,1.79638
0.239931,0.618947,1.67,1.7971
0.244176,0.615982,1.662,1.78922
0.24957,0.615982,1.662,1.78996
0.254965,0.615982,1.662,1.79072
0.260359,0.615982,1.662,1.7915
0.265754,0.615982,1.662,1.79229
0.271148,0.615982,1.662,1.7931
0.275211,0.613017,1.654,1.78529
0.28058,0.613017,1.654,1.78612
0.285948,0.613017,1.654,1.78697
0.291317,0.613017,1.654,1.78784
0.296685,0.613017,1.654,1.78872
0.300593,0.610052,1.646,1.78096
0.305935,0.610052,1.646,1.78187
0.311278,0.610052,1.646,1.7828
0.31662,0.610052,1.646,1.78374
0.321963,0.610052,1.646,1.7847
0.327305,0.610052,1.646,1.78567
0.332648,0.610052,1.646,1.78665
0.33799,0.610052,1.646,1.78766
0.343333,0.610052,1.646,1.78867
0.348675,0.610052,1.646,1.78971
0.354018,0.610052,1.646,1.79076
0.35936,0.610052,1.646,1.79182
0.36293,0.607087,1.638,1.78419
0.368247,0.607087,1.638,1.78527
0.375388,0.610052,1.646,1.7951
0.37888,0.607087,1.638,1.7875
0.384197,0.607087,1.638,1.78863
0.389513,0.607087,1.638,1.78978
0.39483,0.607087,1.638,1.79095
0.402101,0.610052,1.646,1.80088
0.407443,0.610052,1.646,1.80208
0.410779,0.607087,1.638,1.79453
0.416096,0.607087,1.638,1.79575
0.423471,0.610052,1.646,1.80577
0.428813,0.610052,1.646,1.80703
0.434156,0.610052,1.646,1.80831
0.441634,0.613017,1.654,1.81839
0.447003,0.613017,1.654,1.8197
0.452371,0.613017,1.654,1.82103
0.45774,0.613017,1.654,1.82237
0.463108,0.613017,1.654,1.82373
0.468477,0.613017,1.654,1.8251
0.473845,0.613017,1.654,1.82648
0.481531,0.615982,1.662,1.83672
0.486926,0.615982,1.662,1.83814
0.49232,0.615982,1.662,1.83958
0.497715,0.615982,1.662,1.84103
0.503109,0.615982,1.662,1.8425
0.508504,0.615982,1.662,1.84398
0.513898,0.615982,1.662,1.84547
0.521792,0.618947,1.67,1.85587
0.527212,0.618947,1.67,1.8574
0.532633,0.618947,1.67,1.85895
0.538053,0.618947,1.67,1.86051
0.543474,0.618947,1.67,1.86208
0.548894,0.618947,1.67,1.86367
0.554314,0.618947,1.67,1.86528
0.559735,0.618947,1.67,1.8669
0.565155,0.618947,1.67,1.86853
0.570576,0.618947,1.67,1.87017
0.575996,0.618947,1.67,1.87184
0.578631,0.615982,1.662,1.86454
0.584026,0.615982,1.662,1.86622
0.58942,0.615982,1.662,1.86791
0.591951,0.613017,1.654,1.86062
0.59732,0.613017,1.654,1.86234
0.602688,0.613017,1.654,1.86407
0.605116,0.610052,1.646,1.85678
0.610458,0.610052,1.646,1.85853
0.615801,0.610052,1.646,1.86029
0.621143,0.610052,1.646,1.86207
0.626486,0.610052,1.646,1.86386
0.628757,0.607087,1.638,1.85659
0.634074,0.607087,1.638,1.8584
0.639391,0.607087,1.638,1.86022
0.644707,0.607087,1.638,1.86205
0.650024,0.607087,1.638,1.8639
0.65214,0.604122,1.63,1.85665
0.65743,0.604122,1.63,1.85852
0.662721,0.604122,1.63,1.86039
0.668011,0.604122,1.63,1.86228
0.673302,0.604122,1.63,1.86419
0.678592,0.604122,1.63,1.86611
0.683883,0.604122,1.63,1.86804
0.689174,0.604122,1.63,1.86998
0.694464,0.604122,1.63,1.87194
0.699755,0.604122,1.63,1.87391
0.705045,0.604122,1.63,1.87589
0.710336,0.604122,1.63,1.87788
0.715626,0.604122,1.63,1.87989
0.720917,0.604122,1.63,1.88191
0.726208,0.604122,1.63,1.88394
0.735088,0.607087,1.638,1.89525
0.740405,0.607087,1.638,1.89731
0.745721,0.607087,1.638,1.89939
0.751038,0.607087,1.638,1.90149
0.756354,0.607087,1.638,1.90359
0.765391,0.610052,1.646,1.91502
0.770734,0.610052,1.646,1.91716
0.776076,0.610052,1.646,1.91932
0.781419,0.610052,1.646,1.92148
0.786761,0.610052,1.646,1.92366
0.795953,0.613017,1.654,1.93521
0.801322,0.613017,1.654,1.93743
0.810592,0.615982,1.662,1.94904
0.819914,0.618947,1.67,1.96068
0.825335,0.618947,1.67,1.96295
0.834735,0.621912,1.678,1.97465
0.844187,0.624878,1.686,1.98638
0.858226,0.631178,1.703,2.00877
0.863754,0.631178,1.703,2.01114
0.873875,0.634514,1.712,2.02416
0.883541,0.637479,1.72,2.03603
0.889124,0.637479,1.72,2.03846
0.90407,0.64415,1.738,2.06226
0.914422,0.647486,1.747,2.07543
0.920092,0.647486,1.747,2.07794
0.925763,0.647486,1.747,2.08045
0.931433,0.647486,1.747,2.08298
0.937103,0.647486,1.747,2.08552
0.942774,0.647486,1.747,2.08808
0.943558,0.64415,1.738,2.07987
0.949199,0.64415,1.738,2.08244
0.95484,0.64415,1.738,2.08502
0.965455,0.647486,1.747,2.09842
0.971125,0.647486,1.747,2.10103
0.971763,0.64415,1.738,2.09282
0.977405,0.64415,1.738,2.09545
0.983046,0.64415,1.738,2.09808
0.978447,0.637479,1.72,2.07898
0.98403,0.637479,1.72,2.08161
0.989613,0.637479,1.72,2.08425
0.990566,0.634514,1.712,2.0772
0.990887,0.631178,1.703,2.06893
0.996414,0.631178,1.703,2.07158
1.00194,0.631178,1.703,2.07424
1.00274,0.628213,1.695,2.06716
1.00824,0.628213,1.695,2.06984
1.01374,0.628213,1.695,2.07252
1.01924,0.628213,1.695,2.07522
1.0193,0.624878,1.686,2.06689
1.02477,0.624878,1.686,2.0696
1.03025,0.624878,1.686,2.07231
1.03572,0.624878,1.686,2.07504
1.04119,0.624878,1.686,2.07777
1.04666,0.624878,1.686,2.08052
1.05214,0.624878,1.686,2.08328
1.05761,0.624878,1.686,2.08605
1.05804,0.621912,1.678,2.07892
1.06348,0.621912,1.678,2.0817
1.07402,0.624878,1.686,2.09442
1.0795,0.624878,1.686,2.09723
1.08497,0.624878,1.686,2.10005
1.09044,0.624878,1.686,2.10289
1.09591,0.624878,1.686,2.10573
1.10139,0.624878,1.686,2.10858
1.11277,0.628213,1.695,2.12272
1.11827,0.628213,1.695,2.12561
1.12377,0.628213,1.695,2.12851
1.12927,0.628213,1.695,2.13142
1.13477,0.628213,1.695,2.13434
1.14028,0.628213,1.695,2.13727
1.14578,0.628213,1.695,2.14021
1.15671,0.631178,1.703,2.15327
-1.17588,0.633713,1.695,2.15808
-1.17038,0.633713,1.695,2.15509
-1.17037,0.636704,1.703,2.16226
-1.16484,0.636704,1.703,2.15927
-1.17089,0.64306,1.72,2.17782
-1.1714,0.646425,1.729,2.18621
-1.17793,0.653154,1.747,2.20593
-1.17226,0.653154,1.747,2.20291
-1.1726,0.656519,1.756,2.21123
-1.17886,0.663249,1.774,2.23085
-1.1731,0.663249,1.774,2.22781
-1.17327,0.666614,1.783,2.23607
-1.17992,0.673717,1.802,2.25684
-1.17407,0.673717,1.802,2.25378
-1.20647,0.695776,1.861,2.32444
-1.20043,0.695776,1.861,2.32131
-1.19439,0.695776,1.861,2.31819
-1.18835,0.695776,1.861,2.31508
-1.18231,0.695776,1.861,2.31199
-1.17627,0.695776,1.861,2.3089
-1.17023,0.695776,1.861,2.30583
-1.17045,0.699515,1.871,2.31515
-1.1706,0.703253,1.881,2.32444
-1.16449,0.703253,1.881,2.32137
-1.15839,0.703253,1.881,2.31831
-1.15841,0.706992,1.891,2.32758
-1.15227,0.706992,1.891,2.32453
-1.14613,0.706992,1.891,2.32149
-1.13999,0.706992,1.891,2.31847
-1.13385,0.706992,1.891,2.31546
-1.12175,0.703253,1.881,2.30023
-1.11565,0.703253,1.881,2.29726
-1.10954,0.703253,1.881,2.2943
-1.10344,0.703253,1.881,2.29135
-1.0915,0.699515,1.871,2.27625
-1.07962,0.695776,1.861,2.2612
-1.07358,0.695776,1.861,2.25832
-1.06754,0.695776,1.861,2.25545
-1.05523,0.691663,1.85,2.23929
-1.04922,0.691663,1.85,2.23646
-1.04322,0.691663,1.85,2.23365
-1.03722,0.691663,1.85,2.23085
-1.03734,0.695776,1.861,2.24132
-1.0313,0.695776,1.861,2.23853
-1.02526,0.695776,1.861,2.23575
-1.0247,0.699515,1.871,2.24499
-1.01863,0.699515,1.871,2.24222
-1.01255,0.699515,1.871,2.23947
-1.01724,0.706992,1.891,2.26064
-1.0111,0.706992,1.891,2.25788
-1.00496,0.706992,1.891,2.25514
-1.00464,0.711105,1.902,2.26552
-1.00371,0.714843,1.912,2.27468
-0.997505,0.714843,1.912,2.27195
-0.9913,0.714843,1.912,2.26923
-0.985094,0.714843,1.912,2.26653
-0.978888,0.714843,1.912,2.26384
-0.967595,0.711105,1.902,2.24934
-0.961421,0.711105,1.902,2.24669
-0.955248,0.711105,1.902,2.24405
-0.943586,0.706992,1.891,2.22847
-0.93249,0.703253,1.881,2.21411
-0.926385,0.703253,1.881,2.21154
-0.915387,0.699515,1.871,2.19725
-0.904455,0.695776,1.861,2.18299
-0.898414,0.695776,1.861,2.1805
-0.882784,0.688298,1.841,2.15461
-0.872046,0.68456,1.831,2.14048
-0.866103,0.68456,1.831,2.13806
-0.86016,0.68456,1.831,2.13566
-0.849551,0.680821,1.821,2.12163
-0.839008,0.677082,1.811,2.10763
-0.83313,0.677082,1.811,2.10529
-0.827252,0.677082,1.811,2.10298
-0.821374,0.677082,1.811,2.10067
-0.815496,0.677082,1.811,2.09838
-0.805594,0.673717,1.802,2.08568
-0.799745,0.673717,1.802,2.08343
-0.793896,0.673717,1.802,2.08119
-0.788048,0.673717,1.802,2.07897
-0.786105,0.677082,1.811,2.08713
-0.780227,0.677082,1.811,2.08493
-0.774349,0.677082,1.811,2.08273
-0.768471,0.677082,1.811,2.08056
-0.762593,0.677082,1.811,2.07839
-0.756715,0.677082,1.811,2.07624
-0.750837,0.677082,1.811,2.07411
-0.744959,0.677082,1.811,2.07199
-0.743162,0.680821,1.821,2.08131
-0.733203,0.677082,1.811,2.06779
-0.727325,0.677082,1.811,2.06571
-0.721447,0.677082,1.811,2.06365
-0.715569,0.677082,1.811,2.0616
-0.709691,0.677082,1.811,2.05957
-0.703813,0.677082,1.811,2.05755
-0.697935,0.677082,1.811,2.05555
-0.692057,0.677082,1.811,2.05356
-0.686179,0.677082,1.811,2.05159
-0.6803,0.677082,1.811,2.04963
-0.671071,0.673717,1.802,2.03751
-0.665222,0.673717,1.802,2.03559
-0.659373,0.673717,1.802,2.03368
-0.649898,0.669979,1.792,2.02052
-0.644081,0.669979,1.792,2.01866
-0.635059,0.666614,1.783,2.00668
-0.629272,0.666614,1.783,2.00486
-0.623485,0.666614,1.783,2.00305
-0.61458,0.663249,1.774,1.99115
-0.608822,0.663249,1.774,1.98938
-0.600004,0.659884,1.765,1.97754
-0.591245,0.656519,1.756,1.96574
-0.585546,0.656519,1.756,1.96403
-0.579846,0.656519,1.756,1.96234
-0.571204,0.653154,1.747,1.95061
-0.565534,0.653154,1.747,1.94896
-0.556979,0.64979,1.738,1.93729
-0.551338,0.64979,1.738,1.93568
-0.545697,0.64979,1.738,1.93408
-0.537259,0.646425,1.729,1.92249
-0.531647,0.646425,1.729,1.92093
-0.526035,0.646425,1.729,1.91938
-0.520423,0.646425,1.729,1.91785
-0.512132,0.64306,1.72,1.90636
-0.506549,0.64306,1.72,1.90487
-0.500966,0.64306,1.72,1.90339
-0.49308,0.640069,1.712,1.89308
-0.487523,0.640069,1.712,1.89164
-0.481966,0.640069,1.712,1.89022
-0.476409,0.640069,1.712,1.88881
-0.470853,0.640069,1.712,1.88741
-0.465296,0.640069,1.712,1.88604
-0.459739,0.640069,1.712,1.88467
-0.454182,0.640069,1.712,1.88333
-0.448626,0.640069,1.712,1.88199
-0.443069,0.640069,1.712,1.88068
-0.437512,0.640069,1.712,1.87937
-0.431956,0.640069,1.712,1.87809
-0.426399,0.640069,1.712,1.87682
-0.420842,0.640069,1.712,1.87556
-0.413102,0.636704,1.703,1.86447
-0.407575,0.636704,1.703,1.86325
-0.402047,0.636704,1.703,1.86205
-0.39652,0.636704,1.703,1.86087
-0.390992,0.636704,1.703,1.8597
-0.385465,0.636704,1.703,1.85854
-0.379937,0.636704,1.703,1.85741
-0.37441,0.636704,1.703,1.85628
-0.368882,0.636704,1.703,1.85518
-0.363355,0.636704,1.703,1.85408
-0.356146,0.633713,1.695,1.8443
-0.350645,0.633713,1.695,1.84325
-0.345143,0.633713,1.695,1.84221
-0.339641,0.633713,1.695,1.84119
-0.33414,0.633713,1.695,1.84018
-0.328638,0.633713,1.695,1.83919
-0.323137,0.633713,1.695,1.83822
-0.317635,0.633713,1.695,1.83726
-0.312134,0.633713,1.695,1.83631
-0.306632,0.633713,1.695,1.83539
-0.301131,0.633713,1.695,1.83447
-0.295629,0.633713,1.695,1.83358
-0.288587,0.630348,1.686,1.82297
-0.283115,0.630348,1.686,1.82211
-0.277642,0.630348,1.686,1.82127
-0.27217,0.630348,1.686,1.82044
-0.266698,0.630348,1.686,1.81963
-0.261225,0.630348,1.686,1.81884
-0.255753,0.630348,1.686,1.81806
-0.250281,0.630348,1.686,1.8173
-0.244808,0.630348,1.686,1.81655
-0.239336,0.630348,1.686,1.81582
-0.233864,0.630348,1.686,1.81511
-0.228391,0.630348,1.686,1.81441
-0.225167,0.636704,1.703,1.83202
-0.219639,0.636704,1.703,1.83135
-0.214112,0.636704,1.703,1.8307
-0.208584,0.636704,1.703,1.83006
-0.202103,0.633713,1.695,1.82084
-0.196601,0.633713,1.695,1.82024
-0.190085,0.630348,1.686,1.80999
-0.184613,0.630348,1.686,1.80942
-0.17914,0.630348,1.686,1.80887
-0.173668,0.630348,1.686,1.80834
-0.168196,0.630348,1.686,1.80782
-0.161951,0.627357,1.678,1.79875
-0.156505,0.627357,1.678,1.79826
-0.151058,0.627357,1.678,1.7978
-0.144918,0.624366,1.67,1.78878
-0.139497,0.624366,1.67,1.78835
-0.134077,0.624366,1.67,1.78793
-0.12804,0.621375,1.662,1.77897
-0.122646,0.621375,1.662,1.77859
-0.116687,0.618384,1.654,1.76967
-0.111319,0.618384,1.654,1.76932
-0.105438,0.615393,1.646,1.76044
-0.100095,0.615393,1.646,1.76013
-0.0947526,0.615393,1.646,1.75983
-0.0889756,0.612402,1.638,1.751
-0.0832504,0.609411,1.63,1.74219
-0.0779599,0.609411,1.63,1.74194
-0.0726693,0.609411,1.63,1.74171
-0.0673787,0.609411,1.63,1.7415
-0.0620881,0.609411,1.63,1.7413
-0.0565188,0.60642,1.622,1.73258
-0.0512542,0.60642,1.622,1.73241
-0.0459896,0.60642,1.622,1.73227
-0.040725,0.60642,1.622,1.73213
-0.0354604,0.60642,1.622,1.73202
-0.0301958,0.60642,1.622,1.73192
-0.0249311,0.60642,1.622,1.73183
-0.0196665,0.60642,1.622,1.73177
-0.0144019,0.60642,1.622,1.73172
-0.00913731,0.60642,1.622,1.73168
-0.0038727,0.60642,1.622,1.73166
0.00139191,0.60642,1.622,1.73166
0.00665651,0.60642,1.622,1.73167
0.0119211,0.60642,1.622,1.7317
0.0171857,0.60642,1.622,1.73174
0.0225611,0.609411,1.63,1.74034
0.0279883,0.612402,1.638,1.74896
0.0333049,0.612402,1.638,1.74905
0.0386214,0.612402,1.638,1.74916
0.0441526,0.615393,1.646,1.75783
0.0494951,0.615393,1.646,1.75797
0.0551041,0.618384,1.654,1.76668
0.0604726,0.618384,1.654,1.76685
0.065841,0.618384,1.654,1.76705
0.0712095,0.618384,1.654,1.76725
0.0769484,0.621375,1.662,1.77603
0.0823428,0.621375,1.662,1.77627
0.0877373,0.621375,1.662,1.77653
0.0926834,0.618384,1.654,1.76825
0.0980519,0.618384,1.654,1.76854
0.10342,0.618384,1.654,1.76884
0.108789,0.618384,1.654,1.76917
0.114157,0.618384,1.654,1.7695
0.119526,0.618384,1.654,1.76986
0.124894,0.618384,1.654,1.77023
0.130263,0.618384,1.654,1.77062
0.135631,0.618384,1.654,1.77102
0.141,0.618384,1.654,1.77144
0.146368,0.618384,1.654,1.77187
0.151737,0.618384,1.654,1.77233
0.156345,0.615393,1.646,1.76422
0.161688,0.615393,1.646,1.7647
0.16703,0.615393,1.646,1.7652
0.172373,0.615393,1.646,1.76571
0.177715,0.615393,1.646,1.76624
0.183058,0.615393,1.646,1.76679
0.1884,0.615393,1.646,1.76735
0.193743,0.615393,1.646,1.76793
0.199085,0.615393,1.646,1.76852
0.204428,0.615393,1.646,1.76913
0.20977,0.615393,1.646,1.76975
0.215113,0.615393,1.646,1.7704
0.220455,0.615393,1.646,1.77105
0.225798,0.615393,1.646,1.77173
0.23114,0.615393,1.646,1.77241
0.236483,0.615393,1.646,1.77312
0.241825,0.615393,1.646,1.77384
0.245967,0.612402,1.638,1.76595
0.251283,0.612402,1.638,1.7667
0.2566,0.612402,1.638,1.76746
0.260637,0.609411,1.63,1.75961
0.265928,0.609411,1.63,1.7604
0.271218,0.609411,1.63,1.7612
0.276509,0.609411,1.63,1.76203
0.281799,0.609411,1.63,1.76287
0.28709,0.609411,1.63,1.76372
0.290945,0.60642,1.622,1.75593
0.29621,0.60642,1.622,1.75681
0.301475,0.60642,1.622,1.7577
0.305415,0.603803,1.615,1.75102
0.310657,0.603803,1.615,1.75195
0.315899,0.603803,1.615,1.75288
0.321141,0.603803,1.615,1.75383
0.326383,0.603803,1.615,1.7548
0.331625,0.603803,1.615,1.75578
0.336867,0.603803,1.615,1.75678
0.342109,0.603803,1.615,1.75779
0.347351,0.603803,1.615,1.75882
0.352592,0.603803,1.615,1.75987
0.357834,0.603803,1.615,1.76092
0.361278,0.600812,1.607,1.75327
0.366494,0.600812,1.607,1.75435
0.37171,0.600812,1.607,1.75545
0.378802,0.603803,1.615,1.7653
0.384044,0.603803,1.615,1.76644
0.389286,0.603803,1.615,1.76758
0.394528,0.603803,1.615,1.76874
0.399769,0.603803,1.615,1.76992
0.405011,0.603803,1.615,1.77111
0.410253,0.603803,1.615,1.77232
0.415495,0.603803,1.615,1.77354
0.420737,0.603803,1.615,1.77477
0.425979,0.603803,1.615,1.77602
0.43309,0.60642,1.622,1.78499
0.438354,0.60642,1.622,1.78628
0.443619,0.60642,1.622,1.78758
0.451098,0.609411,1.63,1.79771
0.456388,0.609411,1.63,1.79905
0.461679,0.609411,1.63,1.8004
0.469261,0.612402,1.638,1.8106
0.474578,0.612402,1.638,1.81199
0.479894,0.612402,1.638,1.81339
0.485211,0.612402,1.638,1.8148
0.490527,0.612402,1.638,1.81623
0.495844,0.612402,1.638,1.81767
0.501161,0.612402,1.638,1.81913
0.506477,0.612402,1.638,1.8206
0.511794,0.612402,1.638,1.82209
0.51711,0.612402,1.638,1.82359
0.524978,0.615393,1.646,1.83402
0.530321,0.615393,1.646,1.83556
0.535663,0.615393,1.646,1.83711
0.541006,0.615393,1.646,1.83867
0.546348,0.615393,1.646,1.84025
0.551691,0.615393,1.646,1.84184
0.557033,0.615393,1.646,1.84345
0.562376,0.615393,1.646,1.84507
0.567718,0.615393,1.646,1.84671
0.570276,0.612402,1.638,1.83937
0.575592,0.612402,1.638,1.84103
0.580909,0.612402,1.638,1.8427
0.583362,0.609411,1.63,1.83537
0.588653,0.609411,1.63,1.83706
0.593943,0.609411,1.63,1.83876
0.596293,0.60642,1.622,1.83145
0.601557,0.60642,1.622,1.83317
0.606822,0.60642,1.622,1.8349
0.612087,0.60642,1.622,1.83665
0.614687,0.603803,1.615,1.83048
0.619929,0.603803,1.615,1.83224
0.625171,0.603803,1.615,1.83402
0.630413,0.603803,1.615,1.83582
0.644707,0.612402,1.638,1.86379
0.650024,0.612402,1.638,1.86564
0.65214,0.609411,1.63,1.85838
0.65743,0.609411,1.63,1.86024
0.662721,0.609411,1.63,1.86212
0.668011,0.609411,1.63,1.86401
0.673302,0.609411,1.63,1.86591
0.678592,0.609411,1.63,1.86783
0.683883,0.609411,1.63,1.86975
0.689174,0.609411,1.63,1.8717
0.694464,0.609411,1.63,1.87365
0.699755,0.609411,1.63,1.87562
0.705045,0.609411,1.63,1.8776
0.710336,0.609411,1.63,1.87959
0.715626,0.609411,1.63,1.8816
0.720917,0.609411,1.63,1.88361
0.726208,0.609411,1.63,1.88565
0.735088,0.612402,1.638,1.89695
0.740405,0.612402,1.638,1.89902
0.745721,0.612402,1.638,1.9011
0.751038,0.612402,1.638,1.90319
0.756354,0.612402,1.638,1.9053
0.765391,0.615393,1.646,1.91673
0.770734,0.615393,1.646,1.91887
0.776076,0.615393,1.646,1.92102
0.781419,0.615393,1.646,1.92318
0.786761,0.615393,1.646,1.92536
0.795953,0.618384,1.654,1.93692
0.801322,0.618384,1.654,1.93913
0.810592,0.621375,1.662,1.95075
0.819914,0.624366,1.67,1.96239
0.825335,0.624366,1.67,1.96467
0.834735,0.627357,1.678,1.97637
0.844187,0.630348,1.686,1.98811
0.858226,0.636704,1.703,2.01051
0.863754,0.636704,1.703,2.01288
0.873875,0.640069,1.712,2.0259
0.883541,0.64306,1.72,2.03779
0.889124,0.64306,1.72,2.04021
0.90407,0.64979,1.738,2.06403
0.914422,0.653154,1.747,2.07721
0.920092,0.653154,1.747,2.07971
0.925763,0.653154,1.747,2.08222
0.931433,0.653154,1.747,2.08475
0.937103,0.653154,1.747,2.08729
0.942774,0.653154,1.747,2.08984
0.943558,0.64979,1.738,2.08163
0.949199,0.64979,1.738,2.08419
0.949896,0.646425,1.729,2.07596
0.950534,0.64306,1.72,2.06771
0.956116,0.64306,1.72,2.07029
0.957226,0.640069,1.712,2.06323
0.957722,0.636704,1.703,2.05495
0.963249,0.636704,1.703,2.05753
0.964226,0.633713,1.695,2.05045
0.964578,0.630348,1.686,2.04214
0.970051,0.630348,1.686,2.04473
0.975523,0.630348,1.686,2.04733
0.97634,0.627357,1.678,2.04022
0.981787,0.627357,1.678,2.04283
0.987233,0.627357,1.678,2.04546
0.987947,0.624366,1.67,2.03833
0.988609,0.621375,1.662,2.03118
0.994003,0.621375,1.662,2.03381
0.999397,0.621375,1.662,2.03645
1.00963,0.624366,1.67,2.04892
1.01505,0.624366,1.67,2.0516
1.02047,0.624366,1.67,2.05429
1.02589,0.624366,1.67,2.05698
1.03131,0.624366,1.67,2.05969
1.03673,0.624366,1.67,2.06241
1.04215,0.624366,1.67,2.06514
1.04757,0.624366,1.67,2.06788
1.04795,0.621375,1.662,2.06071
1.05334,0.621375,1.662,2.06346
1.05874,0.621375,1.662,2.06622
1.06413,0.621375,1.662,2.06899
1.06953,0.621375,1.662,2.07177
1.07492,0.621375,1.662,2.07456
1.08551,0.624366,1.67,2.08736
1.09093,0.624366,1.67,2.09018
1.09635,0.624366,1.67,2.09302
1.10178,0.624366,1.67,2.09586
1.1072,0.624366,1.67,2.09872
1.11262,0.624366,1.67,2.10158
1.12339,0.627357,1.678,2.11454
1.12884,0.627357,1.678,2.11744
1.13429,0.627357,1.678,2.12035
1.13973,0.627357,1.678,2.12326
-1.17588,0.639213,1.695,2.1597
-1.17038,0.639213,1.695,2.15671
-1.17037,0.64223,1.703,2.16389
-1.16484,0.64223,1.703,2.16091
-1.17089,0.648641,1.72,2.17948
-1.1714,0.652035,1.729,2.18787
-1.17793,0.658823,1.747,2.20762
-1.17226,0.658823,1.747,2.2046
-1.1726,0.662217,1.756,2.21293
-1.17886,0.669005,1.774,2.23257
-1.1731,0.669005,1.774,2.22953
-1.17327,0.672399,1.783,2.2378
-1.17992,0.679565,1.802,2.25859
-1.17407,0.679565,1.802,2.25554
-1.17406,0.682959,1.811,2.26375
-1.16818,0.682959,1.811,2.26071
-1.1623,0.682959,1.811,2.25768
-1.15642,0.682959,1.811,2.25465
-1.1569,0.68673,1.821,2.26408
-1.15099,0.68673,1.821,2.26106
-1.14508,0.68673,1.821,2.25806
-1.14542,0.690501,1.831,2.26745
-1.1457,0.694272,1.841,2.27682
-1.13973,0.694272,1.841,2.27382
-1.13375,0.694272,1.841,2.27083
-1.13329,0.697666,1.85,2.27894
-1.12728,0.697666,1.85,2.27596
-1.12128,0.697666,1.85,2.273
-1.11528,0.697666,1.85,2.27004
-1.10927,0.697666,1.85,2.2671
-1.0979,0.694272,1.841,2.25315
-1.09192,0.694272,1.841,2.25024
-1.08595,0.694272,1.841,2.24735
-1.07997,0.694272,1.841,2.24447
-1.074,0.694272,1.841,2.2416
-1.06802,0.694272,1.841,2.23874
-1.06205,0.694272,1.841,2.2359
-1.05033,0.690501,1.831,2.22094
-1.04439,0.690501,1.831,2.21813
-1.03845,0.690501,1.831,2.21534
-1.03251,0.690501,1.831,2.21256
-1.03217,0.694272,1.841,2.22186
-1.02619,0.694272,1.841,2.21909
-1.02022,0.694272,1.841,2.21634
-1.01424,0.694272,1.841,2.21359
-1.0132,0.697666,1.85,2.22167
-1.01318,0.701815,1.861,2.23213
-1.00714,0.701815,1.861,2.22939
-1.00648,0.705586,1.871,2.23864
-1.00575,0.709357,1.881,2.24786
-0.999648,0.709357,1.881,2.24514
-0.998825,0.713128,1.891,2.25435
-0.998462,0.717276,1.902,2.26473
-0.992288,0.717276,1.902,2.26202
-0.9913,0.721048,1.912,2.2712
-0.979942,0.717276,1.902,2.25663
-0.973768,0.717276,1.902,2.25396
-0.967595,0.717276,1.902,2.25129
-0.955861,0.713128,1.891,2.23564
-0.949723,0.713128,1.891,2.23303
-0.938596,0.709357,1.881,2.21863
-0.927533,0.705586,1.871,2.20427
-0.92146,0.705586,1.871,2.20172
-0.910495,0.701815,1.861,2.18743
-0.894734,0.694272,1.841,2.16145
-0.888759,0.694272,1.841,2.15898
-0.873193,0.68673,1.821,2.1331
-0.86252,0.682959,1.811,2.11898
-0.856642,0.682959,1.811,2.1166
-0.846536,0.679565,1.802,2.10372
-0.840687,0.679565,1.802,2.10137
-0.830206,0.675793,1.792,2.08739
-0.824389,0.675793,1.792,2.08508
-0.818573,0.675793,1.792,2.08279
-0.808674,0.672399,1.783,2.07006
-0.802887,0.672399,1.783,2.06781
-0.7971,0.672399,1.783,2.06557
-0.791313,0.672399,1.783,2.06334
-0.785526,0.672399,1.783,2.06113
-0.779739,0.672399,1.783,2.05893
-0.773951,0.672399,1.783,2.05675
-0.768164,0.672399,1.783,2.05458
-0.766225,0.675793,1.792,2.06278
-0.760409,0.675793,1.792,2.06063
-0.754593,0.675793,1.792,2.05849
-0.748776,0.675793,1.792,2.05636
-0.74296,0.675793,1.792,2.05425
-0.737143,0.675793,1.792,2.05216
-0.731327,0.675793,1.792,2.05007
-0.725511,0.675793,1.792,2.04801
-0.719694,0.675793,1.792,2.04595
-0.713878,0.675793,1.792,2.04391
-0.708061,0.675793,1.792,2.04189
-0.702245,0.675793,1.792,2.03988
-0.696429,0.675793,1.792,2.03788
-0.690612,0.675793,1.792,2.0359
-0.684796,0.675793,1.792,2.03394
-0.675569,0.672399,1.783,2.02178
-0.669782,0.672399,1.783,2.01986
-0.663995,0.672399,1.783,2.01794
-0.654885,0.669005,1.774,2.00587
-0.649128,0.669005,1.774,2.004
-0.64337,0.669005,1.774,2.00214
-0.634377,0.665611,1.765,1.99015
-0.628648,0.665611,1.765,1.98833
-0.622919,0.665611,1.765,1.98653
-0.614043,0.662217,1.756,1.97462
-0.605226,0.658823,1.747,1.96274
-0.599556,0.658823,1.747,1.961
-0.590826,0.655429,1.738,1.94918
-0.582154,0.652035,1.729,1.93739
-0.576542,0.652035,1.729,1.93571
-0.570931,0.652035,1.729,1.93405
-0.562376,0.648641,1.72,1.92234
-0.556793,0.648641,1.72,1.92072
-0.548647,0.645624,1.712,1.91018
-0.54309,0.645624,1.712,1.90859
-0.537533,0.645624,1.712,1.90702
-0.52918,0.64223,1.703,1.89544
-0.523653,0.64223,1.703,1.89391
-0.518125,0.64223,1.703,1.89239
-0.512598,0.64223,1.703,1.89088
-0.504688,0.639213,1.695,1.88051
-0.499186,0.639213,1.695,1.87904
-0.500966,0.648641,1.72,1.90528
-0.49308,0.645624,1.712,1.89497
-0.487523,0.645624,1.712,1.89353
-0.481966,0.645624,1.712,1.89211
-0.476409,0.645624,1.712,1.8907
-0.470853,0.645624,1.712,1.88931
-0.465296,0.645624,1.712,1.88793
-0.459739,0.645624,1.712,1.88657
-0.454182,0.645624,1.712,1.88522
-0.448626,0.645624,1.712,1.88389
-0.443069,0.645624,1.712,1.88257
-0.437512,0.645624,1.712,1.88127
-0.431956,0.645624,1.712,1.87999
-0.426399,0.645624,1.712,1.87872
-0.420842,0.645624,1.712,1.87747
-0.413102,0.64223,1.703,1.86637
-0.407575,0.64223,1.703,1.86515
-0.402047,0.64223,1.703,1.86395
-0.39652,0.64223,1.703,1.86277
-0.390992,0.64223,1.703,1.8616
-0.385465,0.64223,1.703,1.86044
-0.379937,0.64223,1.703,1.85931
-0.37441,0.64223,1.703,1.85818
-0.368882,0.64223,1.703,1.85708
-0.363355,0.64223,1.703,1.85599
-0.356146,0.639213,1.695,1.8462
-0.350645,0.639213,1.695,1.84515
-0.345143,0.639213,1.695,1.84411
-0.339641,0.639213,1.695,1.84309
-0.33414,0.639213,1.695,1.84208
-0.328638,0.639213,1.695,1.84109
-0.323137,0.639213,1.695,1.84012
-0.317635,0.639213,1.695,1.83916
-0.312134,0.639213,1.695,1.83822
-0.306632,0.639213,1.695,1.83729
-0.301131,0.639213,1.695,1.83638
-0.295629,0.639213,1.695,1.83549
-0.288587,0.635819,1.686,1.82487
-0.283115,0.635819,1.686,1.82401
-0.277642,0.635819,1.686,1.82317
-0.27217,0.635819,1.686,1.82234
-0.266698,0.635819,1.686,1.82153
-0.261225,0.635819,1.686,1.82074
-0.255753,0.635819,1.686,1.81996
-0.250281,0.635819,1.686,1.8192
-0.244808,0.635819,1.686,1.81846
-0.239336,0.635819,1.686,1.81773
-0.233864,0.635819,1.686,1.81702
-0.227308,0.632802,1.678,1.8077
-0.221861,0.632802,1.678,1.80703
-0.216415,0.632802,1.678,1.80637
-0.210969,0.632802,1.678,1.80572
-0.205522,0.632802,1.678,1.80509
-0.200076,0.632802,1.678,1.80448
-0.193701,0.629785,1.67,1.79529
-0.188281,0.629785,1.67,1.79471
-0.182861,0.629785,1.67,1.79415
-0.17744,0.629785,1.67,1.7936
-0.171196,0.626768,1.662,1.78449
-0.165801,0.626768,1.662,1.78398
-0.160407,0.626768,1.662,1.78348
-0.155013,0.626768,1.662,1.78301
-0.149618,0.626768,1.662,1.78255
-0.143529,0.623751,1.654,1.77352
-0.137493,0.620734,1.646,1.76452
-0.13215,0.620734,1.646,1.76411
-0.126808,0.620734,1.646,1.76372
-0.120875,0.617717,1.638,1.75477
-0.114994,0.6147,1.63,1.74585
-0.109703,0.6147,1.63,1.74551
-0.1039,0.611684,1.622,1.73662
-0.0986357,0.611684,1.622,1.73631
-0.0933711,0.611684,1.622,1.73602
-0.0877262,0.609044,1.615,1.72825
-0.0820757,0.606027,1.607,1.71943
-0.0768598,0.606027,1.607,1.71919
-0.0716439,0.606027,1.607,1.71897
-0.0661386,0.603387,1.6,1.71127
-0.0609454,0.603387,1.6,1.71108
-0.0554734,0.60037,1.592,1.70235
-0.0503062,0.60037,1.592,1.70219
-0.045139,0.60037,1.592,1.70204
-0.0399717,0.60037,1.592,1.70191
-0.0348045,0.60037,1.592,1.7018
-0.0296373,0.60037,1.592,1.7017
-0.02447,0.60037,1.592,1.70162
-0.0193028,0.60037,1.592,1.70155
-0.0141355,0.60037,1.592,1.7015
-0.00901338,0.603387,1.6,1.71002
-0.00382018,0.603387,1.6,1.71
0.00137303,0.603387,1.6,1.70999
0.00656623,0.603387,1.6,1.71001
0.0117594,0.603387,1.6,1.71003
0.0169526,0.603387,1.6,1.71008
0.0222427,0.606027,1.607,1.71762
0.0275953,0.609044,1.615,1.72624
0.0328372,0.609044,1.615,1.72634
0.0380791,0.609044,1.615,1.72644
0.0435088,0.611684,1.622,1.73405
0.0487734,0.611684,1.622,1.73419
0.054038,0.611684,1.622,1.73435
0.0595951,0.6147,1.63,1.74307
0.0648857,0.6147,1.63,1.74326
0.0701763,0.6147,1.63,1.74347
0.0758372,0.617717,1.638,1.75225
0.0811538,0.617717,1.638,1.75249
0.0864703,0.617717,1.638,1.75274
0.0917868,0.617717,1.638,1.75301
0.0971034,0.617717,1.638,1.7533
0.10242,0.617717,1.638,1.7536
0.107736,0.617717,1.638,1.75392
0.113053,0.617717,1.638,1.75425
0.11837,0.617717,1.638,1.7546
0.123686,0.617717,1.638,1.75497
0.129003,0.617717,1.638,1.75535
0.134319,0.617717,1.638,1.75575
0.139636,0.617717,1.638,1.75617
0.144244,0.6147,1.63,1.74802
0.149535,0.6147,1.63,1.74846
0.154825,0.6147,1.63,1.74892
0.160116,0.6147,1.63,1.7494
0.165407,0.6147,1.63,1.74989
0.170697,0.6147,1.63,1.7504
0.175988,0.6147,1.63,1.75092
0.181278,0.6147,1.63,1.75146
0.186569,0.6147,1.63,1.75202
0.191859,0.6147,1.63,1.75259
0.19715,0.6147,1.63,1.75318
0.201447,0.611684,1.622,1.74517
0.206712,0.611684,1.622,1.74579
0.211976,0.611684,1.622,1.74642
0.217241,0.611684,1.622,1.74706
0.222505,0.611684,1.622,1.74773
0.22777,0.611684,1.622,1.74841
0.233035,0.611684,1.622,1.7491
0.237271,0.609044,1.615,1.74226
0.242513,0.609044,1.615,1.74298
0.247755,0.609044,1.615,1.74372
0.251743,0.606027,1.607,1.73583
0.256959,0.606027,1.607,1.73659
0.262175,0.606027,1.607,1.73737
0.267391,0.606027,1.607,1.73816
0.27142,0.603387,1.6,1.7314
0.276613,0.603387,1.6,1.73222
0.281806,0.603387,1.6,1.73306
0.286999,0.603387,1.6,1.73391
0.290731,0.60037,1.592,1.7261
0.295899,0.60037,1.592,1.72698
0.301066,0.60037,1.592,1.72787
0.306233,0.60037,1.592,1.72878
0.3114,0.60037,1.592,1.7297
0.316568,0.60037,1.592,1.73064
0.321735,0.60037,1.592,1.7316
0.326902,0.60037,1.592,1.73256
0.330609,0.59773,1.585,1.72592
0.335754,0.59773,1.585,1.72692
0.340898,0.59773,1.585,1.72792
0.346043,0.59773,1.585,1.72895
0.351187,0.59773,1.585,1.72998
0.356332,0.59773,1.585,1.73103
0.366494,0.606027,1.607,1.75614
0.37171,0.606027,1.607,1.75724
0.378802,0.609044,1.615,1.7671
0.384044,0.609044,1.615,1.76823
0.389286,0.609044,1.615,1.76938
0.394528,0.609044,1.615,1.77054
0.399769,0.609044,1.615,1.77172
0.405011,0.609044,1.615,1.77291
0.410253,0.609044,1.615,1.77411
0.415495,0.609044,1.615,1.77533
0.420737,0.609044,1.615,1.77656
0.425979,0.609044,1.615,1.77781
0.43309,0.611684,1.622,1.78679
0.438354,0.611684,1.622,1.78807
0.443619,0.611684,1.622,1.78937
0.451098,0.6147,1.63,1.79951
0.456388,0.6147,1.63,1.80085
0.461679,0.6147,1.63,1.80219
0.469261,0.617717,1.638,1.81241
0.474578,0.617717,1.638,1.81379
0.479894,0.617717,1.638,1.81519
0.485211,0.617717,1.638,1.8166
0.490527,0.617717,1.638,1.81803
0.495844,0.617717,1.638,1.81947
0.501161,0.617717,1.638,1.82093
0.506477,0.617717,1.638,1.8224
0.511794,0.617717,1.638,1.82388
0.51711,0.617717,1.638,1.82538
0.524978,0.620734,1.646,1.83582
0.530321,0.620734,1.646,1.83735
0.535663,0.620734,1.646,1.8389
0.541006,0.620734,1.646,1.84047
0.546348,0.620734,1.646,1.84204
0.551691,0.620734,1.646,1.84363
0.557033,0.620734,1.646,1.84524
0.562376,0.620734,1.646,1.84686
0.567718,0.620734,1.646,1.84849
0.570276,0.617717,1.638,1.84115
0.575592,0.617717,1.638,1.8428
0.580909,0.617717,1.638,1.84447
0.583362,0.6147,1.63,1.83714
0.588653,0.6147,1.63,1.83882
0.593943,0.6147,1.63,1.84052
0.596293,0.611684,1.622,1.8332
0.601557,0.611684,1.622,1.83491
0.606822,0.611684,1.622,1.83665
0.612087,0.611684,1.622,1.83839
0.614687,0.609044,1.615,1.83221
0.619929,0.609044,1.615,1.83398
0.625171,0.609044,1.615,1.83576
0.630413,0.609044,1.615,1.83755
0.632506,0.606027,1.607,1.83024
0.637722,0.606027,1.607,1.83205
0.642938,0.606027,1.607,1.83387
0.648153,0.606027,1.607,1.83571
0.653369,0.606027,1.607,1.83756
0.658585,0.606027,1.607,1.83942
0.663801,0.606027,1.607,1.84129
0.669017,0.606027,1.607,1.84318
0.674233,0.606027,1.607,1.84508
0.679449,0.606027,1.607,1.84699
0.684665,0.606027,1.607,1.84891
0.689881,0.606027,1.607,1.85085
0.695097,0.606027,1.607,1.8528
0.700313,0.606027,1.607,1.85477
0.705529,0.606027,1.607,1.85674
0.710745,0.606027,1.607,1.85873
0.715961,0.606027,1.607,1.86073
0.724767,0.609044,1.615,1.87202
0.730008,0.609044,1.615,1.87405
0.73525,0.609044,1.615,1.8761
0.740492,0.609044,1.615,1.87816
0.745734,0.609044,1.615,1.88023
0.750976,0.609044,1.615,1.88232
0.756218,0.609044,1.615,1.88442
0.76476,0.611684,1.622,1.8947
0.770025,0.611684,1.622,1.89683
0.779113,0.6147,1.63,1.90834
0.784404,0.6147,1.63,1.91051
0.789694,0.6147,1.63,1.91269
0.798887,0.617717,1.638,1.92428
0.808131,0.620734,1.646,1.9359
0.813474,0.620734,1.646,1.93813
0.822796,0.623751,1.654,1.94981
0.836176,0.629785,1.67,1.97097
0.845627,0.632802,1.678,1.98273
0.851074,0.632802,1.678,1.98506
0.860604,0.635819,1.686,1.99687
0.874809,0.64223,1.703,2.0194
0.880336,0.64223,1.703,2.0218
0.890545,0.645624,1.712,2.03491
0.90029,0.648641,1.72,2.04686
0.905872,0.648641,1.72,2.04933
0.916224,0.652035,1.729,2.06254
0.926635,0.655429,1.738,2.07578
0.927448,0.652035,1.729,2.06755
0.928203,0.648641,1.72,2.05929
0.933786,0.648641,1.72,2.06182
0.939368,0.648641,1.72,2.06435
0.940556,0.645624,1.712,2.05728
0.941139,0.64223,1.703,2.049
0.946666,0.64223,1.703,2.05155
0.947721,0.639213,1.695,2.04445
0.943662,0.632802,1.678,2.02648
0.949109,0.632802,1.678,2.02902
0.950004,0.629785,1.67,2.02189
0.950848,0.626768,1.662,2.01474
0.956242,0.626768,1.662,2.0173
0.961636,0.626768,1.662,2.01986
0.957721,0.620734,1.646,2.00296
0.963064,0.620734,1.646,2.00552
0.968406,0.620734,1.646,2.00809
0.969016,0.617717,1.638,2.0009
0.974333,0.617717,1.638,2.00348
0.979649,0.617717,1.638,2.00607
0.984966,0.617717,1.638,2.00868
0.985446,0.6147,1.63,2.00146
0.990736,0.6147,1.63,2.00407
0.996027,0.6147,1.63,2.0067
1.00623,0.617717,1.638,2.01919
1.01155,0.617717,1.638,2.02184
1.01687,0.617717,1.638,2.02451
1.02218,0.617717,1.638,2.02718
1.0275,0.617717,1.638,2.02987
1.03281,0.617717,1.638,2.03257
1.03813,0.617717,1.638,2.03527
1.04854,0.620734,1.646,2.04794
1.05389,0.620734,1.646,2.05068
1.05923,0.620734,1.646,2.05343
1.06457,0.620734,1.646,2.0562
1.06991,0.620734,1.646,2.05897
1.07526,0.620734,1.646,2.06175
1.08585,0.623751,1.654,2.07457
1.09122,0.623751,1.654,2.07739
1.09659,0.623751,1.654,2.08021
1.10196,0.623751,1.654,2.08305
1.10732,0.623751,1.654,2.08589
1.11269,0.623751,1.654,2.08875
1.12347,0.626768,1.662,2.10173
1.1343,0.629785,1.67,2.11475
-1.14743,0.629118,1.654,2.10905
-1.14759,0.632161,1.662,2.11633
-1.14219,0.632161,1.662,2.11341
-1.1368,0.632161,1.662,2.11049
-1.1423,0.638247,1.678,2.12788
-1.14837,0.644713,1.695,2.14649
-1.14287,0.644713,1.695,2.14355
-1.14273,0.647756,1.703,2.15073
-1.14856,0.654222,1.72,2.16924
-1.15494,0.661069,1.738,2.18896
-1.1493,0.661069,1.738,2.18599
-1.14958,0.664492,1.747,2.19433
-1.15569,0.671338,1.765,2.21394
-1.14996,0.671338,1.765,2.21096
-1.14424,0.671338,1.765,2.20798
-1.14431,0.674762,1.774,2.21626
-1.14433,0.678185,1.783,2.22453
-1.13854,0.678185,1.783,2.22155
-1.13276,0.678185,1.783,2.21859
-1.13266,0.681608,1.792,2.22683
-1.12684,0.681608,1.792,2.22388
-1.12728,0.685412,1.802,2.23333
-1.12143,0.685412,1.802,2.23038
-1.11558,0.685412,1.802,2.22745
-1.10973,0.685412,1.802,2.22452
-1.11552,0.692639,1.821,2.24504
-1.10961,0.692639,1.821,2.2421
-1.1037,0.692639,1.821,2.23919
-1.09779,0.692639,1.821,2.23628
-1.09188,0.692639,1.821,2.23338
-1.08001,0.688835,1.811,2.21825
-1.07413,0.688835,1.811,2.21539
-1.06825,0.688835,1.811,2.21255
-1.06237,0.688835,1.811,2.20972
-1.0565,0.688835,1.811,2.2069
-1.05062,0.688835,1.811,2.20409
-1.04474,0.688835,1.811,2.20129
-1.03886,0.688835,1.811,2.19851
-1.03298,0.688835,1.811,2.19574
-1.02711,0.688835,1.811,2.19298
-1.02123,0.688835,1.811,2.19023
-1.02096,0.692639,1.821,2.19958
-1.01505,0.692639,1.821,2.19684
-1.00914,0.692639,1.821,2.19412
-1.00873,0.696442,1.831,2.20344
-1.00279,0.696442,1.831,2.20072
-1.00719,0.703669,1.85,2.22083
-1.00119,0.703669,1.85,2.21811
-1.0011,0.707853,1.861,2.22858
-1.00041,0.711657,1.871,2.23784
-0.994334,0.711657,1.871,2.23513
-0.993543,0.71546,1.881,2.24436
-0.998462,0.723448,1.902,2.2667
-0.992288,0.723448,1.902,2.26398
-0.986115,0.723448,1.902,2.26128
-0.974274,0.719264,1.891,2.24554
-0.968136,0.719264,1.891,2.24288
-0.961999,0.719264,1.891,2.24024
-0.945751,0.711657,1.871,2.21394
-0.939679,0.711657,1.871,2.21136
-0.928616,0.707853,1.861,2.19698
-0.912661,0.700246,1.841,2.17085
-0.906685,0.700246,1.841,2.16834
-0.895817,0.696442,1.831,2.15408
-0.880154,0.688835,1.811,2.12812
-0.874276,0.688835,1.811,2.12569
-0.859288,0.681608,1.792,2.10101
-0.853471,0.681608,1.792,2.09863
-0.847655,0.681608,1.792,2.09628
-0.83761,0.678185,1.783,2.08341
-0.831823,0.678185,1.783,2.08109
-0.821866,0.674762,1.774,2.0683
-0.816108,0.674762,1.774,2.06601
-0.806239,0.671338,1.765,2.05328
-0.800511,0.671338,1.765,2.05103
-0.802887,0.678185,1.783,2.0697
-0.7971,0.678185,1.783,2.06746
-0.791313,0.678185,1.783,2.06524
-0.785526,0.678185,1.783,2.06303
-0.779739,0.678185,1.783,2.06083
-0.773951,0.678185,1.783,2.05865
-0.768164,0.678185,1.783,2.05648
-0.766225,0.681608,1.792,2.06469
-0.760409,0.681608,1.792,2.06254
-0.754593,0.681608,1.792,2.0604
-0.748776,0.681608,1.792,2.05828
-0.74296,0.681608,1.792,2.05617
-0.737143,0.681608,1.792,2.05408
-0.731327,0.681608,1.792,2.052
-0.725511,0.681608,1.792,2.04993
-0.719694,0.681608,1.792,2.04788
-0.713878,0.681608,1.792,2.04584
-0.708061,0.681608,1.792,2.04382
-0.702245,0.681608,1.792,2.04181
-0.696429,0.681608,1.792,2.03982
-0.690612,0.681608,1.792,2.03784
-0.684796,0.681608,1.792,2.03588
-0.675569,0.678185,1.783,2.02371
-0.669782,0.678185,1.783,2.02179
-0.663995,0.678185,1.783,2.01988
-0.654885,0.674762,1.774,2.0078
-0.649128,0.674762,1.774,2.00593
-0.64337,0.674762,1.774,2.00407
-0.634377,0.671338,1.765,1.99207
-0.628648,0.671338,1.765,1.99026
-0.622919,0.671338,1.765,1.98845
-0.614043,0.667915,1.756,1.97654
-0.605226,0.664492,1.747,1.96465
-0.599556,0.664492,1.747,1.96291
-0.590826,0.661069,1.738,1.95108
-0.582154,0.657645,1.729,1.93929
-0.576542,0.657645,1.729,1.93761
-0.570931,0.657645,1.729,1.93595
-0.562376,0.654222,1.72,1.92423
-0.556793,0.654222,1.72,1.92261
-0.548647,0.651179,1.712,1.91206
-0.54309,0.651179,1.712,1.91048
-0.537533,0.651179,1.712,1.90891
-0.52918,0.647756,1.703,1.89732
-0.523653,0.647756,1.703,1.89579
-0.518125,0.647756,1.703,1.89427
-0.512598,0.647756,1.703,1.89276
-0.504688,0.644713,1.695,1.88239
-0.499186,0.644713,1.695,1.88092
-0.493685,0.644713,1.695,1.87947
-0.488183,0.644713,1.695,1.87803
-0.482682,0.644713,1.695,1.87661
-0.47718,0.644713,1.695,1.8752
-0.469174,0.64129,1.686,1.86386
-0.463702,0.64129,1.686,1.86249
-0.458229,0.64129,1.686,1.86114
-0.452757,0.64129,1.686,1.8598
-0.447285,0.64129,1.686,1.85847
-0.441812,0.64129,1.686,1.85716
-0.43634,0.64129,1.686,1.85587
-0.430868,0.64129,1.686,1.85459
-0.425395,0.64129,1.686,1.85332
-0.419923,0.64129,1.686,1.85208
-0.414451,0.64129,1.686,1.85084
-0.408978,0.64129,1.686,1.84962
-0.403506,0.64129,1.686,1.84842
-0.398034,0.64129,1.686,1.84724
-0.392561,0.64129,1.686,1.84606
-0.387089,0.64129,1.686,1.84491
-0.381617,0.64129,1.686,1.84377
-0.37436,0.638247,1.678,1.8339
-0.368913,0.638247,1.678,1.8328
-0.363467,0.638247,1.678,1.83171
-0.358021,0.638247,1.678,1.83063
-0.352574,0.638247,1.678,1.82958
-0.347128,0.638247,1.678,1.82854
-0.341681,0.638247,1.678,1.82751
-0.334632,0.635204,1.67,1.81779
-0.329212,0.635204,1.67,1.8168
-0.323791,0.635204,1.67,1.81583
-0.318371,0.635204,1.67,1.81487
-0.31295,0.635204,1.67,1.81392
-0.30753,0.635204,1.67,1.813
-0.30211,0.635204,1.67,1.81209
-0.296689,0.635204,1.67,1.81119
-0.291269,0.635204,1.67,1.81031
-0.285848,0.635204,1.67,1.80945
-0.280428,0.635204,1.67,1.8086
-0.275008,0.635204,1.67,1.80776
-0.269587,0.635204,1.67,1.80695
-0.262901,0.632161,1.662,1.7975
-0.257507,0.632161,1.662,1.79671
-0.252112,0.632161,1.662,1.79595
-0.246718,0.632161,1.662,1.7952
-0.241324,0.632161,1.662,1.79447
-0.235929,0.632161,1.662,1.79375
-0.230535,0.632161,1.662,1.79305
-0.224057,0.629118,1.654,1.78373
-0.218688,0.629118,1.654,1.78307
-0.21332,0.629118,1.654,1.78242
-0.207951,0.629118,1.654,1.78178
-0.202583,0.629118,1.654,1.78116
-0.197214,0.629118,1.654,1.78056
-0.190918,0.626075,1.646,1.77137
-0.185575,0.626075,1.646,1.7708
-0.180233,0.626075,1.646,1.77025
-0.17489,0.626075,1.646,1.76971
-0.169548,0.626075,1.646,1.76919
-0.164205,0.626075,1.646,1.76869
-0.158091,0.623033,1.638,1.7596
-0.152774,0.623033,1.638,1.75913
-0.147458,0.623033,1.638,1.75868
-0.142141,0.623033,1.638,1.75824
-0.136156,0.61999,1.63,1.74924
-0.130866,0.61999,1.63,1.74883
-0.125575,0.61999,1.63,1.74844
-0.119694,0.616947,1.622,1.73949
-0.114429,0.616947,1.622,1.73914
-0.108694,0.614284,1.615,1.7313
-0.102939,0.611241,1.607,1.7224
-0.0972978,0.608579,1.6,1.71459
-0.0921046,0.608579,1.6,1.71431
-0.0869114,0.608579,1.6,1.71404
-0.0813096,0.605536,1.592,1.70521
-0.0761424,0.605536,1.592,1.70497
-0.0706631,0.602873,1.585,1.69726
-0.0655186,0.602873,1.585,1.69705
-0.060374,0.602873,1.585,1.69686
-0.0552295,0.602873,1.585,1.69668
-0.0498638,0.600211,1.578,1.68903
-0.044742,0.600211,1.578,1.68889
-0.0396202,0.600211,1.578,1.68876
-0.0344984,0.600211,1.578,1.68865
-0.0293766,0.600211,1.578,1.68855
-0.0242548,0.600211,1.578,1.68847
-0.019133,0.600211,1.578,1.6884
-0.0140112,0.600211,1.578,1.68835
-0.00888945,0.600211,1.578,1.68832
-0.00376765,0.600211,1.578,1.6883
0.00135415,0.600211,1.578,1.68829
0.00647594,0.600211,1.578,1.68831
0.0115977,0.600211,1.578,1.68833
0.0167937,0.602873,1.585,1.69587
0.0219382,0.602873,1.585,1.69593
0.0272023,0.605536,1.592,1.70349
0.0323696,0.605536,1.592,1.70358
0.0377254,0.608579,1.6,1.71225
0.0429186,0.608579,1.6,1.71237
0.0481119,0.608579,1.6,1.71251
0.0535383,0.611241,1.607,1.72015
0.0590467,0.614284,1.615,1.72889
0.0642886,0.614284,1.615,1.72908
0.0695305,0.614284,1.615,1.72928
0.0747723,0.614284,1.615,1.7295
0.0800142,0.614284,1.615,1.72973
0.0856257,0.616947,1.622,1.73748
0.0908903,0.616947,1.622,1.73775
0.0961549,0.616947,1.622,1.73803
0.101419,0.616947,1.622,1.73833
0.106684,0.616947,1.622,1.73865
0.113053,0.623033,1.638,1.75613
0.11837,0.623033,1.638,1.75648
0.123686,0.623033,1.638,1.75685
0.129003,0.623033,1.638,1.75723
0.134319,0.623033,1.638,1.75763
0.139636,0.623033,1.638,1.75804
0.144244,0.61999,1.63,1.74988
0.149535,0.61999,1.63,1.75033
0.154825,0.61999,1.63,1.75079
0.160116,0.61999,1.63,1.75126
0.165407,0.61999,1.63,1.75176
0.170697,0.61999,1.63,1.75226
0.175988,0.61999,1.63,1.75279
0.181278,0.61999,1.63,1.75333
0.186569,0.61999,1.63,1.75388
0.191859,0.61999,1.63,1.75445
0.19715,0.61999,1.63,1.75504
0.201447,0.616947,1.622,1.74702
0.206712,0.616947,1.622,1.74764
0.211976,0.616947,1.622,1.74827
0.217241,0.616947,1.622,1.74891
0.222505,0.616947,1.622,1.74958
0.22777,0.616947,1.622,1.75025
0.233035,0.616947,1.622,1.75095
0.237271,0.614284,1.615,1.7441
0.242513,0.614284,1.615,1.74482
0.247755,0.614284,1.615,1.74555
0.251743,0.611241,1.607,1.73765
0.256959,0.611241,1.607,1.73842
0.262175,0.611241,1.607,1.7392
0.267391,0.611241,1.607,1.73999
0.27142,0.608579,1.6,1.73322
0.276613,0.608579,1.6,1.73404
0.281806,0.608579,1.6,1.73487
0.286999,0.608579,1.6,1.73572
0.290731,0.605536,1.592,1.72791
0.295899,0.605536,1.592,1.72878
0.301066,0.605536,1.592,1.72968
0.306233,0.605536,1.592,1.73058
0.3114,0.605536,1.592,1.7315
0.316568,0.605536,1.592,1.73244
0.321735,0.605536,1.592,1.73339
0.326902,0.605536,1.592,1.73436
0.330609,0.602873,1.585,1.72771
0.335754,0.602873,1.585,1.7287
0.340898,0.602873,1.585,1.72971
0.346043,0.602873,1.585,1.73073
0.351187,0.602873,1.585,1.73177
0.356332,0.602873,1.585,1.73282
0.361476,0.602873,1.585,1.73388
0.366621,0.602873,1.585,1.73496
0.373407,0.605536,1.592,1.74372
0.378574,0.605536,1.592,1.74484
0.383742,0.605536,1.592,1.74597
0.388909,0.605536,1.592,1.74711
0.394076,0.605536,1.592,1.74827
0.399243,0.605536,1.592,1.74944
0.404411,0.605536,1.592,1.75062
0.409578,0.605536,1.592,1.75183
0.416829,0.608579,1.6,1.76185
0.422022,0.608579,1.6,1.76309
0.427216,0.608579,1.6,1.76434
0.432409,0.608579,1.6,1.7656
0.437602,0.608579,1.6,1.76688
0.442795,0.608579,1.6,1.76817
0.447988,0.608579,1.6,1.76948
0.453182,0.608579,1.6,1.7708
0.46038,0.611241,1.607,1.77989
0.465596,0.611241,1.607,1.78125
0.470812,0.611241,1.607,1.78262
0.478398,0.614284,1.615,1.79288
0.48364,0.614284,1.615,1.79429
0.488882,0.614284,1.615,1.79571
0.494123,0.614284,1.615,1.79714
0.499365,0.614284,1.615,1.79859
0.506794,0.616947,1.622,1.80786
0.512059,0.616947,1.622,1.80934
0.517324,0.616947,1.622,1.81084
0.522588,0.616947,1.622,1.81235
0.527853,0.616947,1.622,1.81387
0.533117,0.616947,1.622,1.81541
0.538382,0.616947,1.622,1.81697
0.543647,0.616947,1.622,1.81853
0.548911,0.616947,1.622,1.82011
0.554176,0.616947,1.622,1.82171
0.55944,0.616947,1.622,1.82332
0.562268,0.614284,1.615,1.81706
0.56751,0.614284,1.615,1.81869
0.572752,0.614284,1.615,1.82033
0.575131,0.611241,1.607,1.81296
0.580346,0.611241,1.607,1.81463
0.585562,0.611241,1.607,1.8163
0.588205,0.608579,1.6,1.81007
0.593398,0.608579,1.6,1.81176
0.598591,0.608579,1.6,1.81347
0.603785,0.608579,1.6,1.81519
0.605933,0.605536,1.592,1.80784
0.6111,0.605536,1.592,1.80958
0.616267,0.605536,1.592,1.81133
0.621435,0.605536,1.592,1.8131
0.623847,0.602873,1.585,1.80689
0.628991,0.602873,1.585,1.80868
0.634136,0.602873,1.585,1.81047
0.63928,0.602873,1.585,1.81228
0.644425,0.602873,1.585,1.8141
0.649569,0.602873,1.585,1.81594
0.654714,0.602873,1.585,1.81778
0.659858,0.602873,1.585,1.81964
0.665003,0.602873,1.585,1.82151
0.670147,0.602873,1.585,1.8234
0.675292,0.602873,1.585,1.82529
0.680436,0.602873,1.585,1.8272
0.685581,0.602873,1.585,1.82913
0.690725,0.602873,1.585,1.83106
0.69587,0.602873,1.585,1.83301
0.701014,0.602873,1.585,1.83497
0.706159,0.602873,1.585,1.83694
0.714445,0.605536,1.592,1.84704
0.719612,0.605536,1.592,1.84905
0.724779,0.605536,1.592,1.85107
0.729947,0.605536,1.592,1.85309
0.735114,0.605536,1.592,1.85514
0.740281,0.605536,1.592,1.85719
0.745448,0.605536,1.592,1.85926
0.754387,0.608579,1.6,1.87069
0.759581,0.608579,1.6,1.87279
0.76812,0.611241,1.607,1.8831
0.777185,0.614284,1.615,1.89462
0.782427,0.614284,1.615,1.89678
0.791083,0.616947,1.622,1.90718
0.796348,0.616947,1.622,1.90937
0.801613,0.616947,1.622,1.91157
0.814836,0.623033,1.638,1.93266
0.824159,0.626075,1.646,1.94436
0.829501,0.626075,1.646,1.94663
0.842959,0.632161,1.662,1.96785
0.852437,0.635204,1.67,1.97965
0.861967,0.638247,1.678,1.99149
0.867413,0.638247,1.678,1.99385
0.881702,0.644713,1.695,2.01645
0.891391,0.647756,1.703,2.02839
0.896919,0.647756,1.703,2.03083
0.907216,0.651179,1.712,2.04402
0.912772,0.651179,1.712,2.04649
0.918329,0.651179,1.712,2.04898
0.919029,0.647756,1.703,2.04069
0.920213,0.644713,1.695,2.03359
0.925715,0.644713,1.695,2.03608
0.926272,0.64129,1.686,2.02776
0.927323,0.638247,1.678,2.02064
0.932769,0.638247,1.678,2.02314
0.933743,0.635204,1.67,2.016
0.934664,0.632161,1.662,2.00885
0.940059,0.632161,1.662,2.01136
0.936351,0.626075,1.646,1.9945
0.941694,0.626075,1.646,1.99702
0.947036,0.626075,1.646,1.99954
0.943121,0.61999,1.63,1.98262
0.948412,0.61999,1.63,1.98514
0.953702,0.61999,1.63,1.98767
0.958993,0.61999,1.63,1.99021
0.969016,0.623033,1.638,2.00255
0.974333,0.623033,1.638,2.00513
0.979649,0.623033,1.638,2.00772
0.984966,0.623033,1.638,2.01032
0.985446,0.61999,1.63,2.0031
0.990736,0.61999,1.63,2.0057
0.996027,0.61999,1.63,2.00832
1.00623,0.623033,1.638,2.02082
1.01155,0.623033,1.638,2.02347
1.01687,0.623033,1.638,2.02614
1.02218,0.623033,1.638,2.02881
1.0275,0.623033,1.638,2.03149
1.03281,0.623033,1.638,2.03419
1.03813,0.623033,1.638,2.03689
1.04854,0.626075,1.646,2.04957
1.05389,0.626075,1.646,2.05231
1.05923,0.626075,1.646,2.05506
1.06457,0.626075,1.646,2.05781
1.06991,0.626075,1.646,2.06058
1.07526,0.626075,1.646,2.06336
1.08585,0.629118,1.654,2.07619
1.09122,0.629118,1.654,2.07901
1.09659,0.629118,1.654,2.08183
1.10196,0.629118,1.654,2.08466
1.10732,0.629118,1.654,2.0875
1.11269,0.629118,1.654,2.09036
1.12347,0.632161,1.662,2.10334
1.1343,0.635204,1.67,2.11637
-1.13078,0.625279,1.63,2.08004
-1.13102,0.628348,1.638,2.08736
-1.1257,0.628348,1.638,2.08448
-1.12038,0.628348,1.638,2.08162
-1.12596,0.634485,1.654,2.09906
-1.13143,0.640623,1.67,2.11647
-1.12601,0.640623,1.67,2.11357
-1.13133,0.646761,1.686,2.13091
-1.13186,0.650213,1.695,2.13937
-1.13766,0.656734,1.712,2.1579
-1.1321,0.656734,1.712,2.15497
-1.13181,0.659803,1.72,2.16211
-1.13212,0.663256,1.729,2.17049
-1.12651,0.663256,1.729,2.16757
-1.12673,0.666708,1.738,2.17593
-1.12109,0.666708,1.738,2.17301
-1.12123,0.670161,1.747,2.18135
-1.11556,0.670161,1.747,2.17844
-1.1156,0.673613,1.756,2.18675
-1.1099,0.673613,1.756,2.18384
-1.1042,0.673613,1.756,2.18095
-1.0985,0.673613,1.756,2.17807
-1.10401,0.680518,1.774,2.1975
-1.09825,0.680518,1.774,2.19461
-1.09249,0.680518,1.774,2.19174
-1.09225,0.68397,1.783,2.19998
-1.10961,0.698548,1.821,2.24394
-1.1037,0.698548,1.821,2.24102
-1.09779,0.698548,1.821,2.23812
-1.09188,0.698548,1.821,2.23522
-1.08001,0.694712,1.811,2.22008
-1.07413,0.694712,1.811,2.21723
-1.06825,0.694712,1.811,2.21439
-1.06237,0.694712,1.811,2.21156
-1.0565,0.694712,1.811,2.20874
-1.05062,0.694712,1.811,2.20593
-1.04474,0.694712,1.811,2.20314
-1.03886,0.694712,1.811,2.20036
-1.03298,0.694712,1.811,2.19759
-1.02711,0.694712,1.811,2.19483
-1.02123,0.694712,1.811,2.19209
-1.02096,0.698548,1.821,2.20145
-1.01505,0.698548,1.821,2.19871
-1.00914,0.698548,1.821,2.19599
-1.00873,0.702384,1.831,2.20532
-1.00279,0.702384,1.831,2.20261
-1.00719,0.709672,1.85,2.22274
-1.00119,0.709672,1.85,2.22003
-1.0011,0.713892,1.861,2.23051
-1.00041,0.717728,1.871,2.23977
-0.994334,0.717728,1.871,2.23707
-0.993543,0.721564,1.881,2.24632
-0.998462,0.72962,1.902,2.26867
-0.992288,0.72962,1.902,2.26596
-0.986115,0.72962,1.902,2.26327
-0.974274,0.7254,1.891,2.24751
-0.968136,0.7254,1.891,2.24486
-0.961999,0.7254,1.891,2.24221
-0.945751,0.717728,1.871,2.2159
-0.939679,0.717728,1.871,2.21332
-0.928616,0.713892,1.861,2.19893
-0.912661,0.70622,1.841,2.17278
-0.906685,0.70622,1.841,2.17028
-0.895817,0.702384,1.831,2.15601
-0.880154,0.694712,1.811,2.13003
-0.874276,0.694712,1.811,2.12761
-0.859288,0.687423,1.792,2.1029
-0.853471,0.687423,1.792,2.10053
-0.847655,0.687423,1.792,2.09817
-0.83761,0.68397,1.783,2.0853
-0.831823,0.68397,1.783,2.08299
-0.821866,0.680518,1.774,2.07018
-0.816108,0.680518,1.774,2.0679
-0.806239,0.677066,1.765,2.05516
-0.800511,0.677066,1.765,2.05292
-0.794782,0.677066,1.765,2.05069
-0.789053,0.677066,1.765,2.04847
-0.783324,0.677066,1.765,2.04627
-0.777596,0.677066,1.765,2.04409
-0.771867,0.677066,1.765,2.04192
-0.766138,0.677066,1.765,2.03976
-0.760409,0.677066,1.765,2.03761
-0.754681,0.677066,1.765,2.03548
-0.748952,0.677066,1.765,2.03336
-0.747013,0.680518,1.774,2.04162
-0.741255,0.680518,1.774,2.03952
-0.735497,0.680518,1.774,2.03743
-0.729739,0.680518,1.774,2.03536
-0.723981,0.680518,1.774,2.0333
-0.718223,0.680518,1.774,2.03126
-0.712465,0.680518,1.774,2.02923
-0.706707,0.680518,1.774,2.02722
-0.700949,0.680518,1.774,2.02522
-0.695191,0.680518,1.774,2.02323
-0.689433,0.680518,1.774,2.02126
-0.683675,0.680518,1.774,2.0193
-0.677917,0.680518,1.774,2.01736
-0.668749,0.677066,1.765,2.00521
-0.663021,0.677066,1.765,2.00331
-0.657292,0.677066,1.765,2.00142
-0.648241,0.673613,1.756,1.98935
-0.642541,0.673613,1.756,1.9875
-0.633578,0.670161,1.747,1.97549
-0.624672,0.666708,1.738,1.96351
-0.619031,0.666708,1.738,1.96172
-0.61339,0.666708,1.738,1.95995
-0.604602,0.663256,1.729,1.94805
-0.595872,0.659803,1.72,1.93618
-0.590289,0.659803,1.72,1.93447
-0.581987,0.656734,1.712,1.92379
-0.5734,0.653282,1.703,1.91201
-0.567873,0.653282,1.703,1.91036
-0.562345,0.653282,1.703,1.90872
-0.554202,0.650213,1.695,1.89814
-0.5487,0.650213,1.695,1.89654
-0.540315,0.646761,1.686,1.8849
-0.534842,0.646761,1.686,1.88334
-0.52937,0.646761,1.686,1.88179
-0.523898,0.646761,1.686,1.88026
-0.515965,0.643692,1.678,1.86982
-0.510519,0.643692,1.678,1.86833
-0.505073,0.643692,1.678,1.86685
-0.499626,0.643692,1.678,1.86538
-0.49418,0.643692,1.678,1.86393
-0.488733,0.643692,1.678,1.86249
-0.480983,0.640623,1.67,1.8522
-0.475563,0.640623,1.67,1.8508
-0.470142,0.640623,1.67,1.84941
-0.464722,0.640623,1.67,1.84804
-0.459301,0.640623,1.67,1.84669
-0.453881,0.640623,1.67,1.84535
-0.448461,0.640623,1.67,1.84402
-0.44304,0.640623,1.67,1.84271
-0.43762,0.640623,1.67,1.84141
-0.432199,0.640623,1.67,1.84013
-0.426779,0.640623,1.67,1.83887
-0.421359,0.640623,1.67,1.83762
-0.415938,0.640623,1.67,1.83638
-0.410518,0.640623,1.67,1.83516
-0.405097,0.640623,1.67,1.83396
-0.399677,0.640623,1.67,1.83277
-0.392368,0.637554,1.662,1.82282
-0.386973,0.637554,1.662,1.82167
-0.381579,0.637554,1.662,1.82053
-0.376185,0.637554,1.662,1.8194
-0.37079,0.637554,1.662,1.8183
-0.365396,0.637554,1.662,1.8172
-0.360001,0.637554,1.662,1.81613
-0.3529,0.634485,1.654,1.80633
-0.347531,0.634485,1.654,1.80529
-0.342163,0.634485,1.654,1.80426
-0.336794,0.634485,1.654,1.80325
-0.331426,0.634485,1.654,1.80226
-0.326058,0.634485,1.654,1.80128
-0.320689,0.634485,1.654,1.80031
-0.315321,0.634485,1.654,1.79937
-0.309952,0.634485,1.654,1.79843
-0.304584,0.634485,1.654,1.79751
-0.297768,0.631416,1.646,1.78792
-0.292425,0.631416,1.646,1.78704
-0.287083,0.631416,1.646,1.78617
-0.28174,0.631416,1.646,1.78532
-0.276398,0.631416,1.646,1.78449
-0.271055,0.631416,1.646,1.78367
-0.265713,0.631416,1.646,1.78286
-0.26037,0.631416,1.646,1.78208
-0.255028,0.631416,1.646,1.7813
-0.249685,0.631416,1.646,1.78055
-0.244343,0.631416,1.646,1.77981
-0.237839,0.628348,1.638,1.77043
-0.232522,0.628348,1.638,1.76973
-0.227206,0.628348,1.638,1.76904
-0.221889,0.628348,1.638,1.76836
-0.216573,0.628348,1.638,1.7677
-0.211256,0.628348,1.638,1.76706
-0.205939,0.628348,1.638,1.76643
-0.200623,0.628348,1.638,1.76582
-0.194353,0.625279,1.63,1.7566
-0.189062,0.625279,1.63,1.75602
-0.183771,0.625279,1.63,1.75546
-0.178481,0.625279,1.63,1.75492
-0.17319,0.625279,1.63,1.75439
-0.1679,0.625279,1.63,1.75387
-0.162609,0.625279,1.63,1.75337
-0.157318,0.625279,1.63,1.75289
-0.152028,0.625279,1.63,1.75242
-0.147458,0.628348,1.638,1.76057
-0.142141,0.628348,1.638,1.76013
-0.136156,0.625279,1.63,1.75112
-0.130866,0.625279,1.63,1.75071
-0.125575,0.625279,1.63,1.75033
-0.119694,0.62221,1.622,1.74137
-0.114429,0.62221,1.622,1.74101
-0.108694,0.619525,1.615,1.73316
-0.102939,0.616456,1.607,1.72426
-0.0972978,0.61377,1.6,1.71644
-0.0921046,0.61377,1.6,1.71616
-0.0869114,0.61377,1.6,1.71589
-0.0813096,0.610702,1.592,1.70705
-0.0761424,0.610702,1.592,1.70682
-0.0706631,0.608016,1.585,1.69909
-0.0655186,0.608016,1.585,1.69888
-0.060374,0.608016,1.585,1.69869
-0.0552295,0.608016,1.585,1.69852
-0.0498638,0.605331,1.578,1.69086
-0.044742,0.605331,1.578,1.69071
-0.0396202,0.605331,1.578,1.69059
-0.0344984,0.605331,1.578,1.69047
-0.0293766,0.605331,1.578,1.69038
-0.0242548,0.605331,1.578,1.6903
-0.019133,0.605331,1.578,1.69023
-0.0140112,0.605331,1.578,1.69018
-0.00888945,0.605331,1.578,1.69014
-0.00376765,0.605331,1.578,1.69013
0.00135415,0.605331,1.578,1.69012
0.00647594,0.605331,1.578,1.69013
0.0115977,0.605331,1.578,1.69016
0.0167937,0.608016,1.585,1.6977
0.0219382,0.608016,1.585,1.69776
0.0272023,0.610702,1.592,1.70533
0.0323696,0.610702,1.592,1.70542
0.0377254,0.61377,1.6,1.7141
0.0429186,0.61377,1.6,1.71422
0.0481119,0.61377,1.6,1.71436
0.0535383,0.616456,1.607,1.72201
0.0590467,0.619525,1.615,1.73076
0.0642886,0.619525,1.615,1.73094
0.0695305,0.619525,1.615,1.73115
0.0747723,0.619525,1.615,1.73137
0.0800142,0.619525,1.615,1.7316
0.0856257,0.62221,1.622,1.73936
0.0908903,0.62221,1.622,1.73962
0.0961549,0.62221,1.622,1.73991
0.101419,0.62221,1.622,1.74021
0.106684,0.62221,1.622,1.74052
0.111949,0.62221,1.622,1.74085
0.117213,0.62221,1.622,1.7412
0.122478,0.62221,1.622,1.74156
0.127743,0.62221,1.622,1.74194
0.133007,0.62221,1.622,1.74233
0.138272,0.62221,1.622,1.74274
0.143536,0.62221,1.622,1.74317
0.148801,0.62221,1.622,1.74361
0.153401,0.619525,1.615,1.73654
0.158643,0.619525,1.615,1.73701
0.163884,0.619525,1.615,1.7375
0.169126,0.619525,1.615,1.738
0.174368,0.619525,1.615,1.73852
0.17961,0.619525,1.615,1.73905
0.184852,0.619525,1.615,1.7396
0.190094,0.619525,1.615,1.74016
0.195336,0.619525,1.615,1.74074
0.199584,0.616456,1.607,1.73271
0.2048,0.616456,1.607,1.73332
0.210016,0.616456,1.607,1.73395
0.215232,0.616456,1.607,1.73459
0.220448,0.616456,1.607,1.73524
0.224681,0.61377,1.6,1.72835
0.229874,0.61377,1.6,1.72903
0.235067,0.61377,1.6,1.72973
0.24026,0.61377,1.6,1.73044
0.245454,0.61377,1.6,1.73117
0.249394,0.610702,1.592,1.72326
0.254561,0.610702,1.592,1.72401
0.259728,0.610702,1.592,1.72478
0.26373,0.608016,1.585,1.71798
0.267688,0.605331,1.578,1.71119
0.272809,0.605331,1.578,1.712
0.277931,0.605331,1.578,1.71282
0.283053,0.605331,1.578,1.71366
0.286714,0.602262,1.57,1.70582
0.29181,0.602262,1.57,1.70668
0.296905,0.602262,1.57,1.70756
0.302001,0.602262,1.57,1.70846
0.307097,0.602262,1.57,1.70937
0.312193,0.602262,1.57,1.71029
0.317289,0.602262,1.57,1.71123
0.322385,0.602262,1.57,1.71218
0.32748,0.602262,1.57,1.71314
0.331093,0.599577,1.563,1.70648
0.336167,0.599577,1.563,1.70747
0.34124,0.599577,1.563,1.70848
0.347864,0.602262,1.57,1.71716
0.35296,0.602262,1.57,1.7182
0.358055,0.602262,1.57,1.71925
0.363151,0.602262,1.57,1.72032
0.368247,0.602262,1.57,1.7214
0.373343,0.602262,1.57,1.7225
0.378439,0.602262,1.57,1.72361
0.383535,0.602262,1.57,1.72474
0.38863,0.602262,1.57,1.72588
0.393726,0.602262,1.57,1.72703
0.400854,0.605331,1.578,1.73701
0.405976,0.605331,1.578,1.7382
0.411098,0.605331,1.578,1.7394
0.41622,0.605331,1.578,1.74062
0.421341,0.605331,1.578,1.74185
0.426463,0.605331,1.578,1.7431
0.431585,0.605331,1.578,1.74436
0.436707,0.605331,1.578,1.74563
0.443789,0.608016,1.585,1.75467
0.448933,0.608016,1.585,1.75598
0.454078,0.608016,1.585,1.7573
0.46125,0.610702,1.592,1.7664
0.466417,0.610702,1.592,1.76776
0.471585,0.610702,1.592,1.76913
0.479148,0.61377,1.6,1.77941
0.484341,0.61377,1.6,1.78081
0.489534,0.61377,1.6,1.78223
0.494727,0.61377,1.6,1.78367
0.49992,0.61377,1.6,1.78511
0.505114,0.61377,1.6,1.78658
0.510307,0.61377,1.6,1.78805
0.5155,0.61377,1.6,1.78954
0.520693,0.61377,1.6,1.79104
0.528187,0.616456,1.607,1.8004
0.533403,0.616456,1.607,1.80194
0.538619,0.616456,1.607,1.80349
0.543835,0.616456,1.607,1.80506
0.549051,0.616456,1.607,1.80663
0.554267,0.616456,1.607,1.80823
0.557046,0.61377,1.6,1.80195
0.562239,0.61377,1.6,1.80356
0.567432,0.61377,1.6,1.80519
0.569762,0.610702,1.592,1.79779
0.574929,0.610702,1.592,1.79943
0.580097,0.610702,1.592,1.80109
0.585264,0.610702,1.592,1.80276
0.587835,0.608016,1.585,1.79651
0.59298,0.608016,1.585,1.7982
0.598124,0.608016,1.585,1.79991
0.600604,0.605331,1.578,1.79367
0.605726,0.605331,1.578,1.79539
0.610848,0.605331,1.578,1.79712
0.612847,0.602262,1.57,1.78975
0.617943,0.602262,1.57,1.7915
0.623039,0.602262,1.57,1.79326
0.628134,0.602262,1.57,1.79504
0.63323,0.602262,1.57,1.79683
0.638326,0.602262,1.57,1.79863
0.640553,0.599577,1.563,1.79242
0.645626,0.599577,1.563,1.79424
0.650699,0.599577,1.563,1.79607
0.655772,0.599577,1.563,1.79792
0.660846,0.599577,1.563,1.79977
0.665919,0.599577,1.563,1.80164
0.670992,0.599577,1.563,1.80352
0.685581,0.608016,1.585,1.83083
0.690725,0.608016,1.585,1.83276
0.69587,0.608016,1.585,1.83471
0.701014,0.608016,1.585,1.83666
0.706159,0.608016,1.585,1.83863
0.714445,0.610702,1.592,1.84874
0.719612,0.610702,1.592,1.85075
0.724779,0.610702,1.592,1.85276
0.729947,0.610702,1.592,1.85479
0.735114,0.610702,1.592,1.85683
0.740281,0.610702,1.592,1.85888
0.745448,0.610702,1.592,1.86094
0.754387,0.61377,1.6,1.87238
0.759581,0.61377,1.6,1.87448
0.76812,0.616456,1.607,1.8848
0.777185,0.619525,1.615,1.89633
0.782427,0.619525,1.615,1.89848
0.791083,0.62221,1.622,1.90889
0.796348,0.62221,1.622,1.91107
0.801613,0.62221,1.622,1.91327
0.814836,0.628348,1.638,1.93438
0.824159,0.631416,1.646,1.94608
0.829501,0.631416,1.646,1.94835
0.842959,0.637554,1.662,1.96959
0.852437,0.640623,1.67,1.9814
0.861967,0.643692,1.678,1.99324
0.867413,0.643692,1.678,1.9956
0.881702,0.650213,1.695,2.01822
0.891391,0.653282,1.703,2.03016
0.896919,0.653282,1.703,2.0326
0.907216,0.656734,1.712,2.0458
0.912772,0.656734,1.712,2.04827
0.918329,0.656734,1.712,2.05075
0.919029,0.653282,1.703,2.04245
0.920213,0.650213,1.695,2.03534
0.925715,0.650213,1.695,2.03783
0.926272,0.646761,1.686,2.0295
0.927323,0.643692,1.678,2.02236
0.932769,0.643692,1.678,2.02487
0.933743,0.640623,1.67,2.01771
0.934664,0.637554,1.662,2.01055
0.940059,0.637554,1.662,2.01306
0.936351,0.631416,1.646,1.99619
0.941694,0.631416,1.646,1.9987
0.947036,0.631416,1.646,2.00122
0.943121,0.625279,1.63,1.98428
0.948412,0.625279,1.63,1.9868
0.953702,0.625279,1.63,1.98933
0.950168,0.619525,1.615,1.97354
0.95541,0.619525,1.615,1.97607
0.960652,0.619525,1.615,1.97861
0.965894,0.619525,1.615,1.98116
0.966325,0.616456,1.607,1.97389
0.971541,0.616456,1.607,1.97645
0.976757,0.616456,1.607,1.97902
0.981973,0.616456,1.607,1.9816
0.987188,0.616456,1.607,1.98419
0.992404,0.616456,1.607,1.98679
0.99762,0.616456,1.607,1.9894
1.00284,0.616456,1.607,1.99202
1.01307,0.619525,1.615,2.00458
1.01831,0.619525,1.615,2.00724
1.02799,0.62221,1.622,2.01861
1.03326,0.62221,1.622,2.0213
1.03852,0.62221,1.622,2.02399
1.04378,0.62221,1.622,2.0267
1.04905,0.62221,1.622,2.02942
1.05431,0.62221,1.622,2.03214
1.05958,0.62221,1.622,2.03488
1.07535,0.628348,1.638,2.05773
1.08066,0.628348,1.638,2.06051
1.08598,0.628348,1.638,2.0633
1.0913,0.628348,1.638,2.06611
1.09661,0.628348,1.638,2.06892
1.10193,0.628348,1.638,2.07174
1.11265,0.631416,1.646,2.08471
1.118,0.631416,1.646,2.08756
-1.13078,0.630568,1.63,2.08163
-1.13102,0.633663,1.638,2.08896
-1.1257,0.633663,1.638,2.08609
-1.12038,0.633663,1.638,2.08323
-1.12596,0.639852,1.654,2.10069
-1.13143,0.646042,1.67,2.11811
-1.12601,0.646042,1.67,2.11522
-1.13133,0.652231,1.686,2.13258
-1.13186,0.655713,1.695,2.14105
-1.13766,0.66229,1.712,2.15959
-1.1321,0.66229,1.712,2.15667
-1.13181,0.665384,1.72,2.16382
-1.13212,0.668866,1.729,2.17222
-1.12651,0.668866,1.729,2.1693
-1.12673,0.672348,1.738,2.17766
-1.12109,0.672348,1.738,2.17475
-1.12123,0.675829,1.747,2.18309
-1.11556,0.675829,1.747,2.18019
-1.1156,0.679311,1.756,2.18851
-1.1099,0.679311,1.756,2.18561
-1.1042,0.679311,1.756,2.18272
-1.0985,0.679311,1.756,2.17984
-1.10401,0.686274,1.774,2.19929
-1.09825,0.686274,1.774,2.19641
-1.09249,0.686274,1.774,2.19353
-1.09225,0.689756,1.783,2.20178
-1.08646,0.689756,1.783,2.19892
-1.08067,0.689756,1.783,2.19607
-1.08031,0.693238,1.792,2.20429
-1.07449,0.693238,1.792,2.20145
-1.06331,0.689756,1.783,2.18757
-1.05752,0.689756,1.783,2.18477
-1.05174,0.689756,1.783,2.18197
-1.04595,0.689756,1.783,2.17919
-1.04541,0.693238,1.792,2.1874
-1.0396,0.693238,1.792,2.18463
-1.03378,0.693238,1.792,2.18187
-1.02796,0.693238,1.792,2.17912
-1.02215,0.693238,1.792,2.17638
-1.01633,0.693238,1.792,2.17365
-1.01051,0.693238,1.792,2.17094
-1.0103,0.697106,1.802,2.18034
-1.00445,0.697106,1.802,2.17763
-0.998606,0.697106,1.802,2.17494
-0.997715,0.700588,1.811,2.18311
-0.997314,0.704456,1.821,2.19247
-0.996848,0.708325,1.831,2.20182
-0.990905,0.708325,1.831,2.19913
-0.995183,0.715675,1.85,2.21925
-0.99506,0.71993,1.861,2.22975
-0.989019,0.71993,1.861,2.22706
-0.993543,0.727667,1.881,2.24829
-0.987438,0.727667,1.881,2.24559
-0.981333,0.727667,1.881,2.24292
-0.980412,0.731536,1.891,2.25216
-0.969122,0.727667,1.881,2.2376
-0.963017,0.727667,1.881,2.23496
-0.951824,0.723799,1.871,2.22047
-0.940697,0.71993,1.861,2.20602
-0.934656,0.71993,1.861,2.20345
-0.923127,0.715675,1.85,2.18789
-0.902746,0.704456,1.821,2.1511
-0.896836,0.704456,1.821,2.14863
-0.886032,0.700588,1.811,2.13438
-0.87092,0.693238,1.792,2.10958
-0.865104,0.693238,1.792,2.10719
-0.850656,0.686274,1.774,2.08367
-0.840612,0.682793,1.765,2.07076
-0.834883,0.682793,1.765,2.06844
-0.829154,0.682793,1.765,2.06614
-0.819227,0.679311,1.756,2.05332
-0.813527,0.679311,1.756,2.05105
-0.807828,0.679311,1.756,2.0488
-0.798017,0.675829,1.747,2.03607
-0.792347,0.675829,1.747,2.03386
-0.786676,0.675829,1.747,2.03165
-0.781006,0.675829,1.747,2.02946
-0.775336,0.675829,1.747,2.02729
-0.769665,0.675829,1.747,2.02513
-0.763995,0.675829,1.747,2.02298
-0.758325,0.675829,1.747,2.02084
-0.752654,0.675829,1.747,2.01872
-0.746984,0.675829,1.747,2.01662
-0.741314,0.675829,1.747,2.01452
-0.735644,0.675829,1.747,2.01244
-0.729973,0.675829,1.747,2.01038
-0.724303,0.675829,1.747,2.00832
-0.718633,0.675829,1.747,2.00629
-0.712962,0.675829,1.747,2.00426
-0.707292,0.675829,1.747,2.00225
-0.701622,0.675829,1.747,2.00026
-0.695951,0.675829,1.747,1.99827
-0.690281,0.675829,1.747,1.99631
-0.684611,0.675829,1.747,1.99435
-0.67894,0.675829,1.747,1.99241
-0.67327,0.675829,1.747,1.99049
-0.6676,0.675829,1.747,1.98858
-0.658519,0.672348,1.738,1.97645
-0.652878,0.672348,1.738,1.97457
-0.647237,0.672348,1.738,1.97272
-0.638273,0.668866,1.729,1.96067
-0.632662,0.668866,1.729,1.95885
-0.623786,0.665384,1.72,1.94686
-0.615328,0.66229,1.712,1.93603
-0.609771,0.66229,1.712,1.93427
-0.604214,0.66229,1.712,1.93252
-0.59551,0.658808,1.703,1.92064
-0.587211,0.655713,1.695,1.90992
-0.58171,0.655713,1.695,1.90824
-0.573149,0.652231,1.686,1.89644
-0.564983,0.649137,1.678,1.88581
-0.559536,0.649137,1.678,1.88418
-0.55409,0.649137,1.678,1.88257
-0.546028,0.646042,1.67,1.87201
-0.540607,0.646042,1.67,1.87043
-0.535187,0.646042,1.67,1.86888
-0.527229,0.642947,1.662,1.85839
-0.521834,0.642947,1.662,1.85686
-0.51644,0.642947,1.662,1.85535
-0.508586,0.639852,1.654,1.84494
-0.503217,0.639852,1.654,1.84346
-0.497849,0.639852,1.654,1.842
-0.49248,0.639852,1.654,1.84056
-0.487112,0.639852,1.654,1.83913
-0.481743,0.639852,1.654,1.83772
-0.474071,0.636757,1.646,1.82744
-0.468728,0.636757,1.646,1.82606
-0.463386,0.636757,1.646,1.82469
-0.458043,0.636757,1.646,1.82334
-0.452701,0.636757,1.646,1.82201
-0.447358,0.636757,1.646,1.82069
-0.442016,0.636757,1.646,1.81938
-0.436673,0.636757,1.646,1.81809
-0.431331,0.636757,1.646,1.81682
-0.425988,0.636757,1.646,1.81556
-0.420646,0.636757,1.646,1.81431
-0.415303,0.636757,1.646,1.81308
-0.415938,0.646042,1.67,1.83828
-0.410518,0.646042,1.67,1.83706
-0.405097,0.646042,1.67,1.83586
-0.399677,0.646042,1.67,1.83467
-0.392368,0.642947,1.662,1.82471
-0.386973,0.642947,1.662,1.82356
-0.381579,0.642947,1.662,1.82242
-0.376185,0.642947,1.662,1.8213
-0.37079,0.642947,1.662,1.8202
-0.365396,0.642947,1.662,1.8191
-0.360001,0.642947,1.662,1.81803
-0.3529,0.639852,1.654,1.80822
-0.347531,0.639852,1.654,1.80718
-0.342163,0.639852,1.654,1.80616
-0.336794,0.639852,1.654,1.80515
-0.331426,0.639852,1.654,1.80415
-0.326058,0.639852,1.654,1.80318
-0.320689,0.639852,1.654,1.80221
-0.315321,0.639852,1.654,1.80126
-0.309952,0.639852,1.654,1.80033
-0.304584,0.639852,1.654,1.79942
-0.297768,0.636757,1.646,1.78982
-0.292425,0.636757,1.646,1.78894
-0.287083,0.636757,1.646,1.78807
-0.28174,0.636757,1.646,1.78722
-0.276398,0.636757,1.646,1.78639
-0.271055,0.636757,1.646,1.78557
-0.265713,0.636757,1.646,1.78476
-0.26037,0.636757,1.646,1.78398
-0.255028,0.636757,1.646,1.7832
-0.249685,0.636757,1.646,1.78245
-0.244343,0.636757,1.646,1.78171
-0.237839,0.633663,1.638,1.77233
-0.232522,0.633663,1.638,1.77162
-0.227206,0.633663,1.638,1.77093
-0.221889,0.633663,1.638,1.77026
-0.216573,0.633663,1.638,1.7696
-0.211256,0.633663,1.638,1.76895
-0.205939,0.633663,1.638,1.76833
-0.200623,0.633663,1.638,1.76772
-0.194353,0.630568,1.63,1.75849
-0.189062,0.630568,1.63,1.75791
-0.183771,0.630568,1.63,1.75735
-0.178481,0.630568,1.63,1.75681
-0.17319,0.630568,1.63,1.75628
-0.1679,0.630568,1.63,1.75576
-0.162609,0.630568,1.63,1.75527
-0.157318,0.630568,1.63,1.75478
-0.151282,0.627473,1.622,1.74571
-0.146017,0.627473,1.622,1.74526
-0.140753,0.627473,1.622,1.74483
-0.135488,0.627473,1.622,1.74441
-0.130223,0.627473,1.622,1.74401
-0.124419,0.624765,1.615,1.7361
-0.118587,0.62167,1.607,1.72713
-0.113371,0.62167,1.607,1.72678
-0.107684,0.618962,1.6,1.71893
-0.101979,0.615867,1.592,1.71002
-0.0968113,0.615867,1.592,1.70972
-0.0916441,0.615867,1.592,1.70943
-0.0860966,0.613159,1.585,1.70165
-0.0805946,0.610452,1.578,1.69388
-0.0754728,0.610452,1.578,1.69364
-0.0699943,0.607357,1.57,1.68484
-0.0648985,0.607357,1.57,1.68463
-0.0598027,0.607357,1.57,1.68445
-0.0544629,0.604649,1.563,1.67676
-0.0493898,0.604649,1.563,1.67661
-0.0443167,0.604649,1.563,1.67646
-0.0392436,0.604649,1.563,1.67634
-0.0341705,0.604649,1.563,1.67623
-0.0290974,0.604649,1.563,1.67613
-0.0240243,0.604649,1.563,1.67605
-0.0189512,0.604649,1.563,1.67599
-0.0138781,0.604649,1.563,1.67594
-0.00880495,0.604649,1.563,1.6759
-0.00373184,0.604649,1.563,1.67588
0.00134127,0.604649,1.563,1.67588
0.00644311,0.607357,1.57,1.6834
0.0115389,0.607357,1.57,1.68342
0.0166348,0.607357,1.57,1.68347
0.0217306,0.607357,1.57,1.68352
0.0270827,0.613159,1.585,1.69968
0.0322273,0.613159,1.585,1.69977
0.0373718,0.613159,1.585,1.69988
0.0427041,0.615867,1.592,1.70751
0.0478713,0.615867,1.592,1.70764
0.0530385,0.615867,1.592,1.7078
0.0584983,0.618962,1.6,1.71655
0.0636915,0.618962,1.6,1.71673
0.0688847,0.618962,1.6,1.71693
0.074402,0.62167,1.607,1.72466
0.0796179,0.62167,1.607,1.72489
0.0848338,0.62167,1.607,1.72514
0.0900497,0.62167,1.607,1.72541
0.0957399,0.624765,1.615,1.73428
0.100982,0.624765,1.615,1.73458
0.106224,0.624765,1.615,1.73489
0.111466,0.624765,1.615,1.73522
0.116129,0.62167,1.607,1.72697
0.121345,0.62167,1.607,1.72732
0.126561,0.62167,1.607,1.7277
0.131777,0.62167,1.607,1.72809
0.136993,0.62167,1.607,1.72849
0.142209,0.62167,1.607,1.72891
0.147425,0.62167,1.607,1.72935
0.152641,0.62167,1.607,1.7298
0.157169,0.618962,1.6,1.72274
0.162362,0.618962,1.6,1.72322
0.167556,0.618962,1.6,1.72371
0.172749,0.618962,1.6,1.72423
0.177942,0.618962,1.6,1.72475
0.183135,0.618962,1.6,1.7253
0.187387,0.615867,1.592,1.71723
0.192554,0.615867,1.592,1.7178
0.197721,0.615867,1.592,1.71839
0.202888,0.615867,1.592,1.71899
0.208056,0.615867,1.592,1.71961
0.213223,0.615867,1.592,1.72024
0.21839,0.615867,1.592,1.72089
0.222574,0.613159,1.585,1.71398
0.227719,0.613159,1.585,1.71466
0.232863,0.613159,1.585,1.71535
0.236957,0.610452,1.578,1.70847
0.242079,0.610452,1.578,1.70919
0.2472,0.610452,1.578,1.70992
0.251043,0.607357,1.57,1.702
0.256139,0.607357,1.57,1.70276
0.26007,0.604649,1.563,1.69594
0.265143,0.604649,1.563,1.69672
0.270216,0.604649,1.563,1.69752
0.275289,0.604649,1.563,1.69834
0.280362,0.604649,1.563,1.69917
0.284157,0.601941,1.556,1.6924
0.289207,0.601941,1.556,1.69325
0.294258,0.601941,1.556,1.69412
0.299308,0.601941,1.556,1.69501
0.304359,0.601941,1.556,1.69591
0.309409,0.601941,1.556,1.69682
0.314459,0.601941,1.556,1.69775
0.31951,0.601941,1.556,1.69869
0.3231,0.599233,1.549,1.692
0.328128,0.599233,1.549,1.69297
0.333155,0.599233,1.549,1.69395
0.338183,0.599233,1.549,1.69495
0.344762,0.601941,1.556,1.70362
0.349812,0.601941,1.556,1.70465
0.354863,0.601941,1.556,1.7057
0.359913,0.601941,1.556,1.70675
0.364963,0.601941,1.556,1.70783
0.371678,0.604649,1.563,1.7166
0.376751,0.604649,1.563,1.71771
0.381825,0.604649,1.563,1.71882
0.386898,0.604649,1.563,1.71996
0.391971,0.604649,1.563,1.72111
0.397044,0.604649,1.563,1.72227
0.402117,0.604649,1.563,1.72345
0.405366,0.601941,1.556,1.71691
0.410417,0.601941,1.556,1.71811
0.417336,0.604649,1.563,1.72706
0.426463,0.610452,1.578,1.74488
0.431585,0.610452,1.578,1.74614
0.436707,0.610452,1.578,1.74741
0.443789,0.613159,1.585,1.75646
0.448933,0.613159,1.585,1.75776
0.454078,0.613159,1.585,1.75908
0.46125,0.615867,1.592,1.76819
0.466417,0.615867,1.592,1.76955
0.471585,0.615867,1.592,1.77092
0.479148,0.618962,1.6,1.78121
0.484341,0.618962,1.6,1.78261
0.489534,0.618962,1.6,1.78403
0.494727,0.618962,1.6,1.78546
0.49992,0.618962,1.6,1.78691
0.505114,0.618962,1.6,1.78837
0.510307,0.618962,1.6,1.78984
0.5155,0.618962,1.6,1.79133
0.520693,0.618962,1.6,1.79283
0.528187,0.62167,1.607,1.80219
0.533403,0.62167,1.607,1.80373
0.538619,0.62167,1.607,1.80528
0.543835,0.62167,1.607,1.80684
0.549051,0.62167,1.607,1.80842
0.554267,0.62167,1.607,1.81001
0.557046,0.618962,1.6,1.80372
0.562239,0.618962,1.6,1.80533
0.567432,0.618962,1.6,1.80696
0.569762,0.615867,1.592,1.79955
0.574929,0.615867,1.592,1.80119
0.580097,0.615867,1.592,1.80285
0.585264,0.615867,1.592,1.80452
0.587835,0.613159,1.585,1.79826
0.59298,0.613159,1.585,1.79995
0.598124,0.613159,1.585,1.80165
0.600604,0.610452,1.578,1.7954
0.605726,0.610452,1.578,1.79712
0.610848,0.610452,1.578,1.79885
0.612847,0.607357,1.57,1.79147
0.617943,0.607357,1.57,1.79322
0.623039,0.607357,1.57,1.79498
0.628134,0.607357,1.57,1.79676
0.63323,0.607357,1.57,1.79854
0.638326,0.607357,1.57,1.80035
0.640553,0.604649,1.563,1.79412
0.645626,0.604649,1.563,1.79594
0.650699,0.604649,1.563,1.79777
0.655772,0.604649,1.563,1.79961
0.660846,0.604649,1.563,1.80147
0.665919,0.604649,1.563,1.80333
0.670992,0.604649,1.563,1.80521
0.679093,0.607357,1.57,1.8152
0.684189,0.607357,1.57,1.81711
0.689284,0.607357,1.57,1.81904
0.69438,0.607357,1.57,1.82097
0.699476,0.607357,1.57,1.82292
0.704572,0.607357,1.57,1.82488
0.709668,0.607357,1.57,1.82686
0.718406,0.610452,1.578,1.83816
0.723527,0.610452,1.578,1.84017
0.728649,0.610452,1.578,1.84219
0.733771,0.610452,1.578,1.84422
0.738893,0.610452,1.578,1.84627
0.744015,0.610452,1.578,1.84832
0.75246,0.613159,1.585,1.8586
0.757604,0.613159,1.585,1.86069
0.769967,0.618962,1.6,1.88042
0.77516,0.618962,1.6,1.88255
0.780353,0.618962,1.6,1.88469
0.792911,0.624765,1.615,1.90454
0.798153,0.624765,1.615,1.90673
0.806877,0.627473,1.622,1.9172
0.816147,0.630568,1.63,1.92889
0.821438,0.630568,1.63,1.93113
0.834844,0.636757,1.646,1.95237
0.84427,0.639852,1.654,1.96416
0.857857,0.646042,1.67,1.98549
0.863278,0.646042,1.67,1.98784
0.872859,0.649137,1.678,1.99974
0.887204,0.655713,1.695,2.0224
0.892705,0.655713,1.695,2.02482
0.898207,0.655713,1.695,2.02725
0.907974,0.658808,1.703,2.03928
0.90921,0.655713,1.695,2.03215
0.914712,0.655713,1.695,2.03462
0.915327,0.652231,1.686,2.02628
0.920799,0.652231,1.686,2.02876
0.921877,0.649137,1.678,2.02161
0.918481,0.642947,1.662,2.0048
0.923875,0.642947,1.662,2.00728
0.924797,0.639852,1.654,2.00009
0.925666,0.636757,1.646,1.9929
0.931009,0.636757,1.646,1.99538
0.927249,0.630568,1.63,1.97846
0.93254,0.630568,1.63,1.98095
0.937831,0.630568,1.63,1.98344
0.938492,0.627473,1.622,1.9762
0.939684,0.624765,1.615,1.97017
0.944926,0.624765,1.615,1.97267
0.941343,0.618962,1.6,1.95684
0.946536,0.618962,1.6,1.95935
0.951729,0.618962,1.6,1.96186
0.952138,0.615867,1.592,1.95456
0.957305,0.615867,1.592,1.95709
0.962472,0.615867,1.592,1.95962
0.967639,0.615867,1.592,1.96216
0.972807,0.615867,1.592,1.96472
0.977974,0.615867,1.592,1.96728
0.983141,0.615867,1.592,1.96985
0.988308,0.615867,1.592,1.97244
0.993476,0.615867,1.592,1.97503
0.998643,0.615867,1.592,1.97764
1.00381,0.615867,1.592,1.98025
1.01405,0.618962,1.6,1.99284
1.0237,0.62167,1.607,2.00422
1.02892,0.62167,1.607,2.00689
1.03413,0.62167,1.607,2.00957
1.03935,0.62167,1.607,2.01225
1.04456,0.62167,1.607,2.01495
1.04978,0.62167,1.607,2.01766
1.06484,0.627473,1.622,2.03924
1.07011,0.627473,1.622,2.04199
1.07537,0.627473,1.622,2.04476
1.08064,0.627473,1.622,2.04753
1.0859,0.627473,1.622,2.05031
1.09117,0.627473,1.622,2.05311
1.10184,0.630568,1.63,2.06605
1.10713,0.630568,1.63,2.06888
-1.11483,0.626885,1.607,2.05384
-1.11514,0.630005,1.615,2.06123
-1.11471,0.632736,1.622,2.06732
-1.10944,0.632736,1.622,2.06449
-1.10962,0.635857,1.63,2.07183
-1.11517,0.642098,1.646,2.08931
-1.10983,0.642098,1.646,2.08646
-1.10985,0.645219,1.654,2.09375
-1.11517,0.651461,1.67,2.11114
-1.11507,0.654581,1.678,2.11838
-1.10962,0.654581,1.678,2.11552
-1.11536,0.661213,1.695,2.13407
-1.1151,0.664334,1.703,2.14126
-1.10957,0.664334,1.703,2.13839
-1.10988,0.667845,1.712,2.14681
-1.10432,0.667845,1.712,2.14394
-1.09876,0.667845,1.712,2.14108
-1.09831,0.670966,1.72,2.14823
-1.09273,0.670966,1.72,2.14538
-1.09284,0.674476,1.729,2.15375
-1.08723,0.674476,1.729,2.15091
-1.08161,0.674476,1.729,2.14808
-1.0872,0.681498,1.747,2.16759
-1.08153,0.681498,1.747,2.16475
-1.07586,0.681498,1.747,2.16193
-1.07571,0.685009,1.756,2.17023
-1.07001,0.685009,1.756,2.16741
-1.06431,0.685009,1.756,2.16461
-1.06403,0.68852,1.765,2.17289
-1.0583,0.68852,1.765,2.17009
-1.05258,0.68852,1.765,2.1673
-1.04685,0.68852,1.765,2.16453
-1.04643,0.692031,1.774,2.17278
-1.04067,0.692031,1.774,2.17002
-1.03491,0.692031,1.774,2.16726
-1.02915,0.692031,1.774,2.16452
-1.0234,0.692031,1.774,2.16179
-1.01764,0.692031,1.774,2.15907
-1.01188,0.692031,1.774,2.15636
-1.00612,0.692031,1.774,2.15366
-1.00036,0.692031,1.774,2.15098
-0.999651,0.695542,1.783,2.15921
-0.998881,0.699052,1.792,2.16742
-0.993064,0.699052,1.792,2.16474
-0.992757,0.702953,1.802,2.17415
-0.991837,0.706464,1.811,2.18233
-0.991404,0.710365,1.821,2.1917
-0.985493,0.710365,1.821,2.18903
-0.990341,0.718167,1.841,2.21039
-0.989178,0.721678,1.85,2.21851
-0.983173,0.721678,1.85,2.21584
-0.988261,0.72987,1.871,2.23831
-0.987438,0.733771,1.881,2.24758
-0.981333,0.733771,1.881,2.2449
-0.975227,0.733771,1.881,2.24224
-0.96397,0.72987,1.871,2.22769
-0.957897,0.72987,1.871,2.22507
-0.946737,0.725969,1.861,2.21058
-0.935136,0.721678,1.85,2.19495
-0.929132,0.721678,1.85,2.1924
-0.913646,0.714266,1.831,2.16737
-0.897789,0.706464,1.811,2.14122
-0.89191,0.706464,1.811,2.13877
-0.876737,0.699052,1.792,2.11391
-0.866546,0.695542,1.783,2.1009
-0.860759,0.695542,1.783,2.09852
-0.842025,0.685009,1.756,2.06441
-0.832039,0.681498,1.747,2.05152
-0.826369,0.681498,1.747,2.04923
-0.81647,0.677987,1.738,2.0364
-0.810829,0.677987,1.738,2.03415
-0.801019,0.674476,1.729,2.02138
-0.795407,0.674476,1.729,2.01917
-0.789795,0.674476,1.729,2.01696
-0.784183,0.674476,1.729,2.01477
-0.778571,0.674476,1.729,2.01259
-0.772959,0.674476,1.729,2.01043
-0.767347,0.674476,1.729,2.00828
-0.761735,0.674476,1.729,2.00614
-0.756123,0.674476,1.729,2.00402
-0.750512,0.674476,1.729,2.00191
-0.7449,0.674476,1.729,1.99981
-0.739288,0.674476,1.729,1.99773
-0.733676,0.674476,1.729,1.99566
-0.728064,0.674476,1.729,1.9936
-0.722452,0.674476,1.729,1.99156
-0.71684,0.674476,1.729,1.98953
-0.711228,0.674476,1.729,1.98751
-0.712962,0.681498,1.747,2.00618
-0.707292,0.681498,1.747,2.00417
-0.701622,0.681498,1.747,2.00218
-0.695951,0.681498,1.747,2.0002
-0.690281,0.681498,1.747,1.99823
-0.684611,0.681498,1.747,1.99628
-0.67894,0.681498,1.747,1.99434
-0.67327,0.681498,1.747,1.99242
-0.6676,0.681498,1.747,1.99051
-0.658519,0.677987,1.738,1.97837
-0.652878,0.677987,1.738,1.9765
-0.647237,0.677987,1.738,1.97465
-0.638273,0.674476,1.729,1.96259
-0.632662,0.674476,1.729,1.96077
-0.623786,0.670966,1.72,1.94877
-0.615328,0.667845,1.712,1.93793
-0.609771,0.667845,1.712,1.93618
-0.604214,0.667845,1.712,1.93443
-0.59551,0.664334,1.703,1.92255
-0.587211,0.661213,1.695,1.91182
-0.58171,0.661213,1.695,1.91013
-0.573149,0.657702,1.686,1.89833
-0.564983,0.654581,1.678,1.88769
-0.559536,0.654581,1.678,1.88607
-0.55409,0.654581,1.678,1.88446
-0.546028,0.651461,1.67,1.87389
-0.540607,0.651461,1.67,1.87231
-0.535187,0.651461,1.67,1.87076
-0.527229,0.64834,1.662,1.86026
-0.521834,0.64834,1.662,1.85874
-0.51644,0.64834,1.662,1.85723
-0.508586,0.645219,1.654,1.8468
-0.503217,0.645219,1.654,1.84533
-0.497849,0.645219,1.654,1.84388
-0.49248,0.645219,1.654,1.84243
-0.487112,0.645219,1.654,1.84101
-0.481743,0.645219,1.654,1.83959
-0.474071,0.642098,1.646,1.8293
-0.468728,0.642098,1.646,1.82793
-0.463386,0.642098,1.646,1.82656
-0.458043,0.642098,1.646,1.82521
-0.452701,0.642098,1.646,1.82388
-0.447358,0.642098,1.646,1.82256
-0.442016,0.642098,1.646,1.82126
-0.436673,0.642098,1.646,1.81997
-0.431331,0.642098,1.646,1.8187
-0.425988,0.642098,1.646,1.81744
-0.420646,0.642098,1.646,1.81619
-0.415303,0.642098,1.646,1.81496
-0.409961,0.642098,1.646,1.81375
-0.404618,0.642098,1.646,1.81255
-0.399276,0.642098,1.646,1.81136
-0.393933,0.642098,1.646,1.81019
-0.388591,0.642098,1.646,1.80904
-0.383248,0.642098,1.646,1.8079
-0.377906,0.642098,1.646,1.80677
-0.372563,0.642098,1.646,1.80566
-0.36722,0.642098,1.646,1.80457
-0.360119,0.638978,1.638,1.79472
-0.354803,0.638978,1.638,1.79366
-0.349486,0.638978,1.638,1.79262
-0.34417,0.638978,1.638,1.79159
-0.338853,0.638978,1.638,1.79057
-0.333536,0.638978,1.638,1.78958
-0.32822,0.638978,1.638,1.78859
-0.322903,0.638978,1.638,1.78763
-0.317587,0.638978,1.638,1.78667
-0.31227,0.638978,1.638,1.78574
-0.305455,0.635857,1.63,1.7761
-0.300164,0.635857,1.63,1.77519
-0.294873,0.635857,1.63,1.77431
-0.289583,0.635857,1.63,1.77344
-0.284292,0.635857,1.63,1.77258
-0.279002,0.635857,1.63,1.77174
-0.273711,0.635857,1.63,1.77091
-0.268421,0.635857,1.63,1.7701
-0.26313,0.635857,1.63,1.76931
-0.257839,0.635857,1.63,1.76853
-0.252549,0.635857,1.63,1.76777
-0.246045,0.632736,1.622,1.75835
-0.24078,0.632736,1.622,1.75762
-0.235516,0.632736,1.622,1.7569
-0.230251,0.632736,1.622,1.7562
-0.224986,0.632736,1.622,1.75552
-0.219722,0.632736,1.622,1.75486
-0.214457,0.632736,1.622,1.7542
-0.209192,0.632736,1.622,1.75357
-0.203048,0.630005,1.615,1.74538
-0.197806,0.630005,1.615,1.74478
-0.192564,0.630005,1.615,1.74419
-0.187322,0.630005,1.615,1.74362
-0.18208,0.630005,1.615,1.74307
-0.176838,0.630005,1.615,1.74253
-0.171596,0.630005,1.615,1.742
-0.166355,0.630005,1.615,1.7415
-0.161113,0.630005,1.615,1.741
-0.155871,0.630005,1.615,1.74053
-0.149883,0.626885,1.607,1.73144
-0.144667,0.626885,1.607,1.731
-0.139451,0.626885,1.607,1.73057
-0.134235,0.626885,1.607,1.73016
-0.129019,0.626885,1.607,1.72976
-0.123264,0.624154,1.6,1.72185
-0.11748,0.621033,1.592,1.71288
-0.112313,0.621033,1.592,1.71253
-0.107146,0.621033,1.592,1.7122
-0.10153,0.618303,1.585,1.70436
-0.09596,0.615572,1.578,1.69653
-0.0908382,0.615572,1.578,1.69625
-0.0852818,0.612451,1.57,1.68739
-0.080186,0.612451,1.57,1.68714
-0.0750902,0.612451,1.57,1.6869
-0.0696823,0.60972,1.563,1.67916
-0.0643198,0.60699,1.556,1.67144
-0.0592694,0.60699,1.556,1.67125
-0.054219,0.60699,1.556,1.67108
-0.0489474,0.604259,1.549,1.66341
-0.0439198,0.604259,1.549,1.66327
-0.0388921,0.604259,1.549,1.66314
-0.0338644,0.604259,1.549,1.66303
-0.0288368,0.604259,1.549,1.66294
-0.0238091,0.604259,1.549,1.66286
-0.0187814,0.604259,1.549,1.66279
-0.0137537,0.604259,1.549,1.66274
-0.00872608,0.604259,1.549,1.66271
-0.00369841,0.604259,1.549,1.66269
0.00132926,0.604259,1.549,1.66269
0.00638566,0.60699,1.556,1.67021
0.011436,0.60699,1.556,1.67024
0.0164864,0.60699,1.556,1.67028
0.0216337,0.60972,1.563,1.67785
0.0268264,0.612451,1.57,1.68544
0.0319223,0.612451,1.57,1.68553
0.0370181,0.612451,1.57,1.68564
0.0423285,0.615572,1.578,1.69434
0.0474503,0.615572,1.578,1.69448
0.0528053,0.618303,1.585,1.70215
0.0582058,0.621033,1.592,1.70983
0.063373,0.621033,1.592,1.71002
0.0685402,0.621033,1.592,1.71022
0.0737075,0.621033,1.592,1.71043
0.0788747,0.621033,1.592,1.71066
0.0844643,0.624154,1.6,1.71951
0.0896575,0.624154,1.6,1.71977
0.0948507,0.624154,1.6,1.72005
0.100044,0.624154,1.6,1.72034
0.105237,0.624154,1.6,1.72065
0.11043,0.624154,1.6,1.72098
0.115045,0.621033,1.592,1.71271
0.120213,0.621033,1.592,1.71307
0.12538,0.621033,1.592,1.71344
0.130547,0.621033,1.592,1.71382
0.135714,0.621033,1.592,1.71422
0.140882,0.621033,1.592,1.71464
0.146049,0.621033,1.592,1.71507
0.151216,0.621033,1.592,1.71552
0.155696,0.618303,1.585,1.70844
0.16084,0.618303,1.585,1.70892
0.165985,0.618303,1.585,1.70941
0.171129,0.618303,1.585,1.70991
0.177942,0.624154,1.6,1.72662
0.183135,0.624154,1.6,1.72717
0.187387,0.621033,1.592,1.71909
0.192554,0.621033,1.592,1.71966
0.197721,0.621033,1.592,1.72024
0.202888,0.621033,1.592,1.72085
0.208056,0.621033,1.592,1.72146
0.213223,0.621033,1.592,1.72209
0.21839,0.621033,1.592,1.72274
0.222574,0.618303,1.585,1.71583
0.227719,0.618303,1.585,1.7165
0.232863,0.618303,1.585,1.71719
0.236957,0.615572,1.578,1.71031
0.242079,0.615572,1.578,1.71103
0.2472,0.615572,1.578,1.71176
0.251043,0.612451,1.57,1.70382
0.256139,0.612451,1.57,1.70458
0.26007,0.60972,1.563,1.69775
0.265143,0.60972,1.563,1.69854
0.270216,0.60972,1.563,1.69934
0.275289,0.60972,1.563,1.70015
0.280362,0.60972,1.563,1.70098
0.284157,0.60699,1.556,1.6942
0.289207,0.60699,1.556,1.69506
0.294258,0.60699,1.556,1.69592
0.299308,0.60699,1.556,1.69681
0.304359,0.60699,1.556,1.69771
0.309409,0.60699,1.556,1.69862
0.314459,0.60699,1.556,1.69955
0.31951,0.60699,1.556,1.70049
0.3231,0.604259,1.549,1.69379
0.328128,0.604259,1.549,1.69476
0.333155,0.604259,1.549,1.69574
0.338183,0.604259,1.549,1.69673
0.344762,0.60699,1.556,1.70541
0.349812,0.60699,1.556,1.70644
0.354863,0.60699,1.556,1.70748
0.359913,0.60699,1.556,1.70854
0.364963,0.60699,1.556,1.70961
0.371678,0.60972,1.563,1.71839
0.376751,0.60972,1.563,1.7195
0.381825,0.60972,1.563,1.72062
0.386898,0.60972,1.563,1.72175
0.391971,0.60972,1.563,1.7229
0.397044,0.60972,1.563,1.72406
0.402117,0.60972,1.563,1.72523
0.405366,0.60699,1.556,1.71869
0.410417,0.60699,1.556,1.71989
0.417336,0.60972,1.563,1.72884
0.424301,0.612451,1.57,1.73782
0.429397,0.612451,1.57,1.73907
0.434493,0.612451,1.57,1.74034
0.439589,0.612451,1.57,1.74162
0.444685,0.612451,1.57,1.74291
0.452072,0.615572,1.578,1.75311
0.457194,0.615572,1.578,1.75443
0.462316,0.615572,1.578,1.75578
0.469511,0.618303,1.585,1.76493
0.474656,0.618303,1.585,1.7663
0.4798,0.618303,1.585,1.76769
0.484945,0.618303,1.585,1.76909
0.490089,0.618303,1.585,1.77051
0.497421,0.621033,1.592,1.77977
0.502588,0.621033,1.592,1.78122
0.507755,0.621033,1.592,1.78268
0.512923,0.621033,1.592,1.78416
0.51809,0.621033,1.592,1.78565
0.523257,0.621033,1.592,1.78716
0.528424,0.621033,1.592,1.78868
0.533592,0.621033,1.592,1.79021
0.538759,0.621033,1.592,1.79176
0.543926,0.621033,1.592,1.79332
0.549093,0.621033,1.592,1.7949
0.55426,0.621033,1.592,1.79648
0.556968,0.618303,1.585,1.79018
0.562112,0.618303,1.585,1.79179
0.567257,0.618303,1.585,1.79341
0.572402,0.618303,1.585,1.79504
0.577546,0.618303,1.585,1.79669
0.580117,0.615572,1.578,1.7904
0.585239,0.615572,1.578,1.79207
0.590361,0.615572,1.578,1.79375
0.592464,0.612451,1.57,1.78634
0.597559,0.612451,1.57,1.78804
0.602655,0.612451,1.57,1.78975
0.605041,0.60972,1.563,1.78348
0.610114,0.60972,1.563,1.78521
0.615188,0.60972,1.563,1.78695
0.620261,0.60972,1.563,1.7887
0.622533,0.60699,1.556,1.78245
0.627584,0.60699,1.556,1.78422
0.632634,0.60699,1.556,1.786
0.637684,0.60699,1.556,1.7878
0.639843,0.604259,1.549,1.78155
0.644871,0.604259,1.549,1.78336
0.649899,0.604259,1.549,1.78519
0.654926,0.604259,1.549,1.78703
0.662936,0.60699,1.556,1.79696
0.667987,0.60699,1.556,1.79883
0.673037,0.60699,1.556,1.80071
0.678087,0.60699,1.556,1.8026
0.683138,0.60699,1.556,1.80451
0.688188,0.60699,1.556,1.80643
0.693239,0.60699,1.556,1.80836
0.70143,0.60972,1.563,1.81844
0.706504,0.60972,1.563,1.82041
0.711577,0.60972,1.563,1.82238
0.71665,0.60972,1.563,1.82437
0.721723,0.60972,1.563,1.82637
0.730051,0.612451,1.57,1.83657
0.735147,0.612451,1.57,1.8386
0.740243,0.612451,1.57,1.84064
0.745338,0.612451,1.57,1.8427
0.754258,0.615572,1.578,1.85416
0.75938,0.615572,1.578,1.85625
0.764502,0.615572,1.578,1.85835
0.776452,0.621033,1.592,1.87697
0.785547,0.624154,1.6,1.88856
0.79074,0.624154,1.6,1.89072
0.799415,0.626885,1.607,1.90118
0.808637,0.630005,1.615,1.91286
0.813879,0.630005,1.615,1.91508
0.826729,0.635857,1.63,1.93512
0.840186,0.642098,1.646,1.9564
0.853748,0.64834,1.662,1.97774
0.859142,0.64834,1.662,1.98008
0.868698,0.651461,1.67,1.99197
0.882493,0.657702,1.686,2.01345
0.887965,0.657702,1.686,2.01585
0.898207,0.661213,1.695,2.02904
0.903709,0.661213,1.695,2.03148
0.904382,0.657702,1.686,2.02314
0.909855,0.657702,1.686,2.02559
0.910984,0.654581,1.678,2.01843
0.91643,0.654581,1.678,2.02089
0.917482,0.651461,1.67,2.01372
0.91406,0.645219,1.654,1.99688
0.919428,0.645219,1.654,1.99934
0.920324,0.642098,1.646,1.99214
0.916668,0.635857,1.63,1.97522
0.921959,0.635857,1.63,1.97768
0.922699,0.632736,1.622,1.97043
0.919381,0.626885,1.607,1.95466
0.924597,0.626885,1.607,1.95712
0.925763,0.624154,1.6,1.95105
0.926302,0.621033,1.592,1.94375
0.931469,0.621033,1.592,1.94622
0.932518,0.618303,1.585,1.94013
0.928788,0.612451,1.57,1.92423
0.933884,0.612451,1.57,1.92669
0.93898,0.612451,1.57,1.92917
0.944076,0.612451,1.57,1.93165
0.949172,0.612451,1.57,1.93415
0.954268,0.612451,1.57,1.93665
0.959363,0.612451,1.57,1.93917
0.964459,0.612451,1.57,1.94169
0.969555,0.612451,1.57,1.94423
0.970305,0.60972,1.563,1.9381
0.975378,0.60972,1.563,1.94064
0.998643,0.621033,1.592,1.97925
1.00381,0.621033,1.592,1.98186
1.01405,0.624154,1.6,1.99446
1.0237,0.626885,1.607,2.00584
1.02892,0.626885,1.607,2.00851
1.03413,0.626885,1.607,2.01118
1.03935,0.626885,1.607,2.01387
1.04456,0.626885,1.607,2.01657
1.04978,0.626885,1.607,2.01927
1.06484,0.632736,1.622,2.04086
1.07011,0.632736,1.622,2.04362
1.07537,0.632736,1.622,2.04638
1.08064,0.632736,1.622,2.04915
1.0859,0.632736,1.622,2.05193
1.09117,0.632736,1.622,2.05472
1.10184,0.635857,1.63,2.06767
1.10713,0.635857,1.63,2.07049
-1.10442,0.626199,1.592,2.03626
-1.10478,0.629346,1.6,2.04368
-1.09959,0.629346,1.6,2.04087
-1.09439,0.629346,1.6,2.03808
-1.09396,0.632099,1.607,2.0442
-1.09891,0.637999,1.622,2.06047
-1.09365,0.637999,1.622,2.05767
-1.09375,0.641146,1.63,2.06501
-1.0938,0.644293,1.638,2.07233
-1.09912,0.650586,1.654,2.08975
-1.09375,0.650586,1.654,2.08693
-1.09364,0.653733,1.662,2.0942
-1.09349,0.65688,1.67,2.10145
-1.08807,0.65688,1.67,2.09864
-1.08783,0.660026,1.678,2.10587
-1.08755,0.663173,1.686,2.11309
-1.08208,0.663173,1.686,2.11028
-1.08235,0.666713,1.695,2.11873
-1.07685,0.666713,1.695,2.11592
-1.0764,0.66986,1.703,2.1231
-1.07088,0.66986,1.703,2.12031
-1.07098,0.6734,1.712,2.12871
-1.0704,0.676547,1.72,2.13585
-1.06482,0.676547,1.72,2.13306
-1.05924,0.676547,1.72,2.13028
-1.05917,0.680087,1.729,2.13864
-1.05355,0.680087,1.729,2.13587
-1.0534,0.683627,1.738,2.14421
-1.05318,0.687167,1.747,2.15253
-1.04751,0.687167,1.747,2.14976
-1.04184,0.687167,1.747,2.14701
-1.03617,0.687167,1.747,2.14426
-1.0305,0.687167,1.747,2.14153
-1.02483,0.687167,1.747,2.1388
-1.02441,0.690707,1.756,2.1471
-1.01871,0.690707,1.756,2.14438
-1.01301,0.690707,1.756,2.14168
-1.00731,0.690707,1.756,2.13899
-1.00675,0.694247,1.765,2.14726
-1.00612,0.697787,1.774,2.15552
-1.00036,0.697787,1.774,2.15284
-0.999651,0.701327,1.783,2.16108
-0.998881,0.704867,1.792,2.1693
-0.993064,0.704867,1.792,2.16663
-0.992757,0.708801,1.802,2.17604
-0.991837,0.712341,1.811,2.18424
-0.991404,0.716274,1.821,2.19362
-0.985493,0.716274,1.821,2.19096
-0.990341,0.724141,1.841,2.21234
-0.989178,0.727681,1.85,2.22047
-0.983173,0.727681,1.85,2.2178
-0.988261,0.735941,1.871,2.24029
-0.987438,0.739875,1.881,2.24958
-0.981333,0.739875,1.881,2.24691
-0.975227,0.739875,1.881,2.24425
-0.96397,0.735941,1.871,2.22968
-0.957897,0.735941,1.871,2.22706
-0.946737,0.732008,1.861,2.21257
-0.935136,0.727681,1.85,2.19693
-0.929132,0.727681,1.85,2.19438
-0.913646,0.720208,1.831,2.16933
-0.897789,0.712341,1.811,2.14317
-0.89191,0.712341,1.811,2.14071
-0.876737,0.704867,1.792,2.11584
-0.866546,0.701327,1.783,2.10282
-0.860759,0.701327,1.783,2.10044
-0.842025,0.690707,1.756,2.06631
-0.832039,0.687167,1.747,2.05341
-0.826369,0.687167,1.747,2.05112
-0.81647,0.683627,1.738,2.03829
-0.810829,0.683627,1.738,2.03603
-0.801019,0.680087,1.729,2.02326
-0.795407,0.680087,1.729,2.02105
-0.789795,0.680087,1.729,2.01885
-0.784183,0.680087,1.729,2.01666
-0.778571,0.680087,1.729,2.01448
-0.772959,0.680087,1.729,2.01232
-0.767347,0.680087,1.729,2.01017
-0.761735,0.680087,1.729,2.00803
-0.756123,0.680087,1.729,2.00591
-0.750512,0.680087,1.729,2.0038
-0.7449,0.680087,1.729,2.00171
-0.739288,0.680087,1.729,1.99963
-0.733676,0.680087,1.729,1.99756
-0.728064,0.680087,1.729,1.9955
-0.722452,0.680087,1.729,1.99346
-0.71684,0.680087,1.729,1.99144
-0.711228,0.680087,1.729,1.98942
-0.705616,0.680087,1.729,1.98742
-0.700004,0.680087,1.729,1.98544
-0.694392,0.680087,1.729,1.98347
-0.688781,0.680087,1.729,1.98151
-0.683169,0.680087,1.729,1.97957
-0.67403,0.676547,1.72,1.96734
-0.668447,0.676547,1.72,1.96544
-0.662864,0.676547,1.72,1.96354
-0.657282,0.676547,1.72,1.96167
-0.648668,0.6734,1.712,1.95069
-0.643111,0.6734,1.712,1.94885
-0.637554,0.6734,1.712,1.94702
-0.628675,0.66986,1.703,1.93498
-0.623148,0.66986,1.703,1.93319
-0.614719,0.666713,1.695,1.92235
-0.605983,0.663173,1.686,1.9104
-0.60051,0.663173,1.686,1.90867
-0.592215,0.660026,1.678,1.8979
-0.583971,0.65688,1.67,1.88717
-0.575779,0.653733,1.662,1.87647
-0.570384,0.653733,1.662,1.87482
-0.56499,0.653733,1.662,1.87319
-0.556902,0.650586,1.654,1.86256
-0.551533,0.650586,1.654,1.86096
-0.546165,0.650586,1.654,1.85937
-0.538181,0.647439,1.646,1.84882
-0.532838,0.647439,1.646,1.84727
-0.527496,0.647439,1.646,1.84574
-0.519615,0.644293,1.638,1.83525
-0.514299,0.644293,1.638,1.83376
-0.508982,0.644293,1.638,1.83227
-0.503666,0.644293,1.638,1.8308
-0.498349,0.644293,1.638,1.82935
-0.493033,0.644293,1.638,1.82791
-0.485334,0.641146,1.63,1.81756
-0.480044,0.641146,1.63,1.81615
-0.474753,0.641146,1.63,1.81476
-0.469462,0.641146,1.63,1.81338
-0.464172,0.641146,1.63,1.81202
-0.458881,0.641146,1.63,1.81067
-0.453591,0.641146,1.63,1.80934
-0.4483,0.641146,1.63,1.80802
-0.44301,0.641146,1.63,1.80672
-0.435571,0.637999,1.622,1.79657
-0.430306,0.637999,1.622,1.7953
-0.427138,0.641146,1.63,1.80289
-0.421847,0.641146,1.63,1.80164
-0.416557,0.641146,1.63,1.80041
-0.411266,0.641146,1.63,1.7992
-0.405976,0.641146,1.63,1.79799
-0.400685,0.641146,1.63,1.79681
-0.395394,0.641146,1.63,1.79563
-0.390104,0.641146,1.63,1.79448
-0.384813,0.641146,1.63,1.79333
-0.379523,0.641146,1.63,1.79221
-0.374232,0.641146,1.63,1.79109
-0.368942,0.641146,1.63,1.79
-0.361866,0.637999,1.622,1.78013
-0.356602,0.637999,1.622,1.77907
-0.351337,0.637999,1.622,1.77802
-0.346072,0.637999,1.622,1.77699
-0.340808,0.637999,1.622,1.77597
-0.335543,0.637999,1.622,1.77497
-0.330278,0.637999,1.622,1.77398
-0.325014,0.637999,1.622,1.77301
-0.319749,0.637999,1.622,1.77205
-0.314485,0.637999,1.622,1.77111
-0.30922,0.637999,1.622,1.77018
-0.303955,0.637999,1.622,1.76927
-0.298691,0.637999,1.622,1.76837
-0.293426,0.637999,1.622,1.76749
-0.286918,0.635246,1.615,1.759
-0.281676,0.635246,1.615,1.75815
-0.276434,0.635246,1.615,1.75732
-0.271192,0.635246,1.615,1.7565
-0.26595,0.635246,1.615,1.7557
-0.260709,0.635246,1.615,1.75492
-0.254201,0.632099,1.607,1.74546
-0.248985,0.632099,1.607,1.7447
-0.243769,0.632099,1.607,1.74397
-0.238553,0.632099,1.607,1.74325
-0.233337,0.632099,1.607,1.74254
-0.228122,0.632099,1.607,1.74185
-0.222906,0.632099,1.607,1.74117
-0.21769,0.632099,1.607,1.74051
-0.212474,0.632099,1.607,1.73987
-0.207258,0.632099,1.607,1.73924
-0.201162,0.629346,1.6,1.73105
-0.195969,0.629346,1.6,1.73046
-0.190775,0.629346,1.6,1.72988
-0.185582,0.629346,1.6,1.72931
-0.180389,0.629346,1.6,1.72876
-0.175196,0.629346,1.6,1.72823
-0.170003,0.629346,1.6,1.72771
-0.164809,0.629346,1.6,1.72721
-0.159616,0.629346,1.6,1.72672
-0.154423,0.629346,1.6,1.72625
-0.148484,0.626199,1.592,1.71716
-0.143316,0.626199,1.592,1.71672
-0.138149,0.626199,1.592,1.7163
-0.132982,0.626199,1.592,1.71589
-0.127815,0.626199,1.592,1.7155
-0.122108,0.623446,1.585,1.70758
-0.116447,0.620692,1.578,1.69968
-0.111325,0.620692,1.578,1.69933
-0.106204,0.620692,1.578,1.69901
-0.100569,0.617545,1.57,1.69008
-0.0950478,0.614792,1.563,1.68225
-0.0899747,0.614792,1.563,1.68197
-0.0849016,0.614792,1.563,1.68171
-0.0798285,0.614792,1.563,1.68146
-0.0750902,0.617545,1.57,1.68876
-0.0696823,0.614792,1.563,1.68101
-0.0643198,0.612039,1.556,1.67328
-0.0592694,0.612039,1.556,1.67309
-0.054219,0.612039,1.556,1.67292
-0.0489474,0.609285,1.549,1.66524
-0.0439198,0.609285,1.549,1.6651
-0.0388921,0.609285,1.549,1.66498
-0.0338644,0.609285,1.549,1.66487
-0.0288368,0.609285,1.549,1.66477
-0.0238091,0.609285,1.549,1.66469
-0.0187814,0.609285,1.549,1.66463
-0.0137537,0.609285,1.549,1.66458
-0.00872608,0.609285,1.549,1.66454
-0.00369841,0.609285,1.549,1.66453
0.00132926,0.609285,1.549,1.66452
0.00638566,0.612039,1.556,1.67206
0.011436,0.612039,1.556,1.67208
0.0164864,0.612039,1.556,1.67212
0.0216337,0.614792,1.563,1.6797
0.0268264,0.617545,1.57,1.6873
0.0319223,0.617545,1.57,1.68739
0.0370181,0.617545,1.57,1.68749
0.0423285,0.620692,1.578,1.69621
0.0474503,0.620692,1.578,1.69635
0.0528053,0.623446,1.585,1.70402
0.0582058,0.626199,1.592,1.71172
0.063373,0.626199,1.592,1.7119
0.0685402,0.626199,1.592,1.7121
0.0737075,0.626199,1.592,1.71231
0.0788747,0.626199,1.592,1.71255
0.0844643,0.629346,1.6,1.7214
0.0896575,0.629346,1.6,1.72166
0.0948507,0.629346,1.6,1.72194
0.100044,0.629346,1.6,1.72223
0.105237,0.629346,1.6,1.72254
0.11043,0.629346,1.6,1.72287
0.115045,0.626199,1.592,1.71459
0.120213,0.626199,1.592,1.71495
0.12538,0.626199,1.592,1.71532
0.130547,0.626199,1.592,1.7157
0.135714,0.626199,1.592,1.7161
0.140882,0.626199,1.592,1.71652
0.146049,0.626199,1.592,1.71695
0.151216,0.626199,1.592,1.7174
0.155696,0.623446,1.585,1.71031
0.16084,0.623446,1.585,1.71078
0.165985,0.623446,1.585,1.71127
0.171129,0.623446,1.585,1.71178
0.176274,0.623446,1.585,1.7123
0.181418,0.623446,1.585,1.71284
0.186563,0.623446,1.585,1.71339
0.191707,0.623446,1.585,1.71396
0.196852,0.623446,1.585,1.71454
0.201104,0.620692,1.578,1.70757
0.206226,0.620692,1.578,1.70818
0.211348,0.620692,1.578,1.7088
0.21647,0.620692,1.578,1.70944
0.221591,0.620692,1.578,1.7101
0.226713,0.620692,1.578,1.71077
0.23066,0.617545,1.57,1.70278
0.234704,0.614792,1.563,1.69588
0.239777,0.614792,1.563,1.69659
0.244851,0.614792,1.563,1.69732
0.248804,0.612039,1.556,1.69045
0.253855,0.612039,1.556,1.6912
0.258905,0.612039,1.556,1.69197
0.263956,0.612039,1.556,1.69275
0.269006,0.612039,1.556,1.69354
0.272823,0.609285,1.549,1.68673
0.276595,0.606532,1.542,1.67993
0.2816,0.606532,1.542,1.68076
0.286605,0.606532,1.542,1.6816
0.29161,0.606532,1.542,1.68246
0.296615,0.606532,1.542,1.68334
0.30162,0.606532,1.542,1.68423
0.306625,0.606532,1.542,1.68513
0.31163,0.606532,1.542,1.68605
0.316635,0.606532,1.542,1.68698
0.32164,0.606532,1.542,1.68793
0.326645,0.606532,1.542,1.68889
0.33165,0.606532,1.542,1.68986
0.336655,0.606532,1.542,1.69085
0.34166,0.606532,1.542,1.69186
0.346665,0.606532,1.542,1.69287
0.35167,0.606532,1.542,1.69391
0.356675,0.606532,1.542,1.69495
0.363321,0.609285,1.549,1.70371
0.368349,0.609285,1.549,1.70479
0.373377,0.609285,1.549,1.70588
0.378404,0.609285,1.549,1.70699
0.383432,0.609285,1.549,1.70811
0.38846,0.609285,1.549,1.70925
0.393487,0.609285,1.549,1.7104
0.398515,0.609285,1.549,1.71156
0.403543,0.609285,1.549,1.71274
0.40857,0.609285,1.549,1.71393
0.413598,0.609285,1.549,1.71514
0.418626,0.609285,1.549,1.71636
0.423653,0.609285,1.549,1.71759
0.430618,0.612039,1.556,1.7266
0.435669,0.612039,1.556,1.72787
0.440719,0.612039,1.556,1.72915
0.447775,0.614792,1.563,1.73823
0.452848,0.614792,1.563,1.73954
0.457921,0.614792,1.563,1.74087
0.465068,0.617545,1.57,1.75001
0.470164,0.617545,1.57,1.75138
0.477681,0.620692,1.578,1.76168
0.482803,0.620692,1.578,1.76308
0.487925,0.620692,1.578,1.76449
0.493047,0.620692,1.578,1.76591
0.498168,0.620692,1.578,1.76735
0.50329,0.620692,1.578,1.7688
0.510667,0.623446,1.585,1.77811
0.515812,0.623446,1.585,1.7796
0.520956,0.623446,1.585,1.7811
0.526101,0.623446,1.585,1.78261
0.531245,0.623446,1.585,1.78413
0.53639,0.623446,1.585,1.78567
0.541534,0.623446,1.585,1.78722
0.546679,0.623446,1.585,1.78879
0.551823,0.623446,1.585,1.79037
0.554508,0.620692,1.578,1.78405
0.55963,0.620692,1.578,1.78565
0.564752,0.620692,1.578,1.78726
0.569874,0.620692,1.578,1.78888
0.574995,0.620692,1.578,1.79052
0.577176,0.617545,1.57,1.78309
0.582272,0.617545,1.57,1.78474
0.587368,0.617545,1.57,1.78641
0.589822,0.614792,1.563,1.78012
0.594895,0.614792,1.563,1.78181
0.599968,0.614792,1.563,1.78351
0.602332,0.612039,1.556,1.77723
0.607382,0.612039,1.556,1.77894
0.609677,0.609285,1.549,1.77266
0.614705,0.609285,1.549,1.7744
0.619733,0.609285,1.549,1.77615
0.62476,0.609285,1.549,1.77791
0.629788,0.609285,1.549,1.77968
0.631947,0.606532,1.542,1.77342
0.636952,0.606532,1.542,1.77521
0.641957,0.606532,1.542,1.77701
0.646962,0.606532,1.542,1.77882
0.651967,0.606532,1.542,1.78065
0.656972,0.606532,1.542,1.78249
0.661977,0.606532,1.542,1.78434
0.666981,0.606532,1.542,1.7862
0.671986,0.606532,1.542,1.78807
0.676991,0.606532,1.542,1.78996
0.681996,0.606532,1.542,1.79186
0.69012,0.609285,1.549,1.80191
0.695148,0.609285,1.549,1.80385
0.700175,0.609285,1.549,1.80579
0.705203,0.609285,1.549,1.80774
0.710231,0.609285,1.549,1.80971
0.715258,0.609285,1.549,1.81169
0.720286,0.609285,1.549,1.81368
0.735147,0.617545,1.57,1.8403
0.740243,0.617545,1.57,1.84234
0.745338,0.617545,1.57,1.84439
0.754258,0.620692,1.578,1.85587
0.75938,0.620692,1.578,1.85796
0.764502,0.620692,1.578,1.86006
0.776452,0.626199,1.592,1.87869
0.785547,0.629346,1.6,1.89028
0.79074,0.629346,1.6,1.89244
0.799415,0.632099,1.607,1.90291
0.808637,0.635246,1.615,1.91459
0.813879,0.635246,1.615,1.91681
0.826729,0.641146,1.63,1.93687
0.840186,0.647439,1.646,1.95816
0.853748,0.653733,1.662,1.97952
0.859142,0.653733,1.662,1.98185
0.868698,0.65688,1.67,1.99375
0.882493,0.663173,1.686,2.01524
0.887965,0.663173,1.686,2.01764
0.898207,0.666713,1.695,2.03084
0.903709,0.666713,1.695,2.03328
0.904382,0.663173,1.686,2.02492
0.909855,0.663173,1.686,2.02737
0.910984,0.660026,1.678,2.0202
0.91643,0.660026,1.678,2.02266
0.917482,0.65688,1.67,2.01548
0.91406,0.650586,1.654,1.99862
0.919428,0.650586,1.654,2.00108
0.920324,0.647439,1.646,1.99386
0.916668,0.641146,1.63,1.97693
0.921959,0.641146,1.63,1.97939
0.922699,0.637999,1.622,1.97213
0.919381,0.632099,1.607,1.95634
0.924597,0.632099,1.607,1.9588
0.925763,0.629346,1.6,1.95272
0.926302,0.626199,1.592,1.94541
0.931469,0.626199,1.592,1.94788
0.932518,0.623446,1.585,1.94178
0.928788,0.617545,1.57,1.92585
0.933884,0.617545,1.57,1.92832
0.93898,0.617545,1.57,1.93079
0.944076,0.617545,1.57,1.93327
0.949172,0.617545,1.57,1.93577
0.954268,0.617545,1.57,1.93827
0.959363,0.617545,1.57,1.94078
0.964459,0.617545,1.57,1.94331
0.969555,0.617545,1.57,1.94584
0.970305,0.614792,1.563,1.9397
0.975378,0.614792,1.563,1.94224
0.980452,0.614792,1.563,1.94479
0.985525,0.614792,1.563,1.94736
1.0001,0.620692,1.578,1.96864
1.00523,0.620692,1.578,1.97125
1.01035,0.620692,1.578,1.97387
1.01547,0.620692,1.578,1.97649
1.02059,0.620692,1.578,1.97913
1.02571,0.620692,1.578,1.98177
1.03084,0.620692,1.578,1.98443
1.04515,0.626199,1.592,2.00473
1.05032,0.626199,1.592,2.00742
1.05548,0.626199,1.592,2.01013
1.06065,0.626199,1.592,2.01285
1.07117,0.629346,1.6,2.02571
1.07637,0.629346,1.6,2.02846
1.08629,0.632099,1.607,2.0401
1.09694,0.635246,1.615,2.05306
